2104
2101
2099
2092
2084
2076
2063
2060
2062
2064
2070
2068
2063
2056
2018
2008
2001
1992
1959
1948
1937
1922
1921
1898
1884
1869
1862
1852
1835
1814
1799
1768
1760
1753
1746
1743
1741
1746
1742
1752
1771
1778
1793
1807
1811
1816
1827
1841
1857
1900
1911
1923
1939
1952
1964
1973
1988
2007
2017
2017
2017
2015
2007
2010
2007
2011
2006
2013
2018
2028
2037
2040
2052
2067
2137
2150
2166
2189
2262
2277
2293
2316
2331
2359
2373
2381
2383
2382
2388
2391
2388
2371
2364
2354
2344
2338
2330
2316
2304
2294
2264
2246
2228
2216
2205
2190
2174
2153
2139
2070
2051
2032
2016
1998
1968
1948
1925
1860
1835
1823
1810
1778
1770
1772
1775
1772
1790
1799
1810
1824
1840
1861
1876
1891
1957
1966
1985
2000
2047
2048
2052
2060
2066
2069
2072
2075
2083
2084
2082
2076
2068
2035
2029
2024
2021
2019
2012
2008
2011
2005
1993
1991
1990
1983
1976
1976
1969
1969
1966
1958
1955
1952
1946
1939
1934
1929
1930
1937
1936
1945
1947
1931
1935
1938
1934
1937
1935
1933
1933
1935
1935
1934
1934
1934
1932
1933
1937
1935
1937
1954
1957
1969
1980
1984
1992
2004
2017
2054
2073
2089
2104
2118
2138
2151
2163
2183
2201
2205
2202
2198
2196
2195
2197
2197
2168
2159
2152
2138
2123
2087
2083
2070
2054
2043
2035
2030
2028
1984
1975
1966
1959
1945
1937
1937
1936
1945
1945
1947
1952
1964
1972
1985
1998
2008
2019
2028
2036
2048
2092
2098
2109
2122
2134
2137
2138
2144
2149
2149
2141
2136
2131
2123
2109
2101
2095
2064
2053
2041
2029
2011
2008
2005
2002
1994
2000
1992
1987
1982
1983
1979
1980
1974
1955
1945
1936
1931
1909
1907
1901
1899
1872
1870
1876
1877
1879
1884
1881
1884
1892
1894
1898
1902
1910
1944
1951
1954
1965
2010
2020
2024
2032
2047
2091
2108
2121
2132
2147
2159
2166
2178
2211
2223
2229
2242
2265
2265
2263
2263
2230
2220
2203
2197
2190
2137
2120
2111
2093
2074
2059
2046
2034
1981
1968
1962
1956
1921
1926
1926
1921
1919
1929
1925
1926
1925
1922
1928
1932
1941
1955
1959
1976
1981
1997
2000
2002
2015
2037
2045
2047
2043
2044
2041
2036
2035
2036
2038
2041
2045
2048
2030
2027
2032
2035
2024
2020
2018
2026
2032
2042
2041
2038
2035
2031
2032
2027
2028
2023
2021
2019
2009
2000
1994
1987
1987
1988
1981
1981
1989
1988
1977
1982
1985
1985
1978
1975
1977
1986
1993
1992
1991
1992
2006
2009
2016
2026
2024
2037
2044
2047
2057
2059
2062
2062
2065
2093
2090
2088
2085
2076
2072
2069
2060
2053
2039
2034
2029
2028
2026
2017
2008
2005
1967
1965
1968
1968
1947
1950
1957
1956
1960
1957
1961
1966
1976
1987
1988
1992
1996
2018
2024
2029
2044
2064
2070
2073
2078
2096
2096
2101
2103
2103
2105
2099
2097
2094
2093
2087
2079
2073
2062
2056
2056
2061
2050
2053
2052
2055
2056
2048
2051
2057
2061
2063
2057
2054
2055
2058
2062
2062
2058
2042
2047
2047
2044
2040
2028
2025
2024
2019
2014
2013
2011
2005
1976
1967
1969
1962
1962
1960
1964
1965
1959
1960
1964
1967
1968
1989
1988
1991
1994
1995
1995
2000
2009
2025
2025
2029
2025
2026
2021
2020
2018
2020
2012
2014
2009
2003
1994
1994
1990
1988
1987
1991
1991
1997
1997
2002
2000
2004
2008
2009
2012
2017
2024
2028
2031
2034
2035
2041
2041
2044
2052
2069
2069
2068
2069
2075
2084
2099
2112
2105
2049
2029
2002
1984
1970
1948
1940
1946
1987
2005
2021
2033
2033
2022
2008
2001
1999
2008
2019
2038
2057
2072
2081
2085
2087
2108
2119
2134
2148
2175
2170
2165
2149
2136
2055
2041
2028
2025
2024
2025
2035
2048
2055
2044
2038
2028
1969
1966
1960
1960
1962
1942
1933
1927
1922
1919
1922
1926
1936
1976
1978
1985
1984
1975
1969
1964
1964
2011
2026
2037
2049
2056
2083
2086
2084
2086
2091
2091
2094
2075
2031
2017
2007
1998
1982
1986
1999
2001
2010
2028
2021
2020
2013
2007
2003
2006
2001
2004
2007
2015
2022
2035
2040
2040
2047
2049
2052
2047
2040
2036
2023
2017
2008
2004
1997
1996
1999
2003
1999
1999
2001
2007
2007
2009
2010
2010
2005
2008
2007
2000
2002
2008
2008
2010
2010
2041
2051
2058
2066
2092
2097
2093
2093
2092
2078
2070
2066
2059
2058
2054
2047
2043
2016
2006
2001
1988
1938
1937
1930
1922
1917
1899
1890
1893
1888
1878
1866
1850
1836
1734
1709
1690
1675
1623
1618
1620
1627
1628
1609
1604
1599
1590
1573
1562
1552
1542
1552
1562
1576
1593
1721
1761
1804
1847
2035
2078
2123
2172
2219
2347
2389
2422
2470
2518
2565
2630
2695
2982
3055
3127
3198
3454
3510
3564
3613
3657
3758
3786
3810
3830
3848
3856
3864
3865
3798
3760
3716
3667
3398
3310
3221
3132
3035
2736
2630
2512
2396
2283
2170
2059
1949
1511
1457
1376
1194
576
423
297
183
132
122
119
121
124
125
117
110
117
113
112
111
112
131
146
167
193
220
427
507
577
679
794
882
969
1072
1372
1457
1548
1644
1711
1760
1816
1868
1913
2101
2176
2258
2348
2436
2517
2589
2647
2687
2761
2768
2770
2781
2795
2817
2833
2856
2870
2861
2852
2840
2819
2822
2832
2841
2846
2770
2726
2694
2664
2633
2604
2581
2552
2483
2448
2412
2372
2203
2168
2130
2091
2063
1956
1917
1867
1819
1765
1710
1653
1607
1483
1474
1473
1472
1422
1400
1388
1380
1412
1435
1460
1483
1506
1569
1591
1616
1644
1678
1708
1754
1815
1980
2012
2032
2058
2200
2252
2295
2325
2357
2439
2460
2487
2519
2548
2578
2616
2649
2761
2784
2808
2829
2900
2930
2962
2985
3009
3050
3061
3066
3067
3075
3082
3095
3109
3076
3050
3019
2986
2790
2736
2675
2619
2567
2403
2340
2276
2209
2147
2081
2011
1949
1712
1657
1598
1536
1284
1226
1176
1136
1096
1003
976
946
917
883
855
838
825
869
891
920
952
1045
1073
1109
1145
1384
1453
1524
1597
1665
1859
1916
1970
2031
2091
2143
2198
2258
2449
2496
2536
2570
2668
2687
2700
2706
2712
2699
2688
2679
2673
2665
2653
2652
2650
2577
2544
2512
2469
2318
2288
2259
2230
2197
2083
2034
1985
1943
1893
1839
1788
1738
1589
1554
1526
1490
1360
1334
1307
1287
1271
1226
1223
1227
1233
1241
1247
1256
1262
1316
1333
1348
1371
1505
1544
1589
1634
1801
1840
1874
1910
1952
2056
2095
2131
2168
2202
2228
2263
2284
2345
2361
2367
2379
2432
2448
2460
2475
2476
2498
2498
2499
2507
2507
2505
2505
2508
2491
2494
2496
2501
2509
2514
2519
2516
2511
2479
2466
2455
2443
2440
2430
2425
2415
2340
2320
2302
2291
2221
2207
2192
2177
2154
2077
2052
2029
2003
1980
1965
1950
1930
1863
1846
1829
1815
1752
1723
1692
1677
1670
1641
1636
1632
1635
1636
1640
1642
1639
1635
1633
1640
1656
1686
1692
1697
1700
1709
1750
1766
1777
1797
1809
1820
1825
1837
1915
1932
1948
1968
2040
2060
2079
2091
2104
2143
2169
2189
2205
2218
2237
2252
2265
2313
2326
2334
2345
2371
2374
2380
2381
2391
2382
2375
2370
2361
2329
2310
2291
2277
2272
2262
2251
2227
2163
2142
2124
2096
1996
1974
1951
1939
1929
1889
1877
1864
1857
1845
1833
1825
1824
1807
1800
1796
1798
1797
1799
1797
1791
1790
1791
1795
1800
1805
1814
1817
1828
1834
1880
1890
1899
1915
1959
1971
1982
1987
1998
2036
2045
2058
2068
2082
2086
2095
2089
2094
2095
2105
2114
2114
2117
2122
2127
2127
2097
2098
2097
2101
2099
2100
2103
2101
2074
2074
2078
2071
2053
2040
2035
2028
2020
2015
2012
2010
2003
1999
2001
2003
2011
2019
2020
2025
2030
2032
2039
2049
2055
2061
2080
2084
2082
2087
2086
2094
2094
2096
2107
2100
2094
2084
2027
2015
2008
1998
1940
1926
1903
1888
1871
1855
1843
1840
1840
1840
1838
1835
1837
1847
1855
1869
1884
1933
1946
1960
1971
1983
2021
2029
2039
2052
2063
2071
2079
2086
2102
2104
2103
2114
2130
2131
2133
2137
2134
2144
2142
2136
2140
2142
2149
2151
2158
2157
2162
2161
2160
2147
2144
2143
2145
2150
2141
2139
2137
2128
2117
2107
2105
2106
2068
2061
2055
2052
2032
2023
2016
2003
1964
1956
1946
1936
1932
1914
1905
1896
1894
1896
1896
1891
1884
1884
1886
1893
1898
1924
1931
1938
1949
1961
1978
1992
1999
2013
2022
2037
2057
2071
2086
2089
2099
2099
2104
2104
2103
2106
2110
2104
2098
2097
2093
2091
2088
2085
2078
2041
2041
2041
2038
2014
2009
2000
2000
2001
1982
1982
1982
1982
1993
2000
1999
2000
2012
2012
2011
2013
2005
2004
2007
2004
1991
1982
1971
1967
1966
1949
1948
1949
1948
1940
1933
1928
1924
1921
1929
1935
1942
1925
1927
1927
1926
1930
1948
1954
1955
1959
1966
1974
1988
1994
2007
2015
2025
2032
2049
2045
2059
2066
2070
2073
2082
2080
2075
2069
2065
2062
2061
2091
2088
2093
2096
2122
2135
2142
2143
2151
2152
2159
2157
2159
2169
2179
2180
2180
2185
2181
2182
2180
2171
2166
2159
2145
2101
2096
2083
2066
2053
2026
2017
2001
2002
1993
1985
1978
1970
1954
1946
1940
1939
1933
1930
1930
1940
1939
1935
1932
1932
1932
1937
1945
1948
1949
1946
1946
1954
1966
1972
1976
1978
1974
1983
1979
1980
1981
1975
1973
1967
1964
1968
2004
2010
2020
2022
2052
2066
2068
2073
2086
2093
2102
2111
2121
2121
2123
2124
2120
2115
2111
2113
2103
2083
2073
2061
2056
2045
2047
2052
2050
2045
2017
2004
1992
1986
1975
1965
1962
1963
1938
1931
1929
1920
1909
1900
1894
1890
1888
1890
1890
1896
1901
1906
1914
1918
1921
1957
1964
1972
1986
2033
2044
2054
2066
2085
2083
2088
2088
2084
2085
2081
2083
2081
2076
2076
2072
2063
2063
2055
2051
2054
2038
2039
2037
2047
2052
2064
2072
2067
2068
2078
2084
2093
2094
2050
1944
1842
1804
2046
2117
2168
2208
2251
2228
2198
2195
2205
2207
2191
2161
2119
2033
2041
2045
2051
2092
2096
2104
2109
2064
2057
2055
2058
2058
2012
2025
2044
2060
2061
2047
2031
2014
1974
1977
1985
1995
1979
1960
1938
1909
1892
1905
1920
1934
1946
1953
1954
1954
1949
1926
1920
1920
1922
2009
2026
2032
2013
1987
1906
1910
1931
1961
1995
2022
2034
2043
2071
2069
2054
2044
2039
2055
2075
2090
2092
2020
1990
1969
1956
1956
1968
1990
2010
2030
2026
2015
1998
1982
1960
1934
1915
1909
1956
1981
2008
2026
2038
2041
2031
2017
2008
2010
2015
2022
2029
2031
2034
2031
2031
1956
1948
1948
1964
2035
2040
2044
2039
2035
1986
1978
1983
1995
2010
2028
2046
2063
2073
2058
2050
2047
2051
2053
2059
2060
2061
2055
2050
2049
2044
2052
2063
2065
2072
2039
2015
1990
1966
1900
1891
1890
1897
1941
1920
1893
1860
1828
1719
1688
1663
1637
1614
1593
1573
1552
1519
1529
1547
1570
1617
1623
1625
1628
1629
1636
1650
1664
1675
1688
1707
1734
1757
1909
1963
2021
2069
2307
2368
2432
2493
2558
2725
2786
2846
2903
2958
3025
3089
3151
3372
3419
3470
3502
3607
3631
3657
3678
3713
3718
3722
3716
3710
3651
3624
3586
3541
3494
3441
3393
3338
3065
2987
2902
2811
2203
2029
1859
1681
1527
1277
1220
1181
1149
1111
1039
964
906
684
688
658
603
488
461
446
433
414
418
432
444
467
489
496
508
540
665
694
716
747
939
987
1038
1095
1157
1351
1390
1433
1496
1552
1592
1632
1671
1721
1753
1781
1813
1858
1907
1957
1989
2011
2046
2035
2033
2039
2026
2006
1991
1988
1992
2005
2001
1989
1972
1939
1914
1889
1857
1796
1784
1781
1782
1771
1797
1800
1814
1838
1847
1851
1868
1899
1965
1998
2023
2028
2033
2030
2029
2026
2028
2059
2069
2083
2088
2067
2049
2039
2021
1994
1965
1955
1971
2006
2032
2062
2093
2138
2286
2353
2403
2452
2668
2705
2741
2764
2759
2756
2755
2747
2746
2725
2722
2709
2697
2682
2659
2653
2646
2635
2645
2661
2670
2689
2691
2695
2700
2700
2699
2697
2690
2676
2670
2664
2654
2638
2625
2620
2627
2629
2587
2576
2559
2541
2518
2465
2449
2437
2422
2416
2402
2383
2362
2244
2219
2187
2154
2031
2002
1969
1927
1771
1745
1711
1694
1680
1658
1653
1639
1626
1621
1629
1627
1627
1635
1642
1645
1647
1648
1661
1670
1678
1689
1724
1745
1767
1783
1814
1846
1876
1907
2032
2059
2090
2120
2231
2248
2261
2272
2281
2274
2255
2239
2222
2208
2192
2169
2142
2046
2024
2000
1980
1890
1865
1840
1813
1789
1713
1697
1678
1669
1654
1638
1618
1601
1521
1504
1486
1472
1420
1405
1391
1388
1359
1347
1339
1341
1347
1358
1358
1369
1378
1385
1398
1411
1425
1483
1503
1523
1556
1660
1685
1718
1755
1783
1883
1904
1919
1939
1969
1995
2020
2043
2137
2163
2195
2221
2292
2297
2309
2324
2328
2332
2341
2339
2332
2331
2332
2324
2308
2257
2247
2251
2248
2235
2238
2246
2246
2255
2253
2241
2223
2221
2218
2206
2196
2187
2163
2163
2165
2159
2161
2165
2164
2163
2162
2168
2180
2190
2191
2199
2200
2205
2212
2226
2230
2239
2245
2256
2263
2267
2265
2271
2266
2263
2268
2275
2277
2271
2278
2270
2260
2247
2235
2217
2218
2221
2202
2183
2181
2122
2105
2083
2071
2028
2022
2012
2015
2006
1970
1957
1962
1951
1936
1928
1921
1908
1870
1854
1852
1849
1857
1865
1878
1883
1921
1935
1947
1958
1969
1994
2000
2006
2017
2023
2027
2029
2030
2051
2059
2064
2062
2085
2094
2098
2101
2099
2123
2123
2125
2123
2125
2124
2130
2140
2157
2152
2149
2155
2159
2160
2154
2151
2148
2142
2135
2132
2125
2123
2119
2109
2109
2085
2079
2070
2058
2028
2030
2027
2024
1997
1994
1989
1982
1979
1965
1960
1952
1946
1941
1937
1930
1926
1919
1918
1917
1927
1956
1957
1960
1966
1969
1968
1966
1966
1967
1971
1976
1980
1979
1950
1943
1941
1943
1933
1935
1936
1935
1933
1942
1945
1945
1940
1936
1935
1930
1926
1927
1910
1906
1901
1900
1893
1890
1894
1894
1899
1900
1900
1904
1910
1911
1913
1915
1911
1908
1915
1918
1923
1928
1927
1922
1925
1924
1924
1932
1936
1938
1943
1948
1956
1956
1962
1955
1945
1944
1950
1955
1956
1959
1965
1970
1970
1971
1991
1992
1997
2003
2013
2025
2037
2040
2042
2043
2042
2049
2055
2071
2068
2063
2065
2074
2081
2088
2094
2098
2098
2098
2099
2108
2128
2135
2135
2142
2148
2160
2169
2172
2195
2196
2198
2195
2220
2225
2217
2210
2203
2194
2190
2188
2191
2189
2185
2182
2181
2172
2164
2159
2154
2121
2113
2108
2105
2102
2088
2086
2078
2075
2070
2067
2065
2068
2035
2026
2016
2008
1995
1986
1976
1967
1955
1955
1962
1963
1967
1973
1981
1993
2008
2018
2024
2032
2036
2022
2018
2018
2020
2018
2013
2009
1998
1989
1994
2000
2005
2008
2010
2009
2013
2015
2050
2050
2053
2055
2056
2058
2063
2061
2059
2034
2023
2020
2018
2022
2020
2025
2020
1995
1984
1975
1973
1990
1990
1988
1987
1980
1953
1959
1958
1949
1936
1934
1930
1919
1895
1888
1885
1886
1847
1845
1847
1851
1857
1847
1850
1859
1875
1886
1894
1902
1906
1942
1947
1951
1952
1990
1991
1995
1997
2017
2021
2022
2027
2035
2060
2069
2078
2077
2077
2090
2101
2113
2132
2145
2148
2155
2162
2161
2166
2163
2158
2144
2148
2146
2140
2133
2127
2123
2121
2105
2095
2095
2095
2082
2078
2075
2074
2078
2070
2061
2052
2046
2050
2054
2064
2068
2050
2048
2054
2049
2038
2038
2036
2025
2020
2016
2015
2007
2004
1988
1982
1976
1983
1983
1983
1984
1980
1947
1953
1957
1964
1961
1961
1962
1970
1984
2005
2020
2028
2024
2022
2017
2006
1999
2020
2020
2016
2008
1996
2000
2008
2011
2012
2011
2010
2003
1990
1990
1996
2005
2016
2014
2012
2009
2014
2042
2049
2050
2048
2043
2052
2057
2058
2062
2067
2074
2079
2078
2073
2075
2070
2058
2056
2052
2046
2048
2053
2041
2035
2033
2033
2031
2029
2019
2020
1995
1988
1993
1997
2002
1997
2003
2004
1993
1996
1998
1992
1994
1970
1973
1981
1983
1973
1969
1972
1980
1975
1983
1983
1982
1990
1994
2003
2011
2019
2026
2026
2041
2059
2061
2059
2062
2072
2102
2105
2106
2108
2114
2119
2120
2124
2127
2127
2121
2120
2117
2121
2124
2118
2116
2093
2093
2088
2071
2023
2024
2023
2015
2008
1993
1988
1988
1990
1990
1981
1977
1972
1958
1956
1953
1953
1937
1931
1922
1916
1912
1906
1901
1898
1899
1898
1897
1903
1913
1922
1925
1937
1944
1974
1980
1988
1991
2025
2027
2029
2041
2049
2075
2084
2089
2088
2092
2093
2094
2095
2040
2031
2028
2029
2086
2103
2120
2134
2143
2155
2154
2158
2163
2163
2166
2177
2181
2144
2136
2121
2107
2071
2065
2056
2044
2033
2007
2004
2001
1993
1993
1994
1989
1981
1967
1971
1973
1979
2000
2003
2005
2008
2012
2006
2007
2010
2008
2010
2015
2014
2014
1993
1991
1994
1989
1967
1969
1979
1989
1996
1997
2000
1996
1995
1991
1989
1992
1991
1993
1999
1999
2001
2029
2030
2035
2036
2038
2052
2055
2053
2050
2042
2033
2028
2020
2026
2031
2034
2030
2042
2042
2035
2031
2028
2035
2038
2034
2034
2027
2018
2018
2023
2026
2030
2032
2035
2028
2029
2019
2010
2005
1984
1977
1981
1980
1977
1982
1987
1986
1999
2003
2017
2025
2037
2038
2041
2041
2036
2040
2033
2029
2031
2035
2022
2019
2017
1984
1987
1989
1995
1973
1961
1960
1963
1939
1939
1937
1940
1941
1924
1906
1891
1875
1845
1817
1788
1763
1662
1647
1632
1621
1622
1605
1598
1603
1600
1600
1605
1607
1608
1558
1545
1541
1537
1554
1563
1570
1580
1674
1693
1723
1757
1790
1864
1904
1944
1967
1985
2014
2062
2108
2319
2377
2434
2496
2756
2820
2885
2947
3010
3212
3280
3347
3417
3477
3530
3585
3648
3847
3890
3922
3911
3775
3759
3729
3699
3697
3660
3626
3585
3560
3529
3485
3433
3382
3191
3129
3059
2982
2638
2510
2397
2304
1859
1759
1663
1560
1456
1147
1053
961
872
791
709
628
550
299
250
217
187
155
159
162
169
178
244
282
325
370
418
459
489
526
652
690
719
744
925
964
1003
1044
1081
1203
1245
1292
1343
1384
1417
1454
1485
1607
1650
1701
1750
1977
2034
2086
2133
2286
2309
2332
2355
2383
2432
2433
2431
2426
2425
2420
2407
2382
2313
2301
2287
2273
2200
2178
2161
2155
2149
2148
2149
2142
2130
2117
2106
2099
2092
2101
2099
2100
2102
2102
2092
2077
2067
2063
2047
2045
2053
2052
2050
2048
2055
2064
2088
2104
2131
2161
2251
2276
2288
2306
2322
2395
2421
2453
2491
2525
2550
2580
2606
2664
2674
2693
2710
2766
2774
2778
2772
2741
2735
2736
2728
2718
2680
2674
2671
2667
2654
2645
2639
2636
2610
2610
2612
2613
2592
2579
2564
2541
2529
2499
2478
2465
2453
2438
2410
2382
2351
2238
2201
2164
2134
1985
1950
1913
1873
1835
1727
1691
1658
1628
1615
1604
1593
1579
1519
1501
1487
1479
1459
1459
1463
1466
1449
1464
1485
1492
1502
1554
1574
1597
1618
1644
1670
1691
1709
1788
1809
1831
1860
1927
1946
1970
1990
2007
2047
2060
2078
2092
2103
2116
2126
2137
2158
2158
2149
2139
2120
2113
2099
2086
2063
1979
1954
1933
1910
1883
1855
1826
1804
1686
1667
1647
1627
1584
1575
1574
1574
1580
1575
1576
1587
1595
1623
1631
1642
1650
1657
1675
1696
1712
1752
1773
1793
1813
1883
1895
1909
1933
1954
2013
2032
2049
2067
2077
2086
2099
2117
2174
2181
2189
2202
2253
2265
2284
2304
2310
2309
2315
2314
2319
2336
2350
2355
2361
2352
2355
2350
2339
2281
2290
2290
2285
2271
2239
2230
2228
2216
2198
2184
2172
2172
2159
2155
2152
2155
2136
2128
2121
2115
2098
2084
2075
2064
2068
2073
2063
2049
2045
2044
2042
2040
2030
2019
2025
2029
2029
2019
2021
2026
2027
2018
2006
2004
2004
2008
2003
1988
1973
1962
1941
1920
1897
1893
1855
1840
1826
1808
1803
1786
1765
1755
1745
1746
1748
1751
1755
1764
1768
1768
1773
1792
1803
1821
1831
1846
1876
1898
1919
1939
1951
1961
1985
2002
2080
2091
2105
2127
2203
2212
2231
2252
2318
2331
2333
2335
2345
2368
2365
2362
2366
2369
2379
2381
2374
2366
2367
2361
2360
2324
2312
2298
2293
2278
2242
2226
2207
2191
2173
2155
2140
2133
2058
2043
2025
2018
1978
1971
1965
1959
1952
1936
1934
1935
1931
1921
1914
1916
1916
1908
1908
1905
1906
1902
1903
1903
1902
1912
1912
1912
1915
1924
1931
1927
1923
1927
1933
1940
1946
1950
1980
1989
1999
1994
1982
1986
1989
1994
1999
1993
1999
2007
2007
2002
1987
1975
1976
1984
1978
1973
1970
1992
1989
1983
1979
1973
1984
1971
1961
1954
1952
1960
1967
1973
1955
1955
1962
1979
1971
1973
1982
1984
1980
1960
1955
1959
1963
1961
1961
1963
1956
1958
1959
1964
1964
1972
1983
1989
1985
2003
2004
2007
2006
2006
2016
2020
2016
2015
2016
2019
2022
2033
2019
2009
2004
2006
1961
1953
1954
1954
1953
1958
1958
1957
1962
1972
1984
1991
1993
2014
2023
2037
2044
2066
2075
2089
2099
2109
2112
2123
2136
2144
2143
2144
2145
2146
2159
2154
2156
2151
2164
2170
2169
2165
2157
2157
2163
2164
2159
2132
2133
2126
2117
2110
2110
2101
2096
2064
2065
2060
2053
2031
2027
2021
2015
2014
2002
2002
1997
1993
1990
1982
1979
1977
1952
1946
1939
1939
1937
1936
1936
1933
1940
1971
1975
1979
1983
1991
1999
2020
2035
2060
2067
2071
2075
2089
2101
2112
2123
2131
2131
2130
2137
2134
2133
2135
2134
2132
2139
2141
2143
2134
2117
2112
2106
2092
2054
2050
2047
2034
2030
1990
1982
1976
1972
1968
1961
1950
1933
1882
1874
1866
1860
1831
1831
1831
1824
1820
1822
1822
1828
1834
1842
1847
1853
1865
1867
1876
1886
1896
1920
1926
1932
1935
1970
1974
1989
1993
1998
2005
2006
2010
2021
2031
2040
2047
2054
2079
2082
2090
2099
2112
2106
2101
2103
2106
2116
2118
2116
2119
2121
2120
2114
2114
2128
2124
2110
2107
2111
2113
2117
2111
2109
2084
2078
2076
2074
2068
2064
2058
2051
2039
2043
2037
2035
2022
2021
2024
2033
2025
2021
2015
2015
2029
2052
2055
2052
2050
2042
2036
2033
2035
2042
2040
2048
2052
2053
2052
2054
2053
2062
2066
2067
2071
2076
2085
2087
2084
2082
2076
2080
2080
2078
2050
2043
2033
2025
2023
2025
2028
2021
2019
2021
2023
2030
2032
2012
2003
2001
2001
2024
2025
2025
2028
2030
2027
2029
2038
2047
2055
2055
2054
2050
2043
2043
2045
2043
2006
2007
2009
2015
1973
1959
1954
1951
1947
1938
1932
1927
1921
1917
1909
1897
1895
1921
1922
1920
1914
1910
1921
1923
1931
1939
1941
1940
1941
1946
1958
1967
1980
1985
1974
1971
1979
1987
1977
1966
1962
1960
1966
1993
1999
2007
2015
2020
2018
2017
2021
2078
2087
2091
2086
2127
2137
2134
2105
1809
1803
1861
1954
2068
2279
2295
2290
2298
2314
2322
2322
2299
2180
2190
2222
2263
2217
2144
2077
2041
2032
2079
2095
2109
2112
2100
2079
2041
1998
1843
1826
1841
1866
1997
2012
2019
2015
2008
1989
1977
1979
1992
2031
2082
2124
2137
1984
1951
1931
1926
2034
2057
2079
2098
2103
2060
2045
2027
2005
1997
1998
2009
2026
2011
1987
1970
1964
1960
1970
1989
2003
2011
2051
2072
2084
2094
2092
2080
2052
2013
1964
1862
1853
1850
1856
1872
1895
1916
1922
1895
1884
1890
1907
2026
2046
2050
2043
2035
1971
1958
1949
1952
1958
1974
1982
1987
1990
1982
1972
1971
1969
1981
1996
2005
1960
1947
1935
1940
1959
1996
2008
2022
2038
2040
2051
2068
2091
2112
2098
2087
2081
2083
2096
2109
2130
2146
2145
2140
2132
2128
2133
2145
2159
2166
2171
2156
2134
2109
2091
2086
2083
2068
2045
2005
2016
2045
2073
2089
2042
1992
1936
1898
1866
1833
1816
1816
1875
1882
1889
1890
1858
1852
1846
1837
1793
1763
1742
1705
1662
1525
1491
1474
1484
1506
1544
1576
1601
1599
1598
1604
1615
1757
1798
1826
1840
1844
1858
1871
1883
1907
1930
1953
1979
2002
2071
2083
2094
2110
2309
2385
2467
2545
2845
2913
2977
3039
3106
3300
3370
3438
3501
3560
3607
3646
3673
3735
3741
3754
3777
3847
3854
3851
3828
3783
3537
3459
3394
3326
3254
3188
3122
3046
2723
2644
2556
2463
2097
2027
1975
1917
1640
1563
1487
1413
1338
1093
1010
927
846
772
697
629
557
244
193
171
160
140
137
135
131
129
131
133
140
147
159
174
192
207
298
328
372
426
749
846
931
1005
1285
1345
1400
1460
1531
1714
1778
1836
1896
1950
2011
2070
2123
2338
2385
2436
2486
2622
2635
2638
2641
2641
2625
2616
2603
2589
2572
2549
2523
2499
2383
2360
2351
2342
2265
2245
2216
2186
2153
2053
2029
2002
1972
1943
1905
1866
1831
1719
1697
1686
1686
1718
1744
1772
1795
1903
1935
1961
1994
2025
2129
2173
2219
2272
2330
2381
2425
2470
2600
2621
2647
2673
2811
2853
2885
2911
2934
3018
3044
3066
3091
3108
3125
3141
3149
3157
3159
3161
3172
3184
3186
3185
3181
3172
3106
3081
3050
3014
2981
2933
2889
2852
2703
2666
2631
2602
2487
2458
2440
2430
2378
2355
2339
2315
2288
2185
2145
2114
2096
2076
2054
2031
2002
1882
1856
1828
1801
1681
1650
1614
1585
1557
1475
1448
1413
1375
1345
1319
1297
1277
1178
1153
1132
1109
1065
1064
1072
1074
1077
1119
1136
1157
1174
1188
1196
1211
1218
1283
1305
1330
1351
1373
1382
1394
1416
1507
1529
1544
1563
1583
1618
1627
1637
1646
1657
1674
1696
1709
1774
1802
1827
1858
1973
1999
2031
2060
2088
2163
2180
2192
2199
2212
2221
2232
2245
2271
2276
2279
2284
2270
2268
2264
2263
2252
2247
2243
2235
2228
2182
2167
2147
2131
2120
2118
2111
2096
2044
2031
2020
2013
1979
1975
1972
1969
1974
1979
1984
1992
2009
2022
2033
2043
2049
2066
2071
2082
2091
2157
2177
2197
2217
2234
2294
2316
2331
2345
2351
2358
2367
2379
2444
2457
2473
2478
2416
2397
2374
2356
2348
2317
2298
2287
2286
2281
2274
2265
2241
2163
2144
2140
2137
2098
2085
2082
2063
2017
2018
2016
2012
2020
1971
1943
1921
1896
1874
1851
1846
1842
1803
1789
1780
1769
1701
1703
1703
1704
1702
1699
1704
1701
1690
1677
1669
1667
1670
1687
1697
1710
1718
1733
1738
1747
1763
1778
1848
1877
1893
1921
1942
1959
1977
1999
2067
2089
2111
2125
2193
2202
2216
2233
2289
2306
2317
2329
2336
2350
2352
2357
2358
2364
2362
2365
2368
2377
2378
2384
2391
2412
2410
2408
2402
2398
2361
2353
2347
2340
2334
2326
2315
2297
2242
2227
2212
2196
2134
2119
2105
2091
2070
2004
1986
1976
1965
1959
1950
1943
1935
1855
1836
1828
1818
1799
1789
1772
1767
1733
1728
1719
1708
1703
1699
1696
1699
1708
1714
1717
1716
1725
1767
1783
1801
1809
1858
1864
1871
1874
1882
1913
1928
1941
1958
1973
1988
2000
2013
2052
2056
2061
2057
2063
2058
2053
2045
2036
2007
2004
1995
1993
1998
1994
1986
1985
1935
1923
1910
1896
1853
1858
1853
1848
1860
1865
1875
1888
1903
1948
1970
1988
2002
2016
2031
2048
2058
2084
2093
2101
2105
2115
2110
2105
2096
2099
2082
2077
2075
2082
2084
2083
2090
2092
2118
2120
2129
2134
2159
2174
2187
2183
2190
2211
2212
2214
2219
2222
2226
2226
2232
2206
2196
2191
2187
2154
2138
2125
2110
2047
2035
2030
2015
2003
1985
1977
1972
1979
1974
1978
1984
1982
1965
1961
1966
1971
1981
1987
1993
2002
2008
2011
2009
2009
2015
2024
2028
2037
2041
2051
2054
2058
2060
2067
2073
2079
2085
2090
2091
2103
2099
2099
2094
2091
2087
2085
2063
2057
2050
2043
2006
1992
1981
1979
1969
1961
1950
1941
1931
1917
1917
1917
1919
1925
1925
1929
1933
1938
1935
1939
1944
1948
1948
1950
1952
1949
1964
1972
1973
1982
1988
1994
1997
1999
2023
2031
2042
2051
2065
2065
2073
2083
2093
2109
2113
2118
2120
2116
2106
2104
2103
2113
2112
2100
2094
2075
2073
2069
2067
2043
2035
2035
2036
2038
2037
2036
2036
2037
2036
2033
2029
2029
2022
2022
2020
2014
1989
1983
1972
1957
1944
1919
1913
1913
1911
1909
1904
1907
1909
1922
1928
1931
1935
1939
1942
1950
1959
1977
1975
1976
1984
1993
2010
2006
2005
2006
2005
2008
2013
2014
2020
2026
2031
2037
2057
2059
2065
2069
2070
2072
2073
2076
2078
2075
2070
2069
2062
2057
2061
2068
2073
2080
2076
2074
2068
2073
2080
2081
2087
2087
2077
2079
2084
2090
2102
2105
2105
2104
2093
2084
2079
2082
2086
2084
2080
2078
2080
2088
2092
2090
2091
2079
2068
2064
2060
2040
2036
2028
2023
1994
1992
1986
1985
1985
1989
1998
1997
1994
1988
1995
2004
2011
2024
2028
2028
2035
2039
2048
2057
2070
2081
2089
2094
2094
2094
2098
2095
2096
2103
2071
2060
2053
2041
2012
1996
1980
1967
1961
1931
1923
1921
1914
1907
1891
1878
1870
1864
1869
1873
1878
1881
1889
1893
1903
1914
1924
1936
1943
1959
1963
1970
1977
1988
2006
2012
2014
2017
2009
2004
2006
2007
2004
1994
1985
1978
1976
1975
1977
1980
1983
2014
2011
2008
2014
2013
2017
2019
2010
2009
2004
2010
2006
2002
1996
1988
1988
1989
2015
2023
2037
2056
2148
2152
2150
2147
2138
2136
2150
2166
2181
2195
2193
2197
2203
2192
2184
2177
2176
2160
2162
2162
2154
2146
2123
2121
2110
2100
2087
2068
2060
2057
2054
2062
2069
2069
2061
2060
2062
2062
2087
2098
2108
2114
2118
2065
2045
2029
2016
2013
2008
2001
2002
2017
2014
2009
1999
1968
1956
1955
1956
1954
1941
1928
1921
1909
1906
1901
1892
1887
1897
1893
1889
1880
1877
1875
1877
1877
1883
1907
1916
1922
1915
1912
1903
1891
1881
1893
1909
1927
1940
1974
1982
1991
2000
2012
2018
2021
2024
2034
2034
2026
2016
2016
2013
2010
2012
2017
2043
2059
2074
2090
2103
2122
2128
2131
2144
2153
2153
2158
2159
2144
2132
2127
2118
2088
2084
2080
2066
2036
2031
2034
2039
2048
2053
2060
2060
2057
2053
2054
2056
2057
2052
2049
2041
2040
2042
2037
2037
2032
2031
2024
2014
2011
2005
2001
1999
2004
2008
2014
2012
2019
2028
2033
2041
2043
2046
2068
2071
2071
2072
2069
2075
2074
2073
2071
2058
2051
2041
2027
2015
2002
2000
1991
1941
1931
1921
1903
1837
1823
1812
1807
1801
1795
1791
1781
1773
1759
1751
1743
1736
1731
1737
1738
1742
1773
1781
1781
1784
1789
1811
1823
1831
1840
1848
1859
1871
1886
1943
1966
1985
2015
2140
2171
2203
2242
2401
2438
2471
2517
2562
2660
2687
2714
2749
2784
2813
2845
2876
2948
2959
2968
2976
2997
3001
2993
2992
2986
2946
2936
2924
2904
2879
2842
2808
2775
2623
2578
2529
2481
2247
2194
2144
2091
2031
1849
1783
1712
1643
1579
1514
1447
1390
1194
1150
1114
1072
964
942
920
903
886
883
880
883
888
930
956
980
1008
1039
1068
1105
1144
1309
1350
1402
1453
1656
1703
1747
1800
1853
2001
2048
2086
2121
2151
2178
2199
2231
2355
2387
2412
2432
2488
2494
2491
2487
2455
2450
2438
2425
2406
2332
2303
2270
2241
2216
2179
2145
2113
1943
1898
1847
1796
1748
1602
1557
1515
1475
1433
1391
1357
1328
1242
1215
1195
1180
1166
1166
1159
1155
1166
1202
1227
1253
1281
1314
1348
1391
1431
1476
1616
1669
1720
1773
1830
1884
1933
1989
2187
2247
2308
2370
2601
2654
2706
2759
2955
3005
3050
3099
3139
3234
3260
3280
3299
3315
3324
3335
3340
3341
3334
3323
3307
3212
3182
3143
3108
3078
2962
2916
2874
2831
2785
2734
2693
2653
2488
2443
2411
2373
2217
2182
2143
2102
2067
1964
1934
1898
1864
1832
1798
1767
1736
1616
1596
1575
1557
1487
1468
1457
1448
1435
1405
1400
1394
1397
1397
1394
1392
1398
1418
1426
1435
1446
1507
1525
1544
1563
1629
1650
1669
1695
1716
1764
1773
1786
1797
1810
1819
1829
1841
1861
1868
1873
1884
1907
1912
1914
1920
1925
1930
1924
1918
1918
1920
1924
1929
1929
1958
1959
1964
1979
2006
2021
2035
2045
2056
2062
2066
2067
2070
2067
2059
2058
2054
2054
2049
2047
2036
2008
1994
1992
1978
1941
1935
1923
1915
1911
1892
1888
1883
1886
1887
1890
1891
1896
1906
1915
1925
1933
1955
1965
1978
1995
2011
2039
2059
2076
2087
2096
2108
2122
2140
2199
2215
2228
2246
2306
2321
2333
2348
2385
2389
2398
2404
2396
2382
2374
2360
2345
2334
2324
2315
2299
2251
2242
2235
2219
2171
2154
2134
2119
2107
2048
2022
2004
1990
1973
1952
1935
1914
1820
1801
1793
1781
1746
1731
1724
1716
1715
1692
1682
1684
1685
1683
1685
1688
1694
1694
1697
1705
1714
1730
1737
1744
1753
1792
1807
1818
1831
1845
1898
1904
1922
1939
1960
1979
1996
2017
2100
2119
2140
2159
2224
2237
2244
2254
2263
2282
2294
2294
2289
2295
2295
2291
2287
2280
2275
2278
2275
2270
2275
2280
2280
2281
2267
2263
2259
2261
2264
2260
2257
2256
2239
2240
2240
2242
2233
2230
2225
2218
2211
2213
2217
2212
2212
2191
2184
2175
2175
2175
2174
2172
2166
2134
2127
2111
2098
2048
2037
2022
2011
1998
1952
1936
1923
1913
1908
1902
1887
1877
1822
1816
1809
1804
1786
1781
1782
1778
1780
1783
1787
1791
1789
1788
1791
1799
1799
1805
1812
1821
1824
1838
1846
1861
1878
1888
1900
1904
1911
1923
1932
1938
1939
1943
1964
1966
1977
1980
1966
1967
1974
1982
1991
1989
1992
1988
1987
1995
1991
1991
1984
1972
1965
1964
1964
1975
1974
1970
1970
1942
1936
1929
1922
1923
1935
1944
1954
1961
1965
1967
1969
1970
1975
1985
1992
2003
2024
2031
2033
2043
2052
2069
2074
2078
2091
2105
2115
2128
2135
2161
2181
2188
2197
2229
2231
2236
2236
2262
2268
2270
2270
2271
2255
2252
2244
2241
2235
2233
2229
2228
2204
2194
2186
2182
2144
2142
2136
2128
2122
2088
2071
2060
2051
2039
2027
2010
2001
1970
1962
1954
1944
1916
1909
1904
1900
1898
1882
1881
1875
1871
1877
1881
1888
1896
1915
1921
1928
1941
1970
1973
1971
1968
1974
1988
1992
1998
2003
2003
2005
2012
2017
2021
2021
2021
2020
2009
2004
1994
1988
1969
1972
1970
1964
1957
1943
1941
1943
1945
1949
1952
1957
1963
1982
1984
1989
1999
2031
2032
2029
2034
2048
2059
2063
2064
2068
2073
2075
2088
2092
2097
2100
2103
2106
2116
2125
2124
2127
2125
2134
2139
2140
2137
2140
2144
2142
2145
2138
2128
2127
2126
2105
2093
2086
2077
2071
2046
2037
2027
2021
2012
2004
1993
1990
1985
1979
1970
1969
1941
1939
1936
1936
1925
1922
1914
1911
1905
1907
1910
1913
1910