2222
2216
2207
2169
2161
2151
2141
2128
2095
2087
2076
2065
2050
2040
2030
2020
1958
1951
1936
1928
1897
1889
1891
1892
1868
1866
1877
1879
1884
1882
1891
1895
1900
1902
1907
1911
1922
1956
1959
1965
1977
2000
2008
2018
2028
2045
2060
2065
2076
2082
2085
2094
2100
2104
2119
2117
2118
2117
2114
2116
2113
2110
2110
2109
2102
2096
2089
2079
2077
2074
2070
2060
2061
2058
2057
2040
2039
2029
2014
1976
1970
1961
1955
1950
1921
1913
1903
1894
1884
1880
1871
1864
1858
1857
1858
1861
1883
1885
1895
1909
1921
1933
1939
1947
1954
1956
1959
1967
1979
2004
2018
2030
2034
2060
2062
2066
2070
2079
2074
2079
2080
2076
2074
2072
2075
2083
2083
2085
2080
2075
2068
2060
2057
2056
2042
2045
2045
2052
2054
2057
2060
2063
2069
2076
2089
2090
2094
2128
2140
2148
2152
2172
2175
2176
2175
2174
2160
2156
2151
2150
2151
2145
2140
2131
2098
2089
2082
2072
2036
2028
2022
2020
2015
2003
1994
1985
1978
1963
1956
1948
1948
1948
1950
1947
1943
1947
1945
1944
1944
1925
1922
1917
1914
1918
1912
1915
1916
1914
1909
1907
1909
1909
1914
1913
1916
1923
1955
1966
1976
1985
2002
2007
2010
2019
2026
2053
2056
2065
2076
2085
2096
2107
2115
2125
2130
2134
2135
2135
2136
2138
2138
2135
2104
2091
2075
2069
2063
2059
2052
2046
2015
2003
1996
1987
1959
1954
1951
1947
1940
1940
1939
1940
1940
1947
1950
1952
1955
1962
1972
1980
1988
1999
2001
2000
2009
2009
2008
2009
2008
2016
2012
2017
2020
2018
2017
2023
2031
2032
2043
2044
2051
2054
2073
2084
2082
2087
2104
2102
2106
2101
2110
2103
2096
2100
2105
2107
2105
2104
2111
2120
2118
2121
2121
2109
2106
2109
2112
2112
2096
2098
2095
2093
2089
2081
2079
2074
2066
2066
2065
2071
2069
1920
1783
1699
1674
1784
1845
1895
1936
1972
2003
2048
2082
1968
1944
1927
1904
1834
1860
1906
1964
2103
2096
2092
2096
2097
2069
2077
2086
2105
2125
2137
2129
2105
1964
1916
1876
1852
2001
2052
2091
2110
2125
2092
2044
1987
1939
1907
1895
1896
1906
2015
2021
2015
2009
1973
1983
2007
2041
2081
2051
2005
1961
1925
1904
1932
1972
2026
2074
2112
2143
2159
2090
2066
2051
2044
2068
2071
2068
2059
2052
1994
1973
1946
1918
1910
1920
1941
1973
2064
2050
2018
1987
1908
1918
1941
1964
1991
2027
2017
2014
2020
2027
2032
2035
2048
2048
2044
2039
2026
1961
1962
1979
2000
2085
2086
2080
2071
2052
2010
2015
2027
2047
2066
2085
2089
2083
2022
2025
2027
2034
2033
2045
2051
2060
2060
2057
2057
2065
2075
2077
2079
2070
2069
2002
1985
1969
1954
1931
1945
1958
1966
1962
1929
1917
1896
1883
1869
1851
1840
1822
1691
1647
1603
1572
1526
1531
1543
1550
1539
1540
1544
1561
1586
1643
1646
1631
1616
1607
1602
1594
1596
1723
1788
1867
1950
2259
2334
2394
2455
2514
2678
2732
2784
2851
2915
2974
3031
3087
3335
3398
3454
3505
3702
3746
3777
3797
3862
3876
3890
3903
3915
3893
3868
3834
3799
3756
3708
3658
3615
3361
3307
3247
3088
2380
2193
2036
1907
1779
1481
1376
1252
1154
1061
974
864
733
320
233
169
137
113
111
108
110
107
101
101
101
104
106
108
108
113
130
135
145
156
266
322
405
514
937
1048
1154
1247
1333
1532
1582
1647
1717
1778
1838
1902
1974
2202
2248
2283
2317
2453
2500
2547
2580
2603
2631
2614
2601
2595
2588
2579
2579
2581
2601
2609
2617
2628
2650
2644
2644
2655
2624
2603
2576
2548
2515
2448
2443
2438
2437
2433
2439
2458
2467
2419
2389
2360
2340
2279
2272
2264
2253
2235
2197
2197
2197
2204
2211
2221
2235
2246
2243
2235
2219
2196
2141
2128
2114
2097
2074
2025
2002
1981
1967
1953
1944
1939
1947
1963
1965
1964
1955
1937
1942
1954
1962
2042
2063
2082
2099
2118
2188
2222
2257
2291
2308
2335
2360
2377
2417
2439
2461
2484
2644
2679
2723
2765
2784
2807
2806
2799
2797
2800
2791
2780
2753
2624
2585
2549
2516
2383
2337
2292
2243
1996
1942
1885
1833
1787
1655
1610
1558
1512
1455
1405
1356
1314
1177
1154
1135
1123
1056
1056
1053
1051
1051
1083
1108
1139
1173
1208
1243
1290
1337
1524
1567
1608
1655
1832
1877
1925
1961
2000
2135
2177
2220
2255
2290
2325
2354
2380
2483
2506
2522
2542
2555
2541
2529
2520
2415
2378
2345
2306
2259
2149
2107
2065
2022
1969
1916
1868
1825
1648
1611
1575
1535
1435
1411
1394
1376
1366
1330
1328
1338
1357
1372
1387
1413
1438
1561
1599
1637
1671
1791
1833
1870
1906
2058
2099
2138
2166
2193
2247
2265
2284
2301
2320
2338
2354
2364
2377
2374
2364
2357
2322
2319
2319
2314
2308
2285
2287
2281
2268
2253
2244
2236
2223
2177
2171
2169
2162
2153
2147
2137
2129
2130
2137
2133
2131
2141
2152
2162
2169
2176
2196
2199
2206
2211
2249
2250
2258
2270
2317
2326
2333
2339
2340
2336
2332
2329
2327
2329
2327
2323
2319
2265
2246
2231
2212
2120
2104
2087
2061
2034
1954
1922
1897
1873
1848
1819
1795
1767
1661
1640
1624
1601
1528
1507
1488
1479
1472
1463
1453
1450
1454
1458
1469
1487
1501
1610
1638
1680
1710
1834
1869
1909
1948
2085
2125
2165
2207
2241
2339
2363
2391
2414
2433
2453
2477
2490
2527
2530
2531
2529
2507
2493
2482
2473
2459
2408
2383
2364
2352
2338
2322
2306
2279
2189
2159
2131
2109
2033
2012
1991
1976
1922
1907
1895
1885
1869
1821
1809
1804
1802
1801
1800
1797
1792
1768
1769
1763
1756
1766
1769
1774
1780
1790
1812
1820
1825
1837
1851
1864
1885
1899
1949
1956
1964
1983
2020
2023
2024
2028
2026
2020
2018
2020
2020
2018
2011
2009
2000
1992
1982
1976
1970
1923
1913
1912
1901
1864
1856
1850
1849
1848
1848
1845
1849
1863
1871
1880
1888
1906
1959
1971
1987
2007
2093
2117
2134
2148
2206
2217
2230
2250
2267
2289
2295
2303
2312
2312
2312
2316
2311
2296
2287
2284
2273
2228
2215
2202
2192
2179
2120
2101
2086
2068
2049
2031
2015
1998
1930
1914
1901
1889
1831
1822
1818
1819
1809
1809
1805
1804
1804
1814
1823
1829
1834
1838
1848
1865
1877
1915
1925
1940
1955
2014
2029
2038
2046
2065
2109
2125
2143
2161
2177
2194
2212
2224
2251
2257
2264
2270
2273
2275
2274
2271
2229
2221
2213
2203
2200
2168
2157
2144
2132
2124
2114
2104
2095
2047
2035
2020
2007
1945
1936
1927
1921
1918
1889
1889
1878
1872
1869
1870
1873
1874
1910
1921
1938
1951
1994
2008
2025
2041
2082
2094
2102
2107
2113
2116
2122
2123
2122
2121
2113
2110
2105
2087
2075
2064
2055
2042
2035
2026
2014
2008
1974
1967
1958
1948
1940
1942
1940
1943
1926
1919
1917
1918
1905
1897
1894
1891
1890
1894
1899
1901
1902
1905
1905
1907
1916
1922
1921
1921
1927
1922
1927
1926
1930
1941
1948
1954
1959
1958
1981
1987
1995
2014
2025
2039
2055
2069
2119
2128
2140
2153
2161
2163
2170
2169
2168
2151
2139
2125
2112
2096
2079
2070
2055
2010
1997
1987
1980
1953
1950
1943
1940
1949
1955
1958
1969
1978
2015
2028
2034
2045
2057
2065
2072
2075
2096
2095
2091
2094
2104
2112
2113
2121
2125
2116
2121
2125
2122
2125
2129
2133
2128
2133
2142
2148
2152
2143
2145
2149
2151
2153
2147
2138
2127
2116
2095
2089
2075
2067
2052
2036
2024
2013
1956
1946
1935
1920
1884
1879
1873
1868
1863
1860
1861
1857
1859
1866
1869
1872
1879
1889
1891
1894
1901
1944
1960
1979
1992
2013
2027
2030
2039
2050
2054
2062
2067
2071
2067
2074
2075
2078
2069
2064
2065
2057
2064
2067
2077
2079
2083
2096
2098
2100
2106
2110
2108
2100
2094
2052
2042
2028
2016
1983
1980
1978
1975
1972
1953
1950
1949
1950
1949
1958
1963
1973
1974
1979
1987
1993
2016
2018
2017
2026
2042
2048
2046
2050
2048
2036
2035
2029
2026
2022
2012
2000
1994
1962
1960
1955
1953
1952
1959
1960
1968
1972
1984
1987
1993
2003
2012
2025
2038
2045
2056
2067
2066
2021
1838
1829
1852
1902
1955
2133
2182
2195
2182
2172
2169
2170
2172
2142
2110
2090
2078
2029
2031
2039
2046
2136
2158
2180
2194
2189
2218
2212
2199
2203
2212
2214
2207
2200
2124
2108
2096
2087
2045
2043
2049
2045
2030
1960
1946
1934
1924
1921
1919
1920
1920
1877
1870
1858
1847
1873
1895
1922
1946
1959
1964
1950
1927
1901
1882
1872
1881
1901
2002
2013
2019
2030
2008
2008
2007
2014
2057
2056
2050
2047
2039
2000
1993
2008
2033
2052
2071
2085
2097
2081
2070
2062
2058
2081
2099
2119
2135
2147
2153
2144
2135
2126
2121
2114
2107
2105
2085
2065
2039
2009
1924
1917
1921
1928
1939
1940
1939
1940
1932
1923
1918
1915
1922
1994
2010
2022
2030
2006
2005
2003
2005
2014
2013
2012
1998
1992
1966
1960
1957
1948
1941
1929
1928
1921
1870
1848
1824
1804
1807
1819
1832
1842
1848
1826
1814
1807
1800
1792
1789
1790
1800
1741
1699
1654
1610
1485
1467
1451
1451
1487
1515
1537
1558
1577
1589
1589
1588
1585
1585
1586
1597
1606
1689
1718
1746
1779
1969
2029
2088
2145
2208
2385
2444
2506
2579
2643
2717
2792
2863
3120
3181
3250
3321
3598
3660
3723
3785
3852
4011
4059
4086
4088
4092
4089
4090
4088
4088
4087
4088
4089
4065
4019
3960
3893
3413
3305
3174
3011
2865
2484
2354
2264
2190
2077
1940
1819
1713
1276
1168
1029
905
447
355
259
173
144
117
116
116
114
108
109
110
109
107
108
110
111
120
127
129
136
154
211
247
309
380
457
530
610
686
980
1054
1136
1213
1449
1506
1556
1596
1782
1832
1881
1933
1986
2113
2146
2181
2206
2225
2235
2247
2258
2288
2285
2279
2284
2336
2348
2346
2350
2353
2361
2352
2341
2334
2327
2317
2301
2288
2245
2242
2251
2256
2247
2240
2232
2217
2217
2233
2236
2253
2263
2264
2274
2284
2296
2334
2346
2360
2369
2359
2344
2334
2323
2246
2235
2225
2223
2216
2219
2227
2241
2253
2262
2273
2283
2289
2321
2317
2323
2328
2312
2306
2294
2280
2268
2231
2222
2217
2214
2216
2219
2224
2230
2298
2320
2351
2378
2527
2570
2610
2654
2851
2900
2945
2981
3008
3065
3077
3087
3092
3087
3075
3059
3037
2905
2861
2807
2761
2541
2483
2427
2367
2313
2149
2092
2038
1991
1945
1895
1848
1796
1571
1512
1451
1398
1201
1160
1123
1094
1040
1041
1054
1072
1093
1195
1231
1265
1303
1337
1378
1422
1461
1597
1627
1652
1681
1790
1820
1847
1870
1901
1989
2011
2034
2054
2073
2094
2109
2120
2175
2186
2203
2221
2270
2276
2271
2263
2262
2247
2236
2220
2205
2187
2161
2142
2117
1991
1956
1931
1904
1773
1740
1706
1680
1583
1573
1560
1553
1537
1507
1495
1488
1487
1489
1492
1496
1506
1551
1567
1580
1591
1652
1671
1691
1708
1732
1803
1817
1839
1867
1893
1914
1943
1972
2053
2057
2074
2090
2137
2149
2161
2168
2221
2225
2231
2234
2241
2235
2227
2221
2214
2210
2210
2210
2201
2161
2148
2138
2127
2072
2065
2056
2054
2038
2030
2029
2036
2045
2051
2059
2074
2095
2165
2186
2207
2224
2295
2316
2337
2352
2366
2405
2414
2414
2420
2427
2433
2437
2440
2448
2449
2444
2433
2384
2373
2352
2331
2274
2260
2243
2217
2196
2118
2095
2074
2051
2024
2004
1981
1955
1849
1824
1796
1771
1663
1637
1620
1610
1610
1598
1587
1588
1581
1579
1577
1577
1583
1623
1634
1656
1682
1761
1790
1817
1847
1874
1944
1967
1989
2018
2048
2083
2109
2140
2217
2250
2281
2299
2317
2332
2344
2358
2371
2413
2409
2405
2406
2410
2417
2416
2411
2400
2367
2357
2358
2352
2343
2327
2311
2303
2239
2220
2193
2174
2114
2095
2081
2068
1998
1973
1956
1949
1938
1891
1882
1868
1853
1841
1834
1823
1811
1769
1763
1764
1762
1770
1782
1791
1802
1807
1837
1850
1865
1877
1888
1901
1915
1927
1974
1981
1987
1988
1997
2015
2019
2024
2032
2044
2050
2052
2059
2058
2063
2068
2066
2063
2062
2063
2061
2066
2059
2057
2050
2041
2037
2033
2032
2025
2016
1996
1992
1982
1973
1964
1961
1964
1966
1951
1948
1948
1947
1935
1937
1941
1948
1966
1972
1985
1988
1998
2017
2027
2035
2041
2050
2061
2068
2075
2105
2111
2119
2123
2138
2147
2157
2162
2168
2167
2167
2162
2157
2148
2131
2125
2115
2078
2061
2048
2035
1982
1967
1959
1951
1939
1908
1897
1882
1874
1875
1870
1871
1876
1871
1867
1871
1880
1898
1903
1900
1900
1915
1922
1927
1940
1956
1977
1983
1988
1990
1998
2010
2023
2037
2066
2082
2089
2103
2131
2136
2147
2154
2171
2177
2183
2178
2184
2187
2193
2194
2193
2192
2190
2185
2176
2144
2130
2120
2120
2088
2069
2051
2049
2046
2016
2011
2003
1999
1991
1983
1979
1981
1966
1959
1958
1957
1956
1962
1973
1988
1997
2008
2012
2021
2027
2030
2041
2050
2062
2075
2080
2083
2093
2095
2100
2102
2102
2099
2101
2105
2105
2102
2093
2094
2099
2099
2092
2083
2079
2077
2075
2073
2065
2058
2024
2016
2009
2001
1995
1973
1967
1966
1962
1960
1950
1945
1946
1922
1917
1915
1911
1900
1892
1889
1893
1884
1887
1889
1891
1893
1898
1902
1901
1908
1911
1924
1930
1937
1965
1976
1988
1992
2003
2004
2013
2027
2038
2045
2047
2049
2052
2057
2061
2058
2054
2050
2040
2040
2043
2032
2026
2020
2013
2005
2015
2003
2005
2013
2012
2005
2001
2003
2001
2005
2006
2014
2014
2026
2040
2045
2052
2050
2060
2070
2080
2091
2094
2100
2115
2125
2126
2121
2127
2160
2159
2165
2168
2161
2162
2161
2157
2157
2160
2156
2149
2146
2142
2133
2131
2138
2109
2105
2096
2090
2047
2041
2031
2022
2014
1988
1981
1977
1982
1982
1978
1969
1961
1952
1954
1955
1954
1940
1933
1930
1934
1938
1934
1936
1929
1933
1942
1939
1943
1946
1954
1956
1964
1969
1984
1987
1991
1992
2008
2010
2014
2025
2033
2041
2040
2044
2052
2056
2064
2061
2063
2070
2074
2075
2074
2065
2064
2064
2067
2066
2053
2043
2039
2041
2034
2019
2013
2008
1971
1961
1957
1953
1950
1944
1939
1940
1938
1925
1925
1923
1925
1921
1919
1917
1920
1920
1922
1928
1935
1954
1956
1954
1960
1981
1984
1986
1992
2008
2033
2039
2051
2060
2061
2062
2074
2082
2105
2111
2113
2112
2109
2105
2102
2100
2101
2096
2094
2094
2093
2095
2095
2094
2093
2091
2087
2089
2090
2084
2087
2087
2087
2090
2090
2086
2088
2085
2089
2083
2081
2077
2084
2083
2081
2079
2069
2067
2066
2063
2049
2047
2046
2050
2049
2038
2032
2029
2026
2027
2023
2019
2020
2009
1999
1998
2000
1991
1993
1998
2001
2000
1992
1991
1992
1994
1993
1994
1999
2002
2004
2000
1999
1999
2001
2004
2007
2009
2020
2020
2023
2033
2032
2030
2032
2034
2037
2039
2036
2034
2032
2011
2013
2011
2010
1996
1993
1998
1999
2001
2000
1994
1990
1991
1990
1981
1978
1974
1963
1968
1975
1982
1986
1987
1994
1995
1997
2002
2005
2010
2011
2010
2012
2018
2019
1958
1910
1832
1711
1689
1795
1920
2048
2165
2333
2332
2310
2288
2263
2228
2185
2165
2138
2132
2149
2169
2176
2171
2158
2116
2059
1954
1972
2009
2043
2073
2099
2118
2122
2097
1997
1957
1920
1909
1891
1886
1911
1934
2039
2063
2074
2074
2013
2006
2000
1998
2036
2039
2049
2040
2012
1923
1895
1890
1890
1891
1899
1921
1948
2097
2104
2093
2071
1959
1942
1935
1927
1927
1900
1892
1892
1915
1945
1985
2029
2075
2107
2085
2038
1989
1810
1783
1771
1772
1787
1783
1761
1723
1675
1623
1583
1550
1528
1585
1611
1636
1639
1548
1523
1519
1532
1687
1725
1740
1748
1750
1747
1751
1764
1781
1805
1835
1866
1897
2042
2073
2113
2165
2436
2512
2578
2640
2698
2876
2931
2996
3068
3132
3196
3274
3353
3533
3555
3587
3621
3578
3520
3471
3417
3382
3358
3373
3380
3390
3391
3385
3385
3385
3252
3205
3165
3121
2961
2905
2845
2774
2464
2401
2338
2278
2218
2019
1931
1840
1748
1655
1554
1449
1348
1033
986
952
907
788
752
731
723
709
662
652
646
640
641
644
636
632
635
631
628
617
630
656
703
764
907
929
936
941
950
949
947
950
962
975
988
1009
1046
1246
1304
1365
1425
1578
1595
1610
1614
1623
1664
1693
1727
1760
1797
1825
1852
1869
1884
1896
1912
1931
2025
2033
2042
2044
2045
2062
2085
2117
2151
2254
2283
2310
2328
2343
2353
2356
2354
2356
2359
2353
2353
2357
2357
2364
2370
2377
2394
2400
2408
2409
2413
2423
2435
2448
2500
2508
2524
2530
2547
2549
2550
2563
2579
2628
2647
2662
2673
2687
2697
2704
2706
2725
2732
2747
2752
2758
2760
2761
2760
2760
2752
2739
2725
2711
2701
2694
2683
2676
2675
2678
2678
2678
2684
2691
2697
2695
2693
2686
2693
2705
2719
2729
2724
2713
2700
2697
2687
2675
2664
2656
2639
2622
2607
2587
2469
2435
2400
2370
2209
2163
2115
2072
1921
1881
1849
1821
1786
1677
1643
1603
1565
1530
1499
1470
1443
1396
1386
1382
1375
1357
1364
1369
1375
1378
1386
1384
1381
1376
1378
1380
1384
1393
1433
1452
1475
1490
1535
1547
1562
1575
1609
1610
1609
1618
1624
1640
1650
1660
1671
1683
1692
1701
1703
1725
1724
1725
1735
1752
1748
1742
1738
1741
1736
1730
1727
1727
1728
1730
1738
1745
1765
1772
1784
1802
1828
1837
1839
1836
1887
1910
1936
1954
1969
1992
1996
2004
2005
2004
2016
2023
2027
2049
2050
2057
2069
2093
2104
2113
2121
2130
2154
2164
2176
2189
2200
2205
2213
2223
2274
2279
2284
2290
2300
2292
2286
2285
2283
2274
2267
2257
2251
2249
2253
2253
2250
2252
2249
2248
2247
2234
2234
2237
2231
2226
2219
2220
2221
2219
2221
2223
2227
2236
2247
2270
2276
2276
2267
2263
2263
2263
2260
2259
2266
2270
2267
2255
2251
2248
2252
2229
2223
2214
2199
2189
2151
2133
2117
2108
2086
2073
2061
2047
1979
1960
1945
1940
1885
1875
1859
1840
1826
1769
1761
1752
1735
1725
1715
1709
1708
1684
1688
1686
1690
1702
1710
1720
1736
1752
1782
1797
1819
1836
1853
1867
1886
1904
1991
2005
2021
2042
2086
2099
2114
2125
2170
2179
2193
2201
2213
2243
2252
2258
2258
2264
2267
2270
2273
2271
2265
2266
2266
2235
2237
2234
2226
2217
2195
2183
2162
2157
2149
2146
2134
2122
2092
2086
2081
2072
2040
2041
2033
2031
2010
2004
1992
1985
1979
1958
1946
1938
1938
1944
1944
1952
1953
1938
1932
1935
1933
1938
1944
1946
1942
1938
1931
1932
1935
1938
1941
1941
1939
1938
1937
1932
1923
1925
1927
1929
1934
1931
1922
1914
1916
1919
1926
1918
1910
1906
1912
1914
1913
1915
1915
1913
1917
1921
1927
1919
1925
1926
1926
1931
1934
1943
1948
1955
1959
1954
1957
1958
1981
1987
1998
2011
2033
2032
2036
2041
2051
2075
2073
2073
2076
2079
2085
2088
2090
2087
2084
2089
2093
2085
2078
2073
2070
2045
2038
2029
2023
2018
2005
2005
2001
2001
1994
2000
2008
2003
2009
2010
2013
2016
2023
2024
2030
2037
2045
2042
2042
2042
2040
2042
2046
2039
2040
2064
2064
2069
2079
2086
2093
2101
2106
2140
2148
2155
2164
2166
2157
2156
2152
2153
2153
2152
2156
2163
2133
2121
2119
2116
2091
2086
2080
2079
2071
2058
2061
2058
2058
2058
2053
2053
2049
2041
2039
2037
2031
2019
2020
2017
2021
2023
2032
2029
2033
2034
2036
2036
2037
2037
2020
2017
2021
2021
2002
1993
1993
1993
1981
1986
1983
1986
1990
1999
1995
1996
2002
2009
2014
2017
2012
2030
2029
2030
2033
2029
2034
2039
2036
2029
2010
2005
1997
1999
2000
2000
1993
1983
1969
1968
1966
1966
1956
1959
1966
1963
1963
1960
1954
1952
1958
1961
1965
1968
1976
1988
1993
1994
2001
1999
2001
2001
2007
2008
2014
2020
2018
2017
2022
2023
2023
2023
2028
2027
2022
2021
2005
2002
2003
2005
1991
1991
1989
1989
1985
1984
1975
1968
1968
1967
1965
1968
1970
1988
1984
1983
1981
1970
1977
1981
1984
1989
2007
2013
2022
2023
2031
2033
2034
2035
2058
2065
2074
2076
2085
2090
2095
2092
2092
2102
2100
2104
2109
2118
2115
2117
2121
2123
2114
2109
2105
2106
2105
2093
2090
2100
2097
2096
2101
2108
2099
2092
2091
2085
2088
2085
2083
2075
2066
2057
2055
2051
2049
2032
2029
2030
2025
2022
2020
2019
2018
1992
1984
1986
1984
1984
1979
1981
1991
1992
1986
1985
1985
1990
2002
2005
2010
2019
2030
2025
2026
2023
2026
2027
2026
2023
2021
2022
2022
2022
2021
2013
2008
2013
2009
1998
1991
1989
1996
1998
1997
1994
1996
2004
2008
2006
2004
2006
1998
1998
1995
2000
1985
1982
1987
1990
1968
1968
1962
1964
1967
1955
1948
1944
1945
1952
1955
1958
1963
1982
1991
2004
2006
2011
2015
2026
2038
2043
2037
2037
2033
2034
2044
2052
2062
2067
2066
2064
2065
2065
2063
2066
2067
2065
2050
2050
2049
2045
2044
2035
2039
2043
2044
2050
2053
2056
2056
2055
2055
2057
2059
2073
2009
1933
1877
1842
1886
1940
1995
2036
2069
2103
2144
2187
2184
2158
2130
2105
2253
2285
2292
2272
2233
2138
2130
2127
2132
2135
2134
2123
2109
2042
2014
1989
1973
1985
2005
2027
2036
2015
2007
2001
1992
1986
2006
2030
2052
2062
2055
2028
1984
1938
1875
1897
1931
1964
2032
2019
2000
1973
1951
1909
1911
1915
1923
1926
1918
1907
1897
1901
1904
1907
1908
1953
1964
1973
1980
1957
1945
1930
1909
1900
1907
1910
1909
1909
1923
1935
1940
1953
2046
2082
2118
2143
2152
2144
2144
2143
2140
2145
2142
2127
2108
2096
2077
2063
2059
2074
2086
2099
2107
2088
2076
2061
2039
1997
1984
1979
1981
1984
1979
1973
1965
1953
1946
1950
1948
1944
1937
1934
1940
1949
1994
2007
2011
2023
2033
2068
2069
2068
2064
2057
2048
2043
2039
2060
2063
2071
2066
2065
2056
2047
2039
2012
2005
2008
2015
2021
2031
2036
2037
2037
2047
2049
2054
2053
2053
2037
2029
2018
1941
1924
1901
1876
1851
1794
1777
1768
1767
1764
1744
1726
1721
1720
1736
1746
1749
1739
1732
1730
1728
1731
1714
1705
1714
1724
1727
1734
1749
1760
1813
1843
1882
1922
2071
2107
2151
2209
2388
2433
2466
2507
2553
2672
2699
2734
2775
2815
2845
2874
2902
3034
3062
3094
3125
3211
3227
3237
3246
3259
3248
3240
3237
3236
3222
3200
3180
3156
3013
2976
2930
2879
2669
2606
2539
2472
2170
2100
2037
1976
1921
1731
1664
1591
1525
1462
1400
1339
1279
989
913
843
769
528
479
446
422
414
388
379
372
375
387
408
435
467
631
676
728
770
982
1031
1075
1127
1175
1308
1344
1381
1426
1476
1523
1560
1613
1822
1876
1928
1984
2207
2262
2317
2366
2522
2548
2575
2599
2615
2673
2692
2720
2742
2765
2775
2782
2779
2718
2694
2673
2649
2547
2516
2473
2428
2376
2227
2176
2128
2085
2043
1990
1939
1875
1657
1605
1558
1515
1357
1325
1291
1264
1189
1183
1179
1182
1194
1274
1299
1336
1386
1429
1470
1515
1564
1780
1838
1895
1956
2196
2248
2302
2348
2402
2584
2640
2698
2767
2827
2878
2929
2982
3139
3170
3206
3233
3310
3323
3338
3343
3343
3326
3309
3294
3274
3259
3244
3222
3192
3092
3070
3044
3027
2925
2902
2875
2850
2699
2650
2596
2553
2510
2367
2312
2262
2213
2161
2113
2065
2015
1818
1768
1719
1670
1490
1459
1428
1393
1359
1267
1246
1227
1208
1194
1181
1169
1157
1135
1141
1145
1155
1214
1226
1248
1268
1293
1374
1404
1426
1460
1506
1539
1573
1611
1741
1777
1809
1844
1947
1967
1988
2002
2030
2036
2043
2046
2046
2046
2044
2035
2037
2039
2042
2046
2045
2049
2054
2058
2065
2065
2068
2072
2068
2065
2043
2029
2015
2004
1996
1998
1993
1987
1978
1975
1978
1977
1941
1929
1915
1905
1875
1861
1848
1832
1821
1789
1781
1767
1766
1765
1764
1761
1761
1744
1745
1749
1752
1779
1798
1808
1823
1839
1864
1878
1891
1912
1925
1940
1958
1976
2046
2065
2089
2114
2198
2218
2239
2260
2305
2320
2336
2354
2361
2398
2408
2416
2427
2437
2443
2448
2446
2425
2415
2410
2406
2373
2359
2347
2329
2304
2254
2234
2220
2210
2195
2183
2164
2145
2089
2071
2058
2049
2003
1985
1973
1961
1947
1903
1886
1867
1854
1838
1822
1810
1801
1756
1747
1740
1732
1722
1722
1717
1724
1703
1696
1697
1702
1710
1733
1742
1748
1755
1771
1780
1785
1793
1847
1855
1864
1880
1953
1964
1980
1994
2014
2074
2089
2103
2115
2132
2156
2176
2197
2272
2287
2308
2324
2368
2379
2385
2395
2402
2410
2410
2410
2409
2404
2407
2404
2398
2386
2379
2375
2374
2343
2330
2324
2309
2249
2242
2225
2211
2199
2167
2162
2148
2139
2131
2124
2115
2109
2059
2052
2050
2043
2030
2009
1997
1987
1980
1972
1963
1951
1941
1904
1889
1884
1874
1867
1854
1847
1844
1839
1812
1805
1800
1798
1795
1793
1791
1793
1792
1793
1794
1796
1804
1810
1814
1820
1829
1835
1845
1858
1874
1918
1926
1928
1940
1992
2003
2009
2012
2023
2037
2041
2039
2042
2048
2055
2066
2070
2069
2065
2068
2071
2048
2039
2032
2028
2023
1997
1982
1966
1945
1938
1933
1923
1915
1888
1882
1874
1867
1837
1830
1827
1825
1837
1836
1835
1833
1825
1819
1825
1838
1844
1849
1854
1859
1874
1912
1925
1941
1955
1992
2009
2023
2036
2046
2065
2075
2093
2101
2101
2105
2113
2127
2155
2167
2181
2188
2218
2223
2229
2240
2243
2242
2243
2239
2230
2229
2229
2224
2218
2220
2215
2216
2213
2197
2195
2192
2185
2154
2149
2144
2143
2142
2111
2100
2092
2087
2087
2083
2079
2075
2029
2025
2020
2014
2008
2003
2003
2001
1994
1981
1980
1973
1976
1970
1970
1971
1981
1990
1991
1990
1991
1992
1992
2000
2006
2024
2024
2031
2030
2032
2027
2029
2028
2035
2040
2045
2051
2040
2033
2038
2038
2034
2019
2020
2019
2019
2005
2001
1993
1986
1983
1979
1979
1979
1982
1987
1985
1980
1970
1966
1964
1970
1975
1979
1982
1986
1988
1992
1985
1981
1987
1987
1990
1991
1996
1999
2004
2006
2007
2010
2012
2012
2017
2021
2017
2014
2018
2019
2020
2024
2029
2031
2031
2026
2026
2021
2014
2007
2007
2002
1999
1985
1987
1992
1993
1993
1997
2006
2010
2008
2010
2012
2006
1999
1996
1998
2003
2002
2016
2018
2022
2029
2033
2029
2030
2032
2032
2026
2024
2023
2024
2027
2033
2029
2030
2016
2015
2018
2017
2004
2008
2011
2017
2026
2015
2010
2016
2020
2022
2024
2030
2030
2035
2036
2042
2050
2037
2036
2031
2031
2038
2041
2042
2041
2043
2041
2042
2039
2037
2031
2031
2027
2020
2034
2026
2025
2034
2034
2020
2018
2015
2016
2008
2012
2018
2024
2051
2061
2074
2087
2110
2115
2109
2114
2123
2126
2128
2133
2126
2129
2132
2131
2128
2120
2121
2123
2121
2112
2108
2104
2095
2074
2068
2066
2068
2065
2044
2040
2029
2024
2019
2011
2008
2008
1966
1962
1960
1958
1954
1959
1963
1963
1960
1952
1947
1947
1950
1955
1959
1973
1979
1989
1991
1987
1988
1986
1985
1988
1990
1986
1978
1973
1972
1978
1967
1959
1956
1953
1952
1954
1961
1959
1962
1964
1959
1961
1973
1980
1982
1981
1984
1986
1988
1988
1991
1999
2000
2006
2014
2012
2016
2022
2029
2052
2045
2039
2041
2049
2048
2044
2043
2048
2047
2041
2043
2041
2039
2042
2042
2045
2031
2038
2043
2047
2046
2040
2039
2039
2038
2037
2035
2040
2041
2046
2047
2047
2047
2040
2035
2036
2043
2048
2052
2054
2056
2055
2041
2042
2046
2051
2047
2052
2065
2073
2068
2068
2072
2077
2057
2061
2056
2053
2047
2022
2019
2011
2016
2017
2017
2022
2024
2013
2015
2018
2021
2028
2037
2039
2037
2037
2050
2043
2048
2049
2051
2047
2043
2045
2047
2048
2049
2050
2038
2033
2028
2020
2006
1999
1993
1989
1988
1989
1987
1994
1995
1989
1976
1976
1970
1962
1962
1968
1971
1975
1981
1985
1992
1994
2017
2023
2037
2041
2042
2045
2049
2052
2053
2056
2059
2065
2075
2069
2069
2068
2066
2066
2069
2072
2070
2073
2074
2074
2071
2048
2045
2040
2038
2043
2039
2033
2027
2024
2024
2018
2013
2007
2010
2010
2009
2011
2011
2012
2011
2004
1995
1995
1997
1999
2013
2019
2019
2025
2025
2017
2023
2030
2034
2034
2031
2033
2032
2022
2027
2026
2033
2029
2026
2018
2017
2020
2004
2000
2004
2008
2007
2000
2003
2001
1982
1973
1968
1965
1953
1954
1966
1968
1966
1968
1971
1965
1960
1969
1974
1976
1978
1977
1976
1978
1973
1962
1962
1963
1966
1966
1975
1988
1995
1997
2011
2013
2013
2014
2019
2023
2032
2037
2045
2045
2048
2058
2067
2066
2063
2064
2057
2037
2028
2019
2013
2007
1993
1977
1966
1886
1868
1848
1838
1801
1792
1794
1793
1790
1787
1789
1791
1793
1800
1803
1821
1826
1837
1838
1843
1851
1857
1861
1865
1869
1869
1908
1925
1940
1961
1980
2000
2023
2046
2078
2181
2212
2248
2286
2329
2364
2403
2448
2649
2681
2709
2722
2781
2798
2821
2831
2850
2886
2893
2903
2912
2922
2940
2955
2962
3009
3022
3037
3037
3012
2990
2956
2920
2741
2699
2651
2591
2534
2327
2250
2175
2092
2006
1931
1872
1818
1582
1509
1426
1352
1159
1140
1125
1111
1099
1031
1011
991
966
948
938
934
932
930
937
946
960
1034
1066
1102
1135
1280
1318
1359
1394
1432
1517
1534
1553
1567
1588
1617
1651
1685
1835
1865
1895
1919
2037
2076
2113
2141
2167
2234
2242
2255
2270
2278
2280
2285
2287
2237
2219
2190
2164
2032
1985
1940
1887
1832
1692
1655
1618
1578
1543
1509
1484
1462
1387
1372
1358
1355
1327
1329
1333
1332
1373
1394
1415
1442
1473
1555
1579
1606
1643
1682
1728
1776
1825
2055
2114
2174
2234
2496
2560
2619
2686
2752
2933
2992
3044
3100
3148
3191
3230
3265
3397
3425
3447
3459
3468
3465
3458
3446
3381
3358
3339
3312
3288
3201
3167
3139
3107
3071
3032
2998
2962
2772
2729
2687
2644
2509
2476
2441
2407
2374
2253
2204
2158
2122
2074
2033
1996
1952
1820
1784
1751
1726
1603
1582
1563
1542
1523
1485
1477
1472
1470
1472
1474
1470
1469
1478
1479
1480
1493
1527
1536
1545
1548
1553
1569
1582
1594
1603
1606
1608
1604
1604
1582
1577
1577
1574
1561
1559
1557
1554
1560
1563
1563
1564
1563
1552
1549
1550
1556
1564
1563
1561
1564
1600
1619
1632
1647
1679
1681
1689
1692
1701
1752
1765
1776
1790
1803
1816
1827
1840
1874
1886
1904
1920
1973
1977
1982
1990
2034
2050
2068
2088
2105
2139
2150
2164
2173
2179
2192
2204
2211
2231
2242
2251
2255
2267
2261
2261
2261
2267
2259
2263
2263
2265
2261
2260
2261
2260
2288
2300
2314
2325
2340
2342
2342
2349
2374
2382
2381
2381
2384
2366
2357
2352
2346
2342
2333
2330
2320
2284
2273
2261
2255
2204
2194
2183
2176
2165
2130
2120
2102
2087
2075
2061
2048
2031
1964
1942
1927
1906
1857
1841
1825
1814
1800
1768
1761
1761
1761
1756
1751
1746
1745
1735
1743
1747
1746
1733
1726
1729
1732
1759
1765
1773
1778
1794
1820
1825
1834
1839
1848
1855
1862
1875
1918
1930
1940
1945
1963
1968
1975
1984
1998
2031
2042
2045
2055
2068
2081
2094
2109
2150
2159
2172
2188
2224
2227
2228
2233
2246
2263
2259
2257
2255
2253
2256
2260
2262
2253
2256
2254
2254
2252
2248
2241
2239
2233
2229
2227
2228
2227
2225
2224
2229
2226
2223
2216
2212
2207
2201
2200
2194
2188
2183
2169
2157
2147
2140
2103
2089
2079
2073
2068
2050
2043
2033
2025
2014
2004
2000
1994
1951
1940
1926
1913
1891
1884
1882
1879
1862
1868
1869
1870
1865
1874
1871
1871
1870
1880
1887
1898
1907
1933
1940
1948
1952
1956
1965
1977
1984
1991
2009
2006
2003
2006
2011
2012
2017
2019
2024
2026
2032
2033
2015
2010
2004
1996
1992
1984
1972
1959
1953
1946
1940
1932
1924
1894
1885
1886
1884
1864
1861
1858
1861
1855
1859
1864
1861
1853
1839
1840
1844
1848
1849
1852
1854
1858
1869
1873
1882
1892
1926
1937
1956
1969
1980
2017
2024
2037
2049
2059
2071
2083
2096
2138
2154
2173
2183
2214
2221
2227
2232
2243
2253
2261
2267
2270
2270
2273
2274
2272
2253
2246
2249
2248
2223
2212
2207
2199
2168
2156
2148
2138
2128
2089
2078
2070
2063
2060
2056
2053
2045
2008
2002
1996
1996
1979
1974
1968
1961
1953
1937
1934
1938
1938
1944
1956
1958
1958
1965
1964
1968
1977
1987
1992
1998
1998
2005
2017
2017
2015
2015
2009
2005
2002
2003
1997
1999
1997
1996
2017
2018
2019
2021
2023
2017
2012
2014
2016
2018
2022
2026
2022
2016
2007
2007
2007
2000
2006
2011
2016
2032
2036
2042
2048
2055
2057
2060
2056
2052
2042
2041
2039
2043
2020
2014
2006
1997
1952
1944
1936
1931
1903
1897
1900
1904
1906
1927
1943
1957
1968
1985
2002
2012
2018
2056
2068
2080
2093
2106
2098
2089
2084
2080
2047
2044
2038
2033
2025
2023
2025
2023
2021
2019
2017
2015
2026
2032
2040
2047
2058
2066
2068
2066
2062
2062
2058
2059
2051
2028
2028
2026
2014
1999
2006
2015
2026
2030
2032
2039
2044
2056
2068
2073
2073
2072
2080
2075
2069
2069
2047
2038
2039
2036
2038
2036
2036
2038
2035
2028
2031
2033
2039
2043
2041
2038
2036
2028
2025
2022
2022
2011
2011
2011
2010
1995
1994
1995
2001
2001
2007
2009
2013
2016
2019
2025
2034
2038
2058
2062
2070
2075
2072
2069
2070
2066
2062
2041
2038
2032
2025
2019
2014
2002
1999
1968
1959
1957
1957
1964
1969
1978
1991
1998
2009
2013
2021
2034
2039
2039
2044
2054
2076
2079
2086
2091
2085
2087
2093
2094
2096
2092
2086
2079
2073
2051
2045
2036
2033
2028
2030
2030
2022
2000
1993
1992
1992
1991
1984
1981
1984
1977
1967
1964
1959
1955
1955
1958
1954
1942
1918
1916
1914
1912
1907
1909
1917
1918
1903
1906
1914
1923
1930
1930
1935
1938
1939
1942
1945
1948
1951
1990
1998
2010
2017
2058
2070
2082
2100
2105
2123
2130
2134
2136
2138
2144
2152
2158
2159
2158
2166
2165
2149
2151
2163
2175
2176
2162
2149
2134
2119
2078
2076
2077
2082
2082
2080
2073
2069
2033
2026
2019
2002
1965
1960
1965
1969
1977
1981
1991
1995
2002
2012
2018
2026
2034
2035
2032
2036
2039
2045
2052
2055
2058
2067
2050
2039
2034
2034
2038
2041
2050
2060
2075
2064
2058
2049
2045
2035
2028
2027
2024
2026
2035
2028
2028
2026
2021
2021
2020
2014
2013
2012
2010
1983
1975
1966
1959
1916
1914
1918
1920
1927
1925
1924
1920
1925
1925
1929
1934
1943
1943
1943
1942
1941
1981
1994
2003
2010
2017
2019
2017
2022
2030