2060
2061
2057
2048
2045
2035
2040
2036
2033
2023
2016
2009
2010
2010
1981
1981
1984
1979
1975
1970
1963
1960
1940
1941
1941
1935
1934
1939
1945
1952
1959
1970
1965
1968
1976
1991
1997
2002
2010
2030
2033
2037
2040
2067
2066
2066
2079
2089
2100
2110
2114
2114
2114
2115
2126
2140
2150
2147
2152
2161
2158
2150
2148
2155
2134
2139
2137
2127
2121
2114
2111
2111
2108
2102
2093
2082
2081
2056
2047
2038
2031
1985
1975
1957
1949
1944
1922
1912
1903
1901
1898
1894
1887
1880
1869
1875
1877
1880
1900
1906
1914
1930
1968
1972
1978
1988
2001
2035
2056
2065
2069
2079
2097
2113
2120
2139
2149
2160
2172
2175
2172
2167
2163
2161
2142
2143
2137
2130
2120
2117
2108
2099
2062
2052
2045
2033
1999
1991
1988
1981
1970
1968
1967
1966
1962
1953
1953
1957
1966
1959
1960
1952
1950
1951
1953
1956
1952
1952
1945
1946
1950
1944
1936
1939
1944
1950
1954
1955
1953
1959
1978
1982
1985
1994
2007
2006
2012
2022
2030
2040
2042
2044
2054
2059
2058
2058
2062
2056
2053
2055
2059
2068
2072
2066
2061
2060
2073
2075
2071
2068
2068
2071
2079
2082
2089
2087
2080
2078
2077
2074
2074
2075
2074
2056
2052
2051
2051
2048
2046
2044
2046
2045
2045
2044
2041
2040
2040
2044
2049
2041
2034
2029
2031
2030
2028
2032
2033
2029
2026
2023
2015
2008
2003
2004
2003
2002
2002
1980
1972
1970
1959
1952
1950
1952
1948
1947
1939
1936
1932
1930
1932
1933
1931
1936
1939
1943
1946
1954
1971
1975
1970
1974
1978
1973
1970
1974
1978
1985
1989
1998
2004
2027
2044
2054
2063
2090
2097
2096
2105
2120
2125
2131
2130
2130
2128
2127
2120
2115
2114
2110
2105
2100
2094
2094
2090
2080
2066
2063
2060
2055
2040
2025
2022
2015
2011
2001
1993
1987
1983
1966
1960
1956
1953
1950
1949
1948
1953
1956
1960
1954
1952
1957
1960
1962
1964
1967
1988
1993
1999
2004
2008
2008
2015
2021
2017
2011
2009
2021
2035
2052
2061
2066
2071
2074
2077
2081
2085
2103
2104
2111
2117
2142
2148
2158
2162
2111
1907
1927
1968
2022
2111
2192
2228
2234
2203
2184
2171
2141
2088
2088
2102
2121
2125
2139
2113
2062
2018
1995
1990
1995
2011
2060
2061
2053
2028
1941
1926
1903
1886
1915
1932
1949
1971
1989
1977
1969
1963
1966
1967
1971
1969
1973
2030
2033
2028
2017
1975
1969
1967
1970
1973
2022
2054
2078
2081
2067
2034
2002
1980
1909
1909
1916
1915
1907
1912
1926
1946
1973
2015
2015
2011
2008
1998
1979
1966
1951
1922
1940
1957
1960
1953
1938
1933
1926
1960
1978
2003
2023
2027
2018
1997
1975
1969
1969
1976
2000
2022
2084
2080
2074
2068
2066
2047
2051
2055
2061
2060
2063
2072
2068
2029
2021
2003
1999
1995
1998
1997
1998
1991
1967
1959
1958
1958
1962
1966
1977
1991
2004
2025
2023
2020
2022
2022
2015
2012
2026
2055
2053
2052
2048
2027
2013
2002
1997
1992
1986
1982
1978
1972
1977
1981
1980
1969
1917
1896
1878
1868
1857
1843
1828
1811
1785
1708
1671
1641
1613
1581
1555
1536
1524
1520
1537
1554
1574
1596
1622
1641
1661
1680
1748
1768
1787
1802
1814
1815
1822
1836
1868
1961
1999
2034
2064
2088
2117
2152
2189
2362
2424
2482
2548
2799
2867
2939
2998
2857
2804
2792
2817
2871
3168
3264
3362
3453
3551
3637
3707
3749
3786
3812
3855
3903
4090
4088
4087
4066
4034
3928
3868
3814
3762
3693
3614
3528
3437
2922
2760
2617
2482
2062
1991
1919
1846
1515
1425
1327
1232
1145
934
870
813
748
670
585
486
391
140
133
131
128
117
116
115
114
114
113
115
113
111
113
110
111
111
111
114
118
122
158
178
205
233
259
329
368
413
464
529
607
696
790
1037
1106
1166
1223
1286
1349
1424
1502
1592
1912
2007
2090
2169
2237
2301
2362
2424
2473
2660
2722
2799
2871
2943
3007
3059
3107
3218
3233
3238
3242
3192
3156
3111
3066
3015
2870
2822
2775
2732
2690
2642
2599
2559
2405
2373
2346
2329
2324
2326
2323
2320
2290
2288
2289
2300
2309
2345
2348
2356
2355
2355
2355
2358
2363
2395
2407
2410
2415
2463
2476
2483
2488
2491
2509
2507
2512
2522
2544
2570
2590
2610
2667
2669
2685
2699
2759
2781
2804
2829
2906
2916
2931
2943
2953
2997
3010
3019
3020
3021
3015
3007
3000
2946
2929
2900
2871
2691
2636
2582
2526
2470
2321
2278
2232
2186
2146
2098
2045
1984
1752
1700
1649
1603
1446
1407
1370
1327
1292
1162
1125
1090
1060
1033
1002
976
948
894
889
883
887
924
945
967
994
1094
1117
1143
1168
1184
1229
1244
1262
1284
1305
1336
1364
1390
1520
1555
1588
1617
1710
1731
1753
1775
1793
1853
1873
1889
1918
1950
1973
1996
2019
2082
2093
2110
2125
2194
2209
2225
2243
2253
2252
2242
2232
2228
2224
2214
2209
2207
2185
2169
2151
2139
2125
2106
2085
2070
2050
1980
1958
1940
1923
1912
1890
1872
1860
1842
1802
1789
1787
1787
1789
1790
1786
1790
1826
1838
1849
1867
1927
1942
1953
1967
1982
2026
2039
2050
2067
2084
2102
2121
2133
2172
2184
2189
2203
2264
2278
2291
2304
2361
2377
2393
2411
2426
2443
2446
2446
2454
2458
2463
2465
2467
2444
2440
2434
2428
2405
2404
2399
2392
2387
2360
2352
2345
2342
2332
2320
2310
2301
2237
2219
2200
2187
2124
2111
2094
2080
2064
2010
1992
1976
1960
1944
1931
1917
1899
1840
1828
1817
1806
1758
1750
1744
1742
1731
1726
1719
1712
1707
1677
1672
1671
1672
1670
1673
1671
1673
1700
1714
1729
1746
1808
1819
1840
1855
1869
1909
1914
1919
1927
1937
1947
1953
1963
1998
2010
2016
2026
2074
2089
2103
2118
2192
2206
2222
2244
2265
2308
2325
2339
2349
2351
2353
2357
2360
2367
2367
2363
2358
2319
2306
2302
2298
2286
2261
2249
2241
2238
2222
2215
2209
2205
2178
2176
2169
2162
2136
2137
2139
2134
2079
2066
2055
2043
2027
1983
1965
1947
1930
1917
1902
1884
1859
1800
1791
1776
1769
1745
1743
1738
1735
1730
1739
1746
1754
1761
1770
1777
1785
1800
1840
1850
1865
1875
1917
1929
1935
1944
1957
1964
1964
1963
1968
1963
1963
1965
1961
1932
1927
1922
1923
1912
1912
1918
1918
1938
1946
1954
1956
1958
1977
1989
1995
1999
1998
2004
2007
2010
1997
2000
2003
2003
2007
2010
2011
2013
2017
2027
2033
2034
2043
2047
2051
2054
2063
2087
2092
2097
2102
2121
2122
2126
2135
2145
2161
2163
2159
2160
2162
2159
2157
2154
2129
2123
2123
2114
2070
2060
2055
2049
2027
2027
2021
2022
2021
2040
2044
2056
2067
2079
2095
2105
2125
2176
2188
2195
2201
2218
2216
2220
2223
2216
2191
2178
2166
2149
2133
2127
2122
2109
2066
2053
2044
2031
2011
2008
2003
1996
1993
1988
1997
2004
2006
2007
2008
2015
2020
2033
2031
2034
2035
2018
2017
2013
2009
1995
1995
1994
1993
1987
1966
1963
1957
1957
1958
1952
1942
1938
1928
1930
1930
1927
1902
1899
1898
1898
1901
1908
1910
1917
1918
1920
1924
1930
1936
1962
1968
1971
1976
2011
2018
2024
2039
2051
2061
2062
2062
2061
2061
2063
2067
2078
2064
2064
2062
2062
2058
2058
2055
2052
2015
2008
2003
1998
1998
1974
1965
1966
1969
1967
1961
1960
1954
1953
1954
1953
1958
1970
1975
1980
1984
1984
2001
2003
2009
2018
2025
2027
2032
2035
2052
2057
2059
2065
2077
2079
2078
2079
2056
2057
2054
2049
2043
2031
2028
2027
2019
2018
2015
2007
2007
2012
2009
2013
2015
2002
2003
2009
2017
2021
2040
2043
2045
2049
2057
2059
2064
2071
2074
2073
2072
2073
2079
2087
2082
2081
2084
2083
2081
2078
2076
2078
2083
2087
2085
2084
2085
2083
2085
2090
2089
2083
2083
2074
2071
2068
2065
2061
2051
2044
2038
2040
2037
2037
2033
2030
2031
2028
2027
2028
2029
2024
2016
2015
2014
2009
2009
2010
2013
2014
2014
2020
2023
2000
1996
1993
1992
1969
1971
1971
1969
1973
1974
1973
1968
1970
1968
1964
1963
1971
1977
1977
1976
1978
1976
1983
1985
1993
1999
2012
2016
2017
2021
2027
2037
2039
2043
2043
2051
2051
2055
2057
2055
2056
2057
2062
2055
2048
2043
2045
2036
2028
2022
2016
2014
1998
1984
1977
1970
1965
1957
1947
1945
1914
1902
1897
1893
1889
1896
1905
1917
1936
1935
1938
1946
1956
1963
1973
1983
1992
1999
2005
2015
2021
2039
2047
2048
2047
2018
2010
2004
1998
1992
2012
2020
2027
2042
2054
2062
2069
2072
2093
2103
2117
2129
2168
2177
2178
2183
2183
2174
2170
2171
2173
2169
2160
2156
2149
2119
2115
2119
2121
2129
2123
2118
2115
2105
2107
2107
2115
2116
2094
2088
2075
2068
2056
2047
2038
2031
2005
2014
2021
2025
2009
2004
2003
1996
2000
1997
1995
1989
1990
1991
1991
1990
1994
1988
1990
1986
1985
1958
1962
1965
1966
1962
1959
1957
1954
1955
1946
1944
1933
1927
1940
1952
1959
1970
1991
2007
2019
2029
2033
2038
2030
2027
2028
2032
2030
2026
2023
2018
1993
1978
1964
1958
1951
1946
1943
1939
1937
1932
1937
1946
1951
1946
1947
1951
1957
1958
1955
1954
1960
1967
1965
1962
1967
1949
1947
1949
1953
1952
1955
1957
1965
1974
1970
1965
1964
1964
1953
1946
1943
1945
1937
1934
1935
1938
1938
1929
1915
1897
1817
1794
1769
1750
1737
1694
1682
1673
1670
1668
1661
1656
1663
1692
1693
1700
1702
1715
1714
1713
1715
1728
1757
1780
1799
1818
1837
1858
1870
1891
1996
2019
2061
2100
2301
2348
2399
2449
2700
2765
2826
2872
2898
2910
2916
2929
2950
2981
3019
3068
3129
3335
3381
3421
3464
3648
3696
3744
3786
3819
3858
3851
3831
3815
3786
3747
3702
3647
3310
3220
3132
3048
2675
2566
2454
2342
1846
1730
1618
1508
1409
1143
1060
981
893
799
708
624
551
347
323
306
297
212
192
179
167
158
154
159
167
175
178
183
191
202
351
413
488
565
847
915
978
1038
1102
1293
1364
1427
1499
1567
1634
1700
1757
1891
1929
1982
2036
2098
2164
2236
2314
2392
2606
2667
2718
2771
2819
2853
2889
2923
2949
2998
2997
2984
2962
2926
2881
2831
2778
2593
2548
2507
2460
2235
2171
2100
2032
1756
1699
1643
1591
1539
1394
1351
1311
1275
1241
1223
1203
1191
1174
1179
1184
1193
1298
1351
1405
1463
1517
1711
1781
1851
1923
1994
2074
2155
2234
2578
2663
2750
2833
3108
3162
3215
3261
3300
3390
3411
3425
3437
3443
3444
3439
3433
3387
3375
3368
3355
3310
3294
3271
3252
3169
3142
3112
3085
3055
2953
2909
2872
2835
2799
2763
2730
2702
2549
2511
2477
2436
2222
2166
2110
2052
1998
1818
1745
1676
1613
1549
1487
1426
1375
1220
1200
1187
1177
1151
1151
1163
1170
1176
1200
1214
1223
1228
1237
1242
1255
1266
1287
1296
1305
1314
1320
1334
1347
1366
1386
1444
1463
1473
1480
1497
1509
1518
1527
1532
1543
1552
1556
1566
1571
1582
1596
1605
1642
1656
1664
1668
1692
1701
1709
1717
1721
1744
1747
1757
1771
1785
1795
1817
1835
1910
1931
1958
1986
2008
2031
2064
2097
2124
2184
2202
2218
2228
2239
2250
2259
2266
2278
2297
2296
2295
2296
2294
2294
2295
2289
2315
2316
2319
2315
2297
2294
2280
2268
2262
2241
2224
2205
2193
2177
2156
2144
2134
2099
2102
2098
2098
2117
2124
2134
2145
2173
2182
2185
2197
2209
2214
2214
2208
2203
2204
2205
2212
2216
2224
2222
2223
2223
2214
2218
2220
2213
2209
2213
2206
2201
2202
2201
2199
2187
2187
2180
2177
2177
2171
2147
2142
2139
2129
2077
2061
2042
2033
2019
1969
1952
1935
1916
1908
1886
1871
1858
1803
1792
1785
1776
1721
1710
1704
1691
1681
1656
1648
1636
1627
1616
1608
1607
1609
1642
1649
1663
1673
1690
1708
1715
1720
1722
1749
1758
1763
1767
1772
1778
1786
1793
1815
1830
1844
1855
1874
1900
1923
1936
1959
2019
2037
2052
2079
2103
2123
2144
2156
2180
2230
2238
2245
2252
2260
2270
2275
2281
2308
2310
2321
2330
2376
2390
2405
2423
2433
2456
2461
2468
2470
2471
2474
2481
2491
2489
2479
2472
2463
2419
2406
2388
2371
2297
2278
2255
2243
2227
2174
2159
2139
2130
2118
2095
2076
2061
2024
2009
1991
1977
1909
1892
1878
1869
1851
1800
1778
1759
1746
1736
1721
1720
1716
1692
1686
1681
1686
1708
1718
1730
1738
1775
1785
1790
1802
1812
1836
1841
1851
1868
1885
1902
1907
1921
1960
1971
1986
1994
2043
2052
2057
2064
2068
2081
2085
2086
2088
2078
2078
2073
2074
2049
2049
2044
2032
1988
1987
1979
1971
1967
1951
1943
1931
1922
1916
1909
1908
1905
1876
1876
1874
1870
1858
1856
1866
1870
1870
1871
1888
1891
1905
1917
1956
1968
1975
1985
1990
2024
2039
2050
2060
2067
2072
2084
2100
2152
2160
2168
2179
2213
2219
2223
2230
2255
2267
2272
2278
2278
2292
2294
2299
2302
2297
2292
2293
2292
2283
2249
2236
2219
2197
2174
2156
2138
2117
2048
2022
2005
1991
1975
1964
1955
1952
1955
1981
1997
2011
2026
2041
2062
2081
2092
2137
2140
2135
2131
2081
2068
2051
2034
2014
1975
1956
1941
1931
1923
1922
1917
1914
1919
1925
1927
1931
1966
1972
1990
2006
2018
2041
2049
2053
2057
2056
2058
2057
2054
2035
2022
2013
1996
1957
1947
1934
1929
1923
1904
1899
1892
1889
1893
1892
1899
1906
1915
1923
1928
1935
1928
1923
1917
1910
1895
1892
1889
1894
1898
1924
1935
1951
1972
1993
2007
2037
2052
2108
2112
2125
2138
2145
2144
2135
2128
2126
2118
2113
2104
2099
2094
2089
2082
2075
2064
2060
2060
2061
2057
2059
2056
2058
2059
2045
2044
2043
2048
2053
2058
2057
2059
2049
2046
2042
2035
2027
2021
2018
2018
2013
1983
1978
1977
1971
1968
1958
1960
1954
1951
1950
1952
1955
1954
1953
1958
1966
1975
1995
2008
2014
2029
2062
2061
2061
2069
2076
2085
2086
2090
2090
2090
2092
2093
2089
2080
2071
2069
2067
2043
2038
2040
2040
2022
2025
2027
2031
2032
2039
2042
2044
2047
2051
2051
2058
2071
2094
2103
2106
2110
2091
2081
2075
2067
2059
2027
2020
2011
2006
2000
1989
1984
1980
1975
1976
1979
1984
1989
1991
1992
1991
1991
1989
1988
1982
1988
1993
1996
2003
2007
2010
2011
2018
2031
2037
2043
2051
2059
2062
2057
2056
2055
2052
2053
2052
2048
2051
2049
2042
2038
2033
2028
2030
2026
2027
2034
2036
2040
2045
2040
2013
2010
2009
2006
1999
1977
1973
1969
1964
1962
1958
1960
1966
1999
2010
2016
2023
2040
2041
2040
2049
2050
2027
2021
2014
1999
1983
1975
1970
1961
1953
1953
1949
1949
1947
1944
1941
1945
1947
1942
1944
1946
1948
1941
1934
1934
1932
1928
1928
1929
1930
1927
1926
1928
1932
1935
1951
1959
1961
1967
2019
2042
2061
2071
2075
2016
1993
1985
1995
2008
2027
2057
2085
2139
2142
2151
2162
2215
2223
2229
2229
2218
2212
2210
2201
2188
2134
2127
2126
2137
2150
2165
2175
2179
2141
2126
2117
2108
2137
2159
2184
2187
2171
2078
2052
2038
2048
2069
2092
2119
2128
2048
2022
2005
1991
1968
1963
1958
1954
1947
1951
1952
1943
1938
1940
1944
1938
1944
1943
1941
1941
1930
1857
1838
1825
1821
1876
1892
1907
1910
1910
1896
1908
1920
1945
1969
1996
2016
2030
2049
2052
2059
2071
2104
2109
2110
2108
2110
2081
2068
2050
2033
2009
1993
1972
1956
1945
1953
1966
1973
1970
1973
1973
1979
1997
1994
2000
1997
1985
1940
1935
1927
1926
1933
1935
1938
1942
1930
1932
1936
1934
1963
1975
1984
1991
1996
2003
2008
2010
2011
2018
2023
2030
2035
2033
2035
2039
2046
2057
2057
2060
2066
2110
2119
2117
2116
2116
2101
2103
2113
2118
2116
2121
2123
2121
2074
2066
2052
2038
1971
1961
1948
1933
1921
1895
1899
1904
1909
1916
1914
1911
1906
1878
1874
1875
1871
1862
1852
1851
1852
1852
1848
1849
1852
1857
1870
1879
1893
1913
2000
2028
2055
2085
2196
2219
2246
2281
2438
2467
2499
2532
2564
2642
2667
2694
2727
2770
2817
2858
2890
2913
2904
2894
2891
2862
2856
2840
2813
2783
2694
2659
2623
2586
2553
2519
2486
2444
2263
2220
2175
2137
1999
1961
1929
1898
1759
1726
1679
1637
1593
1463
1433
1409
1380
1353
1327
1301
1272
1115
1085
1069
1059
1074
1064
1062
1061
1062
1087
1105
1136
1174
1216
1263
1317
1365
1557
1605
1654
1708
1885
1918
1945
1966
1992
2047
2055
2061
2064
2069
2066
2064
2064
2068
2076
2086
2088
2113
2108
2106
2107
2092
2072
2047
2028
2001
1932
1907
1883
1855
1836
1807
1778
1747
1628
1601
1578
1556
1433
1403
1377
1357
1344
1305
1306
1315
1331
1346
1363
1385
1410
1532
1574
1619
1666
1868
1923
1975
2030
2262
2326
2386
2437
2482
2594
2632
2667
2706
2745
2779
2807
2834
2934
2962
2995
3025
3105
3122
3140
3151
3166
3210
3225
3235
3246
3251
3257
3256
3258
3233
3224
3209
3189
3059
3027
2994
2952
2911
2783
2740
2691
2649
2602
2555
2504
2458
2276
2232
2189
2147
2000
1969
1946
1923
1826
1798
1774
1756
1733
1655
1635
1611
1590
1571
1553
1539
1516
1479
1476
1471
1465
1413
1403
1399
1394
1386
1389
1384
1384
1379
1371
1367
1363
1367
1393
1404
1419
1429
1481
1497
1521
1541
1563
1603
1621
1632
1643
1658
1669
1682
1693
1719
1720
1726
1729
1728
1731
1736
1745
1754
1768
1773
1780
1780
1791
1790
1791
1799
1807
1831
1833
1840
1853
1863
1872
1884
1899
1950
1960
1969
1975
1997
2004
2007
2007
2006
2011
2016
2021
2028
2035
2034
2039
2039
2040
2046
2044
2047
2065
2073
2079
2090
2123
2130
2135
2141
2148
2186
2200
2207
2210
2220
2229
2245
2258
2299
2311
2318
2331
2360
2364
2368
2365
2368
2365
2363
2364
2365
2370
2377
2386
2393
2400
2395
2389
2391
2392
2389
2387
2387
2331
2322
2312
2302
2285
2219
2203
2184
2164
2145
2123
2101
2083
1995
1972
1952
1940
1883
1869
1857
1849
1845
1810
1805
1803
1804
1803
1802
1799
1803
1789
1786
1780
1773
1738
1732
1728
1727
1744
1743
1746
1758
1768
1769
1772
1779
1786
1794
1798
1805
1813
1860
1865
1878
1891
1926
1930
1934
1948
1959
1990
1991
1992
1999
2006
2018
2029
2035
2067
2080
2096
2106
2130
2140
2154
2166
2184
2187
2192
2197
2200
2215
2222
2222
2224
2228
2233
2243
2249
2262
2265
2264
2257
2252
2255
2249
2247
2235
2196
2190
2186
2181
2177
2170
2161
2158
2137
2129
2120
2112
2094
2092
2088
2085
2082
2056
2042
2039
2031
2026
2015
2003
1995
1958
1948
1940
1935
1908
1909
1909
1914
1896
1894
1888
1893
1897
1912
1919
1921
1925
1929
1928
1932
1932
1937
1938
1943
1948
1964
1970
1975
1977
1989
2005
2013
2016
2018
2026
2028
2029
2037
2033
2036
2036
2032
2019
2016
2009
2009
1979
1969
1967
1965
1961
1938
1928
1914
1902
1890
1878
1869
1861
1850
1849
1855
1849
1828
1821
1816
1816
1828
1840
1840
1843
1848
1852
1853
1860
1863
1891
1898
1906
1916
1963
1977
1988
1993
2020
2036
2048
2060
2079
2106
2109
2116
2125
2137
2144
2149
2150
2163
2166
2173
2179
2211
2207
2213
2226
2233
2241
2249
2256
2258
2257
2261
2262
2271
2283
2282
2284
2290
2279
2267
2254
2250
2241
2206
2197
2181
2165
2159
2146
2136
2123
2098
2083
2067
2058
2054
2046
2039
2032
2028
2004
1997
1989
1990
1990
1984
1984
1987
1990
1995
1995
1989
1986
1988
1985
1984
1981
1977
1972
1969
1962
1948
1939
1935
1933
1925
1915
1917
1918
1918
1922
1929
1930
1931
1952
1945
1946
1957
1979
1979
1981
1994
2013
2018
2017
2015
2015
2019
2013
2003
1998
1994
1988
1978
1970
1962
1961
1958
1954
1926
1926
1930
1931
1939
1939
1944
1943
1941
1940
1946
1951
1956
1969
1962
1970
1979
1989
1990
1995
2001
1999
1999
1997
1991
1987
1986
1982
1979
1981
1982
1985
1995
1992
1990
1997
1999
2003
2019
2023
2029
2032
2037
2050
2061
2069
2076
2085
2091
2093
2097
2127
2126
2124
2122
2122
2123
2130
2131
2129
2115
2113
2106
2103
2099
2103
2105
2099
2079
2073
2064
2056
2045
2047
2046
2049
2048
2038
2029
2029
2030
2032
2030
2027
2020
2023
2028
2022
2018
2011
2008
2007
2006
2005
2003
2001
2003
2004
2006
2007
2010
2005
2000
2009
2009
2012
2015
2017
2019
2027
2025
2032
2032
2031
2031
2039
2042
2036
2035
2038
2030
2036
2040
2042
2041
2037
2034
2035
2032
2038
2038
2037
2041
2044
2050
2050
2053
2048
2046
2048
2045
2046
2047
2052
2054
2040
2037
2036
2034
2028
2028
2031
2034
2033
2029
2029
2026
2022
2016
2019
2021
2023
2021
2019
2020
2022
2024
2026
2023
2026
2027
2025
2021
2020
2016
2026
2032
2039
2045
2053
2058
2060
2058
2057
2057
2061
2066
2061
2057
2058
2064
2071
2053
2046
2044
2034
2007
2005
2002
1994
1986
1965
1959
1956
1957
1957
1952
1943
1943
1920
1918
1919
1917
1918
1924
1929
1934
1943
1938
1943
1950
1952
1956
1956
1954
1956
1979
1982
1987
1990
1992
1995
1997
2010
2015
2019
2019
2025
2030
2025
2022
2023
2030
2042
2067
2089
2102
2057
2041
2032
2027
2049
2062
2063
2056
2046
2021
2034
2045
2053
2054
2048
2036
2034
2053
2059
2060
2072
2114
2117
2122
2129
2089
2088
2085
2087
2090
2104
2113
2123
2136
2146
2138
2123
2111
2085
2091
2105
2127
2133
2140
2124
2104
2084
2074
2057
2046
2038
2028
2026
2023
2011
2000
1991
1984
1987
1990
1998
1997
2000
2003
2006
1997
1990
1983
1984
1972
1971
1959
1951
1942
1931
1927
1920
1928
1933
1935
1942
1993
2006
2019
2029
2028
2029
2035
2034
2042
2074
2081
2088
2094
2095
2092
2088
2082
2071
2071
2074
2074
2057
2045
2038
2024
2016
2004
2005
2007
2016
2022
2026
2027
2025
1993
1982
1981
1977
1960
1953
1945
1934
1909
1914
1919
1917
1922
1906
1887
1874
1869
1862
1859
1854
1850
1855
1851
1848
1845
1808
1796
1788
1785
1795
1825
1840
1859
1877
1896
1916
1932
1953
2021
2037
2055
2079
2155
2175
2184
2194
2208
2231
2230
2229
2233
2239
2239
2240
2247
2255
2248
2245
2247
2257
2261
2264
2263
2257
2246
2242
2237
2234
2239
2236
2238
2233
2205
2191
2178
2179
2150
2142
2143
2145
2128
2130
2126
2126
2124
2109
2111
2102
2094
2090
2092
2097
2102
2102
2106
2105
2107
2132
2141
2151
2160
2162
2161
2153
2147
2137
2132
2130
2134
2129
2091
2082
2072
2064
2001
1978
1963
1942
1872
1854
1845
1833
1825
1810
1807
1804
1803
1802
1801
1797
1794
1764
1751
1745
1746
1728
1718
1702
1689
1676
1629
1621
1608
1598
1600
1606
1607
1614
1639
1644
1644
1654
1713
1733
1755
1769
1787
1832
1847
1862
1874
1885
1900
1917
1934
1969
1979
1985
1987
1992
2002
2014
2026
2031
2056
2063
2065
2081
2092
2094
2090
2091
2094
2088
2091
2088
2091
2091
2091
2097
2098
2089
2077
2065
2060
2043
2039
2037
2037
2036
2037
2038
2042
2052
2060
2066
2075
2085
2124
2135
2154
2172
2185
2213
2242
2261
2283
2297
2311
2320
2336
2380
2393
2408
2422
2431
2434
2448
2462
2473
2486
2488
2489
2489
2492
2498
2497
2498
2491
2484
2481
2472
2458
2443
2427
2415
2399
2338
2319
2299
2282
2194
2166
2147
2121
2054
2034
2006
1979
1920
1901
1882
1868
1857
1815
1799
1790
1784
1774
1765
1756
1752
1731
1731
1722
1722
1723
1716
1714
1718
1720
1725
1732
1736
1741
1753
1757
1763
1770
1804
1810
1824
1843
1884
1896
1911
1922
1961
1970
1975
1989
1990
1995
2002
2013
2015
2019
2017
2021
2023
2026
2027
2030
2026
2001
2003
1999
1998
1997
1972
1966
1963
1955
1955
1951
1942
1940
1931
1934
1936
1933
1944
1941
1941
1944
1953
1951
1955
1962
1972
1994
2008
2015
2023
2030
2042
2052
2057
2101
2112
2124
2135
2166
2178
2186
2188
2200
2200
2202
2201
2211
2220
2225
2225
2225
2225
2214
2206
2201
2171
2164
2155
2145
2139
2097
2093
2090
2082
2072
2062
2054
2045
2008
2002
2003
1999
1975
1972
1975
1976
1972
1970
1968
1965
1965
1964
1969
1975
1977
1982
1981
1981
1987
1995
1995
1995
2000
1997
1997
2000
2006
2007
1992
1991
1985
1989
1989
1986
1989
1984
1975
1967
1972
1976
1983
1985
1983
1984
1978
1957
1955
1953
1958
1959
1958
1956
1950
1948
1950
1957
1962
1967
1973
1975
1978
1981
1987
1990
1990
1988
1993
2004
2010
2019
2022
2036
2041
2047
2053
2056
2058
2059
2056
2066
2070
2076
2080
2107
2107
2110
2117
2115
2112
2110
2115
2116
2114
2108
2109
2112
2113
2102
2101
2102
2086
2077
2074
2071
2057
2053
2057
2055
2049
2034
2030
2021
2018
2016
2016
2008
2006
1995
1998
2000
1997
1994
1991
1984
1982
1985
2004
2003
2001
2004
2016
2016
2017
2017
2026
2027
2031
2036
2045
2045
2052
2055
2053
2046
2047
2044
2046
2047
2048
2045
2044
2056
2053
2053
2049
2048
2044
2039
2037
2036
2040
2041
2035
2028
2023
2022
2022
2024
2018
2010
2005
2001
1996
1990
1988
1980
1974
1965
1965
1966
1969
1965
1960
1960
1959
1967
1967
1970
1973
1981
1986
1988
1993
1997
2012
2011
2020
2025
2036
2046
2056
2065
2078
2077
2076
2075
2079
2089
2091
2092
2089
2083
2087
2085
2086
2067
2056
2055
2049
2028
2019
2016
2011
2010
1990
1984
1977
1969
1963
1958
1955
1955
1936
1937
1939
1933
1950
1952
1958
1967
1966
1968
1974
1977
1986
1988
1992
1994
1997
2008
2010
2018
2026
2041
2047
2054
2064
2089
2082
2078
2078
2080
2065
2062
2060
2066
2074
2083
2085
2082
2073
2074
2074
2077
2071
2069
2069
2069
2069
2070
2063
2057
2059
2054
2048
2044
2040
2024
2027
2025
2017
2007
2011
2017
2016
2020
2013
2009
2009
2005
2011
2014
2015
2015
2018
2020
2020
2023
2035
2039
2041
2043
2053
2055
2059
2063
2069
2077
2081
2083
2085
2092
2096
2093
2092
2095
2088
2084
2078
2061
2056
2055
2053
2049
2023
2023
2016
2015
2005
2002
1998
1991
1979
1974
1969
1967
1957
1957
1956
1958
1956
1955
1953
1951
1951
1949
1943
1945
1936
1924
1926
1928
1928
1925
1920
1926
1935
1938
1941
1941
1949
1953
1959
1964
1970
1980
1988
1995
2003
2008
2023
2027
2027
2026
2026
2032
2035
2042
2042
2043
2048
2047
2047
2055
2060
2065
2067
2058
2056
2054
2056
2046
2046
2050
2053
2060
2061
2061
2062
2064
2069
2072
2073
2071
2067
2066
2053
2048
2055
2062
2062
2065
2076
2078
2086
2089
2092
2087
2095
2097
2104
2108
2113
2113
2110
2111
2114
2121
2126
2120
2123
2122
2118
2118
2104
2101
2093
2090
2083
2073
2066
2054
2031
2033
2030
2026
2000
1992
1989
1982
1971
1967
1966
1959
1954
1940
1934
1928
1926
1929
1935
1935
1937
1939
1942
1945
1951
1965
1973
1979
1983
1980
1985
1988
1989
1991
1990
1995
2002
2005
2001
2002
2006
2007
2002
2004
2001
2005
2007
2004
2004
2000
2006
2003
1997
2000
1997
1996
2001
2000
1997
1998
2000
1996
1998
2008
2016
2015
2020
2023
2037
2035
2035
2033
2035
2036
2038
2038
2046
2056
2072
2076
2066
2071
2073
2070
2061
2027
2022
2023
2024
2030
2030
2034
2037
2040
2042
2047
2051
2050
2048
2050
2054
2053
2061
2068
2074
2082
2082
2082
2088
2089
2089
2085
2084
2087
2086
2091
2089
2083
2076
2073
2071
2068
2068
2066
2064
2069
2068
2073
2061
2052
2050
2049
2050
2046
2046
2045
2020
2018
2008
1995
1981
1979
1986
1985
1987
1997
2004
2011
2018
2020
2013
2009
2010
1984
1987
1989
1989
1966
1956
1945
1941
1934
1935
1931
1935
1941
1958
1964
1974
1986
2001
2009
2015
2020
2038
2047
2060
2069
2086
2082
2076
2067
2052
1999
1989
1981
1976
1969
1962
1960
1959
1964
1967
1972
1973
2024
2035
2049
2061
2073
2112
2130
2133
2142
2146
2148
2147
2147
2098
2085
2069
2064
2029
2018
2012
2007
1954
1947
1941
1941
1938
1946
1954
1958
1963
1973
1979
1987
1992
2015
2020
2032
2040
2073
2090
2103
2112
2124
2134
2131
2125
2126
2114
2103
2097
2091
2042
2030
2020
2016
2011
2009
2020
2036
2101
2114
2124
2137
2146
2157
2157
2153
2144
2140
2129
2122
2117
2084
2074
2072
2066
2035
2021
2011
2001
2001
1975
1962
1947
1937
1935
1929
1924
1921
1921
1931
1943
1963
2012
2026
2038
2049
2058
2052
2049
2044
2039
2035
2029
2026
2014
1974
1968
1960
1952
1898
1886
1876
1866
1852
1856
1868
1876
1886
1903
1914
1922
1932
1943
1944
1950
1963
1989
1992
2000
2004
1993
1993
1988
1986
1984
1975
1970
1968
1967
1969
1964
1962
1959
1949
1946
1948
1956
1977
1986
1994
2007
2034
2046
2058
2065
2070
2086
2092
2098
2099
2095
2095
2094
2093
2072
2072
2072
2075
2085
2092
2098
2107
2117
2129
2129
2131
2133
2133
2127
2126
2118
2116
2123
2125
2123
2127
2133
2135
2138
2144
2151
2160
2160
2168
2168
2164
2175
2181
2159
2153
2149
2150
2123
2120
2116
2115
2103
2099
2099
2092
2087
2073
2068
2063
2060
2055
2050
2053
2059
2067
2069
2073
2074
2059
2061
2056
2049
2047
2032
2022
2013
2002
1992
1979
1970
1959
1913
1903
1898
1900
1884
1882
1882
1882
1874
1869
1868
1875
1875
1880
1877
1876
1880
1882
1880
1882
1876
1879
1878
1871
1874
1878
1872
1877
1874
1865
1865
1874
1883
1889
1899
1900
1906
1911
1910
1908
1914
1920
1925
1953
1953
1959
1960
1969
1980
1992
2003
2011
2029
2034
2040
2045
2051
2056
2061
2065
2063
2069
2072
2077
2066
2062
2065
2062
2068
2073
2078
2088
2099
2120
2124
2128
2135
2140
2140
2150
2158
2160
2161
2162
2159
2153
2150
2151
2145
2146
2145
2145
2144
2149
2151
2153
2149
2153
2146
2142
2134
2131
2125
2128
2130
2130
2136
2125
2125
2130
2133
2133
2126
2117
2112
2079
2067
2061
2050
2015
2013
2007
1998
1986
1982
1986
1984
1983
1977
1977
1975
1967
1962
1956
1951
1945
1933
1928
1930
1933
1916
1917
1916
1914
1918
1924
1919
1917
1915
1918
1923
1923
1924
1914
1913
1914
1919
1934
1937
1947
1953
1956
1967
1963
1967
1972
1972
1975
1974
1977
1977
1978
1982
1992
2002
2002
2000
2003
2008
2012
2013
2014
2012
2011
2013
2020
2024
2032
2031
2030
2030
2018
2020
2023
2027
2035
2029
2036
2042
2049
2058
2061
2065
2070
2071
2077
2078
2078
2084
2090
2096
2102
2107
2105
2106
2109
2117
2118
2118
2123
2126
2129
2126
2127
2132
2127
2123
2124
2126
2119
2120
2126
2124
2108
2107
2104
2102
2101
2094
2093
2094
2091
2089
2092
2090
2080
2059
2053
2043
2035
1999
1993
1992
1989
1986
1972
1965
1961
1960
1957
1950
1949
1950
1927
1930
1932
1935
1910
1911
1912
1907
1908
1906
1905
1901
1909
1915
1915
1912
1911
1912
1916
1921
1926
1936
1942
1947
1951
1967
1969
1976
1977
1982
1983
1986
1990
1995
1998
2004
2012
2020
2023
2026
2031
2031
2039
2042
2044
2048
2054
2056
2055
2054
2055
2056
2062
2059
2062
2063
2064
2063
2060
2055
2056
2062
2063
2059
2057
2057
2055
2053
2047
2042
2038
2034
2030
2024
2020
2021
2027
2025
2028
2029
2031
2034
2035
2030
2028
2034
2035
2038
2043
2047
2049
2046
2057
2065
2063
2062
2061
2060
2058
2053
2056
2057
2063
2063
2066
2071
2087
2083
2084
2089
2086
2084
2083
2081
2090
2092
2094
2100
2083
2080
2072
2071
2077
2085
2084
2081
2076
2070
2066
2064
2058
2050
2044
2038
2034
2022
2020
2017
2010
1992
1988
1990
1993
1990
1980
1974
1969
1970
1969
1964
1964
1971
1977
1983
1985
1990
1996
2003
2002
1993
1995
1994
2000
2001
2002
2002
2005
2009
2013
2014
2014
2020
2027
2016
2014
2013
2011
2020
2011
2009
2012
2016
2014
2016
2010
2009
2008
2010
2018
2019
2000
2008
2007
2007
2013
2013
2017
2019
2018
2011
2008
2006
2016
2027
2031
2026
2026
2011
2010
2011
2015
2016
2014
2014
2013
2013
2009
2010
2004
2002
2004
1998
1997
1996
2015
2016
2023
2030
2024
2023
2022
2020
2028
2032
2039
2030
2028
2043
2040
2041
2045
2040
2044
2049
2055
2050
2052
2058
2062
2053
2052
2053
2053
2056
2048
2046
2045
2042
2043
2035
2029
2026
2029
2032
2036
2037
2025
2022
2019
2019
2018
2021
2023
2024
2022
2014
2010
2004
2007
2010
2009
2010
2016
2028
2027
2030
2027
2025
2029
2026
2019
2016
2022
2025
2024
2028
2027
2034
2036
2037
2029
2030
2026
2028
2019
2014
2011
2014
2019
2016
2011
2008
2003
2002
2004
2003
2014
2018
2026
2034
2029
2033
2028
2032
2033
2047
2048
2040
2037
2035
2039
2045
2054
2058
2064
2060
2063
2067
2076
2071
2069
2068
2067
2064
2059
2060
2057
2049
2051
2047
2044
2045
2037
2034
2029
2016
2013
2010
2006
1991
1983
1980
1986
1968
1963
1968
1970
1973
1978
1983
1983
1983
1992
1996
2008
2016
2018
2013
2018
2024
2042
2044
2045
2043
2042
2033
2033
2031
2027
2028
2029
2031
2028
1995
1987
1991
2000
2002
2005
2006
2006
2022
2032
2033
2039
2039
2037
2042
2046
2045
2044
2043
2042
2045
2033
2036
2035
2034
2046
2040
2037
2032
2035
2034
2036
2041
2038
2041
2041
2044
2046
2043
2047
2047
2049
2034
2035
2034
2034
2029
2034
2031
2030
2032
2033
2033
2030
2030
2042
2041
2037
2039
2023
2019
2015
2024
2021
2021
2016
2022
2026
2025
2027
2032
2032
2035
2040
2039
2037
2030
2029
2030
2030
2017
2015
2012
2007
2004
1991
1979
1975
1979
1981
1973
1969
1967
1971
1971
1976
1978
1992
1991
1991
1997
2008
2014
2017
2021
2021
2025
2022
2029
2030
2031
2031
2036
2040
2031
2038
2042
2044
2030
2029
2031
2033
2031
2017
2019
2014
2018
2017
2014
2017
2012
1997
1997
1997
1995
1998
1999
2002
2006
2014
2023
2033
2039
2043
2042
2039
2037
2039
2048
2053
2060
2064
2053
2057
2055
2050
2061
2070
2080
2080
2080
2068
2067
2068
2065
2070
2074
2076
2079
2073
2066
2066
2071
2063
2067
2060
2059
2060
2050
2049
2047
2043
2046
2047
2048
2044
2041
2042
2042
2048
2036
2030
2038
2034
2029
2030
2027
2030
2029
2030
2024
2023
2015
2014
2003
2005
2004
2003
2002
2002
2001
2002
2000
1995
1998
2003
2026
2028
2023
2019
2021
2018
2018
2014
2009
2010
2008
2005
2002
1992
1998
2005
2015
2012
2014
2016
2013
2028
2025
2017
2012
2016
2012
2012
2012
2012
2012
2014
2017
2013
2003
2005
2000
2001
2009
2015
2016
2013
2017
2016
2014
2012
2015
2013
2015
2017
2019
2016
2015
2015
2021
2022
2021
2022
2026
2031
2034
2036
2034
2035
2038
2032
2030
2028
2025
2027
2027
2032
2019
2021
2014
2015
2020
2017
2013
2017
2021
2016
2016
2017
2024
2018
2016
2016
2017
2019
2016
2011
2014