2485
2480
2473
2464
2457
2439
2388
2371
2367
2375
2344
2332
2323
2310
2302
2285
2272
2261
2257
2245
2228
2212
2187
2044
2000
1958
1923
1815
1794
1785
1773
1731
1722
1713
1713
1713
1697
1695
1697
1692
1683
1677
1670
1662
1647
1651
1659
1665
1728
1755
1782
1820
1860
1975
2012
2043
2072
2106
2137
2156
2178
2254
2275
2293
2306
2333
2339
2341
2343
2348
2333
2323
2305
2287
2271
2246
2227
2202
2063
2033
2007
1987
1896
1883
1871
1864
1816
1810
1800
1791
1773
1717
1693
1665
1637
1612
1596
1589
1579
1541
1538
1541
1548
1571
1577
1588
1600
1617
1648
1657
1664
1677
1682
1686
1699
1704
1703
1709
1713
1726
1775
1803
1831
1859
1892
1989
2016
2051
2094
2127
2152
2175
2202
2274
2290
2308
2315
2341
2349
2356
2365
2353
2352
2344
2340
2334
2287
2276
2254
2241
2233
2224
2211
2196
2147
2131
2120
2113
2091
2093
2093
2090
2080
2078
2068
2062
2060
2065
2066
2064
2063
2062
2066
2071
2071
2056
2044
2044
2047
2057
2054
2047
2041
2036
2022
2015
2011
2012
2005
2001
1996
1986
1963
1962
1965
1967
1958
1948
1945
1942
1936
1912
1900
1899
1903
1903
1895
1888
1887
1885
1882
1882
1880
1904
1910
1913
1926
1988
2003
2014
2022
2034
2085
2097
2094
2097
2102
2105
2122
2126
2155
2161
2164
2169
2182
2193
2193
2195
2200
2230
2237
2250
2260
2273
2276
2276
2282
2255
2247
2244
2239
2197
2194
2181
2170
2155
2096
2076
2058
2047
2030
2010
1995
1992
1951
1946
1940
1939
1936
1927
1922
1930
1912
1909
1910
1913
1915
1914
1922
1927
1931
1933
1930
1932
1937
1950
1960
1970
1978
1988
1988
1995
2001
2010
2039
2043
2058
2068
2071
2072
2081
2075
2041
2035
2036
2025
1991
1986
1980
1974
1961
1971
1972
1980
1985
1984
1982
1988
1990
1991
1996
1998
2000
2023
2022
2021
2024
2023
2026
2026
2024
2026
2016
2005
1997
1996
1996
1985
1979
1982
1968
1973
1967
1966
1978
1977
1990
2005
2018
2019
2028
2043
2050
2057
2062
2065
2071
2077
2081
2086
2090
2080
2074
2069
2064
2030
2019
2013
2007
2001
1974
1963
1965
1964
1958
1944
1935
1928
1927
1922
1923
1925
1926
1927
1937
1950
1958
1987
1999
2008
2019
2025
2035
2046
2050
2070
2074
2077
2083
2086
2084
2087
2089
2104
2100
2102
2108
2116
2105
2100
2093
2097
2097
2096
2096
2096
2083
2076
2078
2085
2078
2078
2075
2066
2061
2060
2051
2048
2052
2049
2041
2031
2023
2008
2010
2014
2018
2020
2023
2021
2016
2013
2005
2004
1999
1994
1990
1993
1999
2000
1994
1997
1991
1989
1986
1988
1998
2004
2023
2037
2040
2044
2047
2066
2069
2072
2075
2083
2090
2095
2101
2105
2110
2109
2116
2109
2111
2113
2111
2107
2111
2110
2114
2112
2106
2102
2097
2085
2042
2037
2028
2015
1961
1952
1943
1926
1886
1878
1870
1864
1864
1840
1835
1837
1841
1843
1842
1851
1852
1881
1890
1901
1915
1950
1959
1967
1970
1974
1995
2000
2000
2004
2010
2019
2023
2030
2048
2058
2064
2070
2068
2067
2063
2064
2064
2051
2052
2047
2051
2053
2053
2049
2055
2061
2062
2064
2060
2068
2070
2077
2076
2079
2080
2078
2080
2082
2079
2081
2081
2086
2090
2087
2089
2090
2085
2077
2071
2070
2086
2083
2085
2089
2088
2080
2075
2071
2068
2074
2072
2070
2069
2054
2054
2044
2047
2038
2037
2029
2021
2019
2000
1994
1984
1984
1979
1971
1968
1962
1959
1958
1965
1968
1978
1985
1994
2006
1999
2006
2013
2022
2025
2032
2035
2042
2052
2052
2050
2054
2052
2047
2048
2046
2042
2054
2053
2051
2031
2004
1913
1889
1882
1890
1898
1898
1908
1924
2047
2103
2152
2187
2215
2192
2182
2165
2152
2110
2084
2057
2037
2019
2001
1994
1993
2027
2046
2061
2073
2086
2087
2085
2073
2054
1963
1934
1912
1893
1880
1865
1854
1853
1855
1852
1855
1861
1900
1912
1923
1929
1932
1939
1940
1939
1937
1952
1958
1964
1974
1985
1989
1991
1989
2001
2009
2019
2026
2032
2027
2035
2039
2048
2061
2060
2062
2078
2091
2102
2116
2130
2099
2092
2086
2087
2081
2080
2083
2083
2087
2087
2088
2096
2098
2113
2119
2116
2115
2113
2112
2107
2108
2126
2133
2133
2131
2112
2104
2092
2075
2066
2048
2041
2036
2026
2017
2011
2003
1998
1966
1923
1874
1839
1805
1841
1879
1925
1959
2047
2046
2050
2059
2059
2057
2067
2087
2108
2103
2093
2091
2085
2091
2097
2098
2088
2080
2073
2071
2064
2031
2027
2025
2024
2028
2026
2018
2013
2012
2018
2024
2022
2011
2005
1996
1989
1971
1937
1941
1949
1967
1974
1986
1997
2003
1974
1969
1964
1959
1974
1999
2012
2017
2023
1999
1985
1985
1976
1975
1979
1996
2008
2051
2061
2065
2069
2050
2054
2059
2065
2072
2061
2045
2033
2023
1993
1989
1984
1985
1992
1995
1999
1995
1973
1977
1981
1991
2012
2026
2035
2039
2036
2015
2009
2008
2009
2008
2006
2011
2011
1990
1980
1970
1961
1985
2002
2016
2035
2073
2076
2079
2070
2068
2076
2078
2078
2078
2091
2099
2106
2099
2077
2073
2072
2066
2046
2042
2037
2039
2040
2026
2020
2013
2004
1994
1977
1957
1939
1869
1851
1833
1815
1755
1742
1730
1720
1709
1663
1652
1644
1639
1638
1639
1648
1650
1680
1690
1702
1719
1773
1783
1792
1792
1801
1827
1834
1854
1872
1889
1904
1920
1936
2026
2061
2103
2143
2286
2324
2356
2395
2529
2562
2595
2622
2655
2725
2748
2764
2626
2423
2444
2526
2461
2492
2489
2537
2636
2701
2753
2752
2741
2774
2905
2932
2954
2960
2947
2924
2907
2889
2830
2831
2818
2784
2653
2601
2553
2517
2408
2381
2339
2309
2282
2168
2136
2117
2103
2087
2059
2030
2004
1873
1826
1778
1730
1576
1559
1549
1544
1541
1451
1422
1384
1349
1315
1296
1287
1277
1303
1299
1303
1301
1215
1202
1185
1171
1162
1143
1133
1128
1129
1128
1136
1139
1144
1143
1162
1186
1203
1267
1272
1281
1296
1315
1374
1387
1409
1425
1435
1444
1443
1453
1488
1509
1529
1552
1687
1719
1745
1773
1910
1947
1988
2033
2071
2183
2196
2210
2223
2226
2235
2243
2252
2316
2334
2338
2327
2306
2298
2292
2290
2293
2314
2323
2321
2304
2295
2290
2275
2264
2233
2222
2213
2211
2205
2194
2187
2196
2212
2208
2227
2233
2238
2243
2271
2277
2279
2283
2285
2298
2305
2315
2321
2332
2344
2351
2360
2368
2378
2387
2398
2413
2413
2415
2413
2418
2418
2423
2435
2439
2447
2456
2466
2474
2467
2459
2446
2438
2396
2386
2374
2360
2344
2300
2286
2270
2258
2240
2221
2210
2208
2210
2206
2216
2221
2231
2239
2256
2267
2286
2286
2283
2284
2279
2280
2281
2277
2278
2280
2279
2275
2273
2238
2232
2235
2232
2199
2196
2190
2183
2182
2146
2139
2119
2102
2091
2076
2066
2053
1981
1966
1944
1927
1843
1826
1816
1797
1775
1708
1684
1659
1639
1618
1596
1574
1556
1517
1505
1498
1492
1450
1439
1440
1442
1448
1473
1479
1479
1486
1498
1503
1509
1525
1568
1591
1612
1630
1708
1718
1733
1741
1786
1803
1816
1830
1838
1859
1857
1856
1858
1861
1866
1867
1868
1874
1877
1876
1874
1901
1914
1917
1927
1934
1971
1978
1985
2001
2010
2010
2013
2019
1999
2002
1994
1989
1958
1962
1969
1978
1993
2005
2010
2014
2020
2028
2037
2043
2051
2066
2069
2072
2083
2107
2110
2123
2123
2143
2147
2146
2146
2147
2158
2158
2155
2163
2174
2181
2193
2197
2196
2193
2194
2195
2200
2202
2201
2202
2199
2178
2170
2161
2167
2169
2168
2166
2168
2156
2158
2157
2155
2158
2157
2154
2149
2148
2138
2137
2133
2127
2122
2118
2113
2110
2087
2087
2086
2088
2079
2079
2083
2084
2085
2077
2068
2065
2071
2076
2073
2074
2078
2088
2086
2080
2070
2033
2018
2014
2012
2006
2009
2008
2011
2017
2012
2021
2019
2020
2026
2030
2033
2038
2017
2008
2011
2005
2005
2000
1994
2003
2009
2005
2008
2011
2020
2028
2040
2044
2045
2075
2085
2099
2113
2132
2146
2153
2158
2165
2162
2162
2158
2162
2159
2155
2155
2150
2137
2131
2136
2132
2117
2113
2102
2092
2092
2069
2057
2052
2053
2046
2039
2034
2028
1984
1969
1961
1954
1915
1903
1895
1881
1880
1877
1868
1869
1865
1856
1857
1855
1855
1858
1858
1856
1854
1845
1848
1852
1851
1846
1849
1846
1849
1857
1868
1878
1886
1897
1907
1913
1927
1940
1976
1992
2008
2016
2040
2046
2052
2056
2063
2087
2090
2096
2101
2102
2095
2099
2102
2095
2098
2095
2097
2076
2067
2058
2051
2043
2025
2016
2013
2006
2006
2002
1997
1994
1966
1955
1950
1950
1954
1953
1952
1949
1946
1948
1950
1949
1953
1961
1959
1963
1963
1960
1958
1959
1956
1957
1961
1962
1965
1984
1988
1995
2008
2017
2027
2029
2034
2038
2048
2058
2064
2068
2067
2066
2074
2081
2094
2103
2107
2113
2116
2126
2125
2132
2130
2129
2125
2113
2113
2107
2107
2106
2100
2079
2075
2072
2069
2069
2067
2063
2058
2057
2054
2057
2057
2064
2064
2064
2069
2074
2079
2082
2083
2085
2088
2094
2097
2100
2107
2096
2102
2101
2100
2102
2100
2106
2108
2103
2095
2088
2080
2074
2071
2064
2058
2053
2041
2031
2028
2025
2016
2002
1999
2004
1985
1987
1991
1986
1986
1986
1990
1994
1991
1998
1996
1992
1995
1990
1989
1987
1993
1997
2004
2005
2004
2017
2019
2022
2021
2026
2028
2025
2022
2025
2026
2029
2033
2039
2020
2018
2018
2013
1999
1993
1993
1993
1994
1974
1966
1966
1968
1965
1962
1959
1956
1948
1950
1953
1951
1952
1949
1948
1943
1935
1938
1940
1941
1935
1935
1933
1935
1940
1935
1933
1937
1941
1943
1946
1951
1955
1959
1969
1969
1974
1976
1981
1986
1988
1995
2018
2026
2032
2041
2051
2060
2070
2074
2084
2119
2128
2132
2134
2138
2141
2143
2144
2143
2132
2131
2130
2130
2128
2121
2126
2125
2106
2101
2100
2093
2073
2070
2066
2063
2063
2060
2057
2053
2054
2059
2061
2062
2062
2065
2066
2070
2068
2042
2037
2032
2036
2023
2022
2021
2020
2019
2018
2012
2010
2015
2013
2014
2015
2018
2021
2026
2020
2021
2032
2033
2032
2030
2029
2021
2013
2011
2017
2021
2025
2027
2027
2030
2030
2029
2025
2023
2026
2022
2024
2005
2007
2009
2009
2010
2003
2005
2004
2004
2004
2008
2010
2006
1990
1989
1988
1993
2000
1994
1994
1997
1998
1984
1982
1979
1985
1977
1977
1983
1985
2002
2008
2015
2019
2030
2035
2043
2039
2038
2038
2040
2039
2037
2035
2035
2041
2042
2026
2020
2014
2014
2018
2014
2014
2017
2012
2015
2013
2012
2018
2016
2011
2009
2014
2002
2003
2011
2013
2017
2022
2029
2031
2027
2032
2030
2039
2038
2041
2043
2044
2047
2050
2053
2048
2046
2051
2053
2057
2062
2065
2071
2069
2070
2069
2062
2062
2068
2069
2066
2069
2071
2072
2086
2086
2089
2088
2093
2091
2091
2084
2080
2079
2077
2074
2075
2071
2063
2063
2058
2045
2046
2034
2032
1999
1999
1997
1991
1985
1974
1961
1945
1928
1896
1873
1857
1841
1790
1811
1834
1824
1828
1828
1839
1872
1913
2016
2051
2076
2104
2139
2162
2176
2187
2161
2163
2158
2150
2192
2186
2188
2194
2150
2143
2126
2116
2103
2074
2066
2065
2067
2072
2071
2073
2063
2029
2023
2025
2028
2016
2009
2003
1998
1994
1973
1955
1949
1943
1934
1942
1952
1963
1961
1960
1955
1955
1953
1956
1954
1957
1964
1955
1958
1961
1963
1963
1968
1974
1979
2020
2026
2040
2047
2052
2046
2040
2031
2019
1988
1975
1965
1951
1943
1945
1946
1952
1972
1983
2006
2017
2013
2014
2025
2030
2085
2101
2114
2129
2143
2149
2147
2139
2126
2118
2109
2105
2096
2054
2042
2028
2018
1962
1951
1944
1941
1933
1910
1901
1902
1900
1889
1883
1871
1864
1828
1838
1829
1814
1788
1782
1786
1775
1761
1713
1691
1669
1650
1632
1608
1591
1577
1547
1548
1550
1548
1590
1603
1610
1620
1635
1658
1663
1676
1694
1702
1713
1730
1756
1848
1886
1922
1953
2113
2139
2176
2222
2424
2477
2533
2595
2657
2836
2893
2955
3015
3070
3125
3189
3241
3438
3485
3524
3564
3690
3713
3731
3748
3758
3736
3704
3670
3627
3578
3526
3472
3420
3227
3183
3138
3090
2847
2775
2701
2621
2537
2304
2225
2151
2070
1992
1910
1822
1740
1486
1398
1318
1240
1167
1088
1022
961
897
710
654
595
537
486
443
401
360
331
262
250
247
243
243
251
266
283
408
451
498
544
729
773
822
869
915
1054
1104
1158
1209
1265
1322
1382
1445
1674
1737
1800
1852
2057
2101
2146
2192
2329
2368
2403
2437
2468
2546
2564
2573
2574
2567
2557
2548
2531
2451
2429
2407
2380
2259
2225
2194
2168
2143
2069
2045
2025
1995
1966
1945
1925
1906
1811
1802
1788
1765
1723
1721
1719
1717
1750
1756
1758
1767
1777
1794
1800
1814
1836
1853
1870
1896
1919
2019
2048
2078
2099
2200
2224
2254
2281
2312
2393
2421
2449
2469
2493
2518
2542
2574
2667
2689
2713
2739
2803
2815
2827
2836
2841
2863
2866
2867
2870
2871
2866
2862
2855
2822
2806
2797
2788
2730
2716
2709
2701
2632
2614
2590
2561
2530
2442
2415
2392
2361
2328
2293
2261
2232
2107
2075
2043
2014
1895
1875
1854
1827
1807
1743
1720
1696
1675
1652
1626
1604
1588
1521
1513
1505
1495
1497
1498
1503
1511
1519
1546
1562
1573
1585
1604
1622
1644
1664
1765
1785
1809
1828
1903
1924
1935
1947
2001
2012
2028
2039
2047
2069
2074
2075
2086
2098
2109
2116
2127
2129
2131
2140
2143
2123
2122
2120
2111
2104
2075
2066
2050
2030
2005
1983
1964
1933
1822
1801
1777
1754
1671
1657
1647
1637
1636
1603
1603
1600
1601
1602
1594
1597
1599
1607
1617
1622
1630
1676
1686
1697
1712
1765
1787
1811
1835
1859
1915
1934
1960
1985
2011
2037
2057
2079
2174
2195
2214
2225
2282
2291
2301
2318
2338
2357
2362
2362
2366
2367
2353
2348
2348
2351
2340
2340
2336
2298
2284
2265
2248
2184
2167
2148
2134
2128
2081
2071
2057
2047
2037
2029
2020
2013
1983
1978
1970
1969
1964
1962
1960
1966
1961
1949
1948
1952
1954
1953
1953
1953
1950
1944
1942
1946
1950
1960
1964
1970
1971
1975
1974
1971
1971
1972
1973
1967
1963
1961
1955
1953
1945
1938
1912
1903
1896
1888
1881
1878
1878
1880
1880
1894
1898
1905
1911
1916
1926
1932
1933
1973
1978
1985
1991
2038
2049
2067
2084
2102
2142
2155
2173
2187
2205
2213
2225
2239
2271
2280
2289
2302
2314
2317
2321
2323
2328
2321
2315
2308
2303
2285
2274
2260
2257
2251
2238
2234
2222
2179
2171
2163
2154
2106
2092
2080
2076
2068
2042
2025
2012
1997
1987
1969
1958
1951
1903
1893
1883
1882
1855
1852
1853
1853
1853
1855
1860
1868
1877
1894
1901
1902
1899
1911
1920
1934
1944
1972
1981
1990
1991
2007
2014
2023
2027
2036
2064
2070
2069
2072
2069
2069
2066
2067
2053
2049
2049
2048
2036
2031
2019
2003
1998
1989
1985
1982
1981
1978
1978
1975
1971
1955
1951
1946
1943
1943
1943
1937
1931
1926
1906
1903
1909
1913
1915
1913
1913
1920
1919
1926
1926
1934
1948
1956
1965
1967
1968
2004
2015
2026
2037
2047
2048
2058
2071
2074
2090
2091
2096
2095
2095
2099
2101
2104
2095
2097
2088
2083
2046
2046
2046
2045
2018
2014
2012
2010
2006
1991
1987
1986
1986
1987
1978
1981
1988
1997
2000
2005
2007
2020
2026
2030
2031
2046
2068
2071
2075
2081
2084
2079
2080
2079
2090
2090
2093
2091
2085
2084
2080
2081
2078
2075
2066
2065
2064
2060
2058
2053
2051
2048
2045
2043
2047
2041
2041
2037
2033
2023
2031
2035
2037
2038
2032
2028
2027
2024
2017
2011
2006
2004
1998
1996
1997
1996
2000
1996
1992
1994
1994
1999
1994
1993
1989
1989
1986
1985
1988
1992
1998
2001
2001
2003
2003
2004
2010
2027
2031
2035
2042
2049
2052
2052
2057
2060
2053
2056
2061
2069
2081
2080
2084
2084
2083
2077
2069
2067
2065
2055
2054
2051
2048
2042
2040
2036
2028
2003
1995
1995
1990
1972
1968
1968
1966
1950
1954
1954
1954
1962
1972
1973
1975
1980
1982
1983
1986
1991
1997
1998
1993
1993
2004
2008
2006
2011
2014
2013
2010
2015
2020
2020
2018
2024
2029
2032
2035
2040
2043
2051
2053
2049
2053
2055
2052
2051
2048
2048
2047
2048
2040
2037
2026
2029
2028
2031
2029
2033
2035
2036
2050
2052
2053
2055
2057
2061
2065
2072
2069
2070
2067
2071
2072
2069
2070
2065
2064
2058
2059
2058
2052
2048
2042
2039
2040
2036
2023
2015
2012
2005
1991
1990
1995
1997
1961
1962
1962
1963
1964
1970
1971
1968
1971
1995
1999
2005
2005
2009
2010
2011
2012
2011
2013
2013
2007
2010
2017
2021
2023
2020
2019
2025
2027
2026
2031
2041
2046
2043
2072
2074
2078
2084
2079
2084
2085
2083
2080
2076
2076
2074
2069
2068
2061
2059
2056
2039
2042
2042
2040
2029
2027
2028
2023
2014
2011
2010
2007
2000
1993
1996
1995
1990
1987
1983
1985
1980
1969
1968
1965
1965
1952
1954
1955
1959
1962
1965
1965
1971
1974
1977
1976
1973
1974
1968
1978
1977
1979
1999
1999
1999
2002
2035
2048
2055
2066
2080
2094
2102
2110
2120
2129
2131
2135
2138
2141
2147
2148
2148
2126
2128
2124
2118
2115
2098
2092
2090
2080
2069
2058
2055
2054
2023
2017
2017
2016
2008
2013
2012
2014
2018
2014
2013
2016
2016
2018
2021
2017
2016
2013
2013
2016
2022
1993
1956
1905
1864
1849
1875
1898
1929
1965
2029
2040
2045
2043
2033
2023
2015
2020
2119
2148
2167
2173
2137
2128
2119
2119
2104
2093
2080
2070
2051
2032
2032
2033
2036
2038
2046
2048
2043
2032
2022
2012
2009
2017
2036
2038
2027
2010
1931
1898
1870
1863
1875
1890
1909
1927
1958
1947
1931
1911
1922
1936
1941
1946
1956
1957
1963
1977
1984
1994
2003
2010
2019
2024
2023
2027
2028
1998
1989
1978
1965
1947
1941
1940
1939
1940
1941
1958
1981
2005
2034
2061
2091
2115
2135
2136
2137
2144
2165
2159
2153
2143
2138
2117
2123
2133
2142
2151
2158
2167
2178
2143
2128
2120
2112
2071
2071
2068
2062
2036
2031
2023
2017
2014
1983
1975
1973
1967
1961
1962
1958
1956
1956
1957
1965
1975
1976
1977
1975
1967
1965
1981
1983
1995
2006
2012
2017
2017
2017
1991
1981
1984
1980
1921
1902
1887
1873
1860
1857
1848
1840
1830
1811
1802
1800
1797
1798
1802
1801
1802
1794
1792
1792
1799
1822
1838
1849
1866
1886
1914
1925
1934
1937
1946
1957
1968
1974
1987
1991
1995
1999
1991
1996
2006
2024
2044
2112
2138
2162
2183
2210
2240
2268
2308
2419
2453
2492
2533
2567
2598
2629
2660
2682
2746
2768
2790
2815
2835
2850
2864
2883
2896
2929
2939
2951
2959
2972
2986
2996
2996
2884
2833
2784
2732
2552
2515
2479
2445
2408
2287
2239
2196
2155
2112
2073
2041
2015
1891
1858
1827
1788
1649
1622
1591
1554
1398
1363
1326
1290
1257
1181
1162
1145
1132
1118
1108
1092
1078
1033
1026
1026
1031
1086
1101
1116
1127
1143
1226
1267
1309
1357
1404
1454
1496
1538
1665
1695
1730
1765
1897
1921
1942
1965
1993
2068
2099
2127
2156
2186
2210
2232
2245
2257
2246
2242
2240
2177
2162
2140
2116
1972
1944
1913
1888
1871
1814
1803
1796
1798
1799
1794
1785
1783
1792
1801
1805
1805
1779
1774
1774
1779
1779
1793
1808
1819
1839
1851
1858
1873
1892
1943
1955
1967
1982
2059
2080
2106
2132
2151
2223
2247
2273
2292
2317
2340
2361
2386
2478
2497
2523
2561
2687
2706
2728
2755
2831
2840
2849
2853
2859
2870
2872
2876
2873
2869
2858
2852
2844
2800
2783
2767
2752
2643
2604
2569
2527
2486
2401
2372
2346
2320
2296
2272
2255
2240
2166
2145
2132
2119
2054
2039
2022
2009
1939
1933
1926
1918
1913
1893
1890
1891
1886
1882
1878
1871
1864
1854
1855
1850
1842
1799
1779
1755
1743
1728
1692
1679
1667
1659
1658
1656
1645
1632
1618
1614
1619
1625
1636
1639
1643
1648
1673
1679
1683
1687
1695
1722
1724
1738
1747
1759
1769
1779
1784
1797
1803
1803
1811
1821
1820
1818
1820
1826
1830
1839
1843
1845
1847
1855
1863
1871
1888
1892
1897
1897
1928
1933
1945
1949
1968
1978
1987
1997
2005
2029
2042
2055
2061
2070
2075
2078
2086
2101
2095
2095
2097
2084
2087
2082
2074
2068
2072
2070
2072
2077
2076
2079
2085
2086
2109
2117
2124
2128
2131
2136
2139
2139
2140
2140
2142
2146
2150
2150
2149
2153
2159
2177
2184
2188
2199
2189
2188
2188
2192
2200
2197
2199
2203
2201
2201
2201
2194
2187
2188
2182
2182
2181
2157
2154
2148
2136
2072
2058
2045
2039
2027
1988
1966
1950
1943
1935
1930
1923
1916
1877
1870
1870
1860
1841
1840
1840
1835
1828
1830
1831
1828
1834
1836
1839
1845
1844
1850
1857
1859
1857
1873
1878
1886
1891
1895
1902
1910
1918
1924
1950
1959
1961
1968
1973
1976
1984
2000
2028
2032
2036
2044
2056
2061
2065
2074
2074
2090
2101
2111
2120
2134
2142
2153
2166
2194
2205
2216
2219
2224
2235
2239
2243
2254
2272
2273
2276
2273
2272
2274
2269
2268
2270
2275
2273
2268
2266
2262
2266
2259
2256
2245
2246
2247
2239
2205
2194
2185
2172
2165
2121
2109
2091
2083
2065
2047
2032
2026
1967
1953
1946
1944
1910
1909
1900
1889
1853
1859
1858
1855
1856
1861
1860
1863
1867
1871
1878
1886
1889
1909
1922
1932
1942
1945
1948
1947
1950
1951
1966
1972
1976
1970
1969
1973
1975
1982
1991
1991
1997
1996
1986
1987
1988
1991
1996
1997
1998
2002
2002
2005
2002
2006
2007
2010
2008
2010
2011
1992
1985
1982
1973
1968
1965
1954
1949
1949
1934
1932
1927
1925
1925
1927
1926
1918
1930
1931
1930
1931
1937
1941
1942
1952
1961
1960
1968
1977
1983
2008
2014
2028
2034
2042
2057
2068
2081
2118
2123
2125
2129
2138
2139
2138
2137
2134
2122
2118
2115
2115
2113
2112
2109
2103
2080
2079
2079
2077
2064
2057
2057
2058
2057
2054
2051
2049
2049
2045
2037
2038
2032
2036
2040
2041
2045
2048
2047
2051
2061
2079
2085
2088
2095
2097
2092
2085
2084
2082
2086
2092
2087
2081
2067
2063
2056
2058
2038
2037
2036
2037
2035
2039
2040
2040
2042
2039
2039
2033
2034
2036
2037
2040
2034
1993
1991
1990
1986
1962
1961
1952
1949
1946
1930
1929
1933
1939
1942
1954
1951
1957
1981
1992
2002
2014
2054
2060
2069
2074
2077
2088
2086
2087
2087
2085
2078
2073
2078
2069
2072
2073
2071
2047
2049
2051
2049
2046
2036
2031
2028
2026
2013
2011
2006
2007
2001
2001
2008
2015
2014
2011
2007
2005
2005
1998
1996
2004
2004
2010
2011
2010
2011
2008
2006
2005
2010
1986
1981
1980
1975
1956
1950
1939
1933
1916
1911
1910
1912
1913
1909
1907
1906
1916
1926
1933
1932
1936
1948
1954
1965
1970
2008
2021
2032
2038
2048
2077
2086
2093
2096
2103
2114
2126
2137
2134
2137
2139
2142
2127
2119
2118
2112
2107
2105
2107
2107
2105
2086
2089
2085
2088
2088
2085
2083
2084
2061
2054
2048
2045
2033
2027
2030
2029
2026
2012
2014
2014
2017
2027
2026
2027
2030
2025
2029
2034
2033
2022
2021
2022
2032
2023
2026
2023
2018
2014
2007
2013
2015
2015
2013
2008
2005
2012
2020
2022
2022
2023
2024
2025
2028
2034
2032
2035
2032
2030
2032
2031
2041
2041
2040
2041
2043
2038
2034
2016
2013
2014
2015
2016
2013
2007
1999
1993
1989
1986
1991
1984
1985
1979
1972
1964
1953
1956
1965
1973
1974
1974
1978
1975
1974
1970
1973
1977
1984
1988
1987
1984
1986
1992
1987
1990
1989
1979
1977
1977
1983
1985
1998
1999
1992
1990
1994
2003
2007
2016
2028
2030
2032
2030
2027
2030
2029
2028
2026
2038
2038
2039
2044
2057
2057
2063
2073
2087
2092
2101
2106
2119
2120
2124
2131
2126
2130
2123
2124
2123
2104
2101
2098
2095
2092
2096
2112
2123
2088
2062
2044
2029
2002
2010
2014
2019
2025
2026
2016
2010
2007
2011
2011
2013
2020
2034
2038
2052
2068
2068
2054
2040
2029
2046
2050
2060
2067
2069
2058
2049
2044
2039
2036
2028
2023
2027
2055
2042
2021
2002
1971
1979
1985
1988
1998
1994
1985
1978
1972
1965
1954
1946
1938
1940
1941
1955
1962
1945
1935
1932
1942
1963
1967
1969
1971
1969
1944
1926
1913
1904
1900
1901
1902
1915
1919
1917
1915
1909
1916
1929
1951
1964
1971
2009
2020
2027
2033
2047
2059
2069
2079
2114
2121
2128
2131
2094
2089
2087
2084
2076
2085
2087
2089
2102
2103
2113
2118
2119
2107
2114
2118
2118
2124
2130
2129
2117
2106
2079
2071
2068
2070
2067
2062
2056
2049
2046
2020
2016
2013
2011
2009
2012
2017
2019
2024
2014
2016
2024
2038
2036
2039
2044
2046
2041
2039
2038
2038
2036
2036
2042
2043
2023
2019
2013
2012
2001
2004
2000
1997
1993
1995
1998
2004
2005
1987
1972
1964
1960
1950
1940
1939
1929
1856
1841
1832
1827
1818
1820
1823
1832
1835
1845
1850
1848
1851
1850
1850
1856
1863
1865
1864
1866
1866
1864
1860
1865
1872
1876
1887
1900
1913
1925
1980
2006
2035
2064
2092
2120
2153
2181
2212
2308
2337
2368
2397
2425
2452
2487
2522
2642
2668
2690
2716
2740
2795
2820
2833
2846
2859
2866
2882
2895
2902
2904
2907
2910
2879
2844
2803
2753
2698
2532
2478
2419
2359
2299
2246
2196
2145
1935
1884
1836
1795
1642
1603
1573
1545
1511
1419
1394
1369
1343
1320
1299
1279
1267
1222
1208
1196
1176
1157
1137
1121
1102
1085
1070
1079
1085
1103
1125
1144
1165
1184
1203
1268
1301
1346
1394
1444
1492
1534
1580
1754
1796
1832
1866
1973
1994
2026
2061
2090
2190
2218
2241
2267
2296
2323
2346
2364
2399
2405
2401
2387
2371
2351
2317
2288
2254
2138
2108
2084
2052
2021
1985
1947
1911
1864
1752
1726
1705
1690
1668
1649
1633
1616
1560
1559
1554
1551
1547
1545
1541
1545
1542
1535
1531
1528
1528
1531
1539
1547
1558
1645
1676
1707
1740
1911
1965
2020
2076
2319
2373
2430
2480
2529
2676
2723
2768
2809
2852
2885
2916
2946
3029
3045
3057
3067
3098
3103
3108
3111
3116
3124
3119
3111
3105
3089
3071
3053
3035
2941
2914
2890
2860
2729
2691
2661
2622
2469
2425
2382
2346
2305
2196
2163
2126
2095
2064
2032
1999
1959
1813
1780
1746
1716
1597
1563
1540
1522
1515
1473
1461
1462
1464
1462
1463
1470
1477
1509
1516
1522
1531
1546
1548
1558
1572
1579
1581
1585
1581
1579
1584
1588
1593
1597
1610
1619
1634
1635
1666
1675
1685
1698
1766
1775
1788
1809
1824
1862
1877
1888
1903
1906
1914
1917
1931
1958
1960
1959
1959
1964
1968
1974
1978
1984
1990
1991
1994
1997
2000
2004
2011
2015
2050
2048
2044
2043
2057
2068
2075
2079
2083
2093
2095
2104
2116
2132
2126
2127
2128
2137
2128
2123
2131
2128
2131
2127
2121
2110
2093
2091
2084
2080
2072
2066
2067
2060
2052
2042
2042
2040
2045
2049
2056
2064
2068
2106
2116
2123
2133
2191
2194
2203
2217
2219
2227
2228
2226
2227
2232
2231
2231
2231
2211
2212
2212
2207
2191
2190
2184
2176
2142
2141
2137
2132
2120
2080
2069
2048
2034
2018
2001
1979
1963
1910
1897
1884
1877
1820
1807
1795
1785
1779
1767
1759
1752
1750
1749
1748
1741
1742
1753
1752
1755
1756
1764
1764
1774
1782
1804
1805
1812
1817
1830
1856
1872
1890
1906
1924
1934
1943
1957
2016
2030
2038
2052
2101
2112
2118
2121
2128
2152
2165
2166
2176
2191
2195
2198
2211
2231
2233
2233
2236
2229
2226
2226
2227
2228
2230
2225
2224
2218
2219
2216
2215
2216
2219
2225
2233
2235
2248
2252
2253
2253
2264
2264
2260
2258
2261
2240
2236
2232
2224
2223
2213
2209
2207
2160
2147
2144
2138
2118
2117
2105
2101
2088
2051
2042
2031
2026
2017
2003
1997
1987
1948
1940
1935
1927
1884
1876
1871
1871
1856
1855
1847
1838
1836
1826
1821
1813
1809
1805
1801
1800
1799
1807
1818
1830
1834
1842
1853
1860
1864
1872
1877
1879
1882
1885
1885
1890
1894
1894
1902
1910
1919
1929
1940
1950
1960
1964
1971
1966
1965
1972
1973
1972
1965
1966
1970
1973
1977
1978
1976
1964
1966
1963
1961
1950
1951
1950
1947
1951
1942
1945
1945
1947
1952
1958
1961
1964
1987
1997
2009
2018
2060
2068
2075
2084
2092
2098
2108
2110
2111
2116
2121
2127
2150
2191
2194
2201
2206
2208
2213
2218
2228
2241
2258
2255
2252
2257
2254
2247
2245
2246
2242
2221
2213
2207
2199
2193
2182
2182
2173
2148
2147
2145
2136
2100
2087
2075
2071
2051
2048
2046
2043
2037
2021
2012
2009
2004
2002
1995
1992
1991
1989
1990
1994
1994
1988
1992
1988
1992
1999
2002
2005
2002
2000
2003
2004
2007
2007
2012
2016
2017
2018
2019
2013
2014
2009
2005
1987
1980
1983
1979
1979
1984
1981
1981
1976
1970
1966
1960
1954
1950
1946
1946
1940
1941
1944
1945
1946
1946
1939
1935
1933
1943
1943
1945
1949
1944
1941
1948
1959
1968
1977
1979
1975
1986
1994
2002
2007
2013
2015
2024
2029
2033
2033
2033
2037
2045
2054
2070
2073
2078
2081
2086
2083
2091
2095
2096
2093
2088
2082
2080
2081
2078
2079
2077
2078
2081
2081
2077
2066
2067
2067
2066
2060
2055
2053
2053
2050
2036
2029
2021
2018
2016
2014
2014
2013
1993
1990
1991
1986
1963
1962
1966
1970
1964
1966
1966
1967
1973
1963
1967
1971
1965
1966
1964
1971
1975
1985
1988
1990
1993
1996
1999
2007
2012
2016
2028
2032
2029
2030
2032
2033
2035
2031
2038
2036
2035
2037
2036
2034
2044
2047
2041
2038
2040
2038
2039
2025
2024
2028
2029
2026
2027
2027
2024
2027
2023
2024
2029
2039
2041
2044
2039
2044
2051
2057
2060
2065
2071
2072
2077
2086
2093
2092
2093
2097
2087
2092
2093
2096
2094
2084
2080
2077
2068
2071
2071
2073
2067
2056
2061
2059
2065
2061
2062
2060
2060
2060
2057
2057
2058
2052
2037
2027
2028
2021
2009
2005
2009
2006
1996
2001
2003
2006
2007
2000
2005
2009
2013
2017
2015
2014
2016
2017
2014
2014
2011
2016
2017
2012
2006
2005
1997
1997
2001
1990
1983
1981
1979
1983
1975
1973
1968
1966
1964
1963
1962
1958
1956
1949
1945
1943
1941
1941
1947
1943
1945
1947
1944
1945
1942
1936
1938
1943
1947
1951
1959
1962
1966
1971
1980
1986
1987
1989
2010
2009
2013
2020
2027
2029
2032
2035
2045
2054
2054
2052
2052
2053
2060
2063
2072
2069
2076
2082
2082
2089
2086
2086
2085
2087
2092
2097
2103
2101
2097
2096
2098
2099
2091
2089
2092
2087
2083
2085
2092
2098
2101
2092
2086
2084
2080
2074
2073
2064
2054
2043
2038
2032
2037
2032
2030
2024
2016
2009
1982
1979
1987
1987
1981
1980
1985
1989
1995
1987
1996
2000
2005
2008
2006
2006
2009
2010
2008
2012
2016
2019
2024
2031
2030
2041
2032
2036
2035
2035
2041
2042
2045
2049
2052
2047
2041
2043
2024
2017
2019
2013
2007
2002
2000
1995
1992
1986
1984
1992
2000
2002
2007
2015
2013
1977
1962
1950
1939
1935
1938
1948
1949
1952
1941
1940
1942
1947
1952
1957
1963
1971
1999
2013
2023
2033
2069
2076
2088
2088
2072
2069
2065
2064
2066
2064
2066
2066
2070
2072
2071
2062
2061
2065
2070
2074
2082
2101
2100
2096
2091
2082
2082
2081
2089
2095
2091
2083
2079
2083
2080
2085
2092
2095
2092
2097
2091
2083
2053
2046
2034
2029
2022
1991
1981
1979
1976
1978
1976
1981
1985
1996
2001
2007
2015
1986
1989
1993
1997
2000
2003
2011
2020
2023
2027
2025
2033
2030
2041
2045
2047
2046
2016
2011
2005
1999
2011
2022
2030
2039
2040
2064
2064
2058
2051
2047
2046
2042
2039
2030
2027
2020
2011
1963
1949
1942
1932
1931
1914
1911
1908
1904
1902
1904
1907
1906
1934
1939
1949
1960
1970
1969
1973
1978
1991
1995
1998
2007
2014
2025
2031
2039
2043
2047
2042
2051
2056
2068
2065
2067
2065
2057
2052
2053
2053
2050
2049
2044
2041
2043
2037
2032
2027
2023
2034
2044
2048
2051
2071
2071
2070
2072
2072
2076
2077
2081
2082
2080
2077
2075
2074
2074
2072
2072
2071
2058
2050
2051
2054
2036
2030
2027
2026
2024
2027
2023
2021
2024
2024
2013
2010
2010
1999
1999
1995
2000
1984
1982
1979
1975
1959
1962
1965
1963
1962
1961
1960
1965
1968
1969
1970
1973
1975
1977
1980
1978
1973
1957
1959
1955
1957
1963
1984
1982
1991
1992
1994
1994
2002
2011
2036
2040
2040
2048
2039
2043
2050
2057
2063
2072
2072
2078
2086
2095
2094
2102
2113
2153
2162
2167
2176
2178
2186
2195
2204
2211
2220
2222
2218
2216
2222
2228
2230
2225
2221
2199
2198
2191
2191
2183
2181
2179
2173
2148
2137
2133
2127
2119
2122
2121
2124
2109
2100
2093
2084
2070
2029
2011
1995
1981
1973
1962
1953
1939
1886
1875
1868
1858
1849
1853
1850
1853
1856
1874
1879
1891
1900
1910
1916
1920
1927
1945
1946
1954
1963
1987
1984
1983
1984
1986
1976
1981
1987
1988
1985
1989
1991
1991
1975
1970
1965
1961
1945
1941
1939
1936
1912
1904
1905
1911
1923
1940
1945
1943
1938
1926
1925
1919
1916
1889
1882
1877
1873
1843
1847
1843
1842
1846
1855
1868
1871
1873
1887
1893
1898
1911
1939
1944
1948
1957
2006
2013
2029
2043
2055
2057
2064
2072
2084
2091
2090
2093
2089
2088
2087
2087
2090
2126
2137
2153
2165
2205
2215
2225
2240
2259
2273
2276
2281
2283
2285
2284
2279
2276
2266
2257
2254
2258
2252
2243
2233
2226
2220
2177
2168
2157
2154
2154
2156
2150
2148
2143
2112
2102
2098
2097
2095
2098
2095
2089
2065
2065
2061
2062
2030
2027
2029
2031
2026
2018
2015
2015
2015
1999
1996
1983
1975
1969
1968
1960
1960
1939
1931
1927
1932
1926
1920
1917
1912
1916
1908
1909
1909
1907
1906
1907
1904
1910
1911
1908
1906
1898
1891
1893
1899
1908
1917
1937
1942
1945
1946
1950
1947
1946
1955
1988
1992
2004
2018
2049
2057
2060
2056
2078
2084
2093
2095
2098
2108
2105
2104
2102
2097
2091
2090
2087
2070
2067
2069
2073
2057
2049
2047
2044
2042
2030
2030
2025
2029
2026
2021
2019
2017
2026
2025
2026
2034
2047
2057
2065
2069
2078
2085
2084
2080
2083
2074
2072
2071
2071
2071
2070
2067
2062
2057
2060
2059
2063
2067
2063
2067
2067
2071
2070
2070
2069
2066
2068
2068
2073
2073
2070
2069
2071
2065
2043
2036
2039
2039
2030
2024
2018
2012
2013
1999
1989
1991
1987
1983
1977
1980
1977
1974
1964
1964
1965
1946
1948
1949
1942
1939
1923
1918
1915
1909
1904
1903
1902
1901
1882
1886
1884
1886
1875
1875
1877
1879
1913
1921
1932
1939
1952
1992
1999
2006
2012
2018
2020
2026
2037
2044
2040
2043
2046
2048
2048
2045
2038
2047
2049
2042
2038
2042
2043
2043
2041
2039
2048
2054
2062
2066
2097
2103