2688
2737
2787
2844
2897
2942
2984
3134
3164
3192
3220
3314
3324
3328
3336
3336
3300
3279
3250
3226
3187
3150
3112
3070
2867
2808
2748
2682
2400
2290
2178
2071
1970
1682
1605
1536
1480
1437
1373
1304
1247
1096
1055
1025
997
972
946
923
905
886
812
805
803
805
805
813
833
851
860
892
901
915
930
950
962
973
994
1095
1133
1170
1198
1228
1255
1291
1321
1351
1438
1474
1519
1567
1615
1663
1705
1750
1793
1918
1961
2007
2044
2083
2123
2160
2190
2280
2293
2306
2323
2382
2398
2411
2419
2418
2380
2362
2348
2341
2340
2332
2326
2317
2270
2251
2229
2205
2090
2077
2066
2055
1984
1960
1938
1921
1897
1845
1829
1816
1818
1813
1806
1801
1794
1755
1747
1740
1744
1776
1791
1806
1823
1893
1910
1924
1942
1965
2029
2044
2055
2056
2051
2047
2053
2062
2106
2119
2129
2142
2178
2184
2190
2197
2261
2274
2293
2313
2334
2363
2373
2387
2403
2416
2422
2431
2443
2501
2516
2534
2558
2651
2674
2700
2724
2743
2763
2759
2751
2742
2727
2716
2704
2696
2642
2624
2607
2583
2486
2460
2436
2415
2297
2270
2240
2204
2165
2065
2037
2004
1971
1938
1909
1880
1848
1724
1701
1676
1651
1562
1540
1527
1518
1505
1471
1471
1474
1479
1481
1483
1491
1497
1527
1547
1574
1592
1695
1720
1748
1787
1898
1928
1951
1972
2006
2080
2091
2115
2135
2150
2170
2181
2199
2250
2255
2262
2272
2290
2287
2283
2292
2266
2254
2238
2213
2191
2121
2101
2079
2061
2038
2016
2006
1995
1901
1873
1843
1818
1711
1690
1667
1651
1631
1564
1543
1531
1520
1505
1494
1486
1486
1495
1508
1523
1537
1611
1635
1659
1670
1766
1792
1826
1854
1878
1939
1971
1993
2006
2017
2036
2051
2061
2112
2125
2138
2149
2188
2202
2214
2224
2239
2266
2274
2287
2294
2294
2296
2302
2302
2292
2287
2279
2281
2256
2243
2235
2227
2194
2185
2182
2176
2172
2154
2151
2146
2140
2142
2150
2153
2149
2140
2134
2135
2133
2123
2122
2120
2115
2110
2106
2106
2107
2110
2105
2102
2102
2106
2093
2089
2086
2075
2076
2082
2080
2066
2049
2017
2009
2003
1996
1980
1960
1945
1931
1921
1891
1876
1861
1855
1852
1845
1834
1829
1815
1824
1835
1836
1840
1840
1842
1848
1846
1859
1863
1865
1869
1895
1901
1907
1922
1932
1942
1952
1964
2022
2039
2056
2071
2128
2144
2163
2175
2192
2230
2236
2238
2248
2262
2272
2277
2281
2297
2302
2308
2308
2268
2258
2246
2238
2198
2184
2179
2173
2163
2120
2101
2082
2071
2053
2039
2023
2016
1960
1951
1943
1926
1893
1888
1896
1908
1886
1880
1884
1891
1896
1896
1898
1890
1884
1886
1886
1894
1903
1883
1890
1895
1897
1920
1933
1949
1958
1963
1989
1998
2008
2019
2024
2026
2032
2040
2067
2064
2062
2067
2090
2087
2080
2071
2057
2056
2057
2057
2062
2057
2053
2049
2053
2047
2045
2044
2041
2023
2024
2024
2028
2031
2024
2017
2016
2019
2035
2036
2044
2051
2053
2049
2038
2032
2043
2041
2038
2043
2049
2049
2046
2042
2030
2036
2040
2039
2039
2036
2028
2023
2015
2009
2014
2009
2003
2000
2003
2000
1992
1969
1969
1973
1975
1973
1962
1964
1956
1946
1945
1933
1922
1915
1916
1920
1929
1929
1921
1918
1913
1911
1937
1948
1958
1969
1983
1994
2004
2019
2026
2035
2040
2051
2068
2087
2099
2108
2117
2135
2136
2143
2149
2160
2164
2160
2158
2157
2158
2157
2152
2149
2150
2154
2153
2143
2124
2119
2112
2104
2084
2080
2076
2072
2070
2041
2035
2029
2021
2010
1998
1987
1976
1934
1929
1918
1905
1875
1877
1884
1888
1912
1921
1932
1947
1958
1997
2006
2014
2024
2039
2046
2057
2067
2090
2097
2106
2112
2119
2120
2112
2112
2104
2087
2082
2073
2064
2052
2041
2035
2032
2029
2039
2044
2049
2063
2059
2061
2062
2052
2048
2052
2058
2059
2049
2043
2041
2040
2037
2032
2027
2025
2005
1999
1990
1981
1971
1973
1980
1977
1972
1957
1948
1937
1935
1932
1925
1919
1912
1892
1894
1896
1897
1895
1899
1906
1909
1919
1940
1950
1965
1979
1990
1998
2004
2008
2017
2042
2051
2057
2067
2075
2077
2082
2083
2074
2077
2076
2075
2054
2054
2050
2042
2025
2020
2014
2009
2000
2014
2017
2017
2027
2036
2044
2046
2054
2072
2078
2079
2087
2106
2105
2110
2111
2109
2095
2091
2085
2077
2071
2071
2075
2078
2063
2054
2054
2059
2066
2072
2075
2077
2066
2068
2071
2076
2071
2041
2034
2023
2014
2009
2006
2008
2001
1893
1882
1872
1833
1724
1682
1665
1669
1769
1827
1870
1916
1977
2152
2209
2262
2298
2323
2346
2371
2382
2366
2352
2337
2318
2241
2215
2194
2173
2151
2142
2143
2138
2132
2131
2131
2124
2114
2057
2039
2033
2025
1939
1920
1899
1875
1820
1807
1797
1794
1793
1812
1828
1839
1842
1842
1844
1843
1848
1863
1863
1868
1864
1848
1854
1857
1858
1879
1891
1901
1916
1928
1959
1972
1987
2014
2035
2054
2073
2093
2146
2149
2151
2148
2139
2135
2136
2130
2127
2101
2090
2084
2084
2087
2080
2084
2081
2078
2085
2091
2099
2102
2100
2105
2114
2121
2111
2110
2108
2099
2066
2057
2052
2044
2041
2042
2039
2034
1983
1947
1924
1908
1947
1971
2004
2031
2051
2075
2070
2070
2071
2067
2067
2076
2085
2059
2055
2057
2057
2075
2091
2102
2107
2110
2099
2100
2098
2100
2084
2073
2056
2047
2026
2019
2009
1997
1955
1951
1942
1940
1911
1909
1904
1898
1897
1912
1920
1930
1946
1962
1975
1984
1993
2006
2019
2037
2043
2089
2105
2114
2122
2122
2123
2117
2107
2114
2128
2126
2125
2122
2116
2121
2127
2128
2108
2105
2098
2096
2079
2068
2052
2029
1967
1952
1946
1937
1929
1869
1850
1833
1820
1812
1806
1806
1814
1844
1853
1861
1866
1898
1906
1910
1921
1934
1980
1990
1992
1994
1995
1998
2006
2008
2040
2051
2058
2073
2069
2072
2078
2079
2088
2088
2093
2090
2090
2097
2089
2089
2093
2093
2089
2089
2089
2080
2081
2075
2071
2078
2088
2090
2090
2085
2074
2067
2063
2059
2055
2046
2031
2026
2011
2003
2000
2004
2004
1996
1988
1984
1976
1938
1926
1914
1901
1893
1875
1861
1842
1822
1764
1756
1750
1756
1758
1762
1771
1780
1824
1830
1841
1851
1874
1879
1887
1893
1895
1907
1912
1924
1930
1931
1936
1950
1963
2031
2054
2075
2108
2129
2145
2159
2179
2200
2266
2286
2316
2338
2354
2376
2391
2407
2419
2461
2470
2478
2492
2497
2502
2513
2525
2561
2573
2579
2583
2590
2588
2590
2585
2546
2535
2533
2522
2509
2443
2417
2403
2389
2369
2345
2319
2295
1842
1683
1775
1738
1597
1542
1527
1590
1670
1576
1638
1649
1620
1620
1669
1716
1736
1783
1763
1744
1729
1713
1704
1712
1713
1706
1755
1732
1713
1722
1737
1722
1696
1696
1698
1712
1735
1726
1722
1733
1744
1731
1709
1783
1811
1846
1874
1967
1965
1963
1964
2012
2048
2102
2159
2208
2282
2289
2283
2275
2268
2260
2245
2232
2289
2281
2277
2278
2174
2144
2117
2087
2066
2010
1985
1969
1953
1924
1899
1878
1856
1754
1749
1751
1754
1722
1706
1694
1675
1641
1644
1640
1636
1630
1585
1564
1549
1536
1533
1533
1539
1552
1610
1634
1652
1668
1739
1772
1812
1852
1886
1969
1986
1992
1991
1990
1983
1977
1985
2051
2069
2083
2093
2133
2143
2149
2162
2246
2254
2285
2314
2334
2382
2383
2383
2383
2382
2389
2390
2398
2410
2409
2416
2436
2483
2502
2521
2535
2561
2548
2542
2542
2531
2460
2432
2404
2388
2364
2339
2309
2279
2175
2148
2117
2090
2027
2008
1992
1969
1960
1928
1923
1920
1916
1917
1918
1926
1928
1954
1970
1980
1981
1982
1980
1984
1992
2012
2013
2012
2005
2003
2015
2020
2029
2034
2032
2041
2060
2068
2056
2046
2052
2073
2124
2140
2159
2164
2170
2206
2224
2236
2244
2250
2264
2279
2284
2324
2315
2323
2331
2339
2338
2341
2345
2358
2356
2362
2366
2353
2344
2335
2328
2311
2302
2281
2273
2267
2263
2250
2227
2207
2187
2111
2092
2077
2056
1965
1944
1918
1884
1760
1728
1707
1679
1650
1568
1545
1525
1502
1477
1455
1441
1432
1395
1390
1389
1383
1383
1386
1392
1408
1419
1463
1478
1494
1509
1530
1544
1570
1600
1678
1699
1723
1744
1827
1847
1870
1886
1929
1935
1948
1966
1982
1996
1997
2003
2012
2024
2037
2045
2059
2108
2110
2116
2122
2134
2134
2142
2147
2148
2162
2164
2164
2167
2166
2162
2167
2173
2160
2154
2145
2125
2082
2069
2063
2056
2010
1999
1995
1993
1985
1966
1960
1955
1955
1958
1948
1942
1941
1940
1941
1949
1952
1963
1966
1967
1970
1972
1991
1992
2001
2007
2006
2011
2020
2037
2087
2094
2107
2119
2175
2185
2194
2203
2237
2248
2256
2259
2259
2267
2270
2273
2267
2266
2272
2275
2274
2274
2273
2268
2267
2255
2257
2254
2258
2252
2240
2234
2238
2242
2239
2238
2244
2242
2247
2244
2244
2252
2246
2238
2226
2226
2206
2206
2206
2195
2186
2148
2133
2122
2111
2097
2089
2080
2069
2012
2002
1988
1970
1924
1915
1905
1895
1856
1845
1839
1833
1823
1815
1812
1810
1817
1822
1811
1811
1823
1854
1864
1869
1871
1899
1909
1921
1929
1934
1954
1967
1976
1980
1989
1998
2000
2003
2017
2019
2016
2013
2030
2030
2037
2041
2051
2054
2055
2063
2064
2071
2071
2075
2077
2078
2071
2065
2060
2025
2025
2018
2016
1982
1973
1967
1963
1964
1939
1935
1930
1929
1933
1930
1925
1922
1900
1901
1904
1907
1890
1890
1888
1886
1877
1877
1881
1882
1887
1899
1907
1910
1918
1921
1927
1936
1940
1973
1983
1991
1994
2015
2021
2029
2040
2045
2055
2059
2074
2083
2089
2097
2109
2115
2115
2116
2123
2129
2124
2123
2126
2126
2114
2111
2103
2099
2097
2072
2071
2064
2062
2060
2058
2054
2052
2044
2043
2041
2039
2025
2025
2033
2032
2039
2028
2022
2023
2032
2033
2032
2028
2027
2021
2024
2027
2026
2025
2022
2020
2025
2017
2020
2020
2022
2026
2018
2021
2020
2023
2020
2017
2016
2007
1995
1990
1987
1984
1985
1982
1985
1986
1987
1986
1983
1982
1992
1997
2002
2003
2001
2013
2017
2019
2031
2038
2036
2039
2039
2044
2059
2066
2065
2062
2064
2071
2070
2076
2081
2097
2099
2099
2104
2104
2101
2097
2097
2104
2106
2106
2105
2100
2094
2094
2092
2085
2081
2079
2078
2075
2058
2057
2056
2051
2049
2046
2044
2040
2036
2032
2028
2027
1999
2003
2004
1997
1997
1997
1999
1997
1990
1980
1974
1977
1979
1982
1979
1978
1973
1980
1985
1983
1990
1981
1984
1987
1991
1993
1995
1993
1992
1990
1996
1999
2003
2001
2012
2012
2017
2021
2024
2031
2035
2044
2046
2057
2063
2059
2053
2050
2045
2045
2046
2048
2053
2051
2051
2039
2043
2045
2052
2047
2048
2050
2048
2047
2035
2030
2024
2018
2004
1996
1998
2003
1988
1987
1983
1982
1977
1978
1975
1981
1998
2000
2004
2010
2015
2027
2032
2036
2044
2047
2051
2050
2046
2025
2027
2030
2023
2008
2009
2004
1998
1991
1996
1987
1981
1982
1980
1967
1966
1970
1969
1970
1970
1971
1978
1984
2000
2001
2004
2010
2017
2022
2031
2036
2033
2024
2035
2049
2057
2063
2069
2072
2074
2079
2084
2090
2093
2092
2094
2096
2089
2082
2080
2080
2075
2076
2081
2080
2076
2073
2075
2074
2069
2067
2066
2060
2046
2049
2047
2043
2045
2032
2022
2018
2015
2019
2021
2023
2020
2006
2006
2012
2014
2008
2007
2003
2006
2004
1991
1994
1998
1997
1995
1993
2000
2004
1999
1991
1993
1995
1979
1979
1972
1969
1975
1977
1982
1989
2001
2017
2017
2020
2022
2025
2026
2031
2038
2038
2033
2033
2040
2053
2055
2058
2056
2054
2053
2052
2052
2046
2044
2035
2037
2032
2000
1996
1998
1998
1996
1996
1998
1994
2008
2012
2003
1999
1996
2004
2006
2003
2012
2023
2025
2026
2029
2045
2045
2045
2047
2038
2038
2040
2041
2040
2041
2043
2051
2053
2052
2047
2043
2048
2050
2054
2051
2046
2022
2023
2025
2025
2011
2007
2003
2004
2004
2011
2009
2007
2010
2015
2014
2019
2022
2033
2035
2035
2037
2045
2045
2045
2049
2051
2055
2053
2054
2058
2060
2060
2065
2063
2065
2068
2067
2063
2067
2069
2064
2067
2064
2053
2043
2039
2034
2028
2026
2026
2018
2018
2023
2023
2026
2031
2037
2038
2035
2035
2042
2042
2047
2045
2044
2045
2047
2043
2040
2033
2032
2032
2031
2016
2009
2007
2008
2004
1999
1989
1985
1966
1959
1950
1949
1950
1964
1944
1891
1888
1893
1907
1940
1969
2007
2019
2016
2013
2015
2014
2017
2021
2033
2050
2072
2090
2098
2072
2071
2083
2098
2108
2119
2121
2114
2109
2107
2108
2103
2049
2038
2029
2025
2051
2052
2047
2036
2022
1994
1988
1976
1969
1966
1962
1966
1971
1971
1964
1966
1964
1956
1943
1941
1946
1949
1925
1931
1943
1957
1963
1967
1967
1963
1952
1929
1925
1922
1923
1919
1906
1892
1879
1814
1796
1789
1785
1747
1751
1751
1745
1763
1770
1783
1804
1830
1858
1863
1868
1868
1858
1859
1856
1849
1868
1885
1909
1919
1962
1978
1994
2007
2040
2108
2138
2154
2159
2179
2207
2231
2254
2329
2343
2370
2397
2454
2464
2484
2496
2539
2554
2560
2557
2576
2588
2597
2635
2639
2611
2629
2665
2679
2719
2692
2699
2720
2650
2594
2539
2507
2463
2383
2360
2363
2366
2359
2372
2387
2377
2384
2380
2375
2359
2323
2297
2278
2257
2133
2105
2076
2051
2032
1945
1924
1889
1853
1819
1782
1738
1699
1579
1556
1546
1539
1516
1504
1500
1503
1503
1489
1480
1475
1485
1489
1488
1491
1499
1497
1487
1483
1472
1463
1463
1475
1481
1501
1497
1488
1481
1473
1438
1431
1425
1420
1412
1410
1414
1415
1432
1444
1464
1488
1543
1554
1559
1563
1565
1574
1578
1594
1614
1631
1643
1653
1664
1688
1697
1714
1738
1831
1847
1870
1894
1988
2013
2034
2061
2099
2201
2231
2265
2290
2315
2336
2360
2379
2426
2433
2442
2449
2427
2423
2418
2419
2417
2410
2406
2404
2398
2383
2377
2374
2381
2390
2398
2412
2424
2456
2457
2464
2470
2503
2514
2523
2532
2547
2554
2554
2553
2546
2540
2533
2525
2518
2470
2450
2433
2405
2311
2289
2265
2243
2166
2154
2136
2124
2116
2085
2076
2071
2070
2069
2070
2069
2068
2056
2053
2055
2055
2084
2085
2089
2086
2081
2054
2046
2040
2032
2030
2031
2031
2037
2049
2047
2044
2041
2044
2051
2061
2062
2059
2047
2040
2034
2027
2021
2008
1995
1982
1950
1942
1934
1924
1911
1906
1906
1903
1901
1888
1887
1890
1889
1890
1894
1894
1890
1891
1890
1896
1908
1907
1905
1910
1916
1915
1900
1900
1901
1900
1877
1870
1863
1856
1849
1822
1824
1818
1817
1814
1807
1805
1800
1791
1787
1783
1773
1769
1770
1767
1771
1768
1740
1736
1740
1741
1743
1750
1754
1759
1766
1777
1784
1803
1822
1842
1861
1880
1899
1972
1986
2005
2023
2074
2087
2094
2102
2130
2135
2135
2128
2126
2127
2124
2129
2140
2146
2147
2152
2156
2135
2129
2128
2126
2115
2111
2110
2110
2113
2110
2116
2113
2112
2111
2116
2117
2125
2119
2114
2109
2105
2089
2090
2085
2081
2052
2043
2031
2026
2027
2017
2013
2010
2012
2010
2004
2003
2004
2010
2017
2024
2026
2023
2024
2023
2023
2023
2015
2011
2010
2013
2007
2005
2000
2000
1982
1979
1972
1969
1970
1970
1972
1974
1962
1961
1961
1958
1964
1983
1988
1997
2003
2004
2005
2010
2012
2006
2007
2004
2005
2005
1995
1991
1992
1976
1972
1968
1968
1964
1968
1974
1973
1970
1971
1974
1977
1986
2000
2000
2004
2005
2019
2027
2030
2042
2051
2058
2064
2065
2062
2056
2054
2054
2056
2066
2062
2062
2064
2063
2070
2075
2080
2103
2105
2117
2128
2126
2132
2135
2136
2142
2145
2137
2139
2141
2132
2131
2128
2125
2116
2115
2115
2120
2116
2117
2118
2121
2117
2119
2123
2130
2137
2140
2134
2132
2136
2128
2131
2132
2132
2123
2116
2114
2115
2109
2093
2086
2079
2078
2074
2065
2061
2057
2027
2019
2014
2011
1990
1983
1975
1965
1936
1929
1921
1922
1920
1915
1911
1914
1915
1921
1918
1924
1931
1940
1941
1942
1942
1941
1939
1942
1944
1949
1937
1933
1931
1929
1935
1933
1937
1940
1952
1948
1947
1949
1968
1969
1971
1976
1989
1990
1995
1997
2001
2002
2004
2005
2009
2005
2002
2002
2000
2004
2005
2005
2007
2017
2026
2031
2039
2046
2045
2053
2058
2057
2055
2048
2050
2052
2057
2059
2057
2059
2029
2037
2039
2037
2030
2027
2025
2020
2019
2023
2022
2021
2019
2013
2018
2014
2012
2021
2013
2016
2017
2015
2012
2011
2006
2006
2016
2017
2015
2017
2017
2016
2020
2019
2030
2030
2025
2024
2024
2026
2024
2026
2015
2007
2004
2012
2014
2019
2023
2023
2023
2026
2029
2036
2030
2029
2031
2040
2045
2056
2055
2064
2067
2067
2058
2060
2064
2066
2066
2058
2054
2059
2078
2081
2079
2076
2071
2073
2070
2065
2061
2058
2055
2056
2058
2059
2054
2050
2051
2048
2040
2037
2038
2026
2027
2027
2019
2017
2014
2010
2011
2011
2016
2018
2021
2023
2014
2015
2013
2011
2013
2014
2012
2006
2005
1999
1997
2003
1995
1995
1992
1996
1997
2001
1998
2001
2002
2004
2003
2005
2008
2021
2017
2020
2020
2020
2024
2031
2036
2035
2030
2040
2045
2046
2037
2039
2032
2029
2029
2029
2024
2022
2007
2009
2015
2014
2032
2029
2027
2024
2024
2024
2020
2021
2021
2023
2021
2017
2007
2009
2012
2019
2017
2016
2022
2023
2028
2032
2033
2035
2034
2026
2021
2019
2016
2021
2023
2023
2022
2024
2027
2027
2033
2034
2028
2029
2025
2024
2022
2017
2009
2005
2010
2006
2009
2009
2019
2018
2024
2022
2026
2022
2026
2027
2032
2036
2033
2034
2035
2041
2052
2055
2061
2061
2062
2061
2060
2061
2059
2066
2059
2055
2051
2048
2048
2052
2051
2049
2051
2052
2054
2049
2049
2042
2043
2032
2032
2032
2032
2035
2029
2027
2023
2017
2020
2017
2015
2016
2013
2010
2005
2002
2002
1997
1996
1996
1991
1982
1990
1997
1998
1995
1992
1988
1982
1979
1986
1991
1995
1983
1987
1987
1994
1995
2004
2004
1999
1994
2003
2007
2008
2007
2006
2012
2017
2014
2017
2017
2019
2023
2025
2018
2023
2031
2035
2040
2040
2041
2043
2049
2050
2056
2050
2044
2047
2046
2051
2066
2069
2068
2070
2063
1948
1872
1803
1755
1745
1772
1824
1875
2084
2119
2155
2186
2112
2096
2101
2108
2141
2254
2254
2227
2182
2132
2098
2084
2074
2102
2095
2090
2078
1971
1939
1906
1891
1908
1980
2001
2019
2028
2035
2039
2037
2031
2025
2026
2039
2069
2096
2127
2141
2145
2125
1988
1960
1946
1945
1969
2006
2033
2054
2082
2098
2085
2063
2042
2025
2009
2009
2007
2023
2016
2006
2002
1995
2005
2014
2018
2081
2089
2088
2075
2051
1965
1934
1910
1907
1901
1898
1893
1897
1915
1917
1926
1933
2032
2068
2100
2127
2134
2121
2109
2096
2085
2082
2076
2064
2053
2042
2040
2032
2026
1998
2001
2005
2015
1984
1964
1946
1932
1929
1912
1911
1908
1915
1918
1922
1929
1938
1917
1911
1908
1900
1915
1933
1941
1956
2011
2019
2029
2035
2045
2075
2081
2076
2070
2057
2052
2051
2049
2060
2056
2065
2067
2048
2042
2035
2027
2001
1994
1999
2006
2012
2024
2037
2036
2033
2032
2038
2041
2037
2032
2024
2017
2002
1987
1929
1915
1897
1883
1865
1857
1859
1855
1830
1826
1826
1818
1817
1818
1823
1830
1840
1855
1862
1862
1855
1844
1835
1832
1828
1817
1816
1817
1816
1824
1830
1839
1849
1861
1872
1894
1914
1939
2077
2114
2151
2187
2340
2382
2421
2458
2489
2583
2607
2634
2663
2695
2723
2751
2784
2909
2940
2973
2999
3063
3070
3077
3083
3060
3051
3042
3019
2999
2922
2895
2863
2833
2800
2763
2717
2674
2419
2331
2240
2149
1870
1815
1766
1730
1696
1575
1528
1485
1437
1390
1346
1317
1291
1217
1193
1170
1156
1133
1117
1096
1071
1056
1013
1000
988
980
981
971
955
948
942
951
967
984
1003
1027
1055
1078
1102
1231
1270
1314
1361
1533
1574
1614
1651
1811
1858
1905
1962
2021
2172
2212
2249
2281
2310
2337
2354
2374
2437
2447
2451
2449
2455
2454
2448
2438
2433
2414
2400
2378
2360
2339
2314
2285
2258
2128
2086
2048
2010
1831
1780
1732
1695
1548
1524
1499
1479
1464
1436
1431
1426
1424
1428
1436
1442
1453
1509
1535
1557
1573
1659
1686
1712
1741
1882
1914
1948
1982
2019
2129
2169
2208
2240
2272
2313
2357
2400
2529
2554
2581
2608
2681
2694
2715
2734
2748
2807
2825
2838
2854
2870
2887
2903
2913
2926
2921
2915
2909
2879
2862
2851
2842
2775
2756
2736
2712
2682
2584
2552
2520
2487
2453
2420
2380
2345
2207
2179
2153
2132
2032
2009
1991
1970
1885
1866
1847
1822
1809
1774
1762
1751
1744
1732
1723
1715
1712
1703
1704
1702
1706
1714
1721
1727
1738
1744
1763
1771
1774
1780
1788
1798
1803
1807
1812
1809
1818
1828
1850
1855
1859
1863
1893
1905
1906
1904
1908
1915
1918
1911
1906
1906
1903
1893
1897
1888
1888
1896
1901
1900
1897
1898
1902
1903
1885
1880
1878
1878
1870
1872
1870
1869
1847
1845
1843
1845
1844
1842
1839
1842
1843
1832
1832
1832
1829
1829
1829
1826
1827
1833
1831
1832
1835
1832
1832
1830
1832
1832
1837
1839
1846
1851
1871
1870
1876
1881
1908
1919
1932
1939
1945
1953
1964
1974
1989
2007
2018
2033
2040
2077
2087
2102
2112
2154
2168
2185
2197
2204
2228
2227
2227
2230
2232
2239
2248
2254
2263
2263
2260
2258
2263
2262
2262
2260
2241
2234
2225
2218
2210
2172
2159
2152
2150
2140
2135
2123
2123
2101
2096
2098
2092
2071
2061
2052
2051
2045
2023
2019
2016
2019
2013
2001
1993
1987
1963
1955
1947
1939
1910
1907
1897
1900
1877
1870
1871
1865
1855
1848
1844
1844
1848
1842
1842
1847
1856
1881
1889
1893
1909
1962
1972
1986
1997
2010
2031
2042
2045
2052
2064
2078
2087
2093
2145
2150
2157
2167
2196
2202
2206
2212
2207
2206
2203
2206
2206
2212
2208
2209
2212
2213
2211
2205
2197
2193
2195
2194
2197
2187
2182
2181
2175
2157
2144
2136
2132
2132
2106
2097
2090
2082
2072
2058
2049
2046
2014
2006
1997
1989
1932
1928
1924
1918
1911
1892
1888
1881
1882
1873
1868
1867
1859
1850
1851
1856
1860
1871
1875
1883
1896
1924
1936
1944
1957
1968
1979
1975
1976
1985
1997
2007
2021
2021
2025
2036
2045
2051
2059
2061
2069
2073
2080
2084
2080
2078
2079
2081
2088
2096
2098
2068
2059
2054
2042
2019
2017
2015
2008
1977
1972
1972
1971
1974
1952
1948
1946
1943
1949
1947
1954
1954
1938
1936
1937
1944
1949
1947
1947
1942
1931
1927
1935
1941
1948
1947
1944
1948
1955
1956
1962
1969
1973
1990
1997
2002
2009
2027
2032
2032
2031
2030
2042
2041
2044
2049
2054
2067
2072
2082
2089
2094
2099
2102
2116
2114
2114
2114
2115
2108
2107
2104
2104
2090
2088
2084
2079
2080
2075
2073
2075
2066
2074
2071
2065
2058
2057
2058
2059
2061
2068
2067
2069
2062
2060
2060
2062
2064
2052
2050
2050
2052
2049
2044
2041
2042
2030
2031
2035
2046
2045
2050
2045
2038
2033
2029
2027
2028
2027
2008
2003
2003
1997
1979
1971
1971
1977
1978
1971
1967
1964
1962
1962
1962
1964
1968
1979
1984
1990
1992
1989
1995
2001
2002
1997
2000
2003
2003
2009
2010
2010
2010
2013
2013
2020
2026
2034
2042
2048
2047
2042
2049
2050
2052
2055
2054
2057
2050
2046
2049
2052
2048
2051
2055
2054
2053
2054
2061
2057
2061
2063
2061
2038
2036
2033
2026
2016
2011
2010
2011
2011
2007
2003
1995
1997
1983
1981
1987
1984
1989
1993
1998
2007
2009
2014
2014
2013
2015
2017
2012
2011
2009
2009
2004
2004
2006
1992
1990
1989
1987
1976
1969
1976
1976
1981
1994
1990
1995
2001
2006
2009
2018
2033
2051
2059
2061
2059
2086
2082
2082
2089
2094
2096
2093
2089
2086
2087
2080
2079
2078
2073
2070
2069
2068
2048
2037
2033
2036
2032
2032
2038
2038
2036
2038
2034
2037
2043
2043
2034
2032
2029
2026
2025
2024
2021
2009
2010
2008
2006
1984
1983
1981
1980
1983
1982
1981
1983
1985
1983
1975
1971
1970
1985
1993
1987
1985
1998
1996
1992
1996
2006
2022
2028
2034
2038
2046
2050
2056
2062
2085
2083
2081
2079
2088
2093
2099
2100
2090
2085
2079
2080
2083
2074
2075
2076
2078
2078
2074
2066
2056
2036
2032
2030
2026
2011
1999
1997
1994
1991
1971
1965
1958
1953
1947
1941
1941
1937
1928
1925
1924
1925
1933
1939
1939
1945
1951
1942
1945
1951
1948
1946
1947
1954
1960
1971
1973
1977
1984
1990
1993
1996
1999
2004
2028
2029
2031
2037
2047
2055
2058
2062
2069
2063
2065
2062
2060
2062
2073
2086
2092
2092
2089
2091
2087
2089
2090
2088
2090
2087
2095
2099
2104
2108
2108
2107
2105
2103
2104
2087
2081
2083
2083
2082
2085
2078
2074
2059
2053
2042
2035
2071
2073
2059
2030
1910
1885
1875
1875
1889
1940
1959
1973
1984
1993
1991
1986
1985
2022
2033
2046
2057
2086
2097
2108
2104
2108
2062
2051
2053
2064
2070
2074
2079
2090
2078
2065
2053
2050
2028
2034
2047
2062
2065
2047
2024
2006
1997
2010
2022
2026
2037
2047
2048
2051
2051
2026
2005
1989
1976
2007
2015
2021
2017
1994
2000
2004
2009
2020
2007
1992
1982
1975
1964
1953
1946
1936
1933
1941
1948
1952
1913
1899
1890
1883
1890
1951
1973
1996
2026
2040
2050
2064
2070
2084
2093
2097
2103
2119
2115
2107
2094
2043
2040
2044
2048
2054
2064
2067
2063
2062
2062
2066
2068
2073
2086
2083
2073
2067
2027
2014
2012
2009
2011
1981
1971
1959
1946
1935
1926
1926
1933
1949
1954
1968
1972
1972
1971
1965
1965
1980
1989
1990
1995
2001
1996
1991
1989
1984
1979
1975
1974
1975
1958
1956
1955
1945
1897
1890
1886
1889
1870
1870
1868
1864
1862
1869
1870
1874
1884
1902
1916
1923
1933
1966
1980
1994
2011
2071
2090
2105
2119
2128
2144
2147
2150
2164
2176
2185
2192
2203
2213
2209
2206
2209
2220
2229
2239
2256
2312
2324
2338
2345
2357
2376
2388
2405
2416
2423
2427
2438
2449
2460
2464
2463
2471
2450
2446
2441
2442
2441
2421
2415
2411
2402
2396
2385
2375
2358
2266
2234
2201
2162
1993
1957
1918
1885
1749
1721
1698
1677
1652
1605
1597
1585
1572
1560
1552
1549
1542
1523
1517
1512
1507
1492
1487
1477
1475
1475
1474
1471
1473
1475
1481
1495
1509
1524
1565
1578
1593
1610
1626
1644
1661
1682
1703
1778
1793
1810
1829
1841
1861
1882
1899
1913
1957
1962
1973
1985
1994
2003
2012
2020
2072
2089
2100
2118
2191
2201
2216
2222
2243
2239
2235
2227
2223
2179
2160
2142
2125
2102
2081
2067
2051
1980
1965
1956
1947
1921
1921
1925
1928
1937
1951
1959
1960
1963
1964
1963
1965
1970
1972
1969
1967
1968
1968
1975
1984
1995
2040
2052
2067
2087
2107
2158
2182
2204
2224
2245
2259
2276
2294
2351
2365
2378
2390
2412
2422
2431
2435
2445
2466
2475
2481
2484
2494
2501
2511
2515
2539
2545
2547
2548
2536
2527
2509
2491
2428
2412
2394
2372
2351
2269
2244
2221
2195
2175
2154
2140
2121
2052
2037
2012
1995
1937
1923
1910
1897
1873
1804
1777
1755
1732
1708
1682
1653
1623
1535
1524
1513
1507
1484
1485
1490
1487
1513
1531
1544
1563
1574
1612
1624
1639
1653
1664
1674
1690
1705
1761
1772
1795
1814
1885
1899
1918
1939
1964
2027
2049
2064
2084
2099
2112
2130
2145
2190
2195
2203
2216
2223
2231
2234
2237
2237
2234
2226
2220
2213
2216
2213
2207
2205
2206
2197
2185
2173
2147
2135
2126
2119
2079
2074
2061
2053
2046
2008
1996
1994
1989
1986
1981
1980
1972
1950
1949
1947
1947
1946
1944
1943
1945
1952
1949
1948
1946
1952
1955
1964
1964
1965
1970
1983
1983
1987
1991
1996
2002
2011
2015
2044
2051
2059
2065
2100
2108
2116
2115
2123
2125
2126
2123
2120
2117
2112
2110
2103
2104
2099
2096
2091
2059
2058
2052
2038
2004
2002
1992
1981
1974
1940
1931
1917
1906
1901
1899
1899
1897
1863
1858
1862
1865
1865
1870
1874
1876
1889
1896
1898
1907
1915
1920
1925
1934
1941
1944
1942
1944
1946
1948
1941
1938
1940
1924
1917
1908
1897
1891
1876
1877
1880
1884
1888
1889
1893
1900
1923
1926
1938
1946
2009
2021
2032
2042
2085
2098
2109
2120
2127
2152
2169
2177
2190
2198
2206
2220
2233
2250
2251
2260
2266
2281
2288
2298
2295
2302
2303
2310
2318
2322
2319
2315
2307
2310
2299
2301
2301
2302
2294
2285
2279
2273
2250
2248
2244
2241
2241
2221
2213
2200
2190
2176
2160
2142
2132
2081
2065
2046
2027
1973
1958
1946
1927
1874
1861
1851
1839
1835
1803
1794
1790
1791
1785
1782
1771
1768
1752
1748
1751
1753
1774
1780
1788
1797
1805
1818
1828
1834
1848
1868
1885
1902
1915
1974
1983
1996
2010
2047
2051
2058
2061
2071
2072
2071
2069
2069
2057
2050
2047
2042
2033
2021
2022
2020
1998
1993
1985
1978
1953
1953
1952
1953
1958
1958
1956
1955
1954
1957
1957
1956
1955
1949
1946
1946
1950
1962
1956
1960
1963
1980
1983
1989
1988
1994
2000
2003
2013
2018
2019
2024
2029
2029
2051
2059
2063
2062
2071
2075
2079
2086
2094
2092
2098
2102
2105
2103
2110
2117
2122
2116
2115
2110
2113
2100
2094
2091
2093
2099
2100
2104
2106
2111
2093
2098
2104
2106
2110
2109
2110
2108
2077
2072
2067
2064
2044
2039
2031
2027
2022
2021
2021
2019
2020
2018
2020
2020
2018
2017
2018
2023
2026
2015
2011
2012
2018
2007
2003
1999
1995
1994
1979
1977
1977
1976
1973
1972
1971
1968
1951
1951
1949
1952
1948
1952
1958
1962
1968
1978
1979
1973
1973
1981
1985
1987
1988
1993
2005
2011
2018
2025
2027
2031
2035
2055
2060
2066
2073
2078
2084
2086
2089
2095
2095
2095
2099
2101
2105
2106
2105
2106
2114
2116
2117
2113
2110
2112
2111
2108
2105
2105
2104
2105
2107
2082
2072
2066
2060
2033
2027
2024
2011
1974
1973
1970
1968
1961
1945
1944
1944
1946
1942
1942
1936
1940
1932
1933
1934
1929
1940
1945
1946
1950
1956
1958
1963
1965
1964
1965
1972
1981
1983
1984
1989
1995
1999
2003
2017
2014
2021
2025
2029
2035
2039
2042
2042
2043
2039
2044
2046
2034
2035
2038
2042
2042
2037
2040
2038
2034
2041
2043
2037
2039
2039
2043
2046
2045
2044
2046
2046
2041
2038
2042
2039
2044
2047
2053
2049
2053
2042
2041
2042
2042
2041
2046
2047
2046
2056
2051
2046
2046
2045
2041
2040
2037
2036
2029
2027
2027
2023
2012
2014
2017
2015
2028
2032
2032
2035
2035
2023
2022
2018
2022
2020
2017
2023
2023
2017
2013
2008
2010
2003
2008
2014
2016
2015
2016
2008
2011
2016
2019
2020
2023
2026
2045
2044
2048
2048
2050
2049
2049
2050
2050
2047
2043
2041
2045
2042
2037
2029
2026
2024
2022
2022
2019
2013
2016
2026
2026
2027
2014
2009
2003
1997
2001
1999
1996
1995
1991
1989
1988
1990
1992
1984
1974
1968
1967
1969
1967
1968
1975
1975
1977
1977
1976
1987
1994
1998
1999
2006
2012
2012
2009
2019
2023
2021
2019
2024
2021
2027
2032
2037
2048
2049
2057
2063
2068
2072
2079
2085
2087
2087
2081
2086
2095
2089
2094
2097
2103
2109
2106
2106
2101
2103
2092
2089
2089
2084
2082
2082
2076
2071
2071
2063
2061
2056
2053
2055
2051
2046
2047
2032
2031
2029
2027
2016
2014
2013
2011
2003
2003
2005
2007
2003
2007
2007
2010
2008
2010
2003
2002
1999
1998
2003
2009
2008
2005
2003
2002
2002
2000
1997
1990
1981
1981
1997
2026
2046
2055
1958
1928
1901
1882
1904
1907
1907
1904
1901
1911
1924
1936
1947
1982
1998
2015
2033
2052
2070
2087
2102
2086
2082
2087
2097
2139
2133
2127
2109
2090
2063
2066
2065
2074
2093
2109
2129
2138
2047
2028
2024
2033
2093
2099
2093
2075
2012
2004
1994
1991
1987
1976
1976
1975
1978
1986
1992
1999
2000
2028
2039
2048
2054
2042
2027
2012
1990
1967
1915
1907
1906
1913
1919
1933
1942
1946
1952
1960
1974
1992
2069
2079
2084
2086
2120
2135
2148
2153
2155
2158
2150
2154
2159
2165
2167
2162
2151
2088
2079
2074
2077
2095
2106
2113
2118
2134
2142
2135
2124
2115
2115
2102
2092
2082
2037
2018
1998
1981
1962
1946
1933
1921
1911
1871
1852
1838
1830
1820
1818
1827
1833
1838
1861
1870
1873
1884
1897
1909
1918
1922
1928
1933
1935
1937
1962
1979
1995
2005
2032
2040
2044
2052
2066
2074
2080
2082
2084
2081
2077
2075
2069
2064
2057
2044
2035
1992
1997
1994
1989
1987
1963
1965
1974
1984
1994
2012
2023
2030
2057
2058
2061
2062
2059
2054
2049
2052
2036
2034
2036
2034
2031
2005
1994
1985
1976
1976
1972
1969
1970
1977
1982
1981
1983
2001
2009
2017
2030
2043
2082
2097
2113
2131
2148
2163
2181
2203
2252
2257
2265
2272
2278
2278
2275
2277
2279
2269
2267
2265
2263
2213
2200
2188
2168
2149
2128
2109
2095
2028
2009
1999
1992
1974
1971
1972
1970
1973
1938
1931
1936
1941
1940
1945
1951
1958
1941
1936
1927
1924
1911
1908
1906
1900
1870
1869
1872
1867
1868
1873
1872
1873
1881
1888
1889
1896
1907
1914
1916
1912
1908
1898
1897
1896
1896
1898
1904
1903
1900
1902
1902
1899
1901
1906
1901
1899
1896
1895
1901
1901
1907
1907
1913
1911
1913
1917
1915
1912
1914
1916
1922
1925
1930
1934
1938
1949
1951
1955
1962
1976
1982
1988
1993
2001
2000
2001
2013
2032
2084
2094
2099
2106
2114
2120
2129
2142
2183
2187
2187
2196
2236
2246
2252
2254
2250
2251
2251
2252
2250
2241
2237
2235
2232
2223
2208
2202
2199
2182
2179
2179
2168
2167
2167
2164
2167
2171
2168
2161
2163
2166
2165
2161
2159
2163
2151
2148
2143
2146
2145
2142
2139
2134
2130
2109
2100
2097
2104
2106
2099
2093
2089
2072
2074
2074
2066
2051
2052
2045
2034
2002
1997
1997
1993
1989
1983
1977
1971
1961
1954
1942
1931
1922
1889
1878
1871
1861
1821
1814
1804
1792
1785
1760
1758
1753
1750
1749
1746
1742
1740
1749
1754
1761
1770
1810
1818
1829
1840
1878
1886
1899
1913
1931
1966
1977
1988
1997
2005
2008
2010
2015
2038
2042
2044
2048
2061
2066
2069
2069
2071
2077
2080
2084
2083
2082
2086
2088
2085
2078
2081
2081
2081
2080
2082
2087
2097
2107
2113
2119
2124
2127
2130
2130
2133
2132
2129
2129
2124
2125
2124
2122
2121
2116
2100
2095
2095
2099
2105
2089
2087
2091
2082
2078
2082
2078
2077
2076
2075
2076
2073
2066
2068
2069
2065
2072
2071
2075
2081
2083
2074
2068
2067
2064
2064
2063
2061
2053
2033
2031
2033
2038
2006
1996
1992
1993
1988
1964
1957
1953
1943
1939
1931
1924
1922
1930
1934
1941
1948