1974
1972
1971
1973
1974
1982
1988
1999
2005
2014
2026
2062
2073
2085
2097
2115
2132
2138
2148
2155
2158
2159
2168
2171
2187
2186
2185
2181
2167
2163
2165
2170
2175
2162
2162
2160
2156
2157
2163
2165
2161
2130
2131
2125
2117
2091
2080
2071
2057
2015
2002
1984
1969
1955
1916
1899
1890
1884
1874
1861
1847
1842
1825
1815
1810
1810
1817
1818
1824
1830
1856
1859
1864
1861
1866
1858
1862
1865
1875
1879
1874
1880
1890
1899
1901
1895
1904
1928
1936
1949
1955
1959
1977
1988
1999
2007
2018
2025
2030
2042
2071
2079
2086
2099
2129
2133
2131
2134
2150
2152
2155
2160
2165
2161
2159
2158
2158
2154
2153
2144
2142
2113
2114
2101
2091
2060
2055
2052
2045
2042
2013
2003
1992
1988
1985
1981
1975
1966
1921
1911
1903
1897
1890
1890
1893
1906
1956
1972
1981
1995
2012
2046
2063
2079
2085
2087
2090
2085
2083
2055
2054
2051
2045
2002
1991
1980
1973
1969
1965
1961
1961
1963
1984
1984
1996
2010
2029
2048
2064
2069
2105
2111
2122
2133
2148
2145
2145
2144
2141
2127
2127
2120
2117
2112
2104
2102
2101
2086
2085
2077
2066
2057
2056
2056
2055
2061
2062
2058
2060
2063
2048
2047
2041
2032
2025
2024
2021
2019
2034
2038
2047
2052
2078
2082
2087
2090
2090
2071
2064
2058
2051
2046
2044
2038
2028
2019
2022
2023
2025
2037
2038
2042
2043
2050
2056
2056
2055
2051
2061
2060
2059
2059
2057
2055
2051
2042
2014
2005
1999
1995
1962
1958
1952
1949
1922
1922
1923
1930
1930
1930
1932
1926
1922
1921
1920
1925
1928
1933
1935
1942
1956
2009
2014
2016
2021
2023
2022
2019
2014
2006
1992
1986
1977
1971
1967
1961
1954
1951
1935
1934
1927
1925
1922
1936
1940
1949
1959
1981
1997
2009
2022
2033
2043
2056
2065
2087
2090
2093
2093
2078
2076
2073
2075
2059
2055
2054
2053
2052
2036
2037
2033
2029
2027
2032
2034
2039
2050
2050
2051
2056
2055
2057
2060
2062
2061
2042
2041
2046
2052
2055
2060
2064
2065
2048
2051
2048
2050
2058
2065
2067
2067
2077
2073
2078
2076
2075
2081
2085
2089
2091
2091
2091
2082
2073
2046
2039
2037
2028
2007
2002
2000
2000
2001
1996
1993
1987
1981
1977
1977
1975
1976
1975
1982
1987
1992
2011
2008
2013
2024
2028
2027
2026
2019
2018
2019
2014
2013
2020
2019
2017
2012
2016
2021
2022
2023
2021
2022
2020
2021
2024
2018
2008
2005
1992
1993
1996
1989
1989
1989
1993
1997
1997
2003
2007
2005
2004
2011
2011
2030
2038
2040
2042
2053
2059
2067
2065
2069
2063
2064
2067
2071
2072
2075
2073
2070
2062
2057
2051
2045
2029
2026
2023
2022
2027
2016
2018
2020
2019
2013
2013
2013
2015
2034
2034
2035
2034
2014
2003
1993
1981
1950
1938
1926
1922
1916
1953
1941
1901
1889
1904
1919
1934
1959
2055
2091
2137
2167
2185
2161
2153
2144
2134
2133
2127
2122
2115
2107
2089
2069
2045
1998
2000
2002
2001
2035
2040
2045
2051
2107
2121
2142
2161
2170
2189
2184
2180
2177
2163
2147
2136
2129
2082
2069
2051
2027
1956
1929
1910
1903
1900
1903
1908
1905
1905
1897
1898
1892
1890
1896
1903
1909
1921
1935
1927
1923
1909
1875
1878
1892
1910
1931
1980
1989
2001
2010
2018
2023
2026
2029
2062
2065
2062
2065
2069
2069
2070
2066
2067
2062
2066
2071
2071
2068
2061
2053
2043
2017
2014
2012
2012
2013
2015
2018
2014
2011
1989
1982
1983
1992
1999
2007
2014
2016
2015
2022
2021
2023
2024
2027
2029
2033
2033
2029
2030
2033
2035
2032
2030
2032
2039
2036
2037
2041
2040
2038
2038
2032
2025
2021
2018
2015
2017
2012
1990
1978
1976
1966
1944
1940
1940
1939
1929
1899
1889
1875
1864
1860
1858
1852
1845
1818
1821
1828
1832
1841
1839
1838
1833
1808
1807
1805
1800
1804
1826
1833
1842
1851
1855
1848
1844
1844
1868
1875
1877
1884
1940
1958
1975
2000
2032
2140
2182
2223
2269
2316
2355
2398
2440
2563
2606
2651
2693
2738
2780
2811
2844
2878
2948
2973
2993
3008
3033
3050
3066
3084
3096
3111
3112
3109
3112
3115
3111
3106
3096
3056
3046
3038
3028
2793
2736
2673
2611
2376
2319
2274
2229
2172
1973
1904
1838
1769
1704
1639
1587
1548
1367
1318
1276
1230
1063
1024
996
976
955
899
873
848
827
807
786
767
753
752
760
768
776
822
834
842
859
998
1036
1079
1118
1150
1287
1337
1390
1444
1493
1548
1605
1656
1864
1905
1938
1971
2106
2144
2175
2201
2319
2341
2353
2370
2386
2422
2433
2446
2456
2464
2476
2494
2500
2515
2512
2504
2494
2457
2446
2437
2427
2420
2363
2343
2323
2305
2288
2278
2257
2239
2155
2138
2121
2100
2003
1979
1961
1945
1891
1878
1859
1847
1834
1812
1806
1807
1800
1794
1795
1801
1800
1807
1815
1828
1848
1909
1930
1953
1970
2047
2068
2090
2114
2139
2210
2236
2270
2304
2330
2360
2388
2406
2478
2504
2527
2547
2631
2652
2667
2671
2686
2733
2737
2746
2751
2764
2767
2764
2764
2743
2735
2721
2706
2615
2580
2542
2514
2410
2378
2349
2315
2281
2189
2152
2115
2078
2047
2010
1973
1942
1829
1801
1770
1741
1652
1639
1617
1606
1595
1551
1546
1547
1552
1553
1552
1559
1569
1588
1588
1597
1606
1646
1654
1666
1682
1751
1770
1786
1804
1820
1871
1891
1916
1940
1967
1990
2017
2037
2106
2116
2132
2142
2183
2198
2205
2205
2229
2226
2223
2217
2218
2204
2198
2192
2185
2173
2158
2154
2149
2102
2090
2075
2061
2042
1995
1972
1945
1918
1901
1886
1869
1850
1780
1764
1748
1729
1710
1694
1675
1664
1647
1612
1604
1602
1599
1593
1595
1600
1601
1596
1588
1586
1577
1574
1605
1615
1624
1633
1641
1646
1651
1658
1743
1759
1777
1801
1826
1882
1905
1927
1952
1976
1999
2014
2031
2089
2114
2132
2149
2163
2175
2185
2195
2206
2250
2268
2284
2288
2297
2304
2314
2323
2331
2369
2376
2376
2380
2386
2389
2398
2403
2414
2414
2411
2408
2403
2396
2390
2381
2375
2369
2355
2335
2324
2310
2290
2274
2268
2268
2229
2215
2194
2179
2162
2155
2138
2119
2082
2066
2051
2034
1964
1946
1928
1909
1867
1858
1851
1846
1841
1850
1848
1835
1824
1821
1820
1812
1809
1821
1823
1832
1838
1842
1839
1842
1849
1874
1883
1888
1886
1893
1916
1924
1933
1944
1952
1962
1969
1980
2007
2022
2039
2051
2090
2098
2104
2113
2124
2133
2143
2156
2160
2170
2179
2183
2193
2217
2222
2225
2236
2255
2267
2267
2255
2250
2255
2255
2248
2253
2229
2221
2212
2206
2193
2178
2167
2159
2137
2124
2108
2095
2048
2049
2039
2026
2016
1986
1971
1955
1950
1951
1947
1942
1933
1894
1886
1892
1897
1874
1874
1873
1870
1872
1878
1885
1893
1895
1899
1897
1888
1886
1887
1891
1891
1899
1908
1911
1920
1930
1956
1957
1954
1966
1976
1989
1994
2011
2021
2028
2031
2036
2038
2063
2075
2080
2077
2077
2079
2074
2076
2091
2084
2084
2080
2081
2093
2092
2096
2096
2098
2089
2080
2075
2054
2052
2051
2046
2032
2030
2027
2030
2031
2019
2011
2012
2016
2015
2013
2013
2015
2000
2000
1996
1997
2000
1992
1983
1975
1970
1974
1973
1964
1958
1945
1936
1933
1931
1930
1929
1935
1937
1929
1929
1928
1933
1947
1960
1965
1964
1959
1978
1982
1987
1991
1995
2000
2008
2019
2041
2050
2062
2071
2079
2086
2095
2103
2113
2116
2122
2127
2127
2108
2107
2099
2103
2107
2105
2105
2103
2090
2090
2092
2095
2092
2092
2095
2096
2093
2086
2079
2079
2075
2073
2069
2073
2071
2054
2049
2042
2032
2026
2027
2018
2010
2006
1999
1990
1978
1973
1975
1974
1971
1970
1973
1962
1953
1948
1953
1955
1959
1962
1963
1974
1974
1969
1972
1996
1995
2002
2004
2004
2011
2018
2025
2028
2032
2035
2041
2048
2047
2044
2040
2041
2065
2071
2076
2080
2095
2098
2105
2109
2108
2114
2118
2120
2122
2120
2114
2113
2104
2081
2081
2074
2068
2040
2039
2042
2036
2006
1998
1990
1986
1982
1964
1958
1955
1954
1959
1955
1955
1957
1962
1968
1971
1972
1961
1963
1969
1966
1964
1956
1952
1947
1947
1941
1930
1930
1931
1942
1945
1947
1955
1964
1966
1968
1975
1998
2011
2020
2024
2031
2037
2041
2050
2054
2067
2072
2077
2083
2094
2095
2094
2098
2097
2105
2105
2108
2110
2118
2116
2115
2113
2109
2109
2113
2112
2107
2105
2105
2107
2110
2114
2111
2109
2104
2096
2093
2094
2093
2085
2076
2071
2067
2060
2047
2045
2035
2031
2026
2020
2019
2020
2000
1991
1987
1979
1960
1963
1968
1972
1976
1978
1981
1986
1985
1984
1987
1986
1994
2002
2001
2002
2007
1997
1999
2002
1998
1986
1980
1975
1974
1977
1977
1977
1975
1978
1977
1982
1990
1989
1989
1989
1994
2006
2019
2022
2025
2027
2026
2028
2035
2040
2041
2042
2044
2046
2053
2053
2058
2057
2057
2053
2056
2063
2068
2085
2087
2084
2084
2078
2073
2069
2065
2059
2039
2043
2046
2045
2039
2026
2015
2008
1980
1984
1978
1978
1948
1942
1939
1936
1936
1926
1916
1914
1920
1923
1931
1934
1940
1945
1953
1957
1959
1972
1980
1986
2000
2011
2023
2029
2037
2041
2044
2051
2058
2066
2069
2072
2073
2078
2070
2082
2078
2073
2087
2088
2089
2094
2102
2107
2104
2102
2101
2106
2112
2113
2111
2117
2117
2107
2108
2117
2121
2117
2109
2109
2106
2105
2102
2092
2089
2089
2082
2080
2080
2060
2055
2052
2057
2060
2059
2054
2050
2029
2015
2012
2008
1994
1992
1992
1991
1974
1973
1968
1967
1966
1965
1959
1958
1962
1962
1961
1963
1958
1959
1956
1962
1981
1835
1745
1702
1719
1783
2047
2094
2113
2119
2127
2132
2140
2141
2057
2036
2026
2035
2112
2144
2146
2139
2056
2059
2065
2064
2055
2045
2035
2026
2025
2018
2010
2010
2019
2049
2063
2074
2073
2043
2021
2005
1994
1981
1984
1981
1970
1966
1966
1978
1996
2020
2029
2031
2026
2022
1980
1970
1962
1940
1937
1958
1985
2004
2006
1993
1998
2008
2012
2009
2010
2003
1980
1941
1946
1962
1981
2002
2011
2020
2028
2023
2017
2014
2013
2017
2042
2040
2041
2048
2056
2056
2064
2066
2073
2085
2093
2100
2087
2086
2084
2083
2075
2070
2074
2080
2082
2084
2078
2063
2058
2075
2089
2098
2097
2096
2086
2078
2075
2071
2066
2062
2065
2059
2056
2059
2051
2039
2034
2036
2038
2036
2008
1997
1987
1981
1970
1967
1956
1947
1943
1951
1955
1960
1959
1949
1939
1924
1913
1906
1917
1920
1917
1893
1889
1882
1875
1883
1883
1880
1878
1873
1877
1873
1865
1867
1860
1854
1849
1842
1814
1811
1803
1795
1750
1750
1750
1762
1792
1802
1812
1835
1849
1874
1881
1890
1899
1912
1930
1942
1964
2029
2043
2061
2080
2187
2213
2233
2255
2284
2359
2388
2424
2461
2498
2527
2554
2591
2698
2725
2754
2780
2862
2880
2901
2916
2937
2937
2937
2947
2960
2973
2970
2964
2959
2939
2919
2904
2898
2490
2398
2319
2233
2189
2184
2179
2164
2156
2097
2074
2055
2029
1998
1978
1976
1965
1884
1865
1830
1795
1680
1647
1612
1563
1413
1378
1342
1306
1265
1192
1164
1145
1145
1149
1143
1138
1153
1209
1214
1220
1228
1282
1285
1295
1320
1343
1432
1465
1512
1557
1598
1637
1676
1712
1792
1793
1791
1791
1818
1832
1832
1833
1843
1837
1836
1833
1825
1824
1807
1805
1801
1792
1794
1793
1797
1785
1792
1798
1807
1833
1835
1842
1847
1848
1869
1877
1877
1882
1897
1906
1908
1905
1894
1905
1923
1948
2013
2027
2042
2050
2058
2081
2091
2103
2118
2128
2131
2133
2130
2118
2115
2113
2118
2125
2130
2135
2142
2154
2182
2186
2193
2206
2214
2225
2239
2261
2272
2287
2286
2290
2295
2307
2328
2353
2376
2445
2453
2457
2462
2510
2518
2528
2545
2600
2613
2621
2627
2629
2596
2585
2569
2550
2531
2511
2486
2466
2405
2385
2369
2351
2342
2353
2372
2391
2429
2429
2434
2439
2439
2428
2426
2417
2412
2404
2395
2389
2378
2315
2285
2262
2241
2164
2144
2123
2113
2103
2063
2050
2033
2022
2018
2016
2010
2008
1961
1953
1946
1943
1929
1929
1928
1919
1893
1882
1875
1875
1872
1854
1848
1841
1830
1816
1807
1802
1792
1759
1758
1761
1768
1770
1768
1778
1793
1801
1811
1814
1819
1815
1816
1810
1811
1811
1809
1805
1802
1793
1788
1782
1778
1776
1750
1733
1729
1720
1712
1681
1676
1662
1646
1633
1627
1620
1609
1628
1626
1624
1627
1612
1615
1617
1618
1623
1641
1646
1653
1662
1674
1687
1699
1713
1798
1817
1836
1853
1923
1943
1962
1986
2075
2095
2106
2132
2149
2178
2185
2191
2193
2203
2209
2212
2217
2218
2218
2217
2217
2189
2182
2170
2167
2126
2114
2105
2094
2093
2098
2098
2107
2109
2111
2108
2112
2111
2111
2110
2116
2120
2108
2110
2117
2112
2116
2120
2115
2113
2106
2107
2106
2113
2112
2103
2108
2111
2117
2109
2111
2113
2124
2133
2139
2145
2148
2150
2156
2153
2153
2155
2156
2174
2182
2182
2199
2200
2200
2198
2200
2201
2197
2177
2160
2124
2117
2110
2104
2097
2093
2080
2070
2006
1992
1978
1973
1967
1962
1960
1953
1961
1963
1969
1976
1981
2010
2020
2031
2046
2052
2054
2060
2071
2093
2093
2097
2102
2128
2128
2128
2127
2129
2139
2137
2135
2135
2132
2136
2133
2134
2129
2126
2125
2117
2112
2107
2098
2092
2086
2060
2050
2043
2034
2024
2015
2002
1994
1991
1980
1973
1966
1966
1968
1970
1973
1976
1972
1982
1985
1981
1973
1966
1966
1970
1963
1966
1969
1974
1979
1972
1975
1971
1970
1967
1965
1966
1968
1971
1979
1980
1981
1970
1973
1972
1972
1967
1968
1974
1984
1990
1998
2000
2003
2012
2022
2015
2007
2003
1996
1990
1990
1988
1980
1974
1977
1980
1977
1963
1955
1952
1945
1933
1928
1918
1921
1915
1918
1920
1921
1925
1926
1933
1938
1945
1952
1959
1959
1965
1966
1975
1983
1992
2009
2020
2024
2029
2034
2041
2047
2053
2051
2045
2047
2047
2048
2053
2053
2048
2047
2051
2043
2037
2031
2029
2028
2019
2020
2021
2013
2008
2005
2003
1989
1983
1981
1986
1979
1979
1978
1977
1979
1979
1984
1986
1982
1984
1991
1992
1996
2005
2005
2011
2018
2037
2042
2048
2057
2059
2063
2062
2060
2067
2067
2070
2080
2088
2088
2090
2098
2100
2109
2113
2112
2119
2138
2136
2136
2142
2142
2132
2127
2121
2124
2121
2120
2121
2114
2085
2076
2066
2060
2052
2044
2044
2040
2038
2013
2006
2003
2000
2004
2009
2005
2004
2010
2012
2012
2015
2030
2030
2033
2042
2060
2069
2069
2074
2079
2068
2071
2074
2082
2080
2086
2085
2090
2091
2090
2090
2090
2091
2092
2089
2080
2079
2064
2067
2063
2058
2045
2042
2044
2044
2016
2013
2019
2028
2012
2008
2006
2007
1996
1990
1988
1988
1986
1968
1960
1955
1950
1941
1930
1925
1926
1901
1896
1895
1895
1900
1897
1895
1892
1893
1903
1912
1920
1927
1925
1923
1928
1936
1955
1956
1961
1965
1966
1976
1981
1991
1995
2015
2017
2020
2022
2026
2035
2042
2045
2052
2064
2064
2069
2072
2072
2068
2071
2076
2065
2062
2062
2066
2051
2052
2053
2055
2045
2044
2039
2035
2042
2036
2037
2036
2040
2042
2037
2038
2043
2038
2034
2033
2039
2042
2038
2038
2038
2037
2035
2033
2037
2036
2039
2041
2038
2039
2045
2043
2038
2043
2043
2045
2049
2050
2047
2045
2044
2051
2055
2061
2063
2063
2064
2065
2065
2070
2073
2066
2062
2060
2059
2055
2054
2052
2050
2046
2041
2038
2038
2041
2040
2037
2029
2024
2010
2009
2006
2009
2000
2002
2003
2007
2014
2016
2016
2012
2009
2022
2025
2030
2032
2032
2031
2031
2029
2030
2034
2035
2035
2020
2023
2018
2017
2019
2007
1998
2000
1999
2002
2000
1997
2000
1991
1983
1983
1986
1979
1980
1982
1984
1980
1976
1975
1972
1975
1980
1985
1976
1965
1957
1959
1968
1971
1977
1977
1979
1986
1999
2001
2001
2012
2015
2017
2019
2018
2019
2022
2028
2031
2035
2062
2064
2070
2075
2070
2073
2075
2080
2068
2074
2076
2075
2073
2087
2090
2087
2090
2089
2090
2094
2096
2079
2084
2092
2098
2096
2090
2086
2080
2070
2065
2061
2055
2046
2044
2041
2036
2029
2013
2004
1996
1990
1976
1970
1966
1971
1767
1753
1756
1761
1791
1907
1938
1985
2026
2044
2045
2051
2065
2095
2134
2170
2198
2192
2168
2151
2140
2131
2123
2129
2128
2124
2126
2135
2145
2144
2111
2104
2102
2102
2094
2081
2066
2056
2043
2045
2044
2040
2036
2013
1988
1961
1944
1927
1914
1916
1925
1978
1980
1967
1951
1888
1877
1875
1879
1892
1948
1954
1956
1950
1935
1917
1901
1885
1867
1870
1884
1899
1940
1944
1948
1942
1957
1969
1989
2007
2019
2044
2045
2044
2051
2057
2057
2063
2068
2088
2079
2072
2064
2059
2065
2070
2077
2085
2121
2129
2128
2127
2124
2120
2121
2124
2126
2133
2135
2129
2049
2029
2017
2016
1999
2000
1999
1988
1989
1963
1950
1939
1940
1940
1939
1939
1940
1952
1952
1950
1942
1926
1929
1931
1933
1968
1975
1988
1999
2001
2005
1998
1991
1980
1968
1959
1957
1962
1937
1929
1914
1896
1854
1851
1847
1838
1824
1734
1689
1648
1608
1568
1525
1487
1454
1394
1392
1402
1420
1522
1561
1598
1633
1725
1728
1739
1752
1756
1800
1827
1864
1894
1927
1974
2023
2069
2249
2307
2365
2426
2709
2786
2861
2932
2998
3200
3267
3338
3415
3491
3554
3612
3675
3847
3876
3898
3919
3970
3970
3972
3967
3893
3853
3811
3766
3716
3552
3484
3406
3329
3242
3157
3067
2975
2574
2463
2353
2248
1793
1679
1568
1456
1348
1032
936
843
753
672
592
520
446
193
162
143
140
122
122
121
116
90
98
92
105
100
100
106
108
112
119
143
178
187
179
202
309
440
525
868
968
1063
1157
1264
1351
1411
1487
1569
1809
1877
1955
2031
2104
2158
2204
2263
2453
2493
2515
2546
2672
2701
2751
2803
2917
2929
2950
2966
2958
2913
2888
2866
2853
2842
2827
2817
2802
2691
2649
2604
2555
2345
2308
2272
2238
2204
2065
2002
1946
1901
1851
1792
1753
1719
1596
1575
1560
1544
1531
1529
1530
1521
1547
1553
1565
1592
1609
1634
1652
1662
1678
1693
1714
1734
1762
1790
1788
1822
1847
1944
1979
2013
2045
2095
2231
2286
2347
2410
2470
2526
2590
2646
2860
2898
2935
2973
3040
3057
3070
3080
3125
3125
3135
3131
3115
3069
3057
3046
3033
3028
3023
3013
3008
2976
2963
2944
2916
2781
2735
2700
2665
2495
2450
2403
2351
2302
2138
2079
2016
1957
1908
1844
1767
1682
1429
1374
1327
1265
1090
1048
1018
988
953
895
892
897
896
916
944
972
994
1104
1141
1183
1232
1443
1499
1547
1596
1816
1861
1902
1955
2001
2128
2164
2198
2237
2265
2304
2345
2371
2463
2478
2503
2531
2603
2609
2609
2607
2605
2601
2594
2589
2578
2556
2527
2500
2467
2309
2263
2218
2169
1971
1919
1873
1829
1649
1612
1575
1539
1515
1442
1418
1395
1372
1354
1332
1309
1295
1271
1261
1261
1274
1303
1321
1342
1363
1379
1427
1457
1483
1513
1546
1577
1599
1626
1727
1760
1794
1826
1933
1962
1989
2024
2145
2168
2196
2236
2274
2351
2374
2397
2421
2439
2452
2466
2470
2496
2502
2517
2527
2518
2517
2511
2508
2504
2470
2461
2446
2433
2422
2404
2380
2359
2285
2267
2255
2244
2174
2154
2144
2136
2113
2110
2104
2096
2087
2057
2049
2039
2028
2019
2007
1996
1987
1953
1940
1930
1922
1872
1858
1846
1846
1842
1807
1800
1798
1796
1790
1776
1775
1780
1773
1769
1772
1769
1765
1765
1768
1777
1806
1812
1818
1824
1825
1854
1863
1878
1899
1913
1932
1950
1969
2029
2045
2060
2080
2163
2184
2205
2224
2242
2297
2315
2330
2347
2360
2381
2401
2412
2437
2442
2449
2450
2454
2449
2438
2426
2388
2382
2374
2358
2343
2281
2268
2253
2237
2215
2201
2185
2167
2114
2098
2082
2072
2025
2012
2004
1998
1986
1951
1930
1907
1892
1884
1876
1864
1852
1806
1799
1791
1771
1734
1737
1740
1742
1748
1751
1760
1769
1778
1778
1781
1788
1798
1845
1851
1860
1876
1924
1933
1940
1958
2011
2022
2023
2033
2040
2060
2064
2077
2079
2079
2084
2085
2088
2091
2087
2088
2096
2118
2117
2119
2115
2107
2107
2105
2101
2095
2094
2094
2088
2081
2040
2029
2023
2024
1979
1972
1972
1971
1956
1957
1957
1952
1947
1929
1929
1926
1922
1924
1927
1930
1933
1943
1945
1944
1944
1958
1958
1962
1969
1979
1983
1981
1979
1972
1966
1961
1965
1959
1953
1942
1943
1943
1972
1976
1975
1973
1972
1980
1989
1988
1992
1998
1996
1998
2008
2020
2020
2025
2029
2051
2053
2055
2063
2102
2111
2119
2126
2133
2146
2147
2148
2149
2156
2160
2164
2171
2188
2190
2198
2199
2200
2200
2197
2200
2195
2188
2182
2177
2172
2152
2147
2135
2128
2118
2110
2092
2078
2035
2030
2027
2020
1994
1988
1980
1982
1982
1974
1969
1964
1962
1963
1960
1958
1952
1947
1940
1937
1943
1934
1936
1939
1939
1953
1960
1959
1961
1963
1981
1984
1990
1995
2001
2010
2019
2022
2015
2017
2024
2025
2036
2041
2039
2032
2034
2031
2032
2033
2040
2053
2058
2060
2060
2047
2047
2055
2057
2041
2040
2046
2048
2044
2038
2033
2036
2038
2035
2027
2019
2020
2026
2022
2017
2011
2010
2011
2005
1995
1988
1973
1976
1970
1963
1954
1952
1944
1939
1938
1919
1919
1917
1906
1898
1899
1905
1909
1913
1913
1912
1919
1931
1941
1949
1951
1966
1967
1970
1975
1981
1994
1994
1991
1993
1994
1992
1996
2000
2018
2024
2027
2033
2066
2071
2076
2076
2084
2093
2096
2099
2100
2100
2098
2109
2112
2103
2109
2121
2126
2127
2133
2138
2144
2167
2167
2164
2162
2166
2169
2166
2160
2156
2148
2147
2149
2149
2136
2128
2113
2100
2075
2070
2060
2059
2049
2029
2022
2025
2023
2016
2005
1993
1990
1983
1977
1972
1974
1966
1963
1961
1959
1945
1942
1940
1943
1938
1938
1939
1939
1936
1941
1941
1939
1940
1961
1968
1972
1978
2001
2002
2008
2012
2013
2022
2026
2020
2019
2029
2034
2036
2041
2039
2044
2058
2057
2062
2064
2063
2065
2066
2053
2052
2051
2059
2066
2070
2069
2064
2063
2062
2066
2066
2057
2054
2054
2059
2062
2064
2062
2059
2051
2045
2038
2037
2037
2031
2013
2001
1984
1978
1972
1966
1961
1950
1924
1923
1920
1919
1910
1915
1918
1922
1926
1920
1927
1930
1937
1947
1954
1959
1960
1965
1967
1974
1976
1976
1977
1981
1989
1994
1998
2003
2008
2010
2008
2008
2006
2013
2017
2026
2030
2031
2032
2036
2040
2051
2058
2069
2072
2080
2087
2129
2138
2139
2148
2154
2165
2165
2165
2163
2159
2150
2152
2149
2132
2129
2126
2116
2096
2088
2079
2071
2055
2049
2046
2043
2038
2024
2018
2017
2017
2019
2017
2017
2012
1882
1817
1776
1770
1910
1951
1983
2001
2017
2026
2023
2017
2006
1998
1994
1998
2013
2089
2096
2094
2080
2013
2022
2034
2045
2068
2059
2047
2037
2029
1983
1981
1982
1995
2013
2041
2074
2093
2110
2108
2098
2091
2097
2096
2105
2120
2131
2099
2079
2061
2044
2022
2013
2016
2012
2012
2010
2014
2019
2003
1995
1992
1985
1963
1955
1940
1928
1918
1896
1908
1931
1955
1970
1988
1998
1997
1965
1945
1922
1901
1920
1943
1961
1970
1971
1934
1929
1924
1920
1930
1943
1966
1992
2034
2036
2033
2022
2009
2024
2045
2078
2112
2110
2099
2090
2085
2061
2055
2060
2071
2069
2061
2056
2046
1997
2001
2008
2014
2014
2016
2022
2025
2023
2028
2024
2024
2026
2039
2046
2046
2043
2024
2023
2026
2024
2064
2063
2070
2072
2074
2057
2052
2045
2045
2040
2038
2038
2039
2023
2015
2009
2000
1959
1954
1950
1945
1952
1946
1935
1918
1901
1833
1814
1802
1790
1780
1769
1754
1743
1705
1693
1676
1668
1639
1642
1644
1644
1647
1628
1615
1618
1623
1626
1637
1658
1671
1699
1707
1721
1742
1873
1918
1966
2011
2181
2227
2269
2315
2367
2535
2608
2679
2745
2804
2870
2930
2984
3192
3231
3273
3316
3360
3442
3452
3463
3480
3483
3486
3489
3489
3480
3471
3460
3450
3437
3421
3400
3366
3333
3218
3174
3131
3083
3033
2985
2939
2895
2591
2454
2314
2183
2069
1806
1752
1703
1661
1620
1580
1542
1513
1292
1224
1168
1128
1062
1053
1031
990
943
835
806
790
777
756
738
719
694
578
531
486
450
413
426
446
462
472
517
543
567
595
627
673
732
800
1080
1137
1196
1245
1472
1534
1605
1678
1942
1998
2051
2097
2134
2221
2249
2268
2292
2316
2337
2350
2358
2352
2353
2356
2364
2447
2469
2489
2508
2526
2506
2482
2455
2426
2399
2377
2357
2337
2251
2222
2181
2140
2011
1988
1978
1968
1946
1943
1935
1928
1924
1929
1942
1967
1995
2027
2055
2084
2106
2176
2194
2212
2234
2297
2310
2321
2317
2317
2313
2320
2321
2327
2342
2355
2370
2386
2427
2436
2443
2454
2518
2544
2572
2596
2687
2713
2742
2772
2796
2895
2922
2948
2975
2990
3004
3012
3021
3005
3001
3007
3009
2967
2946
2926
2907
2876
2784
2745
2702
2658
2615
2565
2515
2468
2302
2261
2222
2189
2028
1989
1954
1917
1771
1736
1697
1660
1631
1543
1517
1490
1464
1438
1411
1387
1369
1300
1287
1286
1283
1274
1278
1286
1295
1303
1324
1332
1344
1361
1383
1404
1420
1442
1506
1519
1533
1549
1619
1634
1654
1669
1739
1757
1778
1797
1815
1844
1850
1852
1852
1851
1847
1846
1846
1866
1875
1882
1889
1930
1935
1945
1950
1962
1999
2001
2005
2007
2014
2014
2014
2014
2032
2034
2046
2054
2044
2028
2016
2009
1952
1932
1920
1913
1906
1886
1877
1874
1870
1870
1861
1864
1869
1868
1881
1890
1901
1962
1971
1987
2000
2005
2036
2050
2061
2076
2089
2098
2111
2124
2151
2161
2169
2178
2204
2201
2206
2212
2242
2250
2259
2262
2265
2281
2282
2289
2297
2299
2302
2315
2322
2313
2310
2310
2319
2311
2299
2287
2280
2276
2254
2248
2239
2234
2230
2221
2212
2205
2168
2163
2160
2164
2157
2157
2167
2173
2160
2156
2151
2146
2136
2099
2083
2070
2057
2041
2029
2008
1983
1892
1871
1852
1834
1760
1739
1721
1707
1695
1668
1662
1660
1662
1658
1658
1654
1658
1672
1683
1699
1706
1745
1758
1780
1796
1849
1865
1881
1894
1913
1959
1978
1986
1998
2015
2030
2043
2067
2125
2138
2153
2169
2223
2228
2237
2243
2252
2266
2267
2267
2272
2273
2272
2277
2279
2287
2292
2289
2289
2286
2283
2281
2274
2266
2262
2254
2250
2246
2221
2215
2204
2196
2189
2177
2173
2166
2129
2115
2099
2081
2038
2022
2011
1996
1988
1953
1932
1919
1906
1897
1885
1868
1856
1821
1813
1806
1810
1801
1800
1796
1798
1806
1800
1799
1806
1810
1818
1824
1824
1830
1843
1871
1878
1885
1896
1909
1917
1928
1940
1965
1974
1979
1987
1995
2005
2014
2014
2007
2015
2022
2030
2036
2030
2026
2024
2022
2016
2019
2021
2026
2012
2008
2007
2006
1986
1984
1989
1992
1992
1983
1982
1975
1975
1979
1982
1981
1984
1997
1997
2001
2001
2002
2005
2005
2008
2011
2003
2004
2009
2011
2013
2012
2014
2010
2003
2008
2009
2015
2016
2015
2020
2023
2028
2024
2021
2018
2014
2005
1995
1997
2003
2004
2002
2008
2013
2025
2028
2028
2032
2049
2057
2065
2075
2088
2096
2098
2105
2112
2118
2125
2129
2133
2143
2143
2144
2147
2142
2140
2139
2135
2111
2107
2106
2107
2107
2099
2096
2089
2092
2092
2087
2090
2085
2063
2065
2072
2077
2066
2065
2066
2065
2063
2056
2049
2053
2052
2053
2056
2055
2054
2038
2032
2030
2024
2023
2016
2014
2014
1995
1985
1979
1974
1976
1958
1955
1953
1959
1957
1949
1945
1948
1947
1944
1944
1952
1956
1958
1957
1961
1967
1978
1982
1985
1992
2001
2011
2019
2022
2042
2051
2058
2064
2078
2075
2075
2076
2090
2088
2082
2083
2076
2072
2063
2063
2056
2057
2050
2046
2040
2017
2013
2013
2010
1997
1993
1994
1992
1994
1986
1988
1986
1985
1985
1986
1988
1989
1983
1979
1981
1977
1980
1984
1989
1989
1975
1969
1968
1969
1965
1964
1962
1959
1949
1946
1944
1939
1935
1932
1930
1934
1940
1946
1955
1957
1962
1968
1993
2000
2010
2020
2025
2021
2030
2042
2062
2070
2072
2085
2086
2085
2092
2095
2084
2083
2080
2083
2086
2099
2103
2101
2102
2099
2098
2101
2102
2101
2104
2102
2098
2091
2083
2076
2068
2067
2056
2058
2050
2048
2048
2046
2046
2048
2025
2027
2032
2035
2036
2037
2033
2027
2022
2022
2027
2031
2037
2032
2035
2031
2028
2023
2024
2026
2027
2020
2016
2011
2017
2008
2002
2005
2003
2001
2002
2006
2003
1997
1993
1991
1988
1984
1990
1984
1987
1994
2014
2022
2032
2029
2023
2030
2032
2038
2044
2052
2058
2060
2064
2062
2062
2064
2068
2058
2050
2052
2048
2041
2037
2040
2030
2037
2027
2024
2021
2018
2009
2002
2002
2007
2008
2014
2011
2004
2000
1996
1988
1971
1964
1967
1967
1963
1964
1958
1955
1955
1953
1957
1955
1957
1960
1956
1960
1955
1959
1961
1978
1985
1988
1987
1999
2002
2006
2007
2009
2016
2023
2022
2026
2037
2041
2044
2050
2054
2056
2063
2069
2051
2049
2042
2040
2045
2046
2056
2072
2083
2101
2105
2104
2114
2116
2115
2124
2132
2148
2150
2148
2157
2168
2162
2159
2152
2149
2120
2114
2109
2100
2092
2087
2084
2082
2059
2051
2043
2033
2024
2017
2007
1998
1993
1980
1978
1972
1962
1951
1946
1946
1945
1943
1944
1944
1943
1935
1930
1930
1929
1936
1935
1939
1933
1932
1937
1941
1945
1946
1975
1981
1984
1988
1986
1985
1988
1990
1985
1983
1984
1986
1985
1980
1977
1975
1965
1942
1943
1946
1948
1957
1973
1977
1988
1996
2006
2015
2021
2028
2030
2041
2053
2064
2046
2044
2038
2039
2046
2052
2059
2072
2076
2079
2081
2080
2079
2074
2072
2074
2074
2063
2067
2063
2060
2036
2039
2034
2026
2022
1993
1983
1979
1978
1982
1987
1986
1987
2003
2010
2018
2022
2024
2033
2041
2048
2057
2054
2060
2063
2071
2080
2082
2086
2086
2080
2081
2093
2103
2108
2110
2107
2102
2096
2094
2090
2089
2088
2090
2092
2089
2090
2085
2080
2077
2074
2065
2058
2057
2058
2053
2035
2036
2032
2035
2030
2035
2041
2043
2062
2056
2052
2048
2045
2033
2023
2009
1995
1989
1980
1967
1960
1913
1898
1892
1881
1839
1838
1833
1831
1824
1824
1816
1812
1804
1801
1803
1803
1804
1806
1804
1810
1817
1822
1828
1828
1839
1850
1879
1896
1913
1934
1953
1972
1993
2017
2100
2126
2145
2169
2247
2269
2288
2309
2377
2388
2410
2427
2444
2491
2507
2520
2535
2544
2559
2567
2577
2605
2613
2615
2610
2545
2517
2492
2466
2451
2420
2409
2390
2372
2353
2330
2308
2290
2211
2197
2181
2167
2080
2059
2042
2020
2004
1938
1906
1873
1843
1809
1777
1752
1727
1622
1595
1563
1536
1448
1433
1417
1409
1388
1396
1402
1402
1407
1430
1434
1446
1462
1478
1491
1520
1541
1632
1653
1669
1685
1765
1788
1813
1839
1867
1933
1948
1975
2000
2026
2052
2077
2098
2171
2184
2198
2206
2217
2216
2212
2208
2193
2176
2161
2144
2126
2067
2052
2045
2034
2031
2027
2026
2015
1979
1961
1950
1942
1917
1908
1899
1889
1873
1817
1803
1788
1772
1765
1756
1756
1752
1734
1733
1734
1737
1756
1764
1778
1794
1832
1851
1873
1884
1899
1953
1966
1984
1999
2008
2018
2033
2048
2130
2155
2181
2219
2316
2335
2356
2373
2396
2480
2506
2520
2536
2559
2584
2601
2613
2650
2653
2659
2663
2662
2662
2657
2652
2614
2591
2574
2568
2565
2515
2503
2488
2471
2451
2430
2414
2391
2304
2281
2259
2235
2139
2114
2095
2071
2050
1988
1974
1955
1944
1929
1912
1904
1900
1846
1833
1825
1810
1778
1773
1765
1755
1710
1704
1699
1688
1678
1660
1658
1652
1655
1648
1644
1640
1640
1663
1669
1679
1687
1753
1778
1798
1819
1835
1870
1878
1891
1902
1911
1919
1938
1943
1962
1968
1973
1976
1981
1979
1986
1997
2018
2022
2026
2028
2027
2063
2068
2074
2080
2079
2080
2087
2085
2079
2075
2067
2061
2028
2022
2022
2018
2008
1978
1971
1964
1963
1965
1968
1966
1962
1954
1952
1952
1955
1944
1945
1943
1938
1922
1927
1928
1932
1935
1938
1936
1932
1942
1950
1954
1965
1977
2008
2017
2030
2041
2081
2093
2101
2111
2117
2130
2131
2134
2140
2139
2141
2136
2139
2153
2156
2159
2159
2171
2177
2181
2182
2181
2188
2190
2195
2201
2217
2215
2213
2212
2208
2194
2181
2173
2128
2118
2097
2081
2018
1997
1983
1972
1916
1910
1905
1898
1892
1865
1855
1848
1840
1839
1838
1836
1829
1810
1807
1798
1792
1807
1810
1812
1817
1825
1823
1834
1841
1842
1840
1845
1857
1866
1904
1912
1919
1927
1946
1955
1965
1975
1990
2006
2015
2027
2044
2058
2071
2083
2095
2125
2137
2141
2150
2165
2168
2179
2187
2196
2223
2229
2232
2239
2240
2245
2247
2251
2255
2267
2271
2276
2276
2281
2287
2287
2288
2281
2277
2273
2272
2246
2234
2228
2221
2189
2181
2168
2155
2146
2112
2102
2096
2091
2077
2064
2053
2045
1990
1979
1974
1964
1953
1948
1940
1932
1931
1924
1918
1921
1924
1926
1931
1934
1933
1921
1919
1921
1927
1930
1936
1937
1940
1944
1958
1960
1958
1956
1957
1962
1965
1966
1965
1964
1964
1972
1978
1979
1979
1979
1979
1980
1986
1988
1994
2021
2021
2022
2022
2023
2022
2021
2022
2030
2019
2023
2020
2021
2023
2029
2030
2025
2003
1998
1993
1993
1977
1977
1968
1964
1958
1935
1923
1919
1920
1916
1918
1922
1923
1927
1921
1919
1921
1911
1911
1911
1913
1926
1928
1929
1933
1937
1937
1940
1945
1951
1960
1972
1977
1979
2008
2014
2022
2031
2051
2056
2064
2071
2073
2099
2106
2111
2115
2119
2124
2133
2137
2159
2163
2164
2164
2169
2168
2164
2168
2142
2136
2126
2119
2115
2106
2099
2100
2096
2089
2089
2072
2061
2048
2041
2039
2030
2014
2008
2010
2011
2006
2002
1997
1991
1992
1988
1985
1981
1981
1971
1973
1975
1976
1981
1985
1989
1988
1999
2003
2000
1998
2003
2010
2013
2020
2021
2022
2026
2024
2023
2016
2017
2020
2026
2014
2013
2018
2018
2025
2030
2026
2025
2023
2020
2019
2027
2037
2052
2045
2045
2046
2045
2049
2053
2053
2052
2032
2021
2009
2013
2018
2013
2015
2016
2042
2044
2046
2053
2061
2058
2057
2061
2067
2068
2063
2065
2069
2071
2066
2067
2067
2066
2060
2053
2051
2041
2036
2030
2031
2027
2027
2024
2028
2035
2043
2044
2044
2042
2049
2046
2043
2041
2046
2045
2046
2046
2030
2023
2022
2018
2022
2016
2014
2008
2001
1982
1977
1971
1959
1953
1956
1957
1956
1953
1961
1963
1958
1957
1959
1963
1965
1970
1985
1994
2000
2015
2022
2024
2029
2025
2039
2039
2044
2047
2049
2046
2038