1815
1815
1825
1828
1836
1839
1840
1853
1868
1885
1903
1912
1946
1966
1986
2008
2035
2061
2081
2106
2141
2230
2256
2281
2307
2340
2371
2403
2436
2524
2545
2572
2588
2601
2643
2648
2656
2669
2678
2684
2695
2708
2701
2688
2685
2675
2617
2600
2580
2558
2535
2460
2431
2401
2377
2353
2324
2291
2261
2170
2138
2109
2085
2053
2020
1983
1943
1910
1821
1787
1754
1719
1693
1665
1640
1618
1593
1523
1511
1501
1427
1294
1156
1071
1014
983
1028
1078
1124
1231
1278
1320
1350
1392
1542
1604
1662
1701
1756
1832
1893
1930
2002
2035
2072
2105
2130
2147
2159
2178
2195
2237
2253
2249
2254
2262
2264
2253
2252
2267
2290
2306
2325
2332
2334
2335
2344
2340
2330
2317
2305
2299
2256
2251
2259
2277
2290
2283
2276
2263
2244
2212
2176
2140
2100
1965
1955
1933
1909
1786
1756
1737
1719
1630
1602
1568
1541
1515
1451
1447
1444
1439
1441
1440
1438
1451
1498
1498
1502
1512
1563
1574
1590
1608
1619
1672
1679
1678
1688
1702
1718
1740
1774
1892
1916
1941
1967
1989
2013
2028
2047
2070
2162
2186
2215
2234
2257
2266
2273
2289
2309
2368
2393
2415
2445
2467
2486
2501
2514
2565
2576
2591
2601
2632
2629
2627
2621
2616
2616
2617
2610
2604
2594
2570
2545
2528
2436
2414
2399
2384
2303
2268
2239
2201
2025
1985
1940
1910
1882
1806
1801
1791
1781
1780
1774
1769
1762
1787
1794
1804
1818
1832
1834
1837
1843
1841
1839
1855
1871
1888
1909
1922
1940
1964
2038
2057
2078
2096
2163
2179
2204
2230
2301
2312
2325
2332
2336
2364
2372
2373
2380
2385
2392
2394
2399
2442
2446
2452
2466
2448
2444
2436
2430
2432
2390
2376
2357
2335
2309
2288
2270
2248
2156
2136
2105
2076
1991
1967
1943
1920
1830
1814
1799
1781
1773
1744
1736
1729
1717
1712
1708
1702
1698
1680
1672
1666
1656
1654
1650
1640
1635
1638
1622
1623
1627
1626
1621
1621
1613
1613
1621
1621
1616
1615
1620
1623
1630
1634
1637
1641
1653
1671
1680
1722
1738
1753
1765
1777
1793
1809
1830
1875
1891
1906
1920
1979
1991
1999
2012
2024
2044
2050
2061
2064
2069
2071
2070
2078
2090
2090
2091
2098
2100
2096
2094
2087
2066
2060
2059
2061
2060
2067
2068
2067
2063
2067
2064
2061
2060
2026
2028
2029
2034
2036
2041
2046
2041
2042
2039
2040
2036
2035
2036
2034
2031
2032
2031
2036
2036
2042
2050
2055
2059
2062
2095
2108
2120
2135
2142
2174
2185
2199
2211
2225
2233
2246
2265
2295
2301
2297
2304
2317
2315
2316
2316
2315
2316
2316
2321
2321
2317
2312
2312
2311
2292
2285
2287
2286
2249
2242
2241
2236
2208
2200
2187
2181
2179
2163
2153
2152
2142
2141
2133
2138
2131
2088
2077
2064
2057
2032
2025
2012
1992
1986
1958
1951
1945
1940
1936
1932
1930
1934
1918
1914
1906
1910
1901
1895
1894
1897
1877
1876
1876
1875
1876
1878
1872
1868
1867
1873
1873
1877
1879
1858
1858
1861
1865
1869
1880
1886
1887
1888
1905
1908
1915
1923
1930
1934
1946
1948
1954
1957
1957
1962
1991
2001
2013
2022
2034
2037
2045
2048
2051
2064
2060
2062
2069
2073
2073
2066
2064
2068
2069
2067
2065
2034
2029
2020
2008
1998
1977
1966
1960
1951
1938
1930
1923
1912
1893
1889
1884
1881
1870
1866
1862
1854
1855
1864
1868
1872
1873
1899
1900
1903
1916
1920
1933
1944
1953
1986
1993
2002
2011
2034
2039
2043
2048
2058
2078
2084
2090
2090
2099
2103
2107
2113
2129
2136
2134
2140
2155
2156
2158
2162
2167
2168
2167
2169
2166
2165
2161
2154
2149
2132
2132
2133
2134
2131
2133
2133
2136
2131
2132
2130
2131
2127
2106
2098
2093
2090
2084
2080
2077
2074
2026
2018
2013
2002
1980
1980
1975
1964
1960
1955
1963
1965
1964
1972
1973
1976
1980
2008
2021
2032
2032
2051
2058
2063
2068
2071
2085
2084
2078
2080
2084
2085
2088
2085
2082
2078
2080
2086
2085
2086
2081
2080
2088
2092
2081
2079
2078
2077
2074
2071
2068
2068
2060
2059
2056
2049
2048
2046
2044
2041
2017
2020
2023
2018
2009
2007
2008
2009
1998
1996
2000
2003
2000
1970
1970
1969
1971
1965
1960
1956
1953
1933
1930
1921
1921
1914
1916
1916
1916
1918
1926
1927
1930
1932
1932
1929
1931
1930
1936
1940
1948
1955
1988
1992
1997
2002
2001
2001
2004
2004
2010
2017
2025
2027
2026
2024
2031
2035
2035
2041
2038
2035
2040
2037
2033
2034
2035
2038
2045
2044
2042
2048
2052
2054
2056
2055
2055
2050
2053
2048
2042
2043
2041
2035
2036
2028
2033
2033
2028
2025
2023
2018
2018
2010
2011
2016
2017
2010
2009
2008
2005
1996
1994
1988
1983
1984
1973
1975
1977
1978
1984
1991
1995
1996
1990
1997
2005
2012
2025
2026
2026
2034
2059
2071
2073
2078
2083
2097
2101
2105
2102
2100
2101
2108
2103
2094
2091
2092
2093
2089
2087
2079
2082
2087
2087
2087
2086
2086
2082
2076
2079
2079
2054
2050
2051
2050
2050
2044
2041
2035
2023
2022
2019
2013
2013
2015
2017
2019
2018
2018
2016
2016
2013
2006
2010
2013
2019
2003
2008
2017
2016
2027
2035
2032
2031
2027
2024
2029
2025
2030
2025
2020
2016
2016
2005
2001
1996
1997
2003
1993
1990
1994
1999
2012
2010
2008
2015
2020
2017
2015
2018
2029
2031
2033
2033
2042
2033
2026
2020
2015
2019
2022
2024
2021
2022
2023
2023
2023
2033
2037
2039
2041
2042
2050
2052
2053
2052
2049
2047
2043
2050
2050
2052
2051
2049
2045
2041
2042
2035
2028
2024
2024
2033
2037
2028
2018
2017
2017
2015
2012
2013
2014
2014
2005
2002
1998
1996
1993
1986
1984
1986
1966
1963
1960
1959
1968
1966
1964
1963
1973
1975
1978
1984
1978
1976
1979
1981
1987
1992
1991
1993
1994
1971
1834
1730
1791
1867
1927
1954
1968
2016
2054
2023
2043
2068
2062
2046
2076
2141
2191
2203
2202
2188
2168
2162
2172
2187
2186
2191
2177
2162
2162
2141
2148
2150
2141
2131
2125
2119
2106
2066
2062
2068
2066
2018
2007
1986
1959
1932
1909
1914
1939
1959
1980
1993
2000
1999
1948
1938
1937
1939
1984
2008
2019
2020
1978
1962
1958
1949
1940
1959
1968
1967
1977
1985
1992
1998
1999
1973
1978
1997
2015
2058
2060
2061
2050
2050
2056
2057
2051
2050
2060
2069
2071
2068
2051
2054
2058
2055
2085
2095
2094
2096
2065
2061
2055
2061
2066
2059
2062
2052
2039
2023
2012
1994
1975
1977
1977
1982
1981
1972
1960
1948
1941
1933
1939
1946
1953
1960
1971
1977
1975
1971
1942
1935
1937
1939
1969
1980
1992
2002
2021
2013
2016
2023
2033
2037
2039
2044
2045
2040
2036
2037
2034
2016
2025
2031
2024
2000
1992
1987
1984
1992
1991
1987
1983
1981
1980
1984
1986
1987
1987
1992
1997
2006
2029
2030
2038
2043
2015
2014
2015
2019
2025
2022
2018
2014
2012
2007
2005
1988
1972
1880
1849
1824
1797
1714
1707
1708
1720
1734
1770
1785
1798
1810
1822
1827
1831
1834
1824
1823
1823
1828
1861
1871
1887
1900
2004
2032
2064
2093
2122
2211
2239
2270
2302
2330
2357
2389
2431
2597
2641
2678
2721
2843
2869
2895
2918
2945
3011
3033
3059
3084
3098
3113
3131
3149
3153
3146
3134
3127
3044
3020
2990
2956
2805
2757
2706
2655
2603
2411
2346
2275
2210
2148
2085
2017
1949
1695
1637
1581
1522
1297
1242
1202
1147
1103
960
918
880
845
807
764
736
712
634
623
612
607
533
465
501
503
578
633
694
748
827
986
1051
1100
1139
1193
1280
1370
1449
1712
1768
1822
1875
2077
2144
2192
2222
2267
2368
2390
2415
2444
2461
2476
2513
2544
2588
2590
2591
2595
2633
2640
2642
2637
2641
2633
2619
2607
2586
2569
2555
2545
2543
2520
2508
2494
2462
2424
2381
2345
2300
2260
2151
2136
2116
2104
2091
2072
2039
2013
1986
1888
1856
1828
1807
1784
1761
1738
1729
1699
1701
1704
1707
1739
1755
1774
1788
1814
1813
1822
1836
1847
1891
1904
1917
1928
1942
1956
1958
1962
2047
2072
2098
2116
2204
2235
2267
2295
2330
2427
2453
2480
2513
2536
2560
2581
2596
2637
2643
2645
2652
2660
2664
2660
2657
2651
2618
2599
2586
2571
2556
2541
2530
2500
2428
2405
2385
2363
2272
2252
2224
2202
2135
2119
2110
2097
2088
2029
2013
1991
1970
1943
1918
1902
1886
1764
1741
1711
1678
1600
1583
1571
1563
1542
1507
1498
1491
1500
1506
1508
1515
1524
1539
1558
1576
1590
1681
1713
1743
1788
1922
1952
1977
1996
2017
2086
2109
2136
2162
2181
2198
2217
2233
2266
2264
2270
2266
2287
2289
2285
2289
2302
2303
2291
2287
2280
2267
2258
2249
2243
2179
2159
2141
2124
2033
2012
1995
1974
1952
1889
1862
1841
1813
1790
1773
1753
1734
1688
1676
1664
1650
1642
1647
1654
1670
1694
1706
1713
1722
1734
1749
1752
1751
1752
1752
1748
1764
1772
1803
1811
1821
1830
1874
1891
1908
1924
1940
1978
1991
2015
2038
2060
2084
2103
2121
2164
2174
2190
2200
2264
2275
2284
2287
2311
2318
2321
2329
2335
2319
2303
2297
2288
2282
2271
2256
2255
2208
2199
2184
2178
2140
2131
2129
2119
2106
2080
2068
2063
2054
2042
2035
2029
2016
1989
1972
1962
1963
1928
1921
1913
1904
1895
1889
1882
1874
1867
1860
1856
1851
1849
1842
1841
1836
1841
1831
1831
1833
1833
1863
1876
1889
1896
1907
1917
1911
1917
1927
1943
1962
1970
1976
2000
2018
2032
2043
2082
2095
2109
2121
2159
2171
2179
2188
2199
2230
2237
2244
2250
2247
2253
2262
2264
2281
2281
2281
2290
2276
2272
2267
2260
2260
2242
2233
2224
2214
2211
2205
2196
2184
2148
2140
2128
2122
2089
2080
2079
2074
2026
2019
2014
2007
2007
1975
1972
1964
1959
1959
1954
1948
1937
1916
1917
1915
1909
1883
1870
1863
1864
1861
1852
1851
1853
1856
1865
1872
1874
1864
1868
1869
1872
1881
1890
1890
1890
1896
1920
1926
1932
1933
1943
1965
1970
1978
1986
1987
1985
1987
1994
2016
2027
2040
2040
2067
2062
2064
2068
2070
2074
2082
2086
2084
2087
2096
2102
2103
2104
2114
2121
2123
2124
2121
2115
2113
2091
2085
2082
2073
2069
2052
2046
2045
2041
2027
2020
2019
2017
2005
1996
1991
1983
1960
1958
1953
1949
1944
1957
1952
1948
1944
1949
1952
1966
1971
1974
1983
1987
1999
1994
2002
2004
2000
2024
2027
2037
2039
2046
2065
2059
2061
2072
2080
2076
2081
2085
2095
2100
2094
2089
2102
2107
2114
2114
2110
2095
2087
2090
2099
2105
2103
2095
2088
2110
2112
2117
2114
2092
2091
2094
2087
2054
2048
2054
2050
2041
2032
2027
2022
2027
2027
2022
2019
2005
1994
1992
1983
1973
1960
1953
1948
1940
1936
1948
1946
1946
1946
1944
1941
1940
1951
1944
1948
1961
1962
1975
1979
1990
1989
2006
2010
2015
2016
2019
2017
2016
2015
2014
2023
2021
2020
2019
2015
2013
2011
2017
2019
2017
2016
2021
2029
2035
2044
2043
2043
2043
2033
2023
2027
2034
2040
2041
2038
2026
2021
2021
2019
2027
2029
2027
2026
2025
2031
2031
2031
2040
2043
2044
2042
2039
2040
2034
2042
2041
2008
2010
2008
2008
2008
2000
1995
1986
1982
1988
1994
1995
1998
2006
2002
2003
1999
1990
1992
1991
1991
1980
1981
1985
1983
1981
1997
2002
2006
2012
2023
2029
2030
2030
2049
2050
2050
2053
2064
2067
2074
2079
2085
2081
2082
2086
2085
2088
2090
2096
2106
2123
2124
2123
2118
2106
2102
2098
2101
2086
2084
2083
2083
2083
2068
2065
2056
2053
2049
2046
2041
2044
2024
2019
2015
2007
1994
1994
1992
1995
1993
1990
1990
1989
1991
1990
1989
1990
1994
1981
1981
1980
1981
1965
1962
1961
1964
1963
1962
1962
1962
1966
1967
1968
1973
1981
1982
1984
1993
1996
2011
2011
2015
2022
2040
2043
2051
2063
2069
2087
2092
2094
2101
2106
2106
2107
2109
2101
2099
2099
2096
2077
2071
2067
2068
2064
2054
2042
2036
2035
2026
2021
2019
2017
2004
1995
1987
1983
1979
1979
1976
1972
1972
1970
1968
1967
1969
1967
1965
1960
1964
1977
1976
1972
1964
1968
1971
1974
1979
1998
2003
2005
2009
2019
2037
2046
2050
2053
2058
2059
2068
2068
2054
2059
2062
2054
2035
2031
2026
2025
2005
1995
1994
1993
1991
1994
1989
1990
1989
2002
2007
2018
2028
2034
2041
2049
2059
2071
2077
2079
2079
2078
2069
2066
2069
2075
2073
2076
2074
2073
2053
2052
2050
2055
2043
2042
2044
2039
2032
2041
2041
2037
2035
2031
2020
2012
2013
2010
2013
2015
2011
1996
1945
1887
1838
1739
1791
1864
1941
2015
2154
2168
2176
2177
2164
2151
2151
2146
2142
2153
2161
2179
2112
2092
2061
2040
2027
2041
2054
2070
2081
2079
2060
2046
2021
1954
1931
1916
1913
1911
1920
1948
1974
2006
2047
2057
2067
2072
2069
2060
2053
2050
2044
2064
2071
2072
2072
2070
2064
2054
2037
1943
1938
1945
1959
2049
2062
2060
2046
1969
1962
1953
1959
1957
1943
1930
1915
1923
1942
1965
1991
2019
2081
2079
2074
2059
1976
1965
1966
1973
1987
2028
2030
2017
1997
1984
1960
1948
1951
2023
2051
2069
2078
2049
2027
2020
2021
2113
2143
2157
2163
2161
2123
2117
2106
2090
2079
2060
2044
2038
2012
2007
1990
1973
1938
1932
1940
1936
1933
1921
1918
1920
1922
1937
1947
1958
1965
1967
1966
1964
1969
2007
2014
2022
2040
2070
2079
2088
2088
2086
2063
2062
2052
2040
2033
2030
2026
2031
2017
2012
2006
2003
1975
1983
1991
1999
2012
2021
2018
2012
2017
2019
2012
2008
2010
2032
2034
2037
2047
2046
2049
2047
2048
2049
2067
2061
2062
2058
2054
2051
2043
2038
2019
2015
2011
2003
1987
1972
1959
1953
1959
1966
1973
1977
1974
1965
1961
1952
1935
1925
1876
1859
1841
1834
1822
1816
1813
1808
1789
1780
1778
1779
1778
1776
1781
1784
1784
1805
1812
1821
1836
1853
1857
1871
1879
1936
1949
1967
1985
2055
2068
2071
2084
2174
2201
2226
2245
2279
2365
2396
2427
2453
2478
2498
2526
2547
2646
2672
2695
2718
2799
2824
2848
2871
2930
2935
2936
2940
2945
2945
2932
2923
2916
2905
2876
2846
2824
2697
2670
2642
2608
2480
2438
2400
2360
2311
2163
2111
2057
1991
1913
1829
1732
1636
1366
1333
1308
1290
1232
1225
1217
1195
1132
1129
1138
1150
1164
1192
1188
1189
1192
1206
1222
1234
1249
1307
1324
1331
1329
1323
1313
1320
1330
1339
1398
1423
1447
1466
1487
1511
1532
1566
1657
1688
1720
1753
1884
1899
1918
1937
1993
2014
2038
2060
2086
2142
2157
2172
2186
2203
2208
2211
2218
2215
2203
2191
2187
2138
2131
2128
2124
2123
2110
2114
2109
2105
2100
2083
2068
2049
1944
1921
1913
1903
1841
1828
1805
1792
1782
1782
1793
1799
1813
1824
1838
1849
1858
1895
1914
1940
1965
1984
2009
2034
2053
2079
2144
2169
2191
2219
2243
2267
2289
2314
2339
2381
2395
2412
2430
2444
2451
2453
2458
2496
2502
2513
2520
2529
2541
2553
2566
2578
2582
2585
2586
2593
2599
2598
2597
2598
2596
2608
2621
2628
2634
2637
2642
2645
2637
2615
2598
2583
2566
2552
2540
2528
2513
2493
2450
2434
2413
2379
2344
2306
2278
2255
2156
2129
2101
2075
1949
1924
1895
1860
1762
1744
1729
1713
1700
1653
1637
1625
1620
1623
1623
1625
1621
1630
1631
1637
1642
1685
1693
1709
1724
1744
1776
1786
1799
1813
1829
1846
1866
1875
1923
1941
1953
1963
1969
1966
1960
1963
1978
1970
1968
1971
1972
1983
1978
1968
1961
1959
1961
1961
1956
1922
1916
1907
1897
1873
1870
1865
1860
1853
1824
1815
1812
1810
1811
1803
1795
1793
1785
1784
1791
1802
1803
1807
1814
1814
1811
1804
1801
1804
1805
1807
1812
1808
1813
1840
1845
1858
1859
1870
1878
1885
1895
1941
1957
1970
1980
1988
2023
2034
2045
2059
2075
2088
2098
2113
2149
2159
2167
2173
2202
2206
2214
2223
2235
2249
2250
2253
2258
2257
2259
2263
2265
2244
2240
2235
2231
2203
2198
2194
2187
2173
2170
2166
2159
2160
2136
2136
2131
2127
2127
2123
2116
2112
2100
2092
2085
2079
2072
2075
2070
2068
2074
2058
2052
2051
2045
2042
2041
2043
2050
2029
2024
2017
2008
1974
1966
1961
1957
1938
1937
1934
1926
1925
1911
1910
1908
1904
1902
1902
1902
1902
1900
1902
1911
1919
1934
1941
1949
1955
1961
1992
2007
2018
2019
2022
2035
2049
2056
2088
2101
2108
2111
2136
2144
2150
2166
2196
2199
2198
2198
2196
2193
2193
2196
2198
2194
2184
2181
2176
2141
2140
2136
2137
2096
2090
2085
2079
2077
2052
2044
2038
2038
2039
2035
2026
2020
2014
2010
2010
2010
1979
1975
1969
1967
1960
1962
1958
1952
1955
1943
1942
1940
1941
1947
1948
1944
1941
1941
1938
1936
1935
1939
1945
1952
1961
1957
1956
1957
1962
1960
1965
1969
1970
1970
1971
1982
1987
1998
2008
2025
2030
2034
2041
2046
2049
2055
2061
2070
2088
2086
2085
2084
2085
2083
2080
2076
2067
2061
2059
2056
2048
2042
2039
2031
2024
2000
1989
1978
1971
1958
1949
1944
1936
1936
1923
1923
1918
1917
1909
1910
1909
1908
1914
1915
1914
1917
1938
1939
1943
1943
1972
1974
1983
1991
1997
2023
2034
2034
2031
2032
2041
2044
2039
2037
2032
2039
2044
2052
2048
2044
2042
2047
2037
2042
2045
2045
2044
2039
2039
2047
2052
2051
2050
2055
2053
2057
2061
2059
2057
2058
2065
2065
2066
2064
2067
2072
2073
2082
2088
2093
2098
2097
2102
2103
2104
2086
2081
2077
2071
2073
2069
2064
2064
2063
2056
2051
2056
2054
2028
2024
2027
2027
2023
2011
2012
2012
2014
2011
2014
2012
2009
2013
2014
2016
2025
2049
2056
2061
2065
2061
2064
2066
2072
2069
2055
2054
2052
2052
2048
2043
2041
2035
2003
2000
1997
1997
1995
1999
1995
1988
1988
1991
1986
1991
1992
1986
1984
1988
1989
1995
2008
2011
2014
2017
2020
2027
2029
2033
2034
2038
2043
2050
2059
2059
2059
2063
2055
2063
2063
2063
2063
2068
2067
2067
2065
2065
2061
2062
2059
2032
2028
2023
2018
1980
1971
1965
1962
1958
1953
1955
1957
1960
1961
1967
1973
1976
1995
1992
1998
2002
1990
1994
1992
1986
1985
1986
1987
1991
1989
1985
1988
1994
1996
2000
1997
1997
1995
2003
2001
2000
2008
2008
2006
2005
2010
2013
2021
2023
2025
2027
2027
2026
2033
2040
2027
2029
2026
2026
2030
2023
2024
2025
2030
2023
2023
2024
2030
2038
2041
2043
2038
2060
2064
2072
2074
2066
2067
2068
2066
2058
2050
2046
2040
2040
2040
2038
2040
2044
2044
2039
2038
2035
2012
2010
2016
2012
1987
1991
2003
2005
2009
2016
2018
2021
2030
2039
2044
2046
2045
2035
2039
2039
2037
2020
2015
2018
2016
2005
1993
1994
1991
1988
1990
1995
1995
1992
1990
1990
1990
1990
2003
2003
2002
2002
2008
2011
2019
2025
2027
2032
2034
2038
2045
2051
2054
2056
2056
2071
2074
2076
2079
2074
2072
2070
2070
2066
2043
2038
2034
2037
2039
2040
2047
2048
2065
2074
2082
2089
2120
2123
2124
2130
2112
2100
2084
2069
2057
2027
2017
2007
1995
1985
1970
1964
1960
1942
1941
1941
1940
1941
1935
1937
1941
1937
1934
1937
1941
1949
1980
1991
2003
2013
2029
2037
2044
2059
2072
2079
2083
2081
2078
2078
2073
2060
2052
2043
2022
2019
2011
2008
2007
2009
2020
2021
2022
2028
2038
2042
2061
2064
2067
2066
2065
2062
2068
2066
2066
2069
2070
2074
2080
2082
2081
2086
2085
2072
2067
2062
2053
2028
2022
2015
2009
2004
1991
1985
1971
1960
1946
1942
1939
1938
1948
1945
1955
1966
1964
1968
1970
1970
1971
1974
1971
1974
1980
2008
2013
2013
2010
2005
1991
1967
1946
1962
1978
1994
2013
2063
2061
2066
2065
2067
2078
2087
2097
2106
2122
2131
2125
2116
2114
2124
2129
2129
2079
2071
2063
2054
2020
2017
2016
2015
2017
1997
1995
1988
1982
1972
1968
1974
1982
1996
1994
1990
1979
1931
1933
1935
1942
1956
1982
1989
1992
1990
1990
1990
1991
1982
1998
2008
2019
2020
2002
2001
2007
2006
2010
2015
2013
2022
2027
2017
2018
2008
2001
1996
1992
1994
1997
1993
1990
1994
2001
2037
2052
2067
2081
2093
2114
2115
2115
2117
2114
2117
2123
2128
2107
2102
2093
2082
2041
2036
2043
2050
2046
2044
2046
2046
2045
2039
2041
2048
2052
2060
2064
2073
2076
2080
2082
2078
2074
2039
2030
2027
2026
2014
2000
2002
2007
2010
2013
2015
2015
2018
2018
2013
2006
2009
2005
2010
2015
2015
2006
1998
1991
1979
1977
1982
1980
1978
1982
1980
1978
1975
1981
2006
2006
2009
2011
2015
2009
2003
2004
2009
1989
1984
1984
1978
1975
1978
1978
1978
1996
1996
2002
2012
2045
2046
2051
2055
2054
2047
2038
2036
2035
2029
2024
2016
2005
1992
1985
1982
1973
1928
1923
1914
1907
1871
1863
1857
1857
1858
1850
1844
1849
1854
1853
1850
1849
1851
1874
1871
1867
1872
1902
1911
1922
1932
1971
1985
1995
2006
2020
2064
2077
2083
2096
2113
2125
2143
2162
2234
2259
2277
2293
2370
2387
2406
2424
2445
2495
2512
2522
2538
2547
2560
2568
2573
2596
2603
2602
2600
2583
2574
2564
2552
2467
2450
2434
2413
2389
2319
2297
2275
2256
2238
2216
2189
2168
2060
2035
2014
1990
1904
1883
1859
1834
1804
1666
1619
1571
1526
1490
1451
1422
1401
1360
1358
1355
1352
1375
1385
1406
1424
1518
1542
1564
1591
1622
1697
1723
1752
1770
1780
1795
1806
1822
1882
1901
1922
1940
1993
2010
2021
2032
2044
2087
2102
2126
2148
2165
2168
2175
2174
2169
2171
2177
2181
2213
2216
2218
2205
2141
2133
2118
2109
2096
2065
2046
2021
2001
1978
1954
1931
1919
1840
1824
1799
1770
1662
1638
1619
1600
1583
1541
1521
1506
1490
1471
1458
1447
1447
1488
1510
1546
1585
1705
1735
1765
1799
1937
1978
2009
2042
2068
2124
2140
2158
2181
2203
2226
2251
2277
2406
2433
2453
2472
2517
2527
2541
2547
2556
2577
2584
2590
2590
2594
2600
2597
2591
2536
2522
2507
2493
2432
2420
2414
2410
2387
2378
2373
2359
2349
2302
2283
2270
2260
2248
2239
2231
2219
2154
2140
2127
2117
2064
2049
2033
2018
2006
1947
1934
1920
1912
1905
1896
1890
1887
1883
1888
1894
1888
1880
1878
1879
1883
1904
1910
1919
1933
1936
1962
1979
1996
2008
2021
2029
2050
2068
2111
2125
2136
2138
2155
2149
2149
2144
2133
2086
2072
2061
2053
2043
2031
2021
2014
1975
1970
1962
1959
1952
1952
1948
1945
1954
1957
1954
1957
1956
1956
1951
1946
1940
1914
1915
1913
1913
1915
1920
1921
1917
1897
1901
1899
1890
1890
1887
1882
1878
1870
1866
1867
1864
1857
1853
1856
1855
1859
1846
1846
1854
1852
1855
1884
1889
1895
1905
1911
1915
1918
1934
1958
1963
1971
1975
1995
1999
2002
2008
2018
2024
2029
2033
2042
2044
2042
2041
2045
2036
2039
2047
2054
2055
2054
2064
2065
2069
2071
2073
2071
2073
2076
2084
2090
2092
2098
2085
2080
2074
2077
2076
2076
2077
2080
2057
2055
2055
2052
2033
2027
2025
2019
2017
1991
1984
1977
1973
1964
1954
1945
1941
1924
1922
1924
1925
1947
1954
1957
1967
1993
2004
2008
2004
2007
2007
2000
2005
2006
2004
2000
2001
1998
1999
2001
2008
2010
2030
2033
2036
2041
2043
2060
2066
2075
2086
2087
2087
2089
2091
2107
2113
2114
2111
2127
2123
2119
2120
2119
2119
2115
2113
2112
2107
2109
2122
2123
2126
2131
2139
2148
2159
2157
2166
2173
2182
2199
2196
2198
2199
2196
2190
2179
2176
2176
2157
2148
2134
2127
2120
2111
2107
2098
2053
2043
2038
2031
2005
2000
1992
1986
1982
1970
1966
1967
1967
1968
1969
1973
1978
1985
1984
1990
1992
1998
2005
2004
2001
1992
1994
1999
2006
2007
1995
1993
1992
1996
1995
1990
1986
1985
1984
1980
1985
1989
2003
2011
2014
2019
2025
2025
2032
2037
2041
2050
2060
2061
2065
2062
2076
2086
2095
2107
2104
2097
2099
2063
2056
2048
2042
2039
2028
2019
2012
2011
2009
2002
1999
1991
1968
1962
1959
1954
1910
1908
1901
1897
1890
1862
1860
1854
1849
1842
1843
1848
1852
1868
1877
1882
1891
1923
1934
1946
1963
2017
2029
2044
2053
2060
2083
2087
2091
2098
2097
2093
2089
2087
2060
2059
2060
2061
2048
2050
2051
2054
2052
2047
2049
2056
2061
2061
2061
2063
2065
2068
2070
2068
2058
2047
2044
2040
2040
2004
1999
1997
1996
1998
1997
2000
2002
2002
2004
2006
2010
2007
2030
2038
2036
2037
2039
2037
2035
2035
2034
2017
2013
2011
2012
2013
2013
2016
2027
2033
2030
2029
2031
2053
2064
2069
2076
2075
2087
2094
2096
2094
2091
2089
2088
2091
2073
2063
2061
2060
2058
2057
2062
2058
2070
2070
2073
2065
2066
2056
2047
2037
2034
2028
2020
2015
2008
1985
1977
1975
1981
1977
1973
1977
1982
1985
1983
1986
1988
1990
1995
2000
2009
2017
2035
2040
2049
2049
2042
2040
2036
2037
2041
2044
2048
2049
2046
2045
2043
2043
2044
2043
2047
2051
2050
2045
2045
2048
2051
2045
2041
2037
2035
2035
2017
2019
2010
2008
2006
2000
1999
1996
1987
1990
1991
1988
1992
1992
1991
1992
2015
2018
2014
2013
2011
2009
2009
2004
2004
2008
2009
2010
2012
2028
2027
2029
2036
2023
2028
2027
2027
2030
2035
2038
2043
2048
2054
2055
2054
2060
2063
2065
2065
2067
2056
2052
2052
2048
2044
2031
2029
2026
2022
2015
2005
2009
2007
2003
2002
2004
2002
2008
2008
2012
2014
2027
2026
2019
2021
2017
2005
1999
1991
1992
1987
1985
1985
1986
1985
1987
1988
1992
2009
2016
2017
2020
2016
2028
2032
2038
2033
2041
2040
2037
2036
2034
2035
2042
2050
2044
2042
2037
2035
2036
2038
2039
2040
2034
2032
2031
2034
2037
2035
2034
2032
2027
2024
2022
2016
2014
2012
2006
2006
2003
2002
2002
2006
2011
2015
2017
2024
2027
2027
2034
2036
2040
2044
2037
2046
2046
2045
2039
2039
2036
2037
2041
2031
2030
2025
2024
2025
2018
2026
2035
2024
2027
2026
2030
2029
2032
2028
2028
2021
2011
2010
2008
2005
2004
2013
2011
2013
2012
2010
2017
2025
2030
2036
2038
2045
2048
2044
2042
2040
2041
2052
2049
2048
2043
2046
2046
2047
2045
2032
2031
2029
2031
2013
2017
2019
2019
2018
2018
2024
2026
2029
2031
2032
2033
2035
2043
2046
2050
2050
2062
2063
2059
2059
2058
2053
2046
2035
2031
2024
2019
2022
2022
2004
2008
2006
2000
1989
1988
1987
1984
1981
1981
1982
1986
1986
2006
2007
2007
2007
2013
2019
2024
2023
2030
2030
2035
2038
2033
2041
2040
2035
2040
2038
2034
2033
2033
2032
2027
2025
2030
2014
2006
2007
2009
2001
1996
1990
1986
2000
2003
1999
2000
2001
2007
2009
2009
2012
2012
2004
2004
2005
2001
2005
2004
2000
2012
2009
2011
2012
2017
2019
2026
2027
2030
2031
2036
2039
2038
2043
2047
2049
2053
2087
2085
2075
2054
1938
1925
1918
1921
1940
1986
2001
2009
2015
2016
2020
2029
2036
2080
2095
2112
2127
2174
2174
2166
2153
2136
2085
2075
2074
2085
2098
2105
2110
2110
2049
2028
2013
2014
2051
2074
2095
2101
2041
2017
2003
2006
2016
2062
2076
2085
2079
2065
2053
2043
2032
1973
1967
1972
1976
1991
1989
1992
1993
1993
2019
2024
2025
2023
2017
2007
1996
1976
1880
1859
1846
1839
1897
1912
1925
1931
1923
1932
1943
1958
1990
2084
2107
2124
2139
2140
2134
2127
2120
2124
2126
2133
2133
2073
2057
2037
2012
1993
1959
1964
1967
1982
1996
2007
2014
2023
2035
2041
2056
2067
2066
2066
2067
2063
2017
2013
2007
2002
1999
1979
1980
1979
1971
1960
1951
1948
1945
1976
1986
1992
1995
1986
1984
1987
1990
1992
1995
1997
1998
2000
2008
2010
2007
2007
2016
2019
2026
2041
2062
2057
2055
2056
2052
2049
2047
2047
2060
2064
2066
2075
2077
2058
2051
2042
2036
2030
2027
2030
2027
2024
2021
2019
2023
2028
2032
2042
2050
2063
2073
2091
2089
2086
2084
2080
2073
2058
2055
2066
2069
2064
2058
2003
1984
1973
1964
1954
1969
1976
1989
2000
2027
2021
2024
2027
2031
2034
2041
2044
2070
2076
2086
2085
2065
2067
2065
2059
2054
2061
2061
2054
2049
2046
2038
2034
2034
2006
2003
2003
1998
1984
1974
1974
1970
1962
1934
1920
1913
1912
1912
1912
1916
1922
1927
1928
1935
1942
1944
1946
1946
1942
1954
1960
1962
1966
1969
1965
1966
1963
1960
1963
1966
1967
1972
1985
1989
1992
1995
2013
2019
2026
2035
2044
2084
2094
2113
2127
2134
2141
2152
2161
2180
2181
2190
2199
2229
2231
2236
2236
2240
2235
2242
2245
2251
2272
2276
2283
2284
2282
2281
2282
2284
2276
2274
2272
2263
2219
2211
2198
2194
2185
2165
2163
2153
2143
2134
2120
2111
2101
2064
2052
2044
2032
1975
1963
1948
1938
1930
1890
1885
1880
1878
1870
1863
1853
1844
1806
1805
1801
1800
1786
1777
1770
1781
1831
1838
1843
1841
1839
1810
1802
1801
1802
1807
1805
1806
1805
1794
1792
1797
1807
1850
1863
1880
1903
1924
1987
2004
2019
2024
2023
2024
2025
2031
2071
2064
2067
2064
2014
1994
1977
1961
1948
1936
1928
1913
1898
1875
1854
1837
1824
1806
1810
1821
1825
1828
1828
1828
1826
1825
1831
1837
1842
1847
1850
1858
1864
1865
1875
1904
1918
1935
1953
1973
1992
2007
2022
2070
2081
2085
2084
2052
2046
2039
2035
2031
2054
2058
2065
2075
2084
2091
2101
2111
2181
2200
2217
2237
2313
2336
2347
2367
2441
2454
2465
2475
2480
2472
2464
2450
2442
2422
2407
2392
2368
2307
2293
2285
2276
2223
2209
2200
2193
2190
2183
2181
2176
2180
2173
2160
2150
2142
2092
2078
2059
2049
1992
1987
1979
1968
1932
1917
1915
1910
1907
1896
1897
1901
1905
1903
1899
1902
1909
1911
1917
1921
1920
1918
1925
1932
1934
1943
1953
1964
1966
1965
1943
1938
1931
1925
1926
1922
1917
1924
1923
1928
1922
1916
1906
1902
1897
1895
1895
1889
1886
1892
1898
1908
1937
1952
1961
1973
1986
1997
2006
2013
2026
2026
2026
2035
2047
2054
2060
2065
2058
2034
2032
2030
2027
2016
2004
2004
2006
1990
1988
1992
1991
1988
1998
2006
2016
2025
2030
2035
2034
2040
2047
2055
2065
2070
2078
2081
2084
2086
2081
2082
2078
2077
2076
2059
2053
2043
2035
2028
2030
2028
2026
2025
2021
2013
1999
1988
1977
1969
1967
1963
1947
1941
1933
1933
1927
1932
1937
1942
1945
1953
1956
1954
1956
1958
1961
1959
1968
1995
1998
2007
2015
2032
2033
2039
2042
2049
2047
2046
2042
2041
2050
2052
2051
2057
2061
2070
2071
2072
2064
2060
2065
2069
2080
2079
2078
2083
2080
2071
2070
2069
2066
2063
2053
2051
2047
2009
2002
1999
1997
1986
1986
1989
1991
1985
1983
1987
1994
1995
1995
1993
1990
1988
1983
1986
1985
1983
1978
1979
1980
1979
1974
1978
1985
1992
2002
2010
2013
2019
2026
2034
2044
2051
2059
2093
2099
2099
2109
2130
2134
2141
2144
2144
2150
2147
2149
2149
2142
2140
2139
2140
2140
2143
2149
2155
2151
2145
2134
2126
2101
2097
2090
2083
2075
2053
2047
2050
2042
2037
2025
2016
2016
1996
1993
1987
1985
1969
1965
1963
1962
1945
1944
1947
1954
1961
1954
1949
1945
1937
1935
1935
1932
1937
1947
1953
1958
1962
1982
1987
1990
1994
1995
2011
2015
2019
2020
2022
2019
2013
2015
2027
2030
2033
2035
2045
2050
2052
2057
2058
2062
2061
2065
2061
2053
2054
2054
2047
2041
2040
2046
2043
2033
2032
2035
2031
2007
2005
2003
2003
2001
1994
1993
1985
1977
1974
1973
1968
1965
1945
1948
1943
1946
1947
1948
1946
1952
1958
1959
1955
1956
1963
1970
1972
1980
1981
1981
1981
1989
1991
1996
1998
2007
2019
2035
2036
2043
2053
2062
2075
2073
2070
2070
2077
2089
2086
2084
2093
2093
2095
2090
2084
2085
2086
2077
2058
2065
2064
2056
2050
2046
2048
2043
2036
2033
2028
2029
2033
2025
2020
2015
2017
2021
2027
2023
2024
2024
2024
2022
2019
2028
2036
2037
2037
2043
2046
2051
2048
2046
2042
2045
2039
2038
2026
2028
2020
2017
2020
2012
2016
2018
2021
2028
2027
2025
2020
2025
2030
2039
2044
2051
2046
2043
2045
2045
2042
2044
2046
2043
2040
2042
2043
2042
2037
2032
2032
2035
2037
2037
2038
2035
2031
2032
2030
2031
2039
2029
2028
2026
2030
2029
2035
2031
2028
2034
2037
2038
2037
2038
2035
2036
2039
2041
2046
2043
2046
2043
2044
2042
2047
2045
2038
2038
2039
2035
2036
2035
2032
2027
2027
2020
2018
2010
2013
2012
2004
1998
2003
1998
1990
1987
1983
1970
1964
1963
1962
1970
1974
1970
1966
1965
1975
1977
1979
1985
1989
1990
1997
2009
2017
2022
2021
2023
2030
2032
2038
2041
2041
2034
2035
2032
2034
2034
2031
2029
2029
2010
2007
2006
2003
1994
1993
1990
1988
1996
2004
2007
2008
2013
2017
2018
2021
2022
2018
2022
2026
2032
2037
2031
2027
2029
2024
2028
2029
2024
2015
2021
2026
2029
2032
2030
2036
2037
2041
2055
2066
2070
2071
2089
2100
2104
2105
2103
2097
2092
2087
2083
2075
2067
2067
2064
2040
2037
2032
2027
2021
2021
2016
2013
2005
2005
2013
2014
2016
2033
2037
2043
2049
2053
2061
2059
2059
2074
2075
2072
2073
2076
2072
2073
2065
2064
2049
2047
2044
2043
2036
2028
2024
2023
2014
2005
2001
1996
1977
1978
1978
1979
1988
1981
1976
1972
1976
1991
1989
1993
1998
2000
2001
2003
2000
2003
2005
2009
2005
2009
2008
2005
2004
2002
1995
1994
1991
1994
1989
1979
1978
1979
1976
1976
1973
1973
1971
1973
1979
1982
1984
1983
1980
1984
1987
1991
1997
2009
2016
2023
2021
2021
2022
2027
2025
2026
2022
2025
2019
2019
2020
2016
2040
2044
2045
2046
2055
2062
2074
2080
2100
2101
2101
2109
2097
2101
2097
2094
2094
2084
2082
2073
2068
2063
2062
2057
2052
2049
2051
2053
2047
2045
2039
2041
2048
2054
2057
2058
2057
2057
2057
2062
2068
2068
2052
2047
2045
2043
2041
2042
2037
2038
2048
2033
2027
2018
2013
2014
2015
2009
2003
1999
1989
1988
1989
1989
1989
1982
1984
1985
1984
1983
1981
1978
1985
1984
1982
1987
1984
1983
1993
1997
1997
1996
1996
1996
2004
2008
2010
2010
2011
2008
2007
2007
2006
2005
2012
2020
2028
2037
2005
1992
1987
1989
1991
1983
1979
1978
1982
1985
1980
1980
1999
2005
2008
2012
2016
1996
2004
2007
2013
2018
2021
2032
2036
2040
2048
2059
2064
2073
2068
2072
2079
2074
2076
2077
2079
2079
2070
2062
2050
2042
2047
2057
2064
2072
2086
2081
2081
2083
2077
2080
2074
2065
2065
2062
2060
2063
2071
2077
2078
2073
2070
2080
2078
2074
2069
2055
2054
2047
2042
2020
2023
2024
2014
2007
2001
2000
1996
1997
1993
1996
1995
1995
1990
1991
1997
2002
2015
2018
2015
2013
2016
2019
2023
2029
2030
2033
2029
2026
2018
1950
1930
1916
1910
1933
1943
1953
1961
1974
2005
2015
2024