2043
2033
2033
2032
2035
2040
2039
2038
2031
2031
2034
2037
2034
2033
2030
2029
2028
2000
1996
1990
1983
1976
1970
1960
1953
1948
1932
1920
1918
1922
1924
1925
1923
1927
1936
1943
1945
1953
1961
1962
1964
1970
1991
1993
1995
2006
2012
2036
2039
2044
2050
2057
2065
2065
2067
2075
2086
2087
2088
2091
2094
2103
2104
2102
2102
2097
2089
2089
2096
2096
2095
2101
2108
2104
2105
2107
2112
2106
2103
2091
2060
2062
2055
2049
2039
2024
2024
2015
2016
2015
2009
1997
1992
1972
1964
1963
1964
1981
1984
1992
1994
1985
1987
1992
1989
1980
1989
1987
1979
1983
1988
1995
2000
2007
2013
2013
2013
2018
2022
2031
2037
2037
2035
2044
2043
2042
2041
2042
2044
2050
2054
2056
2050
2045
2038
2035
2031
2029
2022
2017
2007
2012
2014
2012
2007
2009
2014
2017
2018
2011
2006
2009
2013
2017
2020
2015
2016
2012
2008
2015
2016
2022
2022
2020
2024
2037
2037
2032
2033
2039
2038
2036
2037
2042
2043
2040
2042
2045
2040
2037
2036
2036
2026
2027
2025
2023
2017
2012
2009
2013
2015
2018
2027
2027
2032
2037
2042
2049
2057
2063
2060
2054
2051
2043
2036
2034
2037
2034
2027
2027
2028
2026
2023
2020
2022
2020
2010
2014
2018
2019
2002
2003
2004
2005
2009
2009
2010
2010
2012
2012
2014
2016
2022
2023
2029
2036
2044
2055
2053
2051
2054
2056
2055
2054
2049
2047
2037
2036
2034
2030
2031
2032
2033
2038
2022
2015
2009
2007
2013
2019
2007
2003
1984
1989
1995
1995
1998
2000
2003
2006
2006
2005
2006
2007
2013
2017
2020
2026
2030
2026
2028
2029
2033
2020
2018
2019
2013
2011
2012
2009
2007
2010
2007
2006
2011
2002
1993
1997
2000
2003
1989
1992
2000
2007
2017
2020
2018
2014
2015
2018
2020
2016
2013
2014
2009
2005
1998
2002
2001
1998
1998
2011
2011
2014
2012
2012
2023
2025
2027
2031
2038
2049
2047
2050
2048
2049
2051
2055
2077
2076
2070
2070
2075
2070
2070
2070
2071
2072
2067
2061
2066
2062
2058
2057
2056
2042
2041
2037
2032
2018
2018
2021
2020
2018
2003
1995
1992
1990
1991
1990
1989
1991
2008
2015
2017
2019
2030
2030
2036
2036
2048
2051
2059
2064
2095
2218
2175
2086
2016
1985
1951
1909
1909
1975
1983
1962
1943
1950
1944
1961
2009
2021
2051
2041
2048
2077
2078
2106
2109
2134
2194
2248
2257
2237
2174
2151
2133
2130
2135
2110
2079
2074
2083
2064
2046
2029
2010
1992
1968
1944
1907
1841
1831
1823
1830
1835
1824
1814
1801
1774
1740
1757
1760
1765
1787
1824
1860
1881
1894
1897
1884
1882
1880
1870
1858
1860
1874
1907
1906
1902
1892
1817
1778
1731
1697
1683
1682
1677
1680
1678
1694
1723
1759
1822
1900
1992
2097
2224
2727
2851
2965
3075
3450
3540
3634
3717
3871
3874
3862
3841
3820
3711
3650
3575
3488
3384
3262
3136
2993
2299
2119
1938
1773
1151
1007
870
735
594
181
128
122
119
116
112
114
110
108
109
111
119
179
228
296
382
861
1002
1151
1302
1443
1869
2007
2143
2272
2394
2502
2597
2681
2975
3042
3101
3144
3248
3241
3216
3183
3156
3013
2969
2928
2887
2841
2789
2742
2697
2558
2519
2482
2456
2435
2414
2390
2367
2350
2306
2300
2292
2285
2274
2267
2266
2272
2283
2328
2335
2343
2362
2373
2374
2376
2378
2336
2326
2309
2283
2128
2081
2033
1983
1743
1693
1645
1599
1565
1469
1444
1433
1420
1406
1391
1383
1381
1411
1430
1450
1478
1568
1583
1605
1616
1626
1634
1619
1606
1589
1574
1565
1552
1546
1528
1522
1518
1516
1533
1542
1563
1589
1705
1747
1793
1841
1891
2053
2114
2178
2245
2312
2379
2449
2523
2730
2780
2832
2875
2984
3000
3020
3031
3046
3038
3028
3008
2982
2902
2869
2835
2793
2746
2689
2640
2584
2336
2268
2199
2126
1823
1744
1668
1598
1533
1357
1306
1259
1212
1170
1135
1100
1074
1025
1029
1032
1040
1124
1153
1190
1231
1382
1421
1469
1514
1561
1698
1741
1784
1831
1882
1933
1982
2030
2231
2283
2332
2379
2551
2595
2633
2664
2788
2813
2829
2847
2859
2886
2887
2880
2867
2856
2836
2827
2808
2697
2667
2637
2597
2444
2405
2361
2313
2253
2071
2011
1952
1895
1840
1783
1728
1674
1440
1388
1347
1308
1219
1208
1196
1197
1250
1279
1308
1342
1380
1506
1553
1605
1657
1709
1757
1813
1867
2043
2081
2115
2154
2251
2268
2284
2299
2309
2304
2295
2284
2268
2212
2188
2171
2148
2124
2110
2094
2082
2044
2042
2040
2038
2052
2062
2072
2086
2102
2149
2166
2186
2209
2232
2251
2272
2290
2334
2343
2352
2361
2350
2350
2339
2322
2252
2233
2220
2200
2172
2096
2078
2059
2041
2022
2012
1998
1988
1908
1895
1885
1878
1885
1891
1891
1888
1894
1884
1886
1889
1890
1891
1888
1881
1875
1852
1850
1843
1832
1826
1817
1804
1795
1785
1758
1745
1734
1725
1712
1702
1696
1691
1686
1666
1662
1665
1671
1670
1671
1682
1691
1747
1756
1776
1799
1895
1920
1948
1978
2101
2133
2163
2192
2225
2296
2319
2337
2360
2370
2384
2400
2415
2461
2456
2451
2453
2428
2418
2411
2401
2394
2338
2310
2283
2262
2245
2229
2215
2197
2137
2114
2090
2073
2059
2038
2023
2010
1987
1945
1935
1928
1915
1904
1896
1883
1876
1865
1852
1845
1849
1851
1853
1848
1847
1846
1840
1839
1834
1837
1847
1856
1863
1857
1859
1854
1859
1864
1874
1887
1893
1901
1916
1934
1947
1961
1971
2036
2040
2054
2072
2141
2157
2176
2192
2206
2215
2216
2220
2218
2213
2203
2199
2191
2142
2124
2102
2088
2005
1991
1982
1979
1956
1950
1945
1948
1951
1973
1977
1984
1994
2011
2026
2039
2054
2094
2111
2125
2139
2173
2181
2185
2193
2198
2203
2206
2204
2205
2197
2195
2194
2186
2146
2134
2125
2108
2054
2036
2018
2002
1940
1925
1905
1887
1880
1841
1836
1821
1816
1811
1801
1796
1796
1808
1803
1803
1802
1814
1822
1828
1839
1880
1883
1893
1902
1919
1949
1957
1970
1984
1992
1997
2006
2013
2033
2041
2050
2063
2083
2087
2093
2101
2109
2133
2132
2130
2137
2147
2159
2170
2183
2209
2222
2228
2235
2247
2245
2242
2240
2217
2212
2207
2195
2188
2147
2128
2117
2102
2083
2063
2048
2024
1945
1927
1912
1894
1834
1825
1817
1809
1806
1809
1812
1816
1830
1856
1863
1874
1891
1904
1914
1926
1946
2005
2021
2036
2046
2088
2094
2100
2105
2113
2115
2119
2118
2119
2121
2116
2112
2113
2092
2088
2081
2075
2057
2057
2055
2057
2048
2052
2046
2049
2051
2047
2047
2053
2061
2067
2064
2067
2071
2060
2056
2050
2053
2042
2036
2030
2028
2028
1999
1987
1977
1968
1959
1949
1942
1936
1911
1909
1907
1905
1901
1901
1901
1908
1909
1931
1939
1946
1957
1961
1966
1971
1978
2001
2010
2013
2018
2020
2023
2028
2032
2037
2040
2044
2042
2040
2033
2029
2026
2020
2008
2007
2010
2008
2002
2010
2015
2013
2019
2023
2024
2035
2043
2058
2068
2072
2074
2104
2107
2110
2110
2116
2120
2124
2125
2129
2134
2136
2141
2149
2156
2151
2148
2143
2140
2136
2131
2128
2107
2101
2102
2097
2086
2058
2047
2034
2022
2007
1997
1989
1978
1941
1930
1920
1908
1907
1909
1917
1920
1922
1933
1933
1932
1938
1948
1956
1965
1975
1999
2004
2011
2025
2032
2041
2052
2059
2065
2070
2068
2074
2077
2079
2083
2079
2077
2078
2057
2057
2051
2046
2042
2035
2033
2026
2002
2008
2012
2010
2003
2003
2001
2003
2015
2027
2034
2035
2042
2050
2056
2057
2057
2060
2065
2070
2070
2054
2054
2051
2046
2013
2013
2006
2002
1997
1974
1965
1959
1956
1953
1947
1947
1951
1955
1958
1957
1957
1963
1966
1965
1965
1969
1968
1969
1974
1979
1980
1985
1983
1987
1995
1997
2005
2006
2003
2003
2010
2014
2023
2028
2035
2033
2032
2035
2033
2035
2040
2050
2046
2052
2052
2053
2052
2051
2051
2057
2058
2067
2073
2054
2056
2052
2050
2055
2061
2061
2059
2055
2061
2063
2067
2066
2067
2070
2076
2074
2085
2086
2087
2090
2072
2072
2076
2076
2072
2059
2056
2048
2039
2035
2037
2041
2037
2016
2004
2002
2003
1993
1991
1994
1993
1996
1999
2001
2001
2007
2014
2018
2017
2015
2008
2010
2012
2019
2022
2023
2026
2029
2021
2021
2028
2026
2023
2017
2017
2018
2022
2029
2028
2031
2034
2041
2038
2033
2035
2054
2048
2048
2044
2048
2042
2038
2040
2048
2045
2046
2041
2031
2017
2015
2016
2016
2000
1994
1993
1990
1967
1964
1957
1954
1955
1957
1956
1955
1953
1955
1965
1974
1979
2006
2011
2014
2022
2051
2049
2047
2051
2053
2049
2050
2051
2055
2054
2050
2044
2040
2032
2034
2038
2035
2036
2038
2038
2038
2039
2041
2035
2036
2034
2037
2038
2033
2032
2034
2026
2032
2035
2033
2037
2036
2034
2033
2044
2046
2047
2051
2037
2033
2030
2032
2024
2017
2012
2013
2016
1998
1990
1982
1978
1973
1979
1977
1978
1978
1976
1969
1968
1974
1974
1975
1978
1983
1996
1995
2000
2012
2023
2025
2029
2036
2062
2067
2071
2076
2083
2087
2093
2099
2109
2107
2106
2107
2105
2102
2097
2093
2094
2092
2093
2098
2094
2063
2063
2060
2051
2017
2011
2002
1998
2000
1990
1990
1982
1983
1981
1979
1975
1973
1964
1966
1967
1964
1956
1955
1960
1963
1972
1978
1982
1990
1997
2001
2045
2188
2280
2202
2046
1935
1853
1780
1789
1793
1871
2089
2062
2072
2047
2009
1994
1966
1958
1975
2073
2120
2162
2173
2166
2189
2228
2232
2246
2270
2323
2384
2237
2192
2132
2052
1980
1809
1795
1830
1885
1919
1946
1978
1998
1869
1818
1759
1702
1635
1667
1694
1716
1649
1631
1625
1634
1660
1820
1865
1899
1913
1904
1875
1856
1849
1832
1885
1951
2024
2332
2355
2375
2397
2425
2538
2586
2621
2656
2693
2720
2757
2798
2819
2784
2747
2711
2764
2794
2816
2816
2656
2593
2533
2472
2414
2347
2323
2284
2241
2190
2128
2054
1984
1799
1761
1715
1666
1448
1387
1323
1255
1100
1091
1100
1110
1111
1090
1092
1098
1112
1124
1146
1175
1202
1271
1287
1303
1325
1478
1526
1579
1641
1709
1884
1940
1998
2053
2107
2165
2229
2285
2442
2468
2499
2530
2614
2636
2653
2676
2750
2762
2775
2789
2793
2784
2770
2751
2739
2729
2714
2694
2674
2582
2570
2567
2561
2477
2447
2412
2370
2329
2257
2249
2246
2238
2220
2188
2152
2109
1970
1929
1894
1866
1841
1825
1813
1798
1782
1742
1717
1689
1662
1631
1601
1575
1555
1548
1547
1547
1553
1554
1552
1548
1544
1539
1530
1533
1545
1537
1349
1298
1244
1212
1206
1233
1267
1295
1315
1335
1338
1339
1349
1363
1378
1394
1413
1544
1574
1609
1655
1853
1907
1967
2038
2118
2365
2440
2504
2566
2618
2657
2687
2713
2789
2812
2839
2872
2947
2945
2934
2919
2825
2791
2760
2737
2707
2574
2518
2458
2398
2338
2278
2225
2188
2084
2061
2041
2014
1835
1791
1748
1712
1680
1633
1624
1621
1617
1608
1602
1594
1589
1594
1604
1618
1639
1718
1743
1765
1782
1803
1820
1834
1861
1888
1969
1997
2025
2042
2052
2061
2072
2087
2162
2186
2216
2248
2351
2386
2421
2443
2474
2551
2567
2585
2599
2601
2599
2595
2595
2591
2594
2600
2599
2544
2518
2486
2458
2363
2339
2313
2285
2256
2145
2106
2065
2032
2001
1967
1942
1908
1773
1747
1724
1698
1647
1652
1647
1638
1639
1641
1631
1628
1634
1645
1653
1664
1678
1750
1766
1785
1807
1855
1869
1881
1891
1912
1911
1906
1902
1897
1869
1875
1878
1878
1880
1882
1881
1878
1904
1910
1928
1939
2009
2017
2026
2027
2028
2029
2034
2039
2043
2050
2059
2068
2082
2122
2122
2122
2125
2139
2142
2148
2152
2172
2164
2157
2149
2136
2087
2071
2055
2044
2031
2016
1999
1984
1920
1910
1902
1893
1868
1864
1864
1863
1861
1857
1848
1843
1843
1838
1831
1831
1823
1795
1787
1781
1780
1780
1784
1789
1795
1811
1837
1838
1832
1840
1847
1857
1864
1868
1878
1907
1918
1925
1935
1948
1960
1972
1976
2013
2028
2042
2056
2117
2136
2154
2169
2218
2234
2248
2263
2273
2321
2332
2341
2347
2351
2357
2361
2367
2379
2376
2373
2372
2348
2343
2332
2319
2303
2262
2251
2242
2235
2225
2211
2195
2182
2140
2129
2119
2111
2069
2056
2044
2038
2005
2004
1997
1988
1979
1959
1953
1949
1950
1943
1934
1926
1926
1895
1900
1897
1886
1867
1864
1859
1856
1858
1847
1848
1843
1843
1841
1843
1847
1851
1877
1882
1892
1901
1943
1949
1957
1961
2003
2009
2016
2030
2044
2068
2067
2069
2077
2081
2072
2081
2088
2096
2094
2092
2090
2082
2077
2080
2076
2061
2057
2054
2052
2048
2028
2031
2037
2040
2040
2037
2038
2041
2038
2038
2040
2043
2033
2033
2045
2053
2047
2058
2051
2045
2038
2037
2033
2026
2024
1998
1993
1989
1981
1965
1967
1965
1965
1957
1951
1947
1943
1944
1933
1929
1931
1935
1938
1938
1938
1941
1948
1950
1957
1965
1973
1978
1990
1994
2001
2011
2020
2029
2034
2040
2049
2061
2070
2083
2085
2086
2086
2087
2093
2091
2089
2076
2075
2072
2063
2058
2053
2054
2051
2047
2045
2041
2047
2050
2054
2054
2059
2069
2073
2077
2074
2069
2061
2064
2063
2066
2072
2073
2075
2075
2075
2072
2062
2053
2049
2035
2024
2016
2013
2003
1995
1988
1978
1972
1965
1970
1977
1981
1983
1985
1992
1998
2005
2007
2011
2011
2017
2017
2023
2028
2043
2042
2042
2036
2038
2023
2021
2014
2015
2019
2021
2013
2006
1996
1987
1994
1999
1985
1984
1983
1981
1990
2000
2012
2022
2025
2038
2036
2041
2048
2053
2059
2062
2069
2085
2083
2087
2089
2094
2095
2097
2090
2087
2078
2073
2070
2067
2062
2050
2042
2036
2020
2013
2002
1995
1997
1997
1995
1993
1991
1977
1976
1968
1961
1956
1951
1950
1947
1948
1944
1953
1955
1987
1993
2007
2009
2036
2040
2048
2058
2069
2089
2093
2100
2102
2100
2102
2105
2099
2086
2087
2088
2085
2061
2060
2051
2045
2037
2041
2038
2037
2044
2047
2051
2052
2058
2061
2068
2071
2077
2069
2070
2065
2061
2046
2038
2030
2022
2009
1985
1968
1961
1957
1954
1951
1943
1936
1913
1908
1908
1910
1906
1911
1912
1916
1920
1928
1933
1944
1956
1966
1977
1979
1981
1988
1990
1997
2003
2030
2032
2040
2043
2065
2064
2065
2067
2071
2071
2073
2073
2069
2064
2062
2064
2064
2084
2084
2079
2074
2058
2059
2056
2056
2053
2041
2039
2046
2048
2030
2035
2031
2032
2032
2035
2033
2028
2019
2015
2022
2031
2028
2028
2029
2017
1985
1970
1965
1959
1954
1974
1983
1990
2007
2027
2042
2055
2072
2144
2153
2163
2168
2155
2155
2150
2141
2134
2099
2085
2077
2071
2063
2051
2045
2038
2009
2002
1996
1985
1958
1948
1938
1933
1935
1936
1932
1937
1946
1961
1967
1968
1969
1972
1976
1980
1978
1986
1986
1986
1987
1986
1997
2003
2013
2022
2042
2054
2067
2083
2099
2111
2123
2132
2173
2177
2180
2183
2173
2169
2170
2171
2137
2125
2116
2108
2106
2094
2090
2085
2085
2085
2079
2073
2064
2014
2004
1995
1985
1949
1944
1929
1922
1917
1915
1921
1924
1929
1930
1934
1937
1942
1947
1947
1945
1942
1935
1931
1931
1935
1933
1925
1929
1931
1931
1926
1929
1937
1942
1944
1953
1955
1959
1957
1957
1957
1965
1971
1958
1961
1965
1970
1993
1991
1993
1995
2011
2012
2017
2020
2025
2031
2033
2036
2041
2048
2054
2049
2050
2060
2060
2046
2041
2039
2038
2039
2038
2039
2049
2038
2036
2027
2027
2021
2017
2023
2017
2018
2024
2026
2020
2021
2022
2016
2014
2018
2023
2028
2041
2056
2058
2063
2070
2064
2067
2077
2084
2104
2107
2113
2127
2138
2139
2134
2130
2126
2095
2094
2091
2083
2081
2082
2083
2077
2048
2035
2026
2014
1996
2000
2009
2014
2011
2004
1993
2003
2008
2012
2021
2031
2039
2043
2049
2057
2061
2058
2057
2051
2047
2060
2070
2075
2080
2091
2103
2102
2096
2086
2083
2077
2073
2074
2076
2069
2069
2069
2075
2076
2075
2067
2054
2036
2029
2021
2024
2026
2031
2023
2023
2024
2024
2014
2008
2002
1991
1980
1974
1975
1977
1978
1976
1980
1950
1947
1943
1939
1918
1919
1922
1918
1926
1926
1929
1930
1925
1921
1918
1917
1915
1913
1918
1938
1980
1746
1752
1749
1760
1801
1860
1911
1966
1955
1921
1937
1995
2052
2069
2033
2011
2026
2019
2047
2072
2083
2146
2144
2133
2141
2148
2177
2188
2174
2169
2189
2209
2223
2221
2132
2106
2098
2090
2108
2119
2120
2108
1954
1910
1862
1825
1803
1749
1739
1738
1739
1721
1702
1684
1676
1650
1648
1651
1663
1606
1575
1549
1518
1509
1550
1569
1585
1594
1600
1605
1619
1635
1710
1745
1798
1851
2161
2253
2338
2400
2683
2789
2885
2968
3050
3354
3443
3511
3566
3623
3660
3690
3715
3826
3877
3934
3988
4025
3986
3937
3885
3839
3614
3510
3389
3255
3110
2955
2782
2601
1929
1777
1647
1519
975
850
734
624
199
151
139
133
129
121
121
121
121
118
118
116
120
151
168
184
200
372
460
550
655
768
1100
1195
1287
1367
1450
1540
1641
1743
2133
2230
2330
2407
2640
2686
2731
2776
2922
2946
2972
2998
3016
3046
3058
3074
3098
3114
3131
3142
3149
3136
3124
3111
3094
3018
2984
2945
2900
2861
2729
2682
2632
2577
2520
2464
2405
2349
2150
2069
1989
1907
1827
1761
1702
1650
1604
1491
1448
1403
1353
1306
1256
1210
1164
1125
1031
1015
1007
1006
1005
1014
1034
1058
1205
1254
1307
1355
1506
1549
1590
1633
1799
1835
1864
1887
1904
1952
1962
1968
1980
1986
1990
2000
2016
2090
2108
2118
2137
2181
2184
2187
2194
2210
2267
2286
2308
2332
2354
2379
2401
2426
2532
2561
2593
2629
2737
2762
2784
2799
2834
2839
2837
2838
2838
2807
2793
2777
2758
2738
2704
2673
2634
2417
2344
2274
2207
1897
1814
1738
1666
1380
1322
1265
1212
1165
1072
1060
1052
1051
1054
1068
1076
1086
1169
1192
1223
1260
1376
1400
1433
1469
1508
1622
1668
1714
1760
1811
1859
1907
1954
2139
2184
2232
2284
2449
2501
2542
2584
2738
2774
2802
2833
2862
2915
2928
2935
2946
2946
2944
2945
2950
2902
2876
2849
2819
2657
2626
2594
2559
2531
2432
2395
2355
2318
2276
2235
2189
2139
1913
1847
1785
1719
1468
1413
1368
1320
1184
1175
1169
1167
1172
1188
1202
1207
1219
1239
1259
1283
1313
1434
1471
1506
1541
1705
1757
1814
1859
2071
2119
2167
2206
2241
2348
2371
2401
2430
2450
2467
2486
2498
2517
2509
2501
2486
2421
2411
2392
2368
2343
2265
2239
2221
2210
2194
2174
2154
2139
2052
2033
2018
2005
1956
1949
1944
1939
1918
1916
1917
1915
1917
1924
1932
1939
1948
1949
1948
1950
1952
1955
1954
1963
1961
1946
1936
1924
1912
1906
1859
1844
1819
1800
1783
1770
1753
1737
1708
1699
1697
1700
1702
1699
1703
1705
1700
1706
1717
1723
1723
1730
1735
1745
1751
1760
1772
1777
1787
1818
1833
1846
1858
1935
1964
1987
2020
2124
2149
2173
2197
2221
2268
2283
2297
2319
2335
2342
2357
2370
2392
2395
2405
2410
2431
2432
2429
2427
2431
2426
2420
2413
2409
2402
2397
2390
2381
2325
2314
2304
2296
2234
2219
2206
2195
2136
2120
2108
2092
2071
2015
1997
1975
1961
1944
1929
1906
1888
1805
1791
1777
1770
1754
1749
1744
1743
1750
1766
1779
1787
1795
1804
1818
1842
1852
1921
1945
1965
1982
2050
2068
2080
2088
2144
2154
2163
2172
2181
2196
2196
2197
2201
2199
2193
2193
2187
2151
2144
2138
2134
2104
2095
2085
2073
2028
2013
2000
1990
1983
1953
1952
1948
1944
1938
1940
1939
1941
1957
1962
1962
1958
1968
1972
1974
1973
1977
1985
1991
2000
2006
2011
2019
2023
2029
2037
2036
2036
2045
2047
2047
2050
2051
2039
2035
2021
2006
1993
1957
1948
1933
1930
1918
1906
1890
1878
1852
1850
1852
1857
1849
1850
1857
1857
1883
1895
1904
1913
1927
1939
1954
1971
1990
1997
2002
2013
2025
2051
2058
2061
2071
2099
2110
2117
2120
2122
2124
2122
2123
2128
2130
2125
2128
2136
2124
2122
2121
2119
2122
2124
2129
2134
2136
2133
2136
2137
2138
2135
2129
2123
2115
2114
2107
2099
2092
2051
2045
2036
2033
1993
1983
1970
1965
1938
1932
1929
1922
1915
1893
1897
1901
1902
1903
1903
1903
1902
1914
1917
1919
1923
1937
1949
1951
1957
1988
1997
2009
2022
2035
2060
2066
2080
2093
2097
2107
2116
2124
2145
2149
2156
2169
2205
2210
2209
2209
2213
2209
2203
2198
2190
2186
2179
2175
2169
2120
2104
2094
2086
2031
2023
2010
2004
1960
1947
1935
1928
1921
1909
1905
1904
1908
1913
1907
1907
1905
1907
1909
1913
1915
1952
1963
1972
1971
1973
1976
1985
1988
1989
1989
1985
1981
1983
1977
1973
1972
1973
1964
1964
1965
1965
1965
1969
1979
1983
1994
2003
2006
2010
2011
2012
2011
2016
2021
2039
2048
2046
2047
2043
2041
2044
2049
2092
2100
2109
2119
2122
2140
2148
2162
2169
2178
2185
2193
2199
2189
2180
2170
2162
2136
2128
2116
2099
2084
2040
2021
2000
1993
1989
1981
1975
1968
1934
1923
1917
1917
1917
1912
1912
1918
1920
1944
1956
1964
1969
1976
1978
1985
1984
1991
2005
2015
2023
2031
2035
2032
2036
2033
2019
2013
2007
2002
1993
1993
1986
1976
1935
1928
1920
1921
1918
1905
1896
1894
1899
1896
1894
1896
1901
1939
1954
1967
1984
2025
2039
2059
2079
2087
2129
2142
2157
2164
2171
2172
2172
2175
2170
2169
2166
2170
2139
2125
2117
2117
2086
2080
2077
2070
2061
2031
2019
2005
1998
1988
1971
1970
1972
1971
1968
1965
1958
1954
1962
1968
1973
1978
1961
1964
1963
1958
1960
1966
1968
1972
1979
1984
1989
1987
2001
2009
2013
2020
2040
2042
2048
2043
2046
2029
2025
2020
2017
2015
2013
2012
2009
2007
2008
2003
2005
2022
2023
2033
2040
2049
2068
2073
2079
2083
2085
2091
2098
2099
2097
2096
2102
2107
2113
2118
2123
2123
2125
2113
2113
2120
2123
2119
2118
2121
2115
2112
2091
2086
2077
2074
2078
2079
2075
2070
2039
2025
2015
2009
2005
2005
2002
1995
1967
1964
1961
1960
1963
1981
1987
1996
1993
1991
1997
1990
1990
2002
1999
2001
1998
1998
1998
1993
1983
1978
1979
1975
1973
1971
1963
1955
1958
1966
1990
2000
2004
2012
2010
2007
2005
2007
2001
1999
2000
1996
1990
1975
1974
1974
1969
1964
1970
1977
1981
1969
1970
1973
1978
1994
1998
2001
2000
2001
2009
2015
2018
2023
2033
2039
2048
2057
2069
2074
2079
2081
2084
2091
2096
2102
2108
2119
2122
2124
2124
2122
2121
2122
2119
2119
2113
2107
2101
2093
2091
2089
2086
2090
2075
2076
2068
2063
2064
2063
2063
2063
2071
2061
2061
2053
2058
2052
2047
2045
2045
2041
2038
2042
2036
2031
2019
2011
2008
2006
2001
1993
1989
1985
1978
1974
1971
1964
1955
1959
1964
1965
1964
1964
1959
1959
1956
1936
1937
1939
1942
1941
1941
1941
1940
1938
1923
1922
1927
1930
1928
1932
1933
1945
1956
1996
2001
2009
2020
2036
2051
2063
2073
2122
2138
2147
2158
2148
2145
2142
2138
2124
2112
2098
2083
2069
2041
2037
2031
2028
2022
2012
2007
2002
1976
1965
1959
1958
1931
1930
1929
1921
1917
1911
1907
1903
1905
1910
1912
1918
1931
1938
1936
1939
1948
1964
1975
1984
1992
1650
1238
1297
1548
1621
1749
1858
1868
1944
2140
2220
2115
2029
2141
2310
2461
2391
2257
2213
2226
2231
2168
2165
2163
2114
2122
2191
2220
2183
2174
2112
2132
2124
2095
1993
1985
2019
2026
2044
1969
1865
1818
1816
1702
1648
1583
1558
1561
1582
1604
1605
1448
1409
1383
1379
1470
1538
1645
1783
2216
2291
2359
2429
2526
2882
2981
3086
3191
3284
3377
3465
3566
3892
3958
4013
4040
3996
3966
3925
3853
3763
3495
3407
3309
3200
3098
2990
2877
2764
2254
2093
1949
1823
1385
1270
1141
1007
600
533
482
438
385
198
157
146
146
143
140
138
140
133
134
137
141
179
195
214
237
270
444
523
621
720
818
909
1004
1103
1454
1572
1679
1784
1884
1966
2040
2108
2191
2461
2548
2637
2723
2803
2874
2944
3019
3081
3232
3284
3333
3388
3433
3478
3519
3552
3619
3627
3628
3629
3668
3669
3662
3640
3491
3438
3394
3339
3283
3073
2979
2883
2783
2680
2579
2480
2383
1990
1911
1836
1771
1558
1506
1450
1390
1336
1211
1190
1180
1181
1187
1195
1206
1217
1224
1227
1241
1268
1413
1446
1482
1501
1522
1522
1523
1521
1525
1519
1503
1487
1468
1453
1433
1415
1402
1373
1354
1332
1311
1220
1202
1182
1185
1204
1327
1381
1438
1501
1570
1637
1705
1775
2021
2095
2169
2245
2492
2549
2601
2648
2691
2846
2903
2960
3012
3059
3100
3141
3178
3225
3215
3196
3178
3070
3038
2999
2948
2688
2618
2548
2478
2190
2118
2044
1963
1892
1677
1607
1531
1465
1398
1336
1282
1243
1134
1114
1100
1091
1103
1122
1148
1177
1208
1298
1334
1374
1424
1477
1532
1590
1653
1909
1981
2052
2121
2348
2397
2440
2480
2588
2606
2621
2629
2628
2625
2628
2633
2638
2639
2643
2651
2660
2682
2688
2699
2711
2773
2784
2797
2801
2801
2787
2771
2759
2741
2721
2699
2679
2656
2531
2491
2445
2396
2178
2123
2071
2016
1970
1829
1781
1743
1706
1662
1620
1581
1535
1355
1310
1270
1232
1113
1093
1083
1079
1142
1192
1251
1316
1385
1603
1680
1750
1818
1874
1926
1975
2018
2130
2144
2158
2166
2153
2142
2137
2129
2093
2090
2074
2050
2035
1972
1959
1944
1939
1927
1927
1923
1914
1906
1907
1906
1900
1914
1911
1910
1903
1896
1890
1880
1869
1869
1846
1849
1852
1851
1853
1863
1875
1892
2005
2038
2077
2117
2233
2255
2271
2283
2246
2230
2209
2191
2173
2121
2108
2093
2076
2059
2043
2031
2023
1988
1983
1973
1959
1884
1863
1836
1817
1795
1724
1710
1697
1690
1683
1678
1680
1685
1699
1707
1727
1742
1798
1821
1839
1862
1964
1991
2018
2041
2066
2160
2178
2202
2223
2248
2271
2285
2299
2347
2351
2349
2355
2387
2400
2405
2411
2415
2419
2421
2419
2419
2423
2419
2417
2421
2425
2424
2429
2432
2428
2424
2419
2412
2366
2344
2323
2297
2286
2219
2191
2161
2139
2115
2088
2060
2032
1929
1901
1869
1841
1718
1692
1668
1642
1548
1537
1528
1521
1515
1507
1513
1520
1525
1538
1556
1570
1587
1670
1694
1722
1745
1831
1858
1882
1909
1938
2002
2031
2063
2086
2108
2131
2157
2182
2254
2271
2280
2291
2322
2321
2318
2308
2265
2251
2234
2213
2197
2142
2125
2112
2096
2079
2065
2050
2035
1970
1958
1954
1948
1929
1928
1934
1947
1956
1990
2005
2018
2039
2055
2068
2083
2105
2134
2140
2140
2138
2120
2118
2108
2102
2076
2069
2056
2046
2045
2034
2028
2025
2028
2030
2027
2022
2021
1991
1984
1973
1964
1911
1899
1892
1887
1880
1852
1846
1841
1846
1853
1860
1867
1876
1890
1901
1908
1921
1936
1948
1962
1967
1974
1992
2002
2007
2012
2021
2017
2018
2019
2022
2013
2017
2016
2017
2016
2011
2008
2007
2028
2029
2036
2039
2060
2069
2079
2085
2108
2111
2124
2133
2136
2139
2135
2138
2140
2129
2118
2113
2107
2084
2077
2071
2069
2059
2058
2061
2065
2068
2066
2064
2063
2068
2064
2058
2057
2055
2021
2013
2000
1987
1937
1930
1923
1916
1881
1873
1870
1877
1883
1893
1900
1906
1922
1932
1941
1953
1960
1991
1997
2013
2021
2057
2069
2077
2087
2094
2118
2127
2134
2138
2142
2147
2154
2152
2153
2152
2157
2151
2131
2129
2124
2120
2095
2087
2082
2076
2072
2046
2040
2039
2036
2030
2026
2026
2017
1986
1985
1982
1984
1970
1970
1968
1964
1964
1962
1965
1965
1970
1974
1979
1989
1991
2002
2011
2021
2027
2066
2062
2060
2065
2058
2055
2055
2055
2052
2045
2034
2032
2032
2024
2016
2005
1996
1989
1986
1986
1982
1969
1974
1985
1988
1994
2006
2005
2004
1999
1999
2001
2005
2007
2042
2050
2056
2063
2070
2072
2080
2077
2089
2087
2086
2084
2085
2077
2074
2073
2064
2056
2051
2047
2044
2000
1987
1977
1972
1960
1952
1940
1931
1923
1897
1894
1895
1899
1906
1909
1922
1938
1988
2003
2025
2043
2108
2125
2138
2147
2164
2164
2164
2160
2159
2121
2104
2089
2075
2058
2041
2023
2013
1958
1942
1932
1919
1897
1898
1898
1907
1927
1936
1946
1954
1958
1990
2006
2020
2023
2020
2017
2013
2010
2015
2026
2035
2042
2037
2031
2026
2017
2016
2018
2029
2033
2038
2035
2035
2042
2043
2049
2056
2063
2066
2059
2047
2037
2030
1993
1994
1999
1992
1989
1978
1979
1973
1968
1970
1977
1987
1993
2010
2016
2021
2028
2055
2063
2074
2078
2087
2089
2081
2078
2071
2071
2072
2067
2062
2049
2042
2036
2029
2003
2001
2005
2001
1985
1979
1983
1984
1991
2003
2002
2002
2008
2002
1998
2007
2011
2037
2044
2053
2054
2046
2048
2057
2070
2086
2122
2125
2133
2132
2129
2126
2128
2137
2146
2145
2143
2140
2100
2092
2085
2079
2058
2051
2036
2015
2007
1983
1978
1968
1964
1957
1964
1962
1965
1962
1958
1961
1967
1977
1970
1967
1971
1976
1981
1988
1994
1999
1997
1998
2006
2012
2004
2005
2007
2010
2022
2029
2029
2026
2022
2027
2033
2039
2044
2029
2028
2028
2029
2029
2032
2031
2034
2032
2032
2030
2027
2016
2018
2019
2027
2027
1998
1997
1998
1993
1993
1994
1994
2000
2013
2011
2026
2030
2041
2042
2047
2049
2058
2064
2075
2083
2089
2097
2098
2099
2099
2100
2096
2097
2092
2083
2081
2074
2068
2053
2049
2044
2038
2031
2012
2006
2002
1998
1994
1987
1982
1982
1990
1990
1993
1995
2016
2026
2039
2055
2100
2103
2114
2121
2127
2135
2133
2135
2128
2119
2107
2095
2076
1994
1977
1967
1962
1900
1889
1870
1855
1850
1824
1820
1821
1827
1828
1827
1837
1850
1892
1908
1925
1952
2011
2015
2017
2025
2063
2067
2072
2080
2088
2088
2090
2094
2094
2104
2108
2121
2125
2124
2125
2117
2118
2100
2089
2076
2061
2050
2005
1987
1977
1969
1957
1944
1934
1927
1901
1895
1891
1891
1920
1933
1937
1941
1959
1965
1970
1983
1992
2018
2019
2021
2023
2029
2036
2035
2030
1950
1916
1891
1865
1902
1940
1983
2028
2065
2135
2145
2157
2159
2159
2160
2165
2173
2216
2224
2225
2213
2164
2150
2148
2148
2148
2150
2136
2122
2097
2076
2051
2030
2013
1986
1980
1980
1973
1920
1905
1893
1880
1816
1807
1793
1781
1770
1730
1711
1697
1689
1684
1678
1680
1685
1752
1768
1780
1789
1800
1803
1807
1810
1811
1837
1854
1872
1895
1914
1937
1977
2024
2296
2373
2447
2520
2773
2834
2888
2935
3116
3158
3201
3234
3265
3306
3310
3303
3296
3283
3269
3251
3230
3094
3041
2989
2933
2666
2600
2530
2467
2400
2182
2102
2026
1951
1879
1806
1733
1667
1393
1325
1262
1198
962
911
873
834
800
697
668
640
622
608
599
590
588
594
599
607
627
707
734
767
801
963
1009
1053
1096
1148
1311
1372
1435
1496
1555
1604
1664
1718
1969
2032
2093
2157
2401
2461
2525
2588
2652
2843
2903
2961
3021
3078
3129
3176
3208
3265
3266
3263
3262
3243
3238
3229
3215
3119
3087
3048
3004
2965
2810
2759
2709
2654
2595
2535
2475
2409
2145
2083
2023
1972
1777
1732
1690
1651
1608
1490
1468
1450
1435
1428
1427
1428
1432
1449
1468
1489
1512
1571
1582
1589
1593
1589
1582
1584
1586
1579
1596
1610
1625
1644
1663
1679
1702
1732
1842
1876
1913
1948
2115
2153
2203
2247
2294
2440
2489
2531
2578
2621
2663
2700
2735
2774
2775
2777
2772
2673
2653
2626
2592
2438
2404
2368
2324
2286
2162
2127
2091
2059
2023
1981
1940
1899
1720
1672
1627
1582
1424
1394
1369
1339
1313
1238
1223
1205
1187
1168
1159
1152
1153
1197
1212
1230
1249
1340
1362
1381
1405
1490
1523
1550
1581
1609
1693
1722
1757
1793
1830
1868
1902
1935
2084
2111
2143
2172
2292
2321
2351
2386
2481
2500
2514
2532
2543
2552
2551
2553
2565
2583
2592
2618
2641
2683
2691
2699
2712
2735
2740
2738
2737
2725
2689
2677
2668
2654
2635
2615
2598
2582
2477
2452
2428
2402
2276
2254
2223
2189
2099
2086
2072
2053
2044
2040
2037
2036
2032
2027
2017
2013
2012
2009
2003
2008
2007
2033
2041
2044
2048
2049
2043
2041
2040
2039
2040
2030
2021
2011
1957
1938
1918
1897
1829
1817
1810
1798
1768
1770
1771
1772
1765
1754
1750
1744
1744
1741
1734
1732
1732
1748
1752
1757
1757
1772
1776
1781
1789
1796
1809
1817
1821
1820
1825
1838
1852
1865
1918
1923
1931
1941
1949
1952
1955
1961
1955
1947
1942
1934
1932
1908
1905
1896
1887
1877
1859
1848
1836
1812
1811
1807
1802
1786
1781
1783
1794
1795
1798
1797
1796
1804
1810
1806
1803
1807
1820
1825
1840
1849
1869
1881
1898
1913
1965
1972
1980
1989
1997
2040
2050
2062
2077
2078
2092
2103
2125
2165
2178
2195
2204
2247
2253
2266
2280
2293
2329
2343
2357
2370
2379
2385
2391
2402
2433
2436
2435
2432
2428
2426
2423
2418
2388
2373
2360
2357
2349
2309
2292
2276
2254
2239
2219
2202
2190
2139
2118
2103
2094
2051
2035
2020
2013
2003
1969
1954
1936
1927
1906
1886
1866
1844
1780
1760
1749
1738
1729
1721
1714
1714
1710
1717
1724
1732
1739
1753
1769
1779
1786
1799
1835
1841
1844
1853
1863
1874
1887
1889
1911
1918
1931
1939
1973
1980
1988
2005
2047
2063
2079
2087
2098
2142
2151
2161
2169
2176
2172
2175
2178
2197
2198
2199
2191
2196
2193
2189
2192
2199
2202
2200
2198
2201
2199
2199
2198
2197
2193
2186
2178
2178
2142
2128
2120
2112
2067
2059
2054
2048
2044
2017
2009
1996
1994
1987
1980
1977
1975
1939
1929
1919
1908
1882
1874
1865
1865
1866
1855
1850
1849
1855
1855
1864
1870
1880
1900
1908
1919
1934
1951
1960
1974
1981
1992
1997
2005
2004
2010
2019
2021
2017
2021
2012
2000
1998
1996
1982
1977
1970
1969
1962
1960
1957
1953
1954
1964
1971
1975
1981
1981
1988
1993
1997
1994
1996
2002
2007
2022
2021
2030
2037
2054
2061
2066
2072
2072
2076
2077
2077
2082
2083
2079
2083
2080
2044
2033
2032
2029
2005
2000
1989
1978
1969
1946
1940
1944
1946
1944
1947
1956
1960
1958
1955
1956
1953
1967
1976
1990
1998
2018
2020
2024
2030
2037
2054
2067
2075
2086
2098
2108
2110
2110
2116
2117
2114
2119
2127
2127
2133
2136
2147
2138
2135
2130
2132
2146
2143
2135
2126
2123
2113
2112
2115
2108
2107
2109
2118
2125
2126
2129
2134
2128
2118
2113
2103
2094
2086
2081
2077
2071
2035
2023
2018
2011
1987
1976
1972
1960
1948
1935
1928
1925
1927
1922
1917
1913
1905
1903
1899
1899
1898
1902
1906
1908
1910
1925
1930
1932
1940
1952
1985
1986
1988
1994
1998
1996