2089
2078
2073
2066
2062
2067
2064
2060
2052
2043
2034
2029
2020
2017
1998
1994
1984
1983
1979
1972
1963
1951
1945
1933
1932
1926
1918
1913
1914
1914
1918
1910
1908
1912
1916
1917
1921
1928
1926
1922
1926
1934
1937
1938
1965
1975
1982
1989
2000
2010
2016
2023
2034
2041
2049
2053
2056
2060
2064
2065
2072
2086
2083
2078
2084
2085
2077
2071
2072
2073
2067
2070
2073
2077
2079
2080
2081
2077
2048
2047
2044
2042
2050
2053
2057
2062
2060
2069
2070
2067
2067
2066
2062
2071
2074
2069
2070
2078
2075
2073
2078
2081
2080
2074
2076
2069
2066
2068
2064
2058
2056
2063
2062
2059
2060
2061
2056
2052
2050
2048
2041
2037
2034
2033
2029
2014
2007
2001
2004
1997
1991
1989
1994
1970
1973
1965
1963
1948
1944
1940
1943
1948
1945
1946
1948
1949
1958
1947
1949
1951
1955
1956
1958
1960
1984
1992
2005
2015
2025
2031
2039
2046
2048
2047
2052
2060
2066
2069
2068
2068
2071
2073
2071
2079
2084
2073
2068
2082
2118
2040
2021
1996
1974
1968
1952
1957
1981
1990
1997
1992
1986
1989
1955
1944
1933
1925
1925
1932
1948
1968
1971
2005
2015
2009
2017
2027
2038
2049
2063
2100
2099
2105
2112
2065
2051
2050
2055
2087
2104
2109
2112
2114
2092
2081
2076
2072
2069
2071
2072
2073
2056
2041
2028
2027
2028
2036
2041
2049
2057
2034
2027
2017
2008
2000
2002
2004
2015
2034
2029
2025
2024
2014
2017
2020
2025
2034
2034
2031
2027
2021
1980
1976
1978
1982
1992
2001
2010
2013
2006
1995
1981
1974
1978
1984
1988
1988
1995
1995
1993
1993
1998
2002
2008
2020
2032
2050
2047
2050
2051
2047
2047
2049
2058
2061
2054
2048
2042
2041
2039
2036
2036
2034
2035
2029
2025
2020
1997
1998
2000
2009
2004
2007
2008
2003
1997
2001
2007
2008
2012
2012
2013
2009
2002
1995
2002
2003
2001
2008
2013
2019
2019
2024
2022
2024
2030
2032
2036
2032
2029
2024
2006
1999
1994
2007
2013
2014
2020
2026
2013
2018
2021
2030
2034
2041
2043
2045
2046
2043
2037
2038
2033
1995
1985
1978
1972
1923
1904
1893
1882
1877
1849
1839
1834
1826
1814
1800
1787
1770
1700
1677
1661
1652
1596
1581
1577
1571
1567
1586
1598
1613
1630
1648
1654
1665
1685
1737
1756
1785
1812
1918
1942
1979
2013
2180
2222
2269
2319
2374
2536
2585
2634
2686
2729
2777
2828
2883
3082
3134
3183
3225
3364
3393
3422
3441
3459
3487
3490
3487
3488
3482
3465
3454
3437
3320
3289
3247
3199
2978
2902
2831
2759
2452
2388
2304
2201
2087
1712
1586
1473
1368
1271
1185
1114
1047
844
797
744
700
561
535
514
497
486
506
520
551
584
615
645
677
708
861
904
957
1008
1209
1260
1302
1338
1370
1427
1450
1483
1521
1560
1601
1649
1704
1853
1871
1883
1893
1925
1940
1966
1990
2056
2062
2072
2079
2091
2131
2156
2174
2189
2201
2215
2217
2216
2203
2171
2165
2163
2169
2179
2195
2205
2215
2241
2247
2246
2249
2254
2261
2268
2277
2283
2295
2300
2301
2295
2286
2276
2266
2257
2243
2247
2249
2251
2214
2195
2176
2151
2133
2093
2079
2069
2062
2054
2049
2043
2032
2036
2043
2055
2066
2079
2079
2077
2084
2088
2084
2091
2094
2090
2083
2080
2080
2075
2068
2079
2096
2110
2189
2203
2216
2225
2233
2274
2300
2326
2350
2372
2389
2410
2433
2475
2486
2500
2517
2537
2564
2584
2598
2613
2633
2627
2620
2611
2599
2592
2583
2570
2565
2529
2513
2484
2460
2436
2412
2384
2352
2213
2177
2143
2102
1929
1883
1843
1806
1771
1698
1677
1655
1636
1626
1607
1591
1576
1536
1531
1531
1532
1541
1546
1550
1560
1593
1611
1629
1652
1670
1722
1740
1756
1779
1802
1828
1853
1881
1993
2022
2050
2076
2165
2185
2206
2218
2235
2251
2253
2253
2249
2251
2253
2254
2257
2229
2220
2215
2209
2167
2162
2154
2153
2096
2079
2059
2039
2013
1935
1912
1898
1885
1867
1854
1835
1819
1739
1718
1700
1691
1648
1646
1640
1629
1628
1623
1623
1626
1628
1633
1638
1653
1667
1723
1742
1764
1785
1850
1869
1888
1910
1999
2017
2039
2059
2077
2124
2138
2147
2156
2168
2181
2183
2185
2187
2191
2195
2193
2186
2181
2176
2168
2164
2147
2140
2143
2140
2140
2141
2147
2150
2171
2169
2166
2164
2181
2191
2198
2200
2204
2202
2201
2195
2196
2193
2196
2201
2199
2183
2183
2184
2186
2176
2175
2173
2169
2153
2140
2131
2125
2129
2116
2106
2101
2103
2097
2085
2072
2064
2025
2015
2006
1997
1946
1937
1920
1907
1897
1861
1852
1846
1839
1822
1806
1789
1778
1757
1754
1750
1748
1753
1755
1758
1758
1763
1767
1783
1798
1808
1843
1861
1870
1879
1895
1907
1920
1939
2006
2029
2048
2059
2126
2140
2157
2171
2182
2220
2226
2234
2244
2257
2269
2277
2281
2281
2278
2274
2273
2249
2251
2250
2245
2240
2228
2225
2218
2206
2201
2195
2188
2183
2138
2123
2118
2118
2078
2070
2065
2059
2014
2010
2004
2000
1997
1966
1961
1951
1944
1948
1948
1942
1939
1944
1939
1940
1933
1942
1941
1945
1951
1956
1951
1948
1946
1951
1952
1950
1951
1957
1967
1978
1981
1991
2003
2008
2011
2017
2025
2020
2018
2019
2019
2017
2014
2014
2013
2002
1998
2004
2000
1986
1984
1982
1979
1973
1975
1979
1981
1991
1980
1975
1970
1977
1979
1979
1982
1984
1987
1999
2007
2012
2036
2043
2053
2060
2061
2071
2069
2071
2074
2076
2080
2079
2087
2083
2075
2068
2055
2020
2011
2005
1997
1977
1973
1964
1957
1950
1923
1918
1916
1908
1906
1905
1909
1908
1926
1928
1927
1934
1954
1957
1957
1959
1970
1978
1983
1990
1996
2004
2010
2016
2020
2028
2038
2036
2038
2048
2052
2059
2063
2065
2084
2087
2088
2090
2094
2095
2106
2116
2129
2132
2144
2151
2161
2162
2159
2163
2161
2155
2148
2150
2151
2134
2129
2128
2126
2118
2116
2111
2099
2068
2061
2051
2038
2016
2009
2007
2003
1998
1978
1978
1978
1976
1973
1980
1985
1984
1993
1989
1990
1995
2002
2001
2001
2004
2011
2024
2022
2019
2019
2024
2026
2024
2027
2031
2033
2032
2033
2040
2043
2054
2057
2061
2060
2059
2059
2062
2065
2061
2060
2056
2053
2051
2049
2048
2035
2028
2027
2029
2012
1998
1998
1996
1989
1989
1985
1983
1980
1976
1974
1972
1971
1958
1953
1949
1943
1945
1948
1950
1947
1933
1931
1933
1932
1931
1933
1929
1938
1939
1937
1938
1949
1952
1964
1969
1968
1967
1964
1970
1974
1976
1982
1980
1980
1981
1981
1982
1983
1985
1985
2003
2004
2009
2017
2031
2040
2049
2050
2056
2066
2067
2072
2077
2083
2081
2089
2094
2106
2114
2120
2124
2120
2128
2145
2158
2157
2156
2153
2152
2155
2148
2149
2151
2152
2144
2138
2133
2123
2098
2086
2085
2079
2048
2032
2029
2024
2018
1996
1994
1989
1985
1973
1964
1965
1965
1972
1977
1975
1976
1972
1968
1970
1972
1979
1981
1987
1988
1988
1987
1984
1984
1984
1990
1992
1995
2004
2013
2017
2025
2028
2021
2016
2018
2016
2014
2012
2018
2050
2058
1966
1846
1788
1767
1940
1987
2016
2062
2101
2102
2133
2137
2106
2057
2026
2035
2064
2085
2089
2089
2117
2163
2171
2180
2168
2097
2088
2103
2122
2113
2100
2114
2122
2121
2120
2114
2081
2036
1985
1991
1999
2010
2025
2000
1965
1935
1903
1919
1920
1925
1933
1925
1913
1906
1901
1893
1888
1890
1901
2001
2015
2015
2004
1897
1897
1916
1939
1970
2033
2046
2054
2060
2062
2058
2038
2016
2005
2033
2066
2083
2064
2040
2027
2020
2060
2078
2092
2103
2113
2095
2066
2041
2022
2015
2009
2026
2055
2141
2146
2138
2119
2083
2080
2081
2083
2083
2100
2089
2069
2041
2019
2004
2000
2002
2038
2035
2036
2034
1968
1950
1943
1945
1954
1989
2000
2001
2003
1997
1985
1975
1963
1948
1956
1958
1964
1987
1992
2000
2001
2027
2036
2039
2039
2038
2018
2004
2001
1997
1994
1994
2006
2021
2051
2046
2034
2021
1982
1983
1990
1991
1997
1990
1985
1976
1979
1977
1979
1976
1979
1946
1939
1936
1937
1941
1939
1940
1939
1921
1917
1907
1905
1901
1907
1915
1922
1930
1941
1947
1949
1941
1871
1845
1823
1801
1745
1752
1754
1753
1759
1781
1784
1791
1801
1815
1826
1848
1859
1888
1893
1912
1923
1980
1991
2008
2037
2067
2155
2198
2243
2287
2330
2370
2411
2451
2565
2596
2625
2657
2776
2815
2850
2882
2978
2996
3021
3039
3053
3091
3104
3119
3130
3132
3125
3119
3103
3011
2986
2967
2947
2848
2804
2762
2714
2662
2487
2424
2356
2294
2230
2161
2103
2042
1803
1744
1705
1650
1419
1364
1312
1254
1213
930
811
735
656
561
495
481
475
524
520
509
518
609
687
750
771
941
976
1024
1072
1107
1253
1310
1367
1442
1509
1557
1598
1649
1837
1885
1918
1956
2111
2153
2199
2241
2284
2397
2414
2434
2458
2475
2488
2507
2520
2516
2515
2510
2513
2497
2481
2462
2438
2407
2333
2298
2264
2246
2234
2217
2211
2203
2068
2023
1975
1933
1808
1786
1770
1750
1692
1681
1676
1671
1651
1630
1629
1641
1656
1663
1667
1669
1661
1641
1655
1672
1703
1822
1842
1865
1889
1909
1970
1990
2017
2052
2081
2118
2158
2198
2341
2363
2389
2428
2571
2609
2644
2672
2745
2757
2767
2789
2808
2869
2883
2900
2917
2917
2910
2898
2880
2823
2807
2794
2778
2716
2698
2684
2664
2649
2589
2583
2566
2549
2531
2515
2492
2472
2364
2343
2322
2297
2195
2164
2129
2090
2055
1947
1905
1872
1850
1823
1797
1774
1745
1631
1607
1576
1551
1497
1493
1486
1467
1421
1413
1404
1402
1408
1437
1440
1453
1463
1475
1486
1510
1529
1623
1658
1680
1710
1845
1872
1901
1927
1951
2048
2072
2093
2114
2130
2139
2139
2143
2190
2211
2229
2249
2306
2318
2330
2320
2317
2312
2306
2296
2292
2278
2260
2248
2231
2150
2118
2081
2049
1930
1903
1882
1852
1819
1714
1679
1643
1617
1595
1570
1549
1533
1460
1447
1432
1414
1386
1379
1377
1375
1386
1391
1399
1415
1427
1466
1489
1512
1534
1558
1579
1608
1640
1757
1788
1824
1860
2007
2041
2072
2100
2142
2250
2293
2327
2358
2387
2413
2437
2462
2548
2571
2589
2607
2636
2640
2644
2643
2604
2595
2587
2577
2565
2500
2474
2450
2421
2389
2362
2340
2321
2227
2205
2188
2177
2098
2093
2091
2083
2063
2043
2035
2036
2023
2010
2003
1991
1982
1945
1943
1947
1935
1922
1925
1928
1926
1923
1907
1894
1889
1897
1906
1909
1909
1904
1919
1923
1921
1924
1925
1935
1940
1942
1952
1969
1975
1979
1994
2003
2003
2003
2008
2000
2000
2005
2013
2012
2011
2007
2012
2025
2031
2036
2052
2062
2069
2080
2084
2091
2098
2105
2118
2130
2166
2178
2187
2197
2216
2212
2215
2209
2198
2193
2191
2190
2185
2184
2173
2171
2177
2175
2167
2167
2167
2148
2138
2127
2118
2078
2067
2063
2053
2037
1999
1979
1967
1955
1941
1927
1915
1896
1843
1836
1834
1829
1794
1790
1791
1783
1781
1767
1768
1777
1787
1789
1796
1800
1802
1843
1850
1856
1872
1933
1955
1967
1986
2023
2033
2052
2066
2072
2096
2104
2108
2115
2119
2127
2137
2139
2128
2127
2130
2132
2121
2120
2113
2106
2111
2088
2085
2086
2082
2085
2086
2094
2096
2078
2072
2060
2051
2027
2021
2021
2012
2002
1976
1968
1957
1950
1937
1927
1918
1912
1876
1878
1882
1887
1889
1888
1890
1894
1923
1923
1925
1930
1940
1956
1962
1970
1978
1977
1972
1967
1965
1977
1984
1983
1984
1987
1985
1991
2001
2009
2012
2013
2005
2005
2007
2009
2018
2022
2008
1988
1979
1976
1989
1996
2007
2016
2022
2036
2042
2043
2053
2053
2056
2055
2063
2072
2078
2088
2091
2098
2098
2098
2094
2099
2094
2095
2103
2114
2120
2122
2126
2132
2139
2139
2141
2145
2148
2147
2141
2138
2140
2139
2140
2137
2127
2120
2120
2115
2114
2108
2103
2101
2102
2105
2099
2093
2089
2079
2066
2055
2051
2046
2040
2034
2029
2023
2018
1999
1997
1994
1991
1988
1985
1983
1977
1967
1962
1970
1973
1971
1977
1984
1980
1977
1994
1995
1997
2005
2013
2024
2030
2037
2061
2064
2067
2076
2104
2114
2117
2124
2126
2128
2132
2129
2123
2115
2112
2105
2101
2088
2077
2081
2077
2054
2046
2039
2037
2005
1999
2001
1996
1988
1969
1955
1946
1940
1933
1933
1931
1925
1906
1902
1897
1888
1875
1870
1872
1874
1870
1871
1871
1875
1877
1893
1898
1903
1912
1921
1929
1935
1934
1961
1968
1971
1974
1993
1999
2005
2008
2010
2027
2023
2024
2031
2036
2044
2048
2055
2081
2086
2091
2092
2101
2101
2101
2100
2110
2113
2110
2109
2111
2104
2104
2113
2113
2099
2092
2093
2093
2094
2082
2081
2082
2070
2064
2061
2059
2060
2049
2052
2058
2064
2065
2070
2074
2074
2059
2057
2055
2051
2057
2058
2055
2057
2052
2036
2033
2028
2030
2031
2033
2039
2033
2014
2008
2005
1995
1962
1962
1967
1965
1962
1962
1967
1970
1966
1967
1965
1968
1977
1980
1983
1989
1996
1998
2000
1999
2003
2010
2011
2008
2014
2017
2026
2027
2030
2036
2040
2037
2049
2046
2062
2057
2056
2055
2072
2079
2081
2083
2080
2069
2069
2066
2064
2066
2066
2064
2066
2050
2046
2051
2053
2040
2039
2026
2024
2008
2006
2000
2000
2004
1988
1931
1857
1820
1821
1824
1811
1817
1908
1945
1977
1982
1994
1995
2016
2044
2057
2071
2071
2068
2072
2077
2071
2055
2049
2056
2072
2089
2105
2141
2144
2144
2141
2133
2127
2116
2110
2114
2109
2114
2119
2114
2103
2095
2091
2082
2034
2034
2039
2047
2053
2047
2038
2030
2021
1986
1976
1977
1986
2003
2021
2039
2053
2047
2031
2017
2009
1989
1983
1980
1975
1971
1970
1974
1985
1995
2000
1997
1996
1992
1974
1969
1965
1963
1953
1950
1954
1959
1945
1945
1940
1937
1937
1947
1961
1971
1981
1985
1987
1995
2003
2036
2050
2060
2068
2088
2092
2088
2082
2080
2060
2052
2046
2036
2029
2025
2016
2005
1961
1962
1964
1962
1971
1976
1980
1975
1977
1980
1991
1989
1994
1983
1984
1980
1981
1989
1998
1999
2008
2028
2041
2046
2050
2055
2048
2048
2050
2049
2054
2057
2057
2056
2050
2045
2037
2038
2027
2029
2034
2040
2032
2030
2026
2026
2016
2020
2021
2018
2020
2012
2002
2001
1997
2003
2005
2006
2014
2016
2008
2009
2009
2001
2002
2015
2019
2026
2026
2020
2002
1984
1966
1945
1923
1906
1869
1870
1876
1867
1831
1823
1814
1803
1798
1767
1759
1758
1754
1745
1736
1726
1714
1704
1710
1719
1727
1734
1739
1746
1764
1861
1891
1914
1933
1962
2044
2064
2087
2115
2149
2187
2227
2264
2402
2439
2475
2510
2640
2672
2709
2750
2786
2901
2932
2955
2983
3009
3038
3067
3090
3087
3087
3083
3072
3051
3040
3039
3039
3030
2969
2943
2914
2889
2858
2822
2784
2750
2647
2605
2561
2511
2469
2427
2381
2328
2280
2140
2089
2038
1983
1935
1886
1834
1788
1733
1561
1502
1449
1405
1363
1330
1292
1258
1125
1096
1073
1050
995
986
976
971
966
970
971
970
977
988
997
1008
1023
1046
1066
1086
1113
1224
1247
1274
1299
1406
1427
1445
1458
1468
1521
1541
1568
1595
1623
1650
1678
1696
1753
1763
1774
1788
1832
1847
1865
1882
1897
1919
1925
1928
1940
1949
1965
1987
2004
2030
2033
2036
2040
2058
2072
2094
2111
2159
2174
2194
2209
2227
2245
2250
2260
2275
2286
2300
2317
2325
2341
2340
2334
2329
2325
2327
2334
2343
2348
2363
2372
2377
2383
2386
2387
2385
2387
2398
2395
2396
2402
2408
2403
2402
2409
2395
2402
2411
2415
2421
2413
2407
2406
2410
2419
2426
2437
2438
2461
2457
2455
2449
2450
2445
2444
2438
2427
2383
2367
2351
2342
2331
2317
2304
2295
2253
2241
2234
2223
2209
2204
2200
2188
2173
2135
2122
2109
2092
2072
2048
2028
2012
1956
1944
1934
1932
1901
1897
1892
1885
1887
1892
1900
1904
1908
1901
1899
1899
1891
1888
1892
1893
1896
1893
1887
1884
1887
1887
1889
1893
1896
1894
1902
1904
1910
1916
1921
1929
1941
1944
1957
1956
1947
1934
1882
1870
1855
1844
1798
1795
1786
1778
1765
1723
1705
1695
1688
1688
1680
1675
1673
1640
1626
1619
1613
1572
1568
1560
1560
1563
1573
1585
1589
1605
1614
1627
1646
1660
1686
1699
1719
1745
1849
1879
1896
1915
1949
2014
2035
2053
2068
2077
2090
2111
2136
2205
2225
2249
2268
2333
2359
2377
2386
2405
2402
2407
2413
2411
2401
2391
2378
2378
2377
2371
2362
2352
2282
2256
2235
2218
2177
2175
2163
2150
2140
2112
2104
2099
2097
2095
2087
2078
2058
1999
1991
1981
1974
1952
1949
1947
1951
1953
1961
1961
1961
1965
1962
1972
1975
1974
1977
1977
1989
1998
2007
2009
2014
2018
2065
2076
2079
2071
2065
2066
2061
2063
2068
2066
2068
2066
2061
2058
2056
2058
2051
2047
2040
2043
2037
2027
2028
2024
2023
2020
2009
2005
1999
1996
2004
2007
2011
2022
2027
2034
2038
2037
2029
2027
2024
2028
2027
2015
2011
2005
2007
2009
2004
2001
2002
2009
2005
2001
1996
1992
1992
1995
2002
2012
2015
2014
2017
2021
2022
2018
2024
2027
2041
2050
2062
2065
2059
2057
2062
2063
2070
2072
2067
2069
2083
2091
2098
2100
2100
2104
2108
2108
2108
2111
2107
2109
2111
2113
2109
2106
2110
2110
2114
2120
2118
2117
2113
2110
2107
2104
2096
2089
2083
2072
2055
2049
2041
2042
2039
2012
1997
1990
1983
1976
1972
1964
1958
1927
1919
1914
1908
1882
1877
1872
1870
1863
1844
1842
1844
1843
1841
1838
1836
1834
1829
1835
1839
1845
1856
1858
1857
1851
1871
1880
1887
1895
1901
1925
1935
1943
1952
1970
1987
2001
2016
2054
2060
2070
2077
2111
2120
2127
2133
2145
2150
2152
2151
2151
2141
2139
2138
2135
2136
2137
2133
2132
2122
2117
2119
2120
2101
2097
2091
2088
2083
2076
2075
2070
2068
2066
2059
2051
2049
2035
2024
2017
2021
2008
2005
2000
2000
2003
2004
2002
2003
1998
1998
1998
2001
1994
1991
1988
1990
1993
1996
2001
2001
2001
1999
1999
1999
2002
2007
2020
2031
2037
2038
2037
2030
2025
2021
2026
2027
2026
2033
2035
2039
2043
2050
2050
2055
2053
2052
2056
2065
2074
2078
2079
2080
2080
2079
2074
2071
2067
2066
2060
2064
2061
2062
2052
2048
2051
2042
2035
2031
2030
2031
2030
2021
2022
2022
2024
2024
2020
2026
2027
2025
2017
2014
2009
2009
2010
2009
2012
2012
2014
2017
2011
2020
2025
2027
2030
2031
2028
2029
2032
2033
2033
2025
2020
2023
2024
2026
2020
2017
2023
2016
2015
2010
2000
1986
1980
1969
1968
1967
1956
1959
1957
1957
1955
1960
1959
1964
1956
1953
1955
1958
1978
1983
1987
1990
2002
2010
2015
2017
2019
2019
2024
2036
2042
2051
2059
2068
2080
2082
2083
2084
2084
2070
2066
2068
2064
2066
2059
2059
2050
2040
2040
2039
2033
2031
2028
2034
2036
2042
2040
2043
2044
2046
2049
2046
2043
2045
2055
2052
2054
2052
2051
2047
2044
2038
2032
2024
2026
2028
2037
2029
2028
2029
2025
2023
2025
2027
2028
2030
2032
2033
2031
2028
2018
2012
2007
2008
2016
2018
2016
2023
2021
2005
2010
2009
2010
2014
2010
2004
2001
2001
2006
2009
2014
2015
2015
2011
2017
2024
2027
2032
2028
2029
2026
2025
2024
2025
2028
2033
2037
2040
2027
2026
2024
2027
2028
2031
2038
2033
2031
2024
2021
2018
2014
2012
2004
2004
2012
2022
2023
2028
2035
2049
2056
2058
2064
2058
2056
2054
2055
2052
2045
2043
2045
2044
2038
2032
2028
2022
2018
2016
2015
2009
2005
2001
1993
1989
1994
2002
1999
1992
1996
1991
1989
1994
1998
1988
1992
1997
1997
2019
2025
2026
2031
2021
1924
1794
1677
1615
1854
1987
2088
2142
2169
2176
2172
2181
2121
2058
2019
2001
2214
2268
2288
2251
2170
1983
2000
2043
2082
2106
2125
2128
2120
2045
2005
1970
1934
1981
2056
2119
2159
2149
2114
2094
2081
2072
2026
2049
2091
2134
2156
2144
2101
2030
1872
1890
1922
1961
2051
2043
2042
2030
2004
1928
1926
1937
1960
1981
1993
1995
1979
1924
1937
1957
1964
2030
2063
2087
2093
2096
2044
1979
1929
1906
1901
1903
1917
1952
2013
2012
1987
1969
1970
1995
2038
2078
2104
2092
2073
2052
2036
2047
2060
2076
2090
2109
2118
2116
2111
2081
2064
2051
2046
2047
2040
2037
2032
2015
1981
1989
2005
2011
2021
2032
2045
2044
2010
1995
1978
1966
1933
1935
1947
1951
1929
1920
1926
1936
1948
1984
1991
1991
1991
1989
1984
1974
1969
1991
2007
2021
2029
2038
2039
2043
2045
2041
1996
1990
1991
1991
1996
2006
2024
2039
2079
2080
2079
2079
2082
2084
2086
2078
2076
2049
2034
2026
2020
2016
2011
2015
2019
2031
2024
2012
2000
1960
1964
1971
1972
1925
1903
1882
1864
1846
1801
1788
1774
1755
1739
1721
1705
1681
1617
1614
1616
1625
1710
1740
1752
1762
1783
1820
1830
1839
1851
1864
1878
1892
1905
1950
1954
1965
1983
2091
2131
2175
2226
2399
2442
2493
2533
2569
2702
2744
2782
2831
2873
2916
2954
2987
3121
3145
3165
3180
3229
3231
3231
3233
3232
3205
3196
3185
3172
3161
3148
3132
3105
2963
2915
2872
2827
2639
2588
2539
2487
2429
2219
2146
2075
2009
1945
1880
1823
1767
1541
1476
1404
1337
1102
1055
1005
961
920
774
708
639
573
515
463
418
387
350
353
362
369
403
415
432
465
691
751
813
878
939
1111
1172
1230
1292
1348
1398
1450
1504
1637
1666
1695
1737
1940
2001
2067
2128
2183
2338
2382
2426
2477
2520
2567
2616
2655
2762
2763
2761
2756
2692
2680
2674
2677
2639
2616
2594
2562
2529
2406
2369
2332
2294
2259
2223
2177
2130
1978
1943
1916
1900
1846
1838
1834
1833
1828
1820
1803
1789
1774
1765
1752
1738
1725
1666
1655
1662
1669
1748
1783
1822
1858
1899
2008
2044
2079
2116
2151
2191
2220
2253
2369
2404
2435
2473
2593
2631
2664
2696
2730
2818
2847
2877
2908
2934
2963
2984
3014
3103
3118
3124
3132
3119
3099
3069
3044
2910
2883
2849
2818
2786
2719
2694
2666
2641
2613
2577
2549
2516
2323
2278
2230
2181
2008
1970
1930
1896
1865
1777
1749
1723
1700
1677
1659
1636
1613
1514
1495
1474
1452
1367
1352
1342
1339
1331
1326
1326
1325
1323
1321
1326
1335
1333
1355
1363
1374
1387
1432
1449
1464
1482
1543
1568
1584
1604
1633
1707
1730
1754
1782
1809
1832
1853
1877
1961
1976
1985
1997
2035
2041
2055
2067
2075
2097
2100
2114
2127
2134
2146
2157
2162
2153
2141
2139
2133
2077
2063
2041
2018
2003
1968
1960
1958
1956
1951
1946
1942
1930
1898
1897
1889
1887
1874
1874
1877
1875
1878
1881
1881
1884
1887
1903
1909
1910
1915
1913
1916
1925
1924
1950
1960
1971
1977
1970
1970
1970
1980
1991
2022
2032
2042
2051
2066
2076
2090
2096
2148
2160
2174
2188
2224
2231
2245
2253
2276
2279
2281
2280
2288
2286
2283
2282
2288
2297
2298
2300
2296
2278
2277
2269
2261
2227
2219
2210
2206
2204
2183
2178
2168
2161
2155
2144
2137
2133
2102
2095
2073
2054
2000
1987
1971
1960
1910
1896
1885
1883
1879
1865
1865
1864
1861
1860
1859
1865
1864
1861
1859
1854
1859
1865
1864
1861
1864
1871
1878
1886
1887
1897
1906
1922
1934
1949
1991
1996
2006
2023
2060
2066
2076
2080
2116
2124
2135
2141
2143
2179
2196
2203
2214
2225
2235
2246
2253
2274
2274
2281
2288
2306
2314
2320
2323
2330
2333
2331
2327
2321
2311
2297
2292
2284
2244
2229
2208
2194
2123
2106
2094
2079
2012
1994
1977
1963
1946
1910
1898
1888
1876
1864
1853
1847
1839
1807
1802
1804
1795
1765
1761
1756
1747
1748
1746
1747
1745
1744
1750
1753
1756
1765
1786
1792
1801
1810
1839
1848
1852
1857
1882
1893
1902
1911
1913
1937
1947
1956
1968
1982
1995
2011
2022
2042
2043
2048
2056
2068
2075
2082
2085
2090
2099
2105
2104
2102
2107
2112
2110
2111
2100
2096
2095
2094
2079
2075
2071
2069
2067
2056
2056
2058
2057
2052
2052
2042
2034
2022
2020
2017
2007
2000
1991
1987
1979
1976
1974
1973
1979
1982
1977
1975
1977
1976
1975
1965
1968
1973
1990
1997
2003
2010
2017
2025
2033
2037
2036
2041
2043
2049
2051
2059
2075
2086
2088
2087
2088
2095
2107
2110
2113
2120
2124
2120
2109
2108
2102
2102
2107
2101
2094
2092
2095
2101
2103
2103
2106
2097
2096
2102
2098
2097
2096
2101
2107
2106
2105
2104
2099
2100
2089
2085
2079
2074
2068
2058
2055
2052
2022
2019
2021
2016
1993
1991
1984
1983
1988
1988
1978
1976
1978
1980
1981
1983
1985
1975
1969
1966
1964
1959
1957
1955
1952
1949
1948
1952
1954
1960
1961
1957
1955
1961
1965
1972
1976
1984
2007
2010
2008
2010
2017
2020
2027
2027
2023
2021
2025
2027
2028
2035
2042
2044
2043
2043
2048
2046
2048
2052
2051
2057
2062
2049
2047
2051
2057
2057
2050
2046
2041
2045
2048
2056
2056
2053
2057
2068
2074
2075
2070
2056
2049
2049
2047
2027
2027
2018
2014
2013
2014
2006
1999
1978
1969
1970
1974
1952
1950
1947
1948
1949
1950
1954
1955
1954
1957
1960
1962
1970
1974
1976
1977
1979
1960
1958
1960
1958
1969
1977
1986
1993
1997
2012
2021
2023
2023
2027
2025
2029
2030
2049
2054
2058
2058
2055
2061
2066
2069
2081
2079
2083
2084
2088
2099
2097
2097
2098
2096
2090
2088
2090
2091
2094
2095
2095
2077
2069
2064
2066
2067
2064
2061
2058
2053
2046
2046
2043
2041
2047
2052
2051
2050
2035
2032
2030
2028
2017
2011
2006
1998
1997
1987
1983
1983
1988
1993
1996
1995
1996
2014
2020
2016
2014
2015
2016
2018
2015
2016
2033
2027
2031
2035
2038
2037
2040
2042
2046
2043
2046
2046
2057
2063
2064
2056
2067
2070
2071
2072
2080
2064
2062
2054
2047
2042
2033
2033
2033
2016
2019
2020
2013
2013
2009
2008
2009
2010
2005
2004
1999
1994
1992
1990
1988
1989
1978
1972
1969
1963
1948
1949
1949
1952
1943
1943
1947
1949
1953
1967
1963
1952
1951
1950
1954
1963
1965
1978
1981
1983
1985
1996
2000
2005
2008
2010
2029
2034
2047
2053
2060
2058
2059
2066
2086
2089
2090
2092
2095
2096
2105
2108
2110
2109
2105
2094
2081
2037
2030
2029
2023
2025
2026
2036
2047
2050
2051
2052
2054
2076
2087
2089
2097
2106
2111
2111
2105
2097
2094
2085
2074
2067
2046
2044
2047
2051
2032
2023
2015
2005
1995
1996
1996
1993
1996
2002
2011
2006
1990
1961
1949
1941
1945
1951
1956
1960
1963
1972
1986
1980
1974
1971
1968
1975
1976
1985
1992
2007
2011
2005
2003
2011
2017
2028
2033
2060
2061
2062
2065
2030
2032
2029
2009
1988
1986
1980
1988
2001
1965
1944
1948
1956
1954
1954
1967
1987
2039
2046
2050
2051
2038
2042
2047
2049
2054
2055
2052
2043
2035
2035
2036
2028
2018
2045
2057
2063
2067
2046
2044
2050
2055
2039
2033
2028
2019
2016
2000
1990
1986
1979
1971
1961
1958
1957
1944
1939
1947
1956
1984
1999
2006
2011
2014
2024
2030
2029
2031
2036
2038
2039
2039
2073
2079
2082
2087
2091
2094
2092
2096
2090
2086
2086
2085
2084
2062
2052
2045
2044
2052
2057
2055
2059
2046
2037
2036
2035
2030
2032
2029
2027
2030
2020
2014
2016
2023
2029
2038
2039
2041
2035
2032
2025
2024
1999
1994
1985
1980
1937
1927
1916
1909
1897
1886
1881
1872
1874
1880
1880
1875
1882
1888
1885
1886
1890
1888
1891
1896
1902
1912
1915
1920
1923
1928
1932
1934
1935
1941
1960
1966
1968
1976
1994
2001
2009
2014
2042
2054
2066
2071
2081
2105
2114
2127
2144
2160
2172
2187
2201
2256
2272
2284
2302
2361
2375
2384
2394
2406
2434
2440
2448
2454
2458
2457
2455
2452
2461
2462
2460
2461
2430
2424
2411
2402
2392
2351
2338
2326
2316
2304
2286
2271
2251
2197
2179
2155
2135
2111
2086
2061
2041
2020
1957
1938
1917
1903
1887
1861
1841
1821
1799
1740
1724
1710
1699
1691
1681
1670
1675
1656
1652
1652
1657
1685
1675
1660
1642
1615
1554
1545
1543
1551
1557
1560
1568
1575
1613
1631
1645
1668
1778
1813
1845
1877
1998
2017
2033
2044
2049
2069
2082
2096
2114
2128
2133
2135
2130
2073
2060
2038
2019
1990
1987
1978
1962
1939
1858
1839
1829
1818
1812
1808
1809
1810
1783
1775
1770
1763
1729
1730
1729
1731
1753
1761
1767
1775
1785
1824
1830
1841
1862
1878
1893
1904
1903
1892
1887
1890
1899
1965
1976
1982
1984
1989
2000
2020
2044
2076
2105
2138
2173
2211
2331
2355
2384
2413
2526
2559
2582
2601
2624
2616
2609
2607
2600
2585
2584
2582
2583
2581
2574
2558
2548
2504
2493
2484
2467
2438
2423
2404
2384
2364
2313
2290
2275
2265
2245
2232
2220
2204
2117
2095
2082
2079
2065
2068
2056
2046
2020
2020
2014
2009
2007
2001
1997
1990
1989
1982
1967
1961
1959
1943
1938
1937
1929
1913
1898
1890
1882
1873
1828
1820
1817
1813
1807
1799
1792
1782
1745
1735
1731
1732
1720
1722
1723
1723
1734
1773
1789
1811
1832
1854
1875
1889
1904
1935
1946
1957
1972
2002
2009
2014
2020
1999
1993
1978
1964
1954
1928
1933
1937
1941
1953
1961
1963
1958
1937
1941
1946
1955
1973
1984
1994
2006
2010
2026
2027
2032
2041
2048
2053
2053
2056
2064
2070
2069
2066
2060
2052
2052
2049
2024
2015
2005
1999
1996
1968
1964
1957
1954
1948
1945
1939
1933
1956
1961
1964
1968
1997
2000
2009
2016
2022
2045
2048
2048
2052
2054
2053
2054
2056
2051
2051
2046
2044
2050
2051
2055
2050
2051
2053
2055
2059
2059
2071
2076
2073
2078
2081
2079
2074
2067
2062
2068
2078
2075
2062
2055
2046
2041
2037
2010
2011
2015
2011
2002
2001
1997
1992
1968
1961
1956
1960
1946
1945
1952
1950
1950
1948
1952
1955
1958
1951
1953
1960
1964
1973
1974
1975
1977
1992
1991
1991
2000
2022
2026
2032
2039
2049
2088
2091
2103
2113
2121
2127
2130
2137
2150
2156
2160
2162
2188
2184
2178
2177
2182
2184
2189
2189
2187
2180
2175
2172
2169
2171
2174
2172
2173
2167
2175
2171
2173
2177
2184
2189
2196
2195
2172
2169
2167
2162
2154
2147
2136
2124
2077
2063
2057
2051
2021
2013
1996
1981
1937
1930
1923
1917
1913
1891
1886
1879
1873
1866
1866
1863
1861
1861
1863
1855
1858
1858
1866
1870
1876
1882
1901
1908
1915
1930
1942
1949
1956
1957
1975
1976
1983
1991
1994
1998
2004
2010
2010
2008
2009
2016
2017
2006
2010
2012
2017
2018
2018
2024
2028
2032
2030
2030
2037
2033
2038
2042
2037
2028
2035
2035
2037
2043
2033
2034
2032
2037
2035
2027
2021
2020
2018
2005
1995
1991
1979
1982
1975
1969
1972
1952
1954
1951
1953
1949
1956
1958
1960
1954
1959
1968
1980
1986
1991
2003
2014
2031
2039
2042
2041
2042
2045
2043
2043
2049
2054
2064
2069
2070
2068
2076
2079
2088
2087
2085
2086
2083
2083
2063
2062
2055
2050
2050
2048
2047
2042
2029
2027
2021
2025
2013
2017
2017
2019
2019
2022
2024
2020
2018
2032
2032
2035
2043
2048
2049
2056
2058
2067
2066
2066
2071
2060
2058
2055
2048
2050
2045
2043
2037
2041
2042
2040
2040
2038
2027
2027
2028
2027
2021
2026
2028
2032
2020
2021
2019
2022
2023
2018
2021
2026
2030
2030
2029
2026
2026
2042
2041
2042
2048
2044
2042
2041
2045
2045
2044
2040
2035
2033
2031
2030
2025
2031
2029
2025
2022
2023
2023
2020
2023
2036
2033
2029
2029
2030
2031
2049
2051
2048
2057
2062
2059
2057
2058
2062
2061
2058
2056
2042
2037
2039
2039
2037
2021
2012
2008
2007
2001
1998
1999
1996
1969
1965
1968
1974
1977
1972
1966
1965
1979
1980
1982
1982
1984
1982
1985
1983
1985
1986
1984
1986
1985
1994
1993
1998
2000
1988
1987
1992
1998
2004
2013
2016
2020
2018
2020
2018
2025
2029
2037
2036
2048
2055
2058
2063
2062
2064
2062
2055
2050
2054
2056
2050
2048
2048
2048
2039
2040
2041
2043
2044
2044
2045
2043
2041
2048
2053
2054
2056
2058
2056
2055
2054
2054
2058
2062
2062
2055
2057
2051
2048
2034
2030
2027
2028
2031
2020
2020
2016
2010
2010
2007
2008
2009
2017
2013
2010
2015
2022
2024
2024
2024
2037
2041
2032
2023
2023
2018
2023
2025
2028
2029
2027
2034
2033
2021
2022
2018
2013
2015
2018
2015
2016
2015
2008
2014
2013
2013
2018
2013
2007
2009
1997
1990
1990
1987
1988
1992
1992
1989
1988
1992
1995
1994
1998
1992
1986
1984
1984
1984
1993
1995
1999
2009
2012
2013
2012
2016
2020
2021
2021
2031
2023
2025
2030
2028
2027
2023
2020
2013
2007
2005
2014
2013
2005
2010
2012
2016
2021
2021
2023
2019
2023
2020
2019
2017
2022
2026
2037
2045
2054
2072
2079
2086
2090
2101
2100
2095
2095
2096
2079
2074
2077
2082
2086
2088
2085
2088
2076
2070
2071
2066
2077
2083
2086
2079
2082
2084
2077
2074
2077
2078
2078
2078
2081
2073
2068
2070
2069
2067
2061
2055
2056
2051
2046
2039
2038
2038
2015
2010
2004
2001
2002
1994
1995
2000
1990
1985
1977
1979
1981
1978
1983
1989
1996
1993
1990
1993
1988
1987
1983
1986
1991
1992
1992
1985
1986
1962
1960
1961
1965
1991
2002
2010
2004
1991
1929
1920
1918
1923
1928
1930
1931
1929
1941
1951
1960
1971
1994
2014
2039
2059
2079
2105
2105
2101
2095
2075
2049
2036
2021
2050
2058
2064
2063
2004
1990
1983
1974
1979
2019
2027
2030
2027
2009
1986
1973
1961
1993
2008
2023
2034
2014
2001
1988
1979
1985
1985
1984
1989
1993
1996
1998
1995
1997
2006
2013
2028
2041
2081
2082
2079
2068
2011
2006
1995
1999
2012
2032
2035
2039
2036
2035
2029
2023
2022
2073
2087
2099
2110
2113
2120
2122
2124
2140
2141
2147
2151
2154
2135
2128
2114
2103
2090
2075
2064
2061
2064
2074
2082
2087
2092
2091
2093
2088
2084
2047
2027
2009
2002
1997
1987
1975
1968
1937
1929
1924
1922
1876
1870
1866
1865
1893
1904
1915
1926
1935
1959
1971
1980
1993
2004
2015
2023
2029
2046
2050
2053
2050
2064
2071
2080
2088
2096
2112
2105
2100
2096
2089
2089
2087
2087
2091
2088
2087
2085
2061
2057
2052
2053
2047
2027
2019
2013
2008
2002
2002
2006
2008
2018
2020
2019
2014
1992
1988
1988
1991
1980
1983
1981
1979
1980
1966
1960
1950
1949
1950
1950
1953
1954
1969
1976
1982
1988
2011
2022
2034
2042
2072
2080
2086
2095
2103
2113
2111
2115
2122
2127
2129
2136
2137
2141
2142
2139
2132
2128
2134
2139
2144
2144
2131
2125
2119
2117
2110
2103
2093
2089
2023
2018
2002
1983
1952
1947
1937
1929
1898
1891
1888
1887
1891
1899
1905
1910
1915
1920
1917
1920
1923
1937
1941
1955
1965
1990
1992
1996
1998
1999
2005
2004
2007
2013
2020
2026
2038
2042
2063
2061
2066
2063
2058
2063