1945
1956
1968
1981
1994
2039
2046
2057
2064
2087
2090
2092
2095
2094
2113
2119
2118
2120
2122
2122
2121
2122
2107
2107
2111
2116
2097
2100
2097
2094
2087
2079
2077
2075
2073
2054
2052
2053
2055
2052
2051
2047
2043
2049
2047
2048
2048
2054
2056
2054
2048
2053
2048
2044
2040
2043
2045
2046
2045
2045
2038
2036
2033
2025
2007
2002
1994
1991
1971
1965
1960
1950
1948
1947
1946
1943
1947
1941
1941
1944
1947
1944
1944
1951
1960
1988
1992
1997
2003
2010
2035
2040
2048
2056
2054
2053
2060
2064
2071
2073
2071
2072
2056
2049
2057
2062
2063
2052
2052
2051
2046
2044
2042
2048
2043
2033
2034
2031
2037
2036
2040
2039
2038
2040
2046
2044
2043
2042
2038
2042
2044
2047
2049
2045
2046
2039
2044
2049
2044
2040
2042
2043
2039
2041
2045
2038
2039
2036
2033
2015
2012
2004
2001
1992
1978
1972
1968
1965
1959
1956
1953
1957
1954
1951
1952
1947
1962
1968
1966
1969
1973
1980
1991
1991
1993
1997
2007
2015
2029
2050
2057
2057
2062
2079
2083
2083
2084
2087
2081
2085
2089
2092
2091
2091
2086
2086
2079
2075
2068
2063
2046
2035
2028
2025
2017
2022
2019
2021
2028
2038
2030
2031
2035
2036
2036
2040
2044
2053
2052
2052
2058
2054
2051
2050
2050
2045
2044
2043
2039
2035
2016
2005
1999
1995
1994
1993
1991
1993
2001
1996
1995
1990
1985
1994
1999
2000
2002
1994
1989
1989
1987
1986
1990
1990
1988
1991
1990
1994
1995
1997
1996
1992
1993
2003
2004
2003
2003
1995
1994
2000
2003
2005
2006
2010
2005
2001
1996
1990
1982
1977
1972
1973
1977
1976
1976
1993
1996
1996
1996
1997
2006
2012
2013
2005
2001
2002
1999
1994
1994
2004
2013
2029
2032
2041
2053
2068
2078
2081
2083
2084
2083
2082
2081
2090
2108
2109
2113
2108
2108
2110
2117
2119
2108
2105
2104
2106
2104
2090
2081
2081
2084
2084
2078
2079
2079
2076
2076
2077
2073
2069
2067
2063
2063
2062
2046
2045
2063
2088
2088
2056
2023
1998
1928
1920
1920
1935
2006
2029
2028
2014
2002
1988
1981
1987
1998
2034
2040
2052
2064
2067
2073
2077
2088
2104
2115
2129
2139
2099
2092
2075
2048
2032
1987
1980
1970
1968
1972
1976
1981
1984
1969
1960
1941
1925
1902
1905
1912
1917
1915
1917
1919
1920
1924
1944
1955
1961
1970
1971
1971
1969
1970
1955
1950
1955
1967
2019
2026
2030
2031
2034
2035
2038
2045
2048
2065
2069
2064
2060
2052
2039
2031
2027
2015
2020
2032
2052
2082
2074
2068
2058
2046
2027
2025
2023
2019
2018
2014
2008
2006
1997
1981
1991
2071
1990
1922
1871
1824
1833
1855
1913
1975
2005
2098
2082
2021
1985
1981
1978
1942
1906
2000
2038
2079
2104
2121
2133
2138
2143
2157
2302
2369
2416
2428
2419
2403
2385
2346
2147
2115
2092
2079
2052
2041
2028
2011
1869
1807
1758
1726
1697
1625
1611
1595
1569
1546
1528
1511
1500
1562
1587
1609
1630
1710
1719
1719
1706
1795
1852
1908
1968
2035
2190
2239
2289
2348
2409
2468
2527
2593
2851
2914
2972
3021
3083
3080
3088
3103
3128
3241
3270
3290
3301
3292
3273
3231
3164
2844
2762
2683
2611
2287
2190
2103
2018
1599
1507
1417
1339
1273
1058
984
911
840
774
715
671
634
560
543
534
535
574
591
620
660
695
844
892
937
985
1029
1074
1128
1200
1579
1685
1792
1893
2262
2341
2405
2466
2734
2789
2836
2879
2922
3020
3040
3062
3080
3095
3113
3130
3148
3164
3149
3132
3100
2942
2903
2872
2839
2811
2744
2721
2690
2657
2618
2574
2534
2497
2392
2370
2345
2325
2311
2285
2249
2207
2166
2033
1984
1951
1932
1929
1934
1927
1915
1868
1539
1434
1343
1272
1220
1191
1172
1164
1143
1136
1130
1124
1071
1065
1055
1061
1169
1186
1210
1224
1242
1340
1381
1427
1475
1545
1623
1695
1770
1900
1899
1897
1889
1896
1922
1954
1996
2035
2138
2171
2196
2222
2244
2263
2285
2307
2408
2431
2450
2467
2506
2516
2531
2541
2562
2652
2678
2704
2722
2737
2742
2734
2722
2656
2637
2628
2627
2620
2613
2611
2602
2585
2491
2454
2419
2378
2344
2311
2276
2234
2191
2055
1999
1939
1872
1801
1728
1651
1583
1391
1367
1343
1327
1252
1223
1197
1172
1103
1099
1100
1106
1116
1161
1186
1216
1250
1292
1335
1387
1441
1697
1768
1841
1911
2183
2254
2328
2404
2698
2757
2809
2868
2916
3014
3037
3052
3066
3077
3087
3084
3073
2989
2960
2932
2909
2850
2837
2825
2811
2797
2710
2673
2644
2612
2577
2548
2518
2486
2330
2276
2225
2170
1971
1928
1884
1837
1674
1627
1582
1527
1473
1347
1320
1288
1264
1251
1236
1225
1215
1209
1210
1217
1224
1309
1345
1385
1424
1463
1563
1590
1630
1671
1715
1758
1800
1847
2027
2063
2102
2136
2233
2253
2274
2282
2327
2329
2339
2347
2353
2351
2339
2335
2326
2311
2301
2290
2276
2255
2245
2239
2244
2247
2254
2259
2259
2260
2238
2228
2213
2199
2185
2164
2154
2141
2049
2026
2005
1987
1909
1887
1872
1851
1800
1786
1770
1751
1738
1696
1681
1671
1662
1659
1669
1679
1682
1682
1681
1678
1679
1707
1722
1739
1752
1757
1792
1801
1808
1819
1830
1835
1845
1855
1876
1885
1897
1907
1918
1932
1943
1955
1967
2007
2025
2030
2044
2054
2067
2081
2095
2109
2143
2152
2160
2165
2175
2178
2187
2192
2212
2220
2226
2233
2261
2273
2282
2288
2322
2329
2334
2343
2343
2356
2362
2368
2372
2374
2381
2386
2381
2359
2341
2333
2324
2269
2252
2234
2213
2190
2111
2084
2056
2032
2008
1981
1961
1941
1850
1831
1813
1796
1706
1696
1684
1678
1657
1656
1668
1679
1692
1720
1737
1758
1776
1793
1809
1826
1841
1890
1904
1917
1931
1974
1985
1999
2010
2017
2040
2051
2062
2068
2076
2089
2099
2112
2148
2158
2176
2189
2237
2247
2252
2258
2247
2249
2245
2241
2230
2204
2192
2187
2178
2173
2169
2166
2162
2127
2117
2112
2103
2070
2063
2053
2046
2022
2017
2007
2002
1999
1980
1965
1959
1956
1946
1944
1941
1940
1926
1932
1933
1934
1950
1957
1960
1963
1964
1958
1971
1976
1981
1982
1988
1985
1980
1960
1962
1962
1959
1957
1963
1959
1964
1957
1959
1962
1964
1968
1968
1969
1971
1975
1975
1978
1980
1980
1975
1969
1971
1976
1990
1990
1996
2005
2016
2033
2041
2050
2057
2070
2075
2086
2091
2112
2124
2125
2125
2139
2135
2131
2126
2121
2115
2110
2109
2105
2079
2077
2071
2063
2056
2050
2044
2035
2004
2001
1998
1990
1971
1965
1960
1960
1940
1946
1942
1931
1926
1917
1908
1901
1897
1894
1887
1884
1878
1867
1866
1867
1877
1880
1874
1877
1881
1887
1905
1912
1921
1930
1946
1961
1975
1987
2043
2059
2075
2093
2140
2154
2165
2173
2201
2207
2211
2214
2222
2234
2233
2228
2228
2232
2232
2231
2231
2218
2210
2193
2186
2175
2165
2163
2159
2162
2155
2153
2145
2139
2130
2120
2117
2114
2077
2068
2055
2049
2010
2000
1989
1979
1968
1929
1923
1919
1917
1915
1911
1910
1905
1888
1887
1887
1888
1898
1901
1901
1905
1917
1922
1920
1922
1931
1950
1956
1958
1967
1968
1968
1971
1974
1986
1993
2003
2012
2037
2038
2043
2048
2053
2058
2064
2067
2074
2087
2092
2089
2093
2096
2097
2087
2086
2080
2076
2070
2063
2038
2039
2038
2035
2007
2007
2007
2003
2003
1997
1993
1989
1990
1982
1977
1978
1987
1986
1988
1986
1984
1980
1977
1977
1980
1983
1978
1976
1976
1972
1971
1973
1980
1986
1978
1983
1985
1987
2002
1998
1996
1996
2009
2011
2013
2020
2024
2035
2038
2038
2038
2031
2034
2034
2033
2028
2031
2036
2044
2048
2048
2051
2054
2061
2066
2063
2064
2067
2070
2073
2077
2080
2084
2087
2091
2100
2096
2099
2101
2100
2103
2100
2105
2105
2109
2102
2104
2101
2107
2108
2104
2104
2100
2075
2076
2076
2062
2056
2053
2050
2048
2043
2018
2010
2008
2006
1995
1988
1983
1986
1968
1957
1955
1955
1944
1938
1945
1944
1939
1945
1944
1941
1946
1951
1960
1967
1971
1975
1974
1976
1980
1989
1992
1997
2002
2014
2022
2023
2024
2030
2042
2046
2051
2060
2064
2064
2064
2062
2057
2057
2060
2070
2080
2080
2077
2076
2073
2073
2074
2070
2069
2059
2057
2056
2060
2052
2049
2046
2043
2041
2045
2042
2042
2032
2034
2035
2036
2035
2016
2015
2011
2013
2012
2016
2019
2013
1993
1985
1986
1982
1977
1979
1977
1967
1972
1971
1969
1967
1967
1967
1964
1960
1960
1959
1959
1961
1965
1987
1993
1996
1991
1996
1998
2006
2012
2022
2025
2022
2026
2030
2032
2033
2032
2033
2035
2032
2028
2029
2012
2015
2012
2019
2037
2035
2034
2031
2028
2021
2021
2023
2030
2028
2029
2032
2031
2040
2042
2039
2034
2043
2047
2047
2050
2053
2047
2037
2027
2027
2032
2032
2029
2033
2033
2033
2029
2027
2030
2028
2027
2025
2028
1900
1806
1795
1909
1953
1981
2017
2046
2077
2112
2146
2136
2104
2106
2135
2143
2069
2086
2088
2089
2124
2119
2113
2108
2115
2154
2152
2159
2174
2179
2164
2162
2181
2087
2053
2028
2010
2062
2063
2057
2041
2054
2033
2000
1973
1968
1982
1973
1967
1964
1964
1965
1974
1983
2007
2004
2009
2018
2054
2053
2042
2026
2000
2007
2013
2026
2039
2034
2035
2042
2050
2038
2015
2006
2013
2052
2042
2032
2017
1972
1976
1975
1970
1953
1931
1941
1956
1974
1985
1979
1971
1962
1969
1968
1956
1940
1943
1947
1952
1952
1966
2005
2002
1989
1987
1983
1981
1992
2006
2011
2013
2020
2024
2027
2038
2043
2052
2060
2053
2048
2038
2028
2026
2032
2044
2059
2078
2053
2025
1988
1946
1906
1868
1837
1805
1677
1664
1659
1658
1651
1645
1641
1641
1619
1612
1608
1607
1608
1620
1631
1644
1664
1687
1718
1756
1791
1990
2050
2112
2180
2446
2515
2586
2655
2723
2933
3013
3089
3159
3224
3278
3331
3379
3468
3476
3485
3493
3502
3489
3457
3410
3168
3100
3026
2944
2866
2591
2493
2387
2276
2160
2048
1940
1830
1376
1267
1150
1040
667
594
524
467
278
243
227
224
223
232
240
256
281
323
364
414
472
743
818
896
966
1276
1360
1446
1537
1629
1892
1982
2061
2141
2221
2309
2398
2482
2709
2744
2766
2771
2732
2749
2774
2804
2834
2943
2978
3003
3030
3053
3072
3084
3088
3074
3063
3047
3031
3014
2986
2966
2945
2921
2815
2781
2754
2725
2702
2681
2667
2654
2639
2593
2575
2545
2516
2493
2464
2430
2393
2257
2225
2194
2160
1999
1954
1909
1873
1703
1658
1619
1584
1552
1451
1415
1388
1360
1340
1319
1314
1303
1263
1260
1262
1258
1262
1263
1263
1271
1310
1325
1335
1350
1371
1433
1457
1483
1512
1542
1573
1606
1636
1751
1773
1802
1831
1957
1992
2030
2069
2103
2208
2238
2265
2292
2320
2343
2364
2386
2468
2486
2497
2502
2543
2557
2566
2569
2523
2503
2480
2466
2457
2403
2379
2358
2336
2303
2272
2243
2207
2056
2013
1975
1938
1821
1798
1774
1750
1721
1637
1614
1591
1573
1555
1542
1528
1529
1516
1514
1517
1521
1587
1614
1645
1667
1761
1789
1814
1840
1861
1917
1946
1973
2006
2031
2047
2075
2102
2216
2246
2277
2306
2404
2426
2448
2467
2544
2562
2573
2581
2598
2614
2617
2614
2607
2601
2590
2577
2574
2522
2502
2481
2451
2331
2301
2262
2231
2205
2123
2099
2081
2064
2043
2023
2005
1985
1911
1890
1878
1866
1830
1818
1816
1812
1784
1784
1790
1800
1813
1832
1850
1869
1891
1910
1927
1948
1964
2025
2046
2069
2086
2162
2181
2197
2215
2227
2250
2255
2261
2261
2256
2253
2257
2256
2244
2240
2236
2228
2207
2206
2188
2178
2153
2138
2124
2104
2092
2044
2030
2022
2013
2005
2000
1984
1971
1910
1897
1884
1870
1815
1809
1804
1796
1792
1775
1764
1753
1745
1745
1746
1750
1755
1785
1790
1794
1796
1826
1833
1838
1843
1849
1848
1855
1852
1855
1852
1847
1842
1844
1851
1856
1853
1851
1834
1832
1832
1833
1805
1803
1801
1800
1804
1798
1798
1798
1801
1797
1798
1805
1807
1822
1826
1840
1856
1886
1899
1909
1923
1931
1971
1981
1995
2001
2013
2020
2033
2044
2069
2079
2094
2104
2126
2137
2147
2157
2190
2198
2202
2205
2213
2216
2220
2226
2224
2229
2231
2241
2250
2269
2269
2269
2276
2288
2293
2300
2302
2318
2317
2318
2310
2303
2289
2272
2265
2259
2250
2242
2231
2228
2162
2140
2121
2104
2041
2032
2019
2004
1965
1957
1948
1942
1944
1938
1936
1937
1939
1939
1945
1950
1956
1975
1978
1984
1988
1994
1993
1987
1981
1984
1971
1974
1973
1968
1965
1970
1970
1970
1956
1959
1959
1957
1968
1976
1980
1983
1983
1991
1991
1998
2002
2014
2022
2022
2031
2038
2046
2046
2048
2055
2067
2074
2078
2096
2097
2105
2108
2112
2104
2107
2115
2115
2110
2109
2120
2120
2096
2094
2093
2091
2085
2079
2077
2077
2058
2050
2044
2041
2037
2022
2012
2003
1997
1992
1986
1978
1969
1929
1915
1909
1903
1873
1865
1853
1849
1847
1839
1841
1834
1828
1828
1832
1839
1840
1845
1851
1858
1869
1871
1878
1880
1886
1887
1892
1897
1913
1914
1923
1933
1943
1954
1969
1974
2027
2047
2055
2059
2069
2100
2104
2117
2128
2142
2148
2149
2158
2179
2188
2193
2203
2208
2210
2210
2205
2186
2174
2165
2159
2158
2147
2135
2125
2119
2114
2102
2095
2089
2064
2058
2051
2047
2023
2014
2008
2003
1981
1982
1982
1982
1981
1969
1966
1966
1967
1970
1960
1963
1967
1952
1954
1957
1960
1958
1965
1967
1972
1975
1987
1990
1994
2002
2006
2011
2012
2013
2032
2042
2046
2050
2055
2066
2067
2065
2061
2063
2066
2062
2060
2053
2049
2042
2044
2039
2035
2031
2023
2013
2006
2002
2000
1992
1986
1983
1984
1985
1975
1968
1963
1965
1962
1964
1964
1970
1971
1971
1967
1969
1977
1978
1975
1979
1985
1989
1993
2004
2014
2022
2027
2035
2034
2034
2032
2033
2038
2041
2041
2035
2032
2047
2053
2051
2050
2051
2049
2052
2053
2046
2042
2041
2052
2056
2074
2076
2081
2082
2086
2094
2102
2114
2121
2130
2128
2123
2126
2130
2137
2142
2152
2154
2159
2162
2161
2139
2139
2140
2131
2110
2101
2093
2086
2080
2045
2029
2024
2020
2012
2006
1994
1990
1977
1967
1959
1955
1933
1928
1925
1918
1915
1906
1903
1906
1909
1908
1911
1915
1923
1933
1931
1929
1932
1937
1939
1936
1939
1944
1948
1952
1953
1958
1958
1961
1964
1961
1963
1960
1958
1957
1956
1954
1950
1954
1958
1954
1953
1953
1957
1977
1984
1990
1992
2016
2016
2015
2022
2026
2032
2037
2039
2047
2048
2051
2050
2047
2048
2057
2058
2059
2059
2057
2056
2055
2053
2058
2054
2054
2058
2056
2050
2047
2044
2035
2029
2027
2032
2036
2038
2036
2044
2044
2044
2042
2036
2032
2035
2043
2048
2043
2044
2036
2036
2033
2040
2048
2043
2052
2057
2061
2068
2074
2078
2087
2091
2091
2091
2088
2088
2089
2090
2095
2090
2089
2084
2084
2078
2080
2079
2080
2080
2074
2071
2070
2066
2066
2065
2063
2069
2079
2071
2068
2069
2063
2063
2062
2069
2062
2055
2063
2059
2054
2056
2056
2056
2046
2045
2040
2036
2032
2013
2010
2001
2002
2006
2005
2008
2009
1994
1991
1986
1983
1977
1977
1980
1984
1983
1965
1957
1954
1950
1947
1952
1953
1946
1932
1929
1934
1942
1928
1927
1930
1931
1942
1944
1948
1957
1965
1980
1975
1973
1981
1987
1992
1998
1998
1994
2001
2008
2014
2016
2018
2022
2022
2031
2027
2018
2017
2022
2020
2024
2023
2021
2011
2010
2014
2021
2025
2025
2026
2019
2021
2019
2016
2018
2015
2011
2009
2008
2006
1998
2003
2006
2014
2013
2015
2018
2026
2038
2038
2034
2036
2042
2054
2052
2046
2049
2052
2051
2062
2067
2080
2081
2083
2085
2089
2086
2093
2089
2096
2095
2095
2095
2096
2097
2101
2103
2105
2099
2093
2089
2086
2088
2084
2112
2113
1805
1778
1746
1770
1846
1978
2079
2132
2111
2088
2114
2153
2175
2228
2181
2151
2152
2075
2067
2068
2083
2092
2123
2124
2109
2108
2117
2115
2092
2088
2028
2036
2046
2033
2000
1973
1966
1972
1942
1945
1954
1951
1950
1883
1878
1876
1881
1894
1906
1914
1923
1937
1918
1908
1917
1925
1939
1955
1983
2016
2006
1984
1960
1936
1928
1935
1944
1956
1968
1981
1993
1999
2038
2037
2042
2046
2078
2083
2083
2074
2061
2012
2010
2018
2031
2041
2059
2071
2080
2067
2054
2035
2025
2028
2035
2051
2068
2122
2125
2126
2122
2119
2120
2119
2120
2116
2111
2098
2076
2052
1966
1965
1965
1960
1948
1948
1938
1926
1911
1879
1877
1882
1896
1909
1921
1930
1942
1950
1947
1946
1947
1950
1933
1906
1875
1704
1664
1631
1606
1592
1581
1576
1563
1552
1542
1525
1512
1494
1459
1464
1475
1478
1486
1490
1499
1512
1529
1637
1690
1750
1831
1910
1989
2074
2166
2481
2603
2727
2856
2984
3112
3242
3368
3487
3830
3925
4012
4081
4089
4090
4089
4092
4088
4090
4088
4086
4088
4088
4089
4087
4086
3829
3729
3619
3503
2981
2839
2693
2546
1906
1736
1572
1404
1233
757
607
462
329
211
141
123
118
106
103
101
100
99
103
101
105
107
115
123
129
138
150
167
199
247
484
588
697
816
933
1055
1175
1294
1412
1761
1876
1992
2099
2213
2316
2414
2508
2601
2861
2932
2991
3047
3086
3120
3159
3194
3261
3273
3279
3294
3303
3302
3297
3285
3215
3190
3167
3132
3106
2986
2941
2891
2844
2793
2736
2675
2613
2294
2221
2145
2074
1793
1730
1674
1623
1568
1429
1374
1317
1265
1219
1168
1116
1075
1004
1001
1020
1025
1045
1047
1062
1080
1171
1199
1222
1249
1280
1351
1379
1415
1456
1497
1537
1575
1605
1710
1735
1767
1796
1877
1898
1914
1928
1942
1962
1980
1997
2019
2038
2061
2088
2111
2184
2216
2245
2276
2319
2357
2396
2446
2488
2632
2673
2716
2759
2799
2833
2864
2897
2932
3009
3040
3060
3085
3100
3108
3118
3120
3080
3060
3040
3016
2907
2869
2821
2778
2560
2499
2430
2368
2306
2085
1997
1912
1830
1747
1655
1574
1492
1199
1136
1083
1033
838
807
782
763
754
763
778
801
829
860
894
932
980
1199
1265
1336
1409
1717
1796
1874
1948
2254
2322
2395
2470
2537
2707
2753
2795
2843
2885
2919
2952
2986
3066
3088
3101
3112
3107
3097
3083
3072
3058
3000
2974
2951
2926
2899
2870
2834
2797
2647
2605
2561
2517
2321
2265
2207
2146
1916
1856
1795
1739
1682
1522
1469
1415
1368
1324
1284
1249
1215
1100
1076
1064
1057
1055
1070
1085
1100
1128
1216
1254
1294
1338
1380
1423
1464
1508
1691
1739
1783
1826
2029
2074
2115
2155
2305
2336
2369
2403
2432
2485
2496
2507
2519
2520
2517
2510
2514
2479
2464
2442
2425
2289
2265
2234
2218
2196
2104
2076
2043
2015
1990
1966
1949
1926
1858
1838
1820
1810
1799
1784
1779
1775
1771
1771
1770
1775
1786
1799
1810
1828
1852
1872
1924
1942
1957
1971
1982
2003
2017
2028
2088
2094
2099
2103
2088
2081
2072
2061
2002
1982
1965
1942
1922
1846
1821
1793
1769
1740
1715
1696
1671
1598
1583
1571
1567
1550
1552
1559
1569
1589
1626
1641
1658
1677
1696
1722
1748
1779
1889
1922
1958
1994
2127
2159
2194
2232
2266
2346
2371
2399
2427
2454
2483
2501
2516
2570
2580
2595
2605
2612
2619
2631
2635
2636
2636
2635
2614
2608
2599
2593
2588
2581
2567
2551
2465
2440
2419
2398
2282
2255
2230
2206
2173
2087
2056
2026
1995
1968
1949
1928
1908
1810
1791
1763
1742
1670
1658
1647
1644
1601
1597
1600
1595
1594
1613
1619
1627
1642
1655
1670
1684
1698
1759
1777
1795
1819
1928
1954
1978
2010
2034
2115
2133
2157
2181
2199
2221
2238
2253
2285
2293
2302
2314
2306
2297
2290
2284
2280
2237
2220
2199
2184
2161
2140
2125
2104
2044
2023
2002
1981
1961
1942
1927
1919
1907
1888
1880
1879
1878
1879
1880
1876
1879
1887
1911
1920
1937
1952
1974
1991
2008
2022
2084
2100
2112
2126
2168
2176
2182
2190
2196
2184
2179
2178
2170
2156
2142
2134
2118
2064
2053
2038
2022
1948
1928
1906
1885
1816
1803
1791
1780
1771
1742
1739
1734
1732
1728
1719
1727
1736
1747
1760
1773
1785
1855
1869
1887
1905
1971
1993
2006
2027
2045
2099
2115
2136
2159
2170
2189
2206
2227
2269
2275
2286
2294
2309
2313
2321
2318
2313
2303
2301
2294
2288
2276
2264
2256
2248
2190
2178
2166
2151
2089
2072
2056
2042
2028
1991
1978
1963
1947
1934
1924
1911
1900
1865
1847
1834
1827
1820
1814
1803
1800
1794
1768
1761
1755
1757
1760
1764
1768
1771
1788
1795
1803
1812
1823
1869
1890
1907
1921
1934
1943
1963
1981
2028
2044
2064
2078
2147
2169
2185
2203
2217
2257
2262
2272
2286
2296
2302
2309
2308
2311
2302
2293
2290
2268
2262
2250
2240
2179
2160
2147
2137
2121
2071
2055
2037
2026
2009
1992
1977
1962
1915
1909
1903
1894
1882
1873
1870
1873
1888
1892
1901
1910
1918
1950
1954
1966
1981
1989
1995
2006
2015
2034
2044
2047
2051
2065
2054
2050
2042
2043
2035
2027
2021
2014
1979
1966
1958
1951
1939
1929
1917
1911
1909
1896
1892
1893
1893
1892
1896
1897
1896
1908
1912
1916
1918
1927
1959
1967
1980
1993
1997
2014
2028
2042
2085
2091
2102
2115
2136
2132
2136
2134
2125
2117
2116
2117
2116
2116
2108
2104
2097
2065
2059
2055
2058
2042
2040
2039
2042
2047
2042
2041
2039
2037
2036
2036
2033
2029
2001
2004
1994
1990
1967
1967
1977
1981
1992
1997
2001
2017
2032
2049
2049
2048
2049
2051
2048
2050
2049
2037
2030
2023
2014
1999
1987
1973
1964
1957
1950
1954
1948
1952
1951
1948
1945
1947
1958
1969
1978
1990
2005
2020
2037
2054
2073
2134
2147
2160
2176
2233
2238
2244
2242
2236
2225
2212
2204
2196
2155
2137
2126
2116
2104
2092
2081
2068
2022
2017
2014
2007
1963
1949
1939
1934
1920
1902
1902
1890
1884
1873
1862
1858
1862
1860
1859
1863
1863
1878
1881
1884
1892
1922
1926
1933
1941
1948
1979
1987
2000
2014
2028
2039
2047
2053
2068
2071
2074
2073
2060
2062
2058
2053
2046
2048
2049
2045
2041
2039
2033
2033
2037
2048
2048
2047
2050
2062
2068
2068
2066
2066
2065
2071
2075
2073
2080
2077
2084
2086
2088
2091
2090
2089
2073
2074
2077
2077
2070
2071
2071
2067
2066
2037
2035
2035
2031
2022
2006
2002
1997
1972
1968
1959
1962
1952
1953
1953
1958
1967
1975
1981
1984
1991
2021
2028
2032
2031
2035
2038
2039
2044
2051
2053
2059
2058
2050
2049
2052
2045
2040
2036
2028
2023
2023
2024
2024
2016
2014
2012
2014
2014
2012
2019
2019
2028
2037
2049
2048
2048
2046
2047
2042
2042
2039
2040
2033
2030
2034
2037
2042
2044
2043
2046
2038
2040
2037
2035
1941
1717
1578
1622
1627
1896
1976
2077
2141
2197
2265
2261
2212
2154
2146
2184
2219
2158
2111
2068
2038
2010
1947
1963
1993
2007
2008
2027
2042
2064
2061
2041
2025
2040
2065
2067
2066
2061
2101
2134
2153
2154
2135
2098
2063
2033
1998
1975
1958
1961
1983
2074
2085
2077
2044
1914
1889
1888
1909
1954
2104
2120
2109
2082
2040
1994
1953
1921
1885
1888
1894
1904
1972
1991
2017
2040
2049
2040
2038
2039
2027
1969
1952
1946
1951
1961
1966
1971
1976
1947
1939
1921
1909
1965
1984
2003
2021
2031
1996
1991
1993
2003
2029
2061
2080
2087
2056
2039
2028
2018
1965
1940
1914
1898
1888
1895
1904
1913
1925
1951
1954
1949
1956
1971
1991
1999
2010
2086
2114
2132
2146
2093
2071
2060
2054
2052
2076
2091
2111
2120
2122
2126
2122
2118
2080
2069
2061
2055
2045
2040
2028
2014
1999
1962
1941
1928
1918
1915
1917
1924
1928
1930
1925
1916
1899
1878
1861
1837
1810
1791
1721
1716
1712
1714
1739
1755
1778
1803
1895
1907
1925
1936
1949
1963
1967
1970
1987
2009
2028
2049
2078
2159
2177
2198
2222
2365
2413
2463
2514
2570
2683
2721
2758
2791
2827
2863
2894
2927
3026
3039
3045
3051
3067
3070
3067
3061
2959
2905
2848
2789
2737
2571
2525
2480
2445
2402
2358
2309
2253
1964
1896
1826
1758
1501
1429
1360
1293
1225
1055
1012
973
936
910
885
862
840
764
741
720
710
713
736
757
783
870
905
948
994
1041
1195
1249
1304
1362
1423
1473
1531
1588
1793
1850
1898
1943
2127
2171
2219
2265
2313
2421
2456
2492
2524
2554
2588
2615
2639
2667
2633
2563
2465
2307
2323
2365
2417
2664
2701
2716
2723
2732
2713
2729
2745
2761
2781
2792
2802
2804
2650
2606
2577
2550
2510
2508
2496
2480
2366
2333
2292
2246
2204
2104
2089
2078
2059
2049
2040
2014
1973
1811
1781
1751
1724
1657
1656
1647
1632
1613
1540
1524
1514
1513
1512
1522
1542
1574
1769
1804
1825
1844
1888
1896
1918
1934
1954
1956
1970
1988
2010
2112
2149
2185
2222
2245
2265
2278
2279
2220
2218
2225
2222
2203
2187
2162
2134
2099
2006
1988
1975
1973
1976
1985
1995
1996
1903
1877
1851
1837
1847
1849
1845
1842
1777
1761
1741
1726
1715
1689
1675
1659
1635
1610
1586
1566
1546
1491
1491
1481
1473
1446
1442
1438
1444
1457
1507
1521
1536
1543
1548
1546
1549
1548
1616
1654
1694
1736
1920
1966
2011
2055
2244
2305
2368
2420
2469
2596
2621
2647
2674
2696
2711
2728
2742
2790
2787
2787
2784
2759
2741
2720
2700
2583
2542
2507
2475
2442
2344
2304
2266
2240
2214
2190
2176
2161
2105
2091
2081
2066
2022
2021
2025
2029
2031
2010
2003
2001
2002
2000
2009
2016
2033
2096
2103
2109
2113
2093
2090
2083
2079
2095
2097
2101
2109
2116
2121
2110
2099
2093
2092
2083
2074
2061
2022
2024
2029
2035
2091
2101
2113
2129
2141
2169
2183
2192
2203
2218
2225
2232
2236
2225
2223
2217
2211
2205
2212
2207
2203
2161
2139
2119
2104
2091
2046
2036
2021
2008
1991
1976
1957
1947
1884
1873
1867
1856
1831
1824
1812
1796
1776
1729
1708
1691
1676
1659
1645
1626
1615
1584
1581
1580
1572
1566
1567
1565
1565
1567
1584
1596
1607
1610
1620
1626
1634
1648
1670
1680
1686
1700
1709
1714
1717
1717
1722
1722
1724
1730
1730
1730
1735
1739
1743
1745
1764
1771
1781
1795
1812
1838
1858
1877
1959
1981
2011
2041
2150
2176
2198
2220
2240
2282
2291
2298
2311
2318
2327
2331
2335
2361
2369
2373
2371
2351
2339
2339
2333
2299
2294
2285
2275
2268
2236
2228
2215
2204
2193
2176
2171
2159
2082
2068
2052
2041
1992
1985
1983
1982
1983
1982
1983
1980
1988
2000
2010
2010
2016
2053
2058
2064
2069
2094
2102
2099
2100
2124
2136
2137
2139
2142
2138
2141
2135
2131
2126
2131
2138
2132
2120
2111
2101
2095
2085
2090
2088
2088
2054
2049
2040
2027
2025
2013
2013
2017
2015
2011
2012
2013
2025
2065
2072
2073
2074
2078
2075
2075
2065
2061
2049
2042
2044
2046
2036
2030
2025
2022
1997
1987
1978
1978
1947
1936
1937
1927
1902
1899
1890
1890
1894
1899
1898
1908
1908
1913
1911
1918
1930
1959
1971
1980
1986
2009
2016
2022
2033
2031
2044
2046
2040
2038
2040
2045
2047
2046
2045
2039
2042
2041
2017
2014
2017
2022
2025
2027
2036
2034
2036
2023
2020
2020
2020
2020
2023
2023
2029
2024
2019
2021
2024
2028
2026
2031
2037
2046
2060
2059
2063
2070
2076
2075
2080
2081
2076
2078
2079
2079
2054
2050
2038
2035
2010
2006
1997
1988
1981
1963
1962
1956
1960
1955
1951
1956
1957
1936
1934
1937
1932
1934
1931
1934
1939
1944
1957
1964
1972
1970
1973
1983
1991
1996
2014
2020
2033
2040
2052
2052
2052
2057
2064
2063
2061
2061
2064
2072
2075
2074
2069
2049
2045
2042
2040
2035
2028
2029
2028
2021
1999
1996
1995
1993
1993
1998
1999
1999
2002
2003
2005
2013
2018
2022
2029
2035
2046
2073
2083
2088
2092
2103
2103
2107
2109
2101
2094
2091
2085
2082
2060
2056
2054
2055
2048
2038
2037
2030
2006
2007
2006
2004
1999
2001
2008
2018
2028
2046
2050
2054
2065
2073
2076
2081
2085
2101
2100
2096
2099
2066
2053
2042
2035
2000
1996
1991
1984
1986
1979
1975
1976
1979
1979
1981
1984
1987
2010
2014
2018
2022
2045
2053
2062
2067
2069
2072
2075
2075
2073
2079
2078
2080
2078
2049
2037
2033
2026
2023
2020
2020
2019
2013
2009
2010
2013
2018
2022
2025
2023
2029
2035
2039
2044
2048
2063
2063
2065
2060
2045
2037
2028
2018
2010
1978
1969
1956
1946
1936
1927
1921
1916
1881
1878
1878
1883
1886
1891
1897
1900
1910
1917
1925
1936
1942
1949
1959
1971
1980
2012
2017
2020
2024
2051
2056
2061
2061
2046
2048
2047
2049
2046
2034
2033
2034
2035
2036
2031
2034
2032
2014
2013
2014
2013
2012
2014
2018
2024
2040
2043
2040
2043
2044
2038
2038
2036
2041
2039
2039
2037
2039
2027
2024
2024
2023
2013
2016
2021
2027
2028
2035
2042
2040
2039
2042
2045
2051
2057
2079
2079
2079
2075
2072
2074
2074
2078
2061
2056
2055
2051
2049
2046
2044
2041
2043
2049
2047
2060
2064
2072
2082
2093
2099
2112
2114
2121
2125
2130
2141
2139
2136
2139
2140
2137
2136
2130
2099
2092
2084
2077
2034
2025
2019
2013
2010
2003
1997
1992
1994
1996
1994
1991
1991
1983
1978
1974
1977
1981
1984
1986
1989
2005
2009
2007
2003
2004
2015
2013
2011
2012
2012
2004
2012
2018
2006
2003
1997
1992
1995
1985
1980
1978
1976
1962
1961
1963
1965
1962
1959
1960
1961
1962
1958
1964
1966
1973
1978
1975
1981
1980
1983
1979
1981
1984
1980
1981
1983
1986
1982
1981
1982
1988
1994
1997
2001
2005
1998
2004
2010
2010
2006
2020
2020
2021
2023
2029
2027
2035
2032
2035
2035
2039
2039
2047
2047
2041
2042
2047
2049
2050
2049
2049
2044
2042
2041
2043
2044
2053
2051
2055
2047
2053
2062
2068
2081
2088
2095
2095
2097
2093
2090
2092
2093
2092
2094
2097
2103
2084
2074
2068
2068
2056
2057
2059
2058
2057
2040
2034
2032
2025
2023
2023
2025
2026
2027
2024
2023
2020
1888
1827
1767
1715
1730
1772
1822
1891
1960
2090
2139
2163
2171
2176
2186
2199
2206
2292
2302
2296
2281
2181
2162
2148
2146
2152
2127
2109
2085
2050
2027
1998
1965
1934
1915
1915
1930
1946
1941
1927
1921
1915
1908
1910
1929
1918
1903
1885
1831
1823
1831
1850
1876
1963
1982
1992
2000
2012
2019
2025
2035
2046
2042
2040
2031
2027
2017
2006
2004
2041
2069
2094
2106
2114
2099
2092
2080
2059
2037
2020
2008
1998
1981
1979
1980
1971
1995
2021
2048
2072
2102
2167
2186
2201
2215
2224
2226
2224
2229
2261
2258
2259
2261
2191
2187
2181
2188
2151
2142
2121
2098
2067
1986
1964
1938
1926
1901
1878
1867
1859
1785
1768
1744
1724
1717
1722
1733
1741
1757
1775
1778
1800
1836
1873
1903
1934
1962
2061
2069
2077
2083
2132
2140
2135
2138
2135
2127
2118
2111
2103
2068
2055
2044
2045
2033
2011
1995
1988
1967
1952
1939
1933
1861
1838
1823
1812
1796
1731
1713
1698
1683
1665
1654
1645
1645
1674
1693
1711
1720
1796
1835
1877
1919
2033
2055
2062
2074
2087
2139
2163
2181
2205
2221
2240
2257
2291
2413
2446
2481
2519
2731
2789
2848
2909
2969
3131
3172
3206
3231
3256
3275
3273
3263
3153
3115
3078
3044
2877
2825
2778
2724
2479
2421
2362
2298
2228
1993
1914
1843
1774
1707
1642
1575
1508
1233
1179
1128
1076
888
842
801
763
721
638
615
600
593
586
579
579
582
625
648
676
705
852
900
951
1006
1255
1319
1385
1445
1509
1718
1793
1861
1933
2001
2079
2151
2210
2453
2511
2577
2637
2866
2919
2965
3011
3056
3166
3193
3218
3234
3249
3261
3269
3277
3262
3253
3247
3236
3123
3084
3042
2996
2946
2751
2676
2596
2517
2433
2340
2243
2140
1734
1652
1576
1513
1312
1267
1226
1192
1093
1079
1069
1075
1087
1131
1146
1159
1171
1185
1213
1240
1276
1438
1474
1514
1555
1709
1749
1786
1825
1869
1988
2026
2065
2101
2134
2159
2181
2208
2281
2302
2325
2345
2397
2407
2421
2434
2516
2545
2575
2600
2625
2679
2698
2704
2704
2706
2712
2717
2723
2726
2722
2721
2714
2668
2655
2647
2636
2615
2540
2507
2465
2424
2375
2317
2255
2190
1922
1852
1788
1722
1474
1416
1361
1315
1185
1157
1132
1114
1103
1057
1046
1043
1046
1050
1048
1060
1076
1128
1154
1181
1215
1367
1417
1468
1519
1572
1720
1763
1808
1850
1895
1938
1982
2025
2155
2188
2209
2230
2290
2304
2319
2329
2348
2356
2362
2362
2372
2385
2392
2396
2409
2418
2427
2436
2441
2472
2477
2485
2496
2528
2535
2531
2527
2526
2513
2496
2478
2465
2453
2441
2429
2418
2338
2324
2302
2278
2182
2161
2136
2109
2083
1986
1954
1927
1902
1883
1858
1829
1800
1718
1709
1701
1700
1712
1724
1740
1757
1866
1894
1928
1960
1996
2071
2095
2116
2137
2152
2163
2187
2202
2232
2239
2243
2251
2264
2275
2287
2293
2301
2335
2333
2331
2324
2321
2309
2291
2282
2203
2178
2160
2141
2057
2036
2020
2009
1980
1974
1972
1967
1969
1968
1969
1970
1970
1971
1970
1966
1966
1945
1936
1931
1925
1897
1896
1887
1878
1869
1840
1830
1815
1805
1798
1785
1774
1765
1728
1715
1705
1697
1650
1631
1617
1613
1590
1582
1584
1580
1582
1588
1592
1597
1606
1619
1631
1643
1658
1724
1741
1759
1784
1869
1892
1913
1940
1961
2018
2032
2045
2061
2084
2093
2109
2124
2163
2175
2190
2207
2251
2261
2271
2277
2302
2307
2314
2315
2315
2298
2294
2289
2282
2271
2256
2245
2237
2218
2215
2216
2218
2218
2222
2221
2220
2215
2208
2210
2207
2205
2199
2190
2186
2181
2132
2120
2113
2103
2037
2019
2004
1990
1921
1906
1890
1879
1866
1836
1825
1809
1803
1793
1789
1780
1773
1747
1745
1744
1742
1777
1795
1807
1823
1842
1894
1922
1948
1974
1994
2015
2038
2060
2140
2153
2173
2189
2248
2255
2261
2271
2283
2311
2319
2318
2320
2326
2321
2322
2324
2292
2278
2260
2249
2207
2198
2182
2163
2105
2089
2068
2059
2051
2023
2011
1998
1982
1973
1958
1951
1948
1949
1948
1944
1948
1951
1950
1952
1957
1960
1966
1966
1961
1958
1955
1951
1947
1953
1949
1955
1957
1960
1949
1949
1947
1953
1946
1943
1940
1944
1943
1961
1967
1967
1973
1977
1977
1984
1992
2032
2037
2044
2048
2085
2089
2096
2104
2108
2117
2122
2124
2126
2125
2124
2129
2133
2108
2105
2099
2088
2053
2045
2040
2032
1993
1980
1971
1963
1959
1929
1919
1908
1902
1900
1898
1895
1888
1882
1882
1882
1878
1904
1916
1924
1928
1937
1963
1967
1978
1991
1999
2012
2025
2038
2077
2082
2090
2099
2101
2095
2095
2093
2089
2083
2084
2084
2081
2063
2051
2045
2039
2031
2026
2020
2022
1999
1992