2194
2207
2217
2226
2238
2237
2241
2240
2244
2243
2241
2235
2227
2226
2224
2222
2200
2184
2172
2168
2163
2132
2120
2111
2099
2093
2086
2078
2070
2024
2017
2008
1996
1974
1964
1959
1954
1952
1946
1946
1949
1949
1949
1952
1958
1959
1963
1972
1976
1971
1974
1983
1985
1984
1983
1995
1996
2000
2005
2006
2002
2009
2019
2019
2015
2024
2032
2040
2040
2044
2045
2044
2030
2029
2034
2036
2036
2035
2034
2033
2021
2015
2006
2003
2000
1998
1987
1985
1988
1994
1990
1987
1988
1982
1979
1978
1979
1956
1957
1955
1957
1953
1945
1944
1944
1939
1935
1938
1943
1947
1944
1950
1943
1953
1971
1979
1988
1995
2002
1999
1998
2008
2022
2028
2029
2031
2037
2037
2031
2030
2027
2000
1995
1987
1983
1962
1956
1955
1954
1952
1951
1950
1944
1946
1951
1955
1954
1960
1979
1990
2004
2013
2054
2064
2077
2087
2100
2119
2132
2144
2153
2161
2168
2177
2184
2193
2197
2194
2199
2195
2198
2198
2196
2174
2171
2169
2165
2159
2135
2125
2118
2114
2111
2104
2101
2101
2082
2074
2073
2068
2055
2044
2035
2028
2026
1997
1991
1991
1992
1983
1976
1967
1964
1932
1924
1920
1918
1912
1917
1919
1916
1919
1916
1916
1913
1915
1909
1909
1909
1913
1917
1920
1925
1932
1940
1942
1945
1949
1968
1976
1982
1988
1996
2004
2021
2051
2086
2087
2061
2036
2021
1966
1969
1980
1993
2066
2086
2099
2085
2080
2074
2069
2068
2065
2071
2079
2081
2095
2105
2102
2103
2105
2093
2097
2097
2102
2143
2144
2149
2144
2134
2071
2045
2022
2012
2012
2019
2030
2044
2049
2037
2024
2003
1926
1920
1928
1941
1945
1932
1927
1924
1919
1919
1933
1953
1973
1988
1994
1993
1988
1949
1946
1944
1946
2022
2034
2042
2050
2054
2065
2061
2063
2073
2087
2101
2114
2120
2113
2106
2096
2091
2082
2089
2098
2104
2111
2109
2097
2085
2072
2064
2058
2057
2063
2085
2092
2099
2099
2096
2092
2086
2087
2087
2096
2104
2104
2104
2105
2094
2077
2060
2047
2021
2011
2017
2023
2022
2016
2011
2004
1973
1972
1962
1955
1971
1966
1959
1953
1944
1919
1920
1919
1922
1926
1935
1939
1939
1929
1927
1926
1935
1967
1972
1980
1980
1958
1945
1944
1946
1950
1960
1970
1975
1974
1974
1968
1959
1955
1932
1932
1930
1926
1888
1885
1884
1878
1876
1888
1885
1880
1879
1876
1874
1876
1875
1821
1799
1781
1753
1613
1582
1550
1530
1494
1502
1511
1527
1540
1538
1528
1515
1500
1486
1469
1467
1470
1532
1572
1609
1649
1838
1888
1946
2006
2065
2247
2307
2373
2434
2501
2570
2646
2724
3061
3156
3250
3349
3741
3833
3914
3995
4088
4089
4089
4090
4089
4089
4088
4087
4090
4089
4089
4090
4087
4089
4089
4042
3964
3501
3363
3227
3083
2935
2461
2303
2148
1991
1835
1674
1513
1366
799
661
530
406
119
112
107
103
107
89
91
87
85
83
83
81
80
82
81
83
85
86
87
88
89
91
98
105
107
110
115
127
147
168
195
457
572
685
820
961
1088
1206
1346
1834
1960
2078
2191
2561
2618
2676
2730
2903
2941
2980
3025
3055
3121
3117
3107
3097
3078
3067
3054
3033
2991
2970
2949
2927
2773
2739
2713
2694
2669
2552
2505
2450
2379
2305
2246
2190
2137
2017
2003
2003
1999
1955
1926
1906
1887
1870
1844
1846
1857
1862
1859
1852
1841
1824
1771
1773
1774
1781
1820
1830
1826
1814
1770
1764
1768
1770
1780
1807
1819
1829
1845
1864
1883
1901
1926
2085
2125
2152
2181
2270
2304
2337
2380
2426
2559
2608
2645
2679
2700
2719
2735
2746
2814
2837
2864
2886
2952
2960
2972
2971
2977
2968
2953
2936
2916
2821
2782
2743
2707
2668
2634
2599
2560
2347
2286
2224
2158
1893
1843
1788
1737
1693
1538
1480
1418
1363
1311
1256
1210
1169
1040
1014
990
962
892
886
886
893
927
943
968
998
1032
1138
1180
1219
1262
1309
1360
1409
1459
1678
1731
1793
1855
2094
2154
2203
2250
2294
2433
2474
2508
2540
2574
2608
2646
2685
2761
2770
2777
2783
2766
2748
2728
2700
2546
2499
2455
2412
2371
2238
2198
2151
2107
2059
2011
1969
1924
1754
1723
1695
1665
1533
1498
1469
1438
1417
1363
1351
1353
1351
1347
1347
1350
1347
1382
1396
1412
1439
1527
1559
1588
1614
1723
1758
1790
1829
1868
1993
2030
2063
2095
2129
2160
2193
2225
2331
2351
2370
2391
2438
2448
2456
2468
2478
2484
2481
2476
2470
2465
2459
2455
2450
2422
2411
2400
2394
2361
2349
2333
2321
2297
2292
2282
2276
2275
2252
2247
2247
2241
2242
2239
2235
2230
2212
2217
2213
2212
2204
2197
2188
2177
2168
2132
2114
2101
2096
2087
2072
2055
2041
1964
1947
1927
1913
1837
1827
1810
1793
1722
1699
1674
1660
1645
1593
1578
1561
1542
1523
1512
1505
1496
1475
1475
1477
1485
1513
1525
1536
1549
1573
1626
1646
1665
1691
1717
1752
1797
1840
1980
2012
2047
2080
2232
2267
2293
2321
2440
2465
2491
2520
2546
2595
2615
2632
2645
2659
2664
2672
2674
2670
2669
2666
2652
2573
2548
2521
2496
2473
2398
2367
2342
2321
2294
2264
2241
2212
2102
2078
2055
2026
1914
1889
1863
1836
1810
1734
1709
1691
1670
1652
1639
1625
1613
1574
1570
1575
1581
1602
1617
1629
1641
1698
1714
1734
1758
1778
1819
1837
1850
1865
1880
1899
1917
1934
1986
1995
1998
2009
2053
2063
2077
2087
2099
2126
2127
2128
2131
2133
2128
2128
2125
2123
2123
2123
2126
2107
2101
2103
2105
2085
2081
2079
2078
2074
2056
2054
2050
2050
2052
2047
2038
2039
2024
2022
2015
2019
2013
2021
2026
2025
2030
2022
2019
2026
2031
2034
2040
2050
2056
2050
2048
2046
2048
2025
2014
2011
2007
1985
1974
1967
1968
1963
1939
1932
1926
1926
1922
1921
1915
1907
1894
1886
1885
1889
1873
1877
1880
1877
1878
1901
1904
1903
1917
1928
1946
1956
1970
2027
2044
2059
2075
2107
2118
2134
2140
2184
2192
2197
2209
2216
2237
2245
2253
2253
2258
2259
2263
2268
2258
2264
2264
2257
2239
2227
2219
2207
2198
2174
2161
2148
2136
2120
2102
2085
2069
2018
2007
1994
1984
1954
1940
1934
1927
1915
1908
1899
1897
1899
1890
1886
1885
1888
1888
1889
1889
1888
1894
1895
1901
1903
1911
1916
1925
1938
1949
1962
1971
1982
1996
2003
2009
2010
2011
2042
2053
2060
2067
2092
2099
2105
2106
2109
2106
2104
2107
2107
2106
2110
2111
2111
2102
2096
2090
2083
2061
2056
2049
2044
1994
1977
1971
1964
1960
1926
1914
1906
1905
1900
1892
1890
1891
1878
1883
1887
1888
1891
1897
1901
1911
1909
1920
1918
1920
1928
1933
1938
1943
1953
1977
1984
1989
1994
2024
2031
2041
2047
2061
2060
2070
2080
2088
2095
2103
2104
2107
2106
2107
2114
2114
2115
2121
2126
2127
2146
2148
2149
2155
2154
2149
2151
2151
2159
2162
2161
2160
2158
2145
2137
2131
2129
2130
2127
2124
2120
2114
2110
2112
2113
2110
2095
2090
2083
2084
2084
2080
2072
2066
2040
2028
2023
2025
2009
2001
1992
1988
1985
1972
1967
1961
1957
1949
1944
1944
1940
1931
1934
1937
1937
1935
1936
1931
1928
1905
1908
1906
1907
1909
1906
1906
1903
1901
1899
1895
1897
1902
1919
1918
1917
1924
1939
1945
1948
1956
1964
1990
1996
2002
2011
2017
2023
2024
2032
2054
2065
2070
2067
2095
2089
2094
2098
2106
2108
2105
2108
2106
2095
2091
2086
2085
2088
2083
2073
2074
2075
2072
2071
2064
2040
2040
2038
2035
2033
2017
2010
2001
2000
2002
2002
2002
2000
1984
1982
1987
1993
1975
1969
1966
1974
1975
1970
1974
1979
1978
1974
1971
1906
1800
1709
1669
1696
1757
2023
2064
2103
2127
2032
2038
2067
2122
2176
2168
2150
2138
2145
2150
2155
2166
2182
2273
2280
2282
2278
2219
2208
2211
2206
2182
2180
2183
2175
2154
2107
2098
2101
2106
2099
2081
2076
2078
2017
1982
1958
1950
2017
2027
2024
2010
1995
1932
1922
1917
1915
1913
1921
1931
1947
1980
1964
1948
1919
1858
1876
1899
1927
1936
1932
1933
1936
1937
1928
1928
1938
1956
1981
2005
2019
2017
1955
1939
1935
1950
2017
2031
2031
2024
2015
1977
1965
1960
1965
1974
1989
2019
2039
2038
2034
2027
2015
2019
2026
2029
2032
1992
1965
1943
1927
1922
1951
1960
1978
1982
1974
1970
1965
1950
1899
1903
1909
1917
1927
1924
1916
1906
1896
1880
1884
1880
1882
1887
1891
1899
1901
1898
1900
1909
1918
1914
1892
1858
1822
1643
1611
1577
1553
1540
1543
1567
1591
1614
1632
1646
1656
1664
1692
1714
1726
1734
1772
1781
1790
1811
1847
1986
2041
2088
2144
2200
2260
2313
2376
2617
2671
2728
2793
3026
3092
3155
3220
3462
3512
3561
3603
3643
3770
3798
3826
3859
3888
3911
3927
3940
3929
3925
3910
3884
3563
3384
3293
3176
3033
2783
2718
2651
2616
2586
2513
2406
2291
1881
1804
1779
1719
1411
1310
1219
1148
828
772
710
633
566
387
316
281
243
195
181
176
167
154
153
153
154
205
235
252
272
309
434
471
511
543
581
635
691
758
1065
1120
1174
1232
1404
1437
1459
1496
1709
1770
1819
1858
1899
1973
1985
1981
1999
2024
2041
2063
2083
2164
2182
2200
2206
2195
2205
2218
2234
2250
2281
2289
2287
2286
2286
2294
2308
2314
2340
2335
2328
2326
2316
2314
2299
2306
2366
2387
2407
2412
2430
2484
2505
2527
2547
2568
2586
2603
2624
2607
2595
2578
2579
2601
2609
2621
2623
2613
2563
2539
2523
2510
2508
2487
2468
2473
2455
2451
2453
2457
2434
2423
2417
2405
2410
2409
2414
2427
2436
2453
2454
2456
2474
2490
2512
2530
2545
2596
2608
2622
2624
2641
2635
2640
2648
2634
2619
2605
2600
2594
2585
2570
2553
2541
2453
2423
2404
2381
2272
2226
2212
2200
2102
2071
2025
1980
1948
1828
1790
1758
1719
1682
1657
1632
1585
1419
1379
1354
1327
1249
1246
1237
1233
1230
1244
1259
1275
1294
1315
1331
1346
1363
1434
1457
1482
1502
1528
1563
1594
1614
1632
1712
1738
1759
1784
1807
1827
1847
1874
1896
1945
1967
1989
2009
2028
2040
2050
2056
2050
2052
2051
2049
2035
2026
2010
2000
1965
1949
1929
1917
1903
1856
1844
1824
1800
1775
1754
1739
1717
1630
1607
1584
1565
1512
1513
1503
1497
1495
1492
1497
1502
1512
1520
1532
1545
1563
1642
1669
1702
1733
1855
1880
1920
1954
2065
2098
2115
2142
2174
2228
2255
2271
2291
2306
2327
2342
2347
2359
2368
2376
2370
2387
2388
2399
2407
2407
2387
2386
2376
2368
2356
2352
2335
2303
2248
2240
2231
2217
2197
2189
2181
2173
2164
2158
2163
2169
2170
2183
2181
2182
2181
2182
2187
2195
2202
2225
2233
2233
2245
2271
2266
2268
2271
2273
2282
2287
2293
2298
2296
2290
2281
2276
2230
2209
2194
2179
2124
2107
2087
2065
1989
1966
1948
1931
1914
1873
1864
1849
1834
1824
1814
1808
1804
1795
1794
1795
1795
1790
1790
1793
1800
1802
1827
1833
1835
1848
1852
1862
1868
1879
1919
1937
1957
1974
2036
2049
2058
2077
2132
2152
2170
2188
2201
2249
2255
2260
2274
2288
2294
2300
2313
2343
2350
2346
2342
2329
2328
2322
2316
2303
2267
2252
2234
2214
2199
2179
2160
2144
2046
2022
1999
1985
1898
1885
1878
1874
1830
1821
1818
1812
1801
1792
1780
1776
1775
1774
1777
1773
1777
1785
1798
1807
1815
1849
1857
1865
1873
1881
1895
1902
1913
1917
1927
1931
1937
1943
1963
1970
1967
1971
1980
1981
1980
1976
1963
1951
1945
1936
1927
1913
1907
1901
1904
1904
1902
1901
1901
1900
1893
1896
1896
1914
1921
1927
1931
1935
1947
1952
1958
1964
1969
1982
1990
1996
2018
2022
2026
2041
2054
2056
2055
2054
2063
2072
2077
2082
2084
2081
2089
2100
2107
2109
2111
2106
2103
2097
2095
2095
2089
2089
2075
2077
2078
2082
2056
2056
2052
2055
2050
2032
2034
2032
2035
2035
2032
2034
2037
2036
2030
2028
2028
2024
2027
2030
2031
2033
2036
2039
2038
2042
2044
2048
2055
2060
2070
2070
2075
2080
2085
2101
2109
2112
2116
2124
2129
2140
2150
2181
2186
2189
2195
2201
2205
2208
2208
2207
2207
2206
2204
2206
2193
2187
2182
2183
2172
2164
2164
2158
2126
2119
2101
2097
2087
2066
2063
2058
2047
2035
2026
2018
2005
1964
1954
1948
1946
1918
1914
1906
1897
1898
1897
1902
1897
1904
1912
1913
1919
1917
1926
1929
1941
1947
1975
1983
1986
1993
2009
2012
2015
2016
2024
2028
2029
2035
2037
2037
2045
2056
2063
2058
2053
2053
2048
2028
2019
2010
2005
2003
1986
1975
1966
1964
1959
1949
1947
1943
1929
1921
1922
1922
1917
1917
1913
1905
1909
1911
1913
1915
1912
1917
1918
1921
1924
1932
1938
1944
1947
1954
1956
1956
1963
1993
1993
1997
1996
2004
2018
2021
2023
2024
2019
2022
2025
2030
2033
2034
2034
2031
2030
2037
2038
2044
2057
2067
2076
2082
2089
2092
2101
2103
2109
2111
2108
2112
2122
2126
2119
2114
2107
2109
2110
2107
2100
2097
2103
2099
2096
2101
2104
2100
2101
2103
2094
2094
2097
2096
2098
2089
2084
2082
2077
2071
2069
2071
2073
2073
2072
2072
2075
2074
2070
2063
2066
2052
2051
2050
2046
2013
2006
2003
1998
1997
1978
1972
1960
1952
1951
1945
1944
1941
1927
1919
1925
1926
1932
1929
1933
1933
1947
1958
1963
1968
1977
1983
1989
1994
2006
2008
2007
2011
2020
2034
2036
2041
2048
2045
2048
2055
2053
2054
2067
2071
2072
2070
2070
2067
2067
2071
2056
2050
2049
2045
2035
2035
2026
2021
2021
2016
2011
2008
2001
1997
1993
1990
1988
1989
1985
1980
1974
1964
1966
1970
1962
1960
1959
1966
1977
1985
1981
1979
1973
1974
1972
1971
1973
1974
2001
2002
2007
2014
2032
2040
2045
2050
2055
2066
2069
2068
2067
2060
2034
1994
1963
1951
1977
2000
2020
2107
2112
2112
2112
2123
2135
2145
2156
2166
2176
2179
2176
2172
2162
2154
2154
2153
2153
2153
2150
2153
2127
2114
2103
2095
2087
2051
2044
2038
2038
2037
2037
2034
2030
1997
1990
1981
1972
1976
1988
2003
2011
2010
2005
1999
1998
1988
1979
1987
1998
2005
2018
2029
2034
2030
1987
1976
1971
1966
1945
1939
1937
1936
1946
1961
1967
1971
1979
1991
2003
2010
2015
1999
1997
1997
1998
2013
2015
2017
2015
1980
1983
1982
1990
2004
2027
2032
2035
2035
2037
2037
2037
2038
2048
2059
2063
2072
2064
2058
2053
2044
2039
2010
2013
2011
2006
2000
2002
1999
1995
1975
1969
1959
1958
1940
1937
1930
1929
1932
1938
1934
1929
1926
1917
1906
1914
1926
1930
1925
1921
1925
1945
1953
1961
1961
1960
1943
1921
1898
1869
1823
1791
1762
1739
1724
1692
1639
1584
1402
1360
1335
1318
1306
1324
1347
1368
1387
1417
1418
1432
1434
1423
1411
1409
1420
1457
1503
1545
1575
1808
1852
1915
2013
2314
2410
2475
2538
2619
2845
2928
3004
3092
3190
3279
3367
3461
3823
3892
3965
4035
4089
4088
4089
4086
4090
4090
4092
4088
4088
4089
4089
4089
4088
4088
4086
4074
4015
3653
3543
3441
3338
2836
2705
2569
2435
2296
1887
1760
1644
1532
1422
1320
1218
1113
695
584
484
391
134
127
124
118
115
104
104
102
99
98
97
97
97
97
97
98
98
106
112
114
121
126
148
155
169
187
214
241
284
338
582
680
776
875
977
1076
1171
1278
1379
1667
1765
1865
1958
2046
2130
2214
2287
2357
2515
2565
2615
2658
2705
2748
2788
2825
2922
2936
2938
2944
2927
2916
2908
2899
2824
2808
2795
2767
2747
2667
2644
2615
2596
2565
2535
2514
2492
2395
2362
2332
2306
2181
2150
2126
2101
2079
2010
1989
1966
1941
1924
1912
1894
1880
1887
1883
1888
1884
1911
1926
1950
1975
2057
2078
2092
2109
2130
2160
2171
2187
2206
2231
2259
2278
2300
2370
2394
2421
2445
2580
2613
2652
2693
2806
2834
2864
2895
2928
3035
3061
3083
3105
3120
3135
3153
3164
3153
3138
3120
3101
2964
2924
2880
2832
2787
2638
2585
2524
2472
2412
2348
2281
2217
1937
1872
1813
1752
1522
1479
1433
1386
1235
1213
1192
1172
1146
1097
1087
1070
1061
1057
1055
1058
1062
1089
1098
1111
1124
1175
1195
1220
1247
1274
1368
1393
1420
1464
1505
1541
1577
1613
1762
1806
1849
1885
2000
2028
2056
2081
2167
2182
2196
2212
2221
2243
2246
2251
2258
2265
2275
2281
2288
2282
2274
2271
2263
2199
2181
2160
2138
2127
2083
2062
2037
2014
1991
1968
1953
1933
1854
1835
1820
1810
1742
1734
1730
1719
1696
1693
1694
1697
1693
1692
1688
1683
1689
1693
1698
1707
1726
1781
1797
1819
1833
1904
1920
1941
1968
1984
2048
2068
2083
2102
2121
2134
2148
2164
2206
2213
2223
2222
2229
2230
2235
2236
2228
2235
2238
2244
2252
2259
2267
2277
2286
2286
2290
2293
2307
2336
2339
2340
2344
2346
2351
2354
2356
2364
2356
2355
2346
2338
2325
2312
2306
2290
2256
2248
2233
2218
2166
2154
2142
2124
2059
2047
2035
2013
1995
1960
1947
1930
1912
1892
1871
1858
1834
1735
1716
1704
1691
1638
1618
1607
1600
1599
1573
1567
1565
1565
1569
1575
1582
1590
1634
1650
1662
1682
1752
1775
1803
1820
1836
1902
1923
1943
1964
1989
2008
2028
2052
2148
2163
2184
2204
2276
2294
2313
2333
2389
2408
2423
2442
2457
2475
2482
2484
2484
2491
2495
2498
2503
2505
2497
2489
2484
2421
2408
2394
2373
2358
2291
2265
2242
2219
2197
2178
2161
2140
2057
2031
2010
1988
1926
1906
1894
1880
1820
1812
1801
1799
1796
1757
1752
1746
1735
1727
1728
1725
1717
1710
1713
1719
1728
1753
1760
1769
1772
1784
1805
1819
1828
1839
1852
1864
1880
1900
1945
1951
1966
1973
1999
2014
2023
2034
2050
2053
2060
2066
2071
2073
2073
2072
2071
2071
2071
2071
2070
2060
2058
2059
2063
2050
2052
2057
2064
2062
2051
2048
2054
2054
2052
2046
2049
2045
2039
2036
2034
2030
2027
2021
2023
2024
2022
2012
2009
2005
1999
1993
1986
1983
1984
1986
1982
1982
1986
1989
1994
1994
1994
1982
1978
1982
1991
1988
1983
1980
1979
1977
1975
1974
1973
1975
1993
1996
2003
2009
2031
2039
2049
2055
2063
2075
2083
2084
2090
2090
2089
2098
2108
2115
2113
2118
2128
2142
2144
2142
2145
2139
2143
2142
2138
2132
2122
2116
2103
2101
2105
2100
2097
2096
2080
2075
2075
2073
2066
2071
2072
2068
2069
2054
2046
2038
2036
2032
2034
2033
2032
2009
2008
2009
2009
1998
1994
1997
1995
1980
1979
1976
1967
1964
1960
1954
1956
1956
1953
1954
1954
1957
1972
1974
1975
1983
1988
1988
1990
1996
2006
2010
2011
2014
2016
2021
2023
2025
2027
2046
2050
2054
2059
2058
2056
2056
2055
2047
2048
2049
2047
2044
2044
2040
2039
2034
2034
2033
2036
2038
2045
2046
2048
2048
2042
2035
2035
2035
2028
2006
1996
1993
1993
1986
1976
1970
1965
1952
1949
1948
1948
1954
1948
1955
1956
1956
1952
1949
1945
1941
1935
1936
1938
1939
1942
1946
1943
1946
1973
1976
1979
1979
1987
1994
1997
2003
2038
2047
2056
2071
2077
2104
2114
2122
2126
2128
2117
2120
2121
2104
2102
2089
2081
2062
2064
2068
2072
2077
2079
2083
2083
2094
2094
2100
2113
2124
2144
2146
2153
2153
2150
2149
2145
2137
2107
2091
2078
2075
2059
2032
2019
2011
2000
1992
1988
1987
1976
1965
1969
1964
1962
1947
1938
1935
1936
1938
1946
1945
1949
1947
1951
1954
1955
1952
1949
1945
1943
1941
1933
1934
1930
1934
1961
1967
1976
1985
1998
2004
2008
2011
2014
2018
2016
2023
2031
2039
2043
2044
2048
2058
2065
2071
2073
2080
2073
2073
2071
2073
2066
2062
2061
2061
2076
2076
2081
2086
2088
2088
2090
2087
2068
2069
2065
2057
2054
2040
2037
2038
2035
2032
2034
2040
2042
2026
2025
2021
2014
1988
1987
1983
1985
1983
1982
1974
1972
1976
1974
1963
1959
1957
1944
1937
1930
1926
1921
1928
1937
1937
1904
1701
1667
1663
1705
1789
1890
1966
2010
2038
2120
2140
2149
2145
2128
2102
2084
2081
2246
2281
2299
2284
2135
2138
2156
2177
2203
2189
2188
2186
2171
2143
2115
2094
2077
2098
2125
2160
2195
2198
2174
2160
2130
2112
2130
2146
2154
2149
2028
1980
1944
1926
1923
1927
1946
1972
2017
2001
1971
1934
1855
1855
1867
1875
1878
1889
1886
1884
1886
1885
1884
1881
1889
1937
1970
1994
2005
1962
1937
1909
1880
1901
1928
1947
1956
1966
1913
1918
1932
1943
1961
1983
2019
2049
2086
2087
2076
2062
2065
2072
2076
2092
2103
2107
2118
2107
2097
2093
2092
2095
2095
2092
2072
2060
2043
1981
1968
1970
1977
1990
2007
2010
1996
1983
1940
1915
1908
1906
1911
1925
1936
1943
1967
1958
1957
1965
2023
2035
2040
2043
2047
2034
2033
2040
2044
2058
2068
2076
2075
2057
2065
2069
2069
2024
2019
2018
2018
2036
2042
2045
2050
2054
2072
2081
2092
2101
2105
2115
2123
2125
2088
2081
2068
2070
2100
2112
2109
2101
2097
2053
2045
2036
2029
2039
2044
2036
2027
1986
1963
1949
1941
1869
1853
1838
1818
1743
1728
1705
1682
1666
1658
1661
1663
1672
1693
1703
1716
1732
1755
1762
1766
1774
1817
1829
1837
1844
1847
1868
1889
1914
1939
1969
2006
2041
2075
2189
2216
2251
2290
2460
2506
2548
2594
2750
2787
2824
2860
2889
2975
3002
3022
3037
3052
3061
3063
3072
3081
3085
3097
3108
3122
3113
3097
3080
3056
2968
2938
2908
2881
2843
2798
2757
2702
2455
2387
2326
2261
2010
1944
1882
1819
1754
1549
1474
1406
1339
1283
1224
1171
1114
965
922
883
844
809
777
753
729
707
660
653
647
643
644
643
642
640
634
602
601
615
629
647
670
697
734
885
929
968
1003
1211
1284
1348
1413
1669
1728
1797
1869
1944
2119
2167
2206
2241
2275
2304
2328
2344
2432
2453
2472
2491
2529
2527
2526
2527
2531
2525
2521
2521
2526
2524
2511
2494
2482
2399
2387
2375
2371
2326
2303
2275
2247
2106
2069
2037
2010
1983
1893
1867
1843
1825
1805
1792
1782
1777
1756
1754
1754
1748
1729
1729
1740
1747
1765
1805
1817
1829
1843
1855
1878
1899
1917
2054
2103
2150
2200
2396
2451
2502
2542
2593
2732
2772
2807
2841
2866
2890
2913
2931
2981
2999
3019
3031
3045
3059
3073
3080
3088
3102
3106
3105
3104
3105
3106
3098
3093
3084
3040
3019
3001
2980
2959
2936
2909
2879
2707
2667
2617
2570
2388
2344
2298
2250
2081
2047
2006
1967
1929
1799
1758
1719
1684
1648
1611
1579
1550
1425
1396
1363
1334
1215
1193
1172
1148
1132
1088
1067
1052
1047
1043
1038
1044
1050
1069
1088
1101
1116
1203
1232
1258
1276
1303
1380
1412
1441
1475
1512
1544
1580
1618
1769
1809
1847
1883
2007
2039
2074
2103
2202
2217
2228
2241
2243
2256
2258
2260
2264
2270
2272
2274
2274
2259
2254
2254
2250
2214
2210
2200
2191
2177
2125
2110
2093
2076
2061
2041
2022
2011
1915
1891
1878
1870
1842
1835
1825
1822
1810
1814
1811
1808
1810
1812
1822
1825
1829
1828
1836
1843
1853
1894
1909
1917
1928
1979
1990
1998
2012
2027
2077
2090
2100
2125
2144
2160
2177
2197
2271
2287
2297
2316
2356
2360
2368
2383
2411
2417
2422
2418
2418
2413
2406
2398
2394
2391
2389
2383
2371
2350
2347
2336
2317
2244
2232
2213
2197
2179
2115
2092
2066
2047
2022
1999
1979
1963
1894
1876
1859
1847
1804
1794
1790
1783
1777
1765
1755
1751
1751
1750
1749
1746
1747
1747
1751
1751
1758
1770
1778
1789
1799
1839
1853
1861
1870
1881
1904
1914
1925
1934
1937
1941
1951
1964
2002
2013
2016
2025
2064
2066
2078
2091
2100
2129
2139
2146
2155
2170
2180
2190
2194
2237
2248
2263
2271
2312
2316
2331
2340
2368
2366
2365
2365
2362
2358
2360
2359
2354
2347
2341
2336
2331
2296
2284
2270
2261
2223
2214
2202
2184
2166
2101
2081
2064
2050
2038
2021
2006
1992
1931
1915
1905
1888
1853
1843
1834
1826
1804
1802
1805
1802
1804
1788
1791
1786
1780
1776
1774
1772
1775
1779
1783
1782
1788
1798
1805
1818
1830
1836
1849
1855
1865
1874
1883
1897
1909
1917
1951
1965
1971
1979
2010
2016
2025
2032
2051
2051
2048
2052
2061
2076
2081
2081
2087
2090
2095
2094
2102
2098
2091
2087
2078
2039
2034
2030
2022
2020
1993
1981
1975
1970
1963
1962
1958
1961
1948
1941
1940
1938
1941
1945
1953
1953
1944
1949
1954
1959
1967
1972
1975
1982
1991
2004
2013
2020
2023
2044
2046
2048
2058
2088
2099
2105
2111
2129
2130
2139
2141
2149
2150
2146
2148
2160
2166
2169
2160
2164
2148
2146
2146
2144
2144
2143
2143
2139
2136
2125
2118
2115
2114
2106
2100
2096
2094
2077
2074
2070
2067
2049
2047
2039
2036
2036
2031
2025
2024
2026
2019
2016
2011
2016
2012
2013
2010
2010
1997
2000
1995
1989
1968
1963
1956
1954
1952
1946
1939
1932
1932
1922
1914
1904
1906
1905
1905
1906
1904
1905
1905
1907
1910
1922
1925
1928
1936
1942
1953
1964
1969
1980
1991
2005
2002
2004
2035
2046
2051
2058
2065
2070
2073
2082
2086
2096
2097
2102
2106
2104
2109
2115
2119
2135
2143
2145
2144
2149
2149
2144
2141
2137
2146
2156
2164
2168
2171
2166
2162
2161
2158
2119
2113
2107
2106
2103
2100
2096
2089
2062
2055
2051
2049
2019
2012
2003
1992
1982
1983
1979
1980
1984
1970
1965
1958
1950
1947
1947
1944
1946
1922
1925
1919
1921
1922
1925
1930
1936
1945
1935
1930
1932
1935
1936
1936
1942
1950
1980
1982
1983
1993
2014
2017
2024
2029
2054
2055
2051
2057
2062
2072
2079
2078
2080
2085
2081
2077
2073
2069
2066
2067
2070
2063
2058
2059
2062
2063
2058
2056
2053
2049
2049
2043
2043
2049
2045
2039
2041
2042
2035
2036
2031
2024
2014
2013
2011
2011
2008
2012
2010
2009
2010
2011
2009
2006
1999
1995
1997
1997
1994
1997
1997
1997
1995
1991
2002
2006
2010
2011
2013
2012
2015
2013
2003
2006
2004
2003
2010
2008
2008
2019
2021
2022
2026
2031
2038
2050
2058
2067
2071
2071
2068
2068
2073
2091
2094
2089
2081
2064
2055
2047
2045
2046
2032
2031
2030
2029
2020
2018
2021
2014
1992
1984
1981
1985
1977
1973
1970
1966
1957
1955
1954
1948
1944
1931
1929
1933
1931
1926
1921
1923
1927
1940
1941
1943
1943
1961
1969
1975
1974
1978
1991
1987
1989
1994
1999
2006
2010
2011
2033
2048
2052
2058
2070
2078
2089
2099
2133
2139
2149
2147
2149
2157
2158
2154
2158
2172
2198
2216
2208
2012
1986
1972
1969
2084
2114
2143
2158
2154
2121
2118
2126
2142
2156
2166
2179
2194
2158
2162
2167
2172
2081
2051
2029
2028
2071
2083
2094
2095
2083
1995
1979
1978
1985
1986
2003
2028
2054
2099
2067
2024
1974
1927
1956
1979
1999
2016
2002
1984
1967
1948
1931
1919
1902
1885
1917
1946
1961
1966
1914
1914
1934
1958
2010
1996
1981
1953
1931
1846
1833
1825
1828
1850
1880
1916
1938
1931
1909
1887
1883
2000
2040
2074
2098
2115
2099
2091
2079
2066
2057
2055
2062
2073
2079
2058
2030
1994
1921
1925
1947
1976
2049
2057
2065
2065
2056
2043
2044
2049
2060
2074
2077
2073
2066
1998
1975
1961
1957
1978
1978
1981
1978
1967
1929
1933
1945
1956
1969
1994
2027
2049
2037
2026
2021
2024
2055
2062
2073
2083
2088
2085
2086
2086
2082
2093
2097
2104
2108
2110
2119
2122
2116
2089
2086
2091
2096
2119
2123
2119
2114
2104
2064
2058
2054
2061
2063
2060
2056
2051
2028
2027
2027
2031
2069
2078
2081
2081
2066
2006
1988
1968
1951
1940
1933
1931
1925
1874
1857
1841
1826
1811
1799
1791
1791
1792
1799
1807
1820
1831
1848
1857
1860
1862
1866
1864
1866
1874
1886
1902
1913
1919
1917
1928
1933
1939
1951
1997
2000
2006
2016
2029
2064
2075
2097
2110
2118
2133
2144
2154
2215
2234
2255
2269
2328
2341
2351
2363
2421
2433
2447
2460
2478
2524
2534
2549
2565
2570
2574
2573
2572
2567
2556
2552
2549
2478
2458
2441
2423
2410
2334
2313
2283
2262
2241
2212
2184
2154
2025
1995
1964
1938
1818
1789
1762
1742
1648
1619
1589
1558
1532
1466
1451
1443
1431
1422
1408
1392
1381
1351
1347
1354
1360
1428
1440
1465
1486
1509
1569
1591
1614
1643
1676
1704
1731
1763
1872
1898
1920
1940
1977
1984
1996
2000
2047
2060
2078
2089
2100
2119
2128
2137
2143
2153
2159
2165
2175
2186
2196
2203
2211
2189
2173
2163
2148
2133
2083
2070
2048
2030
2004
1982
1955
1926
1812
1789
1773
1763
1702
1677
1658
1642
1608
1607
1617
1633
1645
1696
1708
1724
1740
1761
1784
1807
1830
1931
1967
2002
2029
2182
2222
2261
2301
2329
2418
2448
2478
2495
2501
2508
2513
2514
2512
2520
2520
2521
2523
2516
2520
2520
2527
2536
2546
2560
2569
2598
2603
2610
2614
2622
2620
2615
2612
2589
2569
2553
2528
2404
2373
2343
2320
2291
2191
2166
2136
2109
2083
2062
2038
2021
1958
1941
1922
1911
1859
1847
1839
1829
1784
1772
1764
1751
1737
1703
1689
1680
1675
1670
1674
1677
1679
1677
1674
1675
1680
1701
1704
1711
1718
1716
1725
1733
1738
1738
1743
1749
1755
1753
1760
1769
1786
1805
1842
1853
1865
1876
1919
1931
1935
1943
1947
1971
1978
1985
1993
2006
2009
2017
2028
2043
2052
2064
2079
2133
2149
2167
2182
2194
2225
2226
2234
2242
2246
2252
2250
2249
2211
2202
2193
2182
2125
2109
2098
2082
2071
2026
2013
2000
1992
1985
1984
1970
1965
1946
1946
1944
1946
1947
1948
1942
1944
1944
1950
1955
1952
1955
1957
1957
1959
1965
1965
1967
1972
1978
1982
1987
1995
1999
1998
2006
2011
2017
2022
2017
2015
2020
2018
2030
2027
2026
2037
2041
2047
2053
2064
2074
2080
2082
2086
2092
2119
2127
2134
2146
2149
2146
2144
2136
2130
2089
2077
2061
2050
2044
2031
2012
1991
1901
1889
1876
1861
1817
1815
1809
1805
1781
1779
1774
1773
1773
1759
1768
1770
1774
1774
1777
1776
1782
1793
1807
1816
1823
1879
1893
1903
1920
1933
1969
1986
2006
2027
2046
2062
2076
2090
2124
2134
2144
2154
2210
2227
2240
2250
2284
2295
2309
2314
2327
2362
2365
2364
2369
2372
2375
2383
2390
2389
2387
2385
2388
2365
2360
2357
2351
2340
2302
2291
2283
2278
2271
2256
2244
2239
2171
2161
2151
2140
2059
2050
2040
2034
1992
1982
1972
1962
1953
1922
1915
1912
1911
1907
1912
1917
1912
1883
1879
1877
1877
1878
1872
1878
1876
1874
1877
1872
1868
1861
1855
1858
1870
1875
1872
1871
1871
1870
1864
1870
1869
1869
1872
1877
1880
1879
1874
1887
1886
1885
1888
1896
1895
1899
1900
1903
1916
1919
1925
1933
1939
1945
1952
1959
1983
1996
1998
2000
2002
2019
2017
2007
2006
2003
2002
2004
2008
1977
1971
1966
1960
1951
1948
1946
1944
1955
1957
1954
1952
1956
1960
1967
1976
1982
1993
1999
2006
2013
2036
2042
2046
2052
2069
2084
2103
2111
2114
2115
2112
2113
2117
2117
2119
2124
2128
2122
2124
2131
2134
2136
2136
2136
2136
2139
2135
2134
2140
2140
2129
2132
2129
2130
2131
2128
2132
2135
2113
2110
2111
2107
2096
2093
2095
2094
2090
2071
2069
2062
2053
2054
2050
2049
2046
2045
2040
2040
2038
2051
2047
2046
2044
2022
2022
2020
2016
2014
1994
1988
1986
1978
1974
1968
1965
1957
1938
1939
1940
1932
1919
1927
1933
1930
1934
1942
1940
1936
1936
1935
1936
1938
1943
1937
1934
1939
1945
1961
1966
1971
1977
1975
1970
1976
1981
1988
2007
2010
2019
2027
2034
2036
2048
2053
2069
2068
2072
2078
2103
2106
2109
2114
2119
2119
2112
2113
2116
2112
2111
2109
2112
2091
2089
2091
2094
2095
2097
2093
2089
2082
2081
2078
2084
2086
2078
2076
2075
2074
2072
2067
2063
2054
2032
2028
2029
2023
2002
1999
1998
1995
1990
1976
1974
1974
1969
1963
1963
1959
1954
1955
1954
1954
1952
1954
1957
1961
1961
1969
1975
1979
1990
1988
1995
1992
1995
2004
2014
2019
2019
2025
2019
2024
2024
2023
2026
2022
2015
2010
2009
2011
2005
2008
2013
2019
2016
2020
2018
2014
2006
2008
2006
2004
1999
2000
1997
1978
1973
1969
1969
1972
1967
1968
1966
1970
1975
1973
1970
1976
1987
1994
2000
2006
2030
2032
2036
2039
2045
2041
2042
2040
2040
2042
2035
2035
2032
2039
2046
2051
2058
2074
2070
2065
2062
2067
2070
2078
2085
2085
2089
2085
2084
2087
2091
2091
2096
2092
2091
2090
2091
2092
2117
2124
2125
2129
2123
2113
2111
2108
2108
2102
2105
2106
2107
2093
2087
2088
2080
2052
2050
2049
2052
2034
2033
2040
2040
2038
2027
2031
2025
2025
2027
2017
2016
2006
1990
1989
1989
1983
1968
1962
1952
1945
1943
1929
1926
1919
1917
1913
1911
1910
1908
1908
1912
1910
1909
1911
1909
1912
1919
1932
1938
1941
1944
1946
1953
1955
1959
1964
1974
1988
2000
2002
2005
2011
2015
2019
2038
2051
2061
2069
2068
2073
2072
2069
2067
2070
2072
2077
2078
2099
2101
2099
2096
2102
2102
2098
2095
2095
2093
2087
2083
2085
2084
2084
2080
2072
2066
2059
2057
2060
2062
2056
2053
2057
2057
2036
2028
2026
2025
2025
2024
2023
2027
2029
2027
2028
2030
2030
2029
2033
2030
2026
2023
2026
2026
2027
2034
2043
2046
2046
2036
2029
2026
2028
2028
2032
2036
2036
2033
2026
2023
2027
2029
2051
2069
2074
2077
1998
1975
1953
1937
1926
1918
1926
1925
1928
1936
1939
1944
1956
2017
2026
2041
2052
2105
2108
2111
2105
2085
2078
2082
2087
2091
2079
2073
2058
2039
2022
2008
1992
1991
2014
2027
2029
2027
1990
1997
2007
2022
2038
2061
2054
2040
2024
2012
2002
1991
1983
1962
1959
1968
1973
1966
1969
1983
1989
1989
1991
1989
1986
1984
1976
1975
1968
1963
1940
1930
1928
1931
1931
1933
1945
1958
1975
2021
2034
2048
2056
2061
2076
2094
2108
2124
2139
2141
2142
2145
2151
2149
2152
2149
2128
2118
2111
2104
2069
2066
2066
2056
2039
2037
2041
2044
2048
2056
2063
2073
2083
2093
2101
2105
2098
2081
2071
2067
2059
2014
2003
1996
1988
1955
1944
1938
1929
1919
1898
1896
1899
1900
1902
1909
1911
1911
1920
1925
1935
1944
1943
1933
1928
1926
1928
1929
1928
1933
1936
1937
1937
1947
1952
1971
1985
1996
2000
2013
2018
2023
2034
2058
2062
2063
2062
2065
2061
2062
2072
2076
2075
2070
2077
2089
2132
2145
2162
2180
2190
2189
2190
2183
2181
2189
2186
2192
2194
2186
2178
2170
2162
2128
2122
2113
2105
2068
2060
2051
2054
2058
2061
2059
2051
2057
2061
2069
2079
2089
2115
2121
2124
2120
2117
2114
2113
2114
2116
2109
2102
2096
2087
2076
2065
2052
2037
2028
1987
1974
1963
1949
1940
1925
1919
1918
1901
1901
1897
1900
1884
1877
1878
1877
1893