2007
2016
2025
2030
2041
2079
2084
2083
2087
2106
2071
2058
2044
2023
2027
2022
2015
2027
2040
2057
2060
2058
2064
2052
2044
2017
2017
2011
2015
2030
2014
2028
2043
2044
2044
2060
2080
2109
2136
2141
2138
2147
2150
2117
2117
2110
2104
2088
2087
2085
2084
2080
2046
2033
2014
2001
1990
1975
1963
1949
1926
1920
1916
1915
1910
1906
1903
1897
1905
1906
1925
1932
1938
1938
1958
1978
1995
2012
2053
2062
2066
2076
2082
2118
2123
2130
2136
2139
2140
2140
2141
2107
2103
2101
2099
2100
2108
2112
2116
2119
2123
2113
2100
2086
2036
2017
2007
1994
1990
1992
1988
1985
1986
1977
1972
1963
1960
1959
1960
1961
1974
1999
2001
2002
2003
2007
1999
1993
1998
2000
2001
2004
2000
2000
1983
1982
1981
1979
1975
1971
1964
1958
1946
1943
1943
1945
1947
1954
1967
1971
1971
1974
1971
1969
1972
1992
1998
2003
2002
1995
1986
1976
1972
1970
1966
1973
1981
1985
1986
1983
1976
1964
1913
1910
1903
1899
1902
1899
1897
1899
1889
1829
1801
1777
1759
1733
1702
1675
1651
1579
1568
1567
1566
1584
1592
1597
1599
1586
1582
1580
1582
1594
1654
1686
1716
1750
1787
1832
1894
1956
2218
2288
2360
2425
2664
2724
2782
2839
2899
3084
3153
3222
3296
3368
3437
3502
3567
3802
3842
3871
3899
3965
3970
3970
3969
3871
3841
3841
3829
3760
3495
3377
3241
3125
3009
2885
2756
2640
2205
2095
1973
1854
1429
1288
1163
1062
949
634
542
460
389
311
226
172
152
125
121
126
126
142
150
152
160
162
210
233
267
309
351
407
461
523
837
901
971
1047
1309
1380
1454
1526
1827
1897
1958
2019
2080
2246
2291
2328
2366
2398
2421
2449
2466
2498
2494
2498
2503
2523
2539
2539
2531
2519
2490
2499
2507
2515
2527
2540
2554
2557
2545
2537
2526
2508
2435
2432
2423
2417
2396
2393
2386
2371
2350
2281
2253
2231
2206
2186
2169
2147
2125
2050
2030
2011
1990
1929
1916
1902
1887
1875
1821
1800
1782
1769
1764
1752
1739
1731
1679
1669
1659
1660
1695
1700
1712
1723
1760
1769
1779
1801
1822
1909
1950
1989
2028
2069
2113
2152
2188
2384
2433
2486
2543
2754
2811
2862
2904
2940
3019
3032
3052
3075
3085
3096
3110
3121
3100
3081
3051
3020
2883
2855
2824
2786
2601
2540
2480
2416
2360
2166
2106
2046
1986
1935
1880
1827
1766
1519
1452
1390
1329
1151
1123
1101
1078
1065
1033
1030
1017
1013
1020
1034
1048
1064
1165
1200
1240
1280
1458
1503
1559
1610
1792
1840
1888
1931
1974
2113
2163
2217
2267
2320
2365
2408
2448
2569
2594
2609
2614
2646
2653
2657
2654
2644
2594
2565
2534
2504
2481
2447
2415
2390
2238
2201
2168
2129
1966
1926
1877
1832
1701
1674
1642
1621
1595
1511
1492
1472
1454
1439
1423
1410
1391
1387
1395
1410
1428
1490
1504
1524
1544
1569
1627
1644
1666
1686
1706
1735
1766
1792
1862
1892
1920
1953
2031
2054
2072
2084
2133
2143
2153
2158
2161
2184
2194
2197
2204
2212
2214
2218
2216
2233
2243
2256
2265
2290
2307
2320
2331
2343
2364
2375
2386
2401
2413
2424
2439
2447
2459
2451
2447
2443
2405
2397
2391
2377
2360
2349
2339
2334
2328
2290
2276
2272
2268
2262
2255
2245
2232
2175
2156
2141
2123
2050
2031
2013
2003
1981
1874
1844
1820
1796
1768
1745
1719
1693
1593
1572
1556
1535
1475
1471
1461
1459
1454
1458
1464
1468
1483
1515
1536
1562
1584
1604
1625
1653
1682
1812
1840
1873
1906
2018
2052
2080
2109
2136
2220
2248
2273
2300
2325
2345
2360
2385
2434
2444
2449
2459
2478
2481
2486
2488
2470
2459
2452
2449
2435
2385
2365
2339
2318
2296
2274
2250
2223
2132
2109
2089
2072
2000
1984
1962
1945
1929
1894
1881
1873
1870
1864
1852
1847
1843
1832
1831
1829
1832
1846
1841
1846
1848
1864
1867
1876
1882
1886
1912
1922
1930
1945
1953
1963
1969
1975
2005
2013
2014
2021
2032
2037
2047
2054
2061
2073
2074
2070
2072
2073
2072
2074
2073
2053
2049
2046
2045
2035
2034
2027
2023
2012
2007
2007
2005
2003
1999
1990
1993
1996
2001
2010
2022
2029
2050
2054
2058
2062
2097
2101
2106
2115
2114
2121
2117
2118
2118
2120
2112
2106
2103
2065
2051
2036
2025
1990
1981
1974
1969
1964
1935
1925
1915
1905
1901
1898
1889
1884
1858
1853
1859
1859
1854
1857
1860
1863
1870
1875
1876
1880
1889
1909
1913
1915
1927
1934
1939
1946
1953
1981
1990
2003
2015
2059
2070
2091
2105
2121
2145
2157
2173
2177
2181
2185
2195
2199
2210
2207
2213
2215
2216
2217
2216
2217
2199
2187
2183
2180
2170
2137
2127
2116
2110
2109
2103
2094
2083
2017
2003
1995
1981
1947
1939
1932
1928
1924
1907
1896
1891
1882
1881
1877
1875
1878
1892
1896
1896
1909
1944
1946
1954
1970
1996
2009
2016
2026
2037
2052
2057
2066
2078
2082
2086
2096
2110
2135
2145
2147
2147
2149
2154
2155
2156
2149
2124
2119
2116
2109
2101
2097
2086
2079
2049
2043
2038
2038
2022
2016
2006
2008
1988
1985
1981
1972
1964
1951
1949
1944
1939
1934
1925
1924
1926
1909
1910
1919
1918
1924
1928
1933
1933
1931
1953
1950
1955
1957
1960
1969
1972
1977
1986
1988
1993
1992
2009
2014
2014
2014
2027
2030
2036
2038
2042
2050
2049
2053
2055
2061
2055
2052
2050
2067
2065
2068
2071
2080
2079
2078
2083
2088
2100
2107
2105
2107
2113
2117
2123
2125
2120
2118
2118
2120
2134
2132
2132
2134
2134
2131
2129
2129
2133
2124
2110
2102
2105
2106
2105
2098
2094
2067
2062
2056
2057
2026
2015
2012
2000
1999
1972
1967
1956
1952
1949
1942
1945
1941
1922
1923
1925
1924
1902
1900
1904
1905
1915
1913
1908
1909
1914
1923
1922
1918
1921
1923
1929
1929
1932
1947
1956
1958
1960
1980
1985
1992
1993
1999
2004
2013
2015
2023
2028
2043
2089
2136
1720
1724
1756
1822
2069
2131
2164
2166
2202
2176
2125
2087
2063
2017
2041
2063
2091
2113
2133
2154
2167
2154
2140
2110
2087
2096
2097
2090
2079
2086
2156
2132
2099
2064
2025
1996
1996
2006
2022
2009
2004
2003
1963
1929
1899
1891
1920
1928
1931
1937
1946
1977
1977
1969
1958
1939
1933
1945
1970
2002
1968
1945
1930
2018
2048
2063
2064
2061
2105
2119
2118
2108
2099
2092
2090
2111
2187
2174
2152
2130
2125
2125
2121
2120
2158
2170
2178
2174
2165
2103
2097
2100
2102
2103
2104
2100
2095
2081
2088
2096
2097
2050
2040
2027
2015
2013
1988
1977
1975
1979
1974
1978
1984
1990
1982
1981
1971
1949
1909
1920
1937
1955
1930
1911
1902
1894
1894
1879
1876
1869
1875
1884
1900
1912
1930
1948
1959
1969
1974
1967
1962
1951
1938
1936
1932
1937
1942
1950
1952
1956
1963
1967
1940
1928
1928
1914
1878
1876
1872
1862
1880
1887
1888
1886
1889
1874
1863
1855
1845
1845
1847
1862
1875
1904
1888
1866
1844
1770
1748
1725
1701
1689
1692
1697
1707
1721
1727
1734
1748
1760
1819
1827
1839
1855
1919
1925
1934
1942
1988
2008
2041
2081
2118
2231
2278
2328
2386
2448
2509
2560
2614
2804
2846
2898
2942
3116
3168
3219
3271
3325
3427
3451
3473
3490
3511
3530
3546
3565
3628
3627
3621
3614
3540
3527
3520
3438
2906
2786
2696
2644
2594
2413
2355
2260
2157
2079
2011
1924
1834
1575
1509
1467
1406
1134
1065
1007
954
778
731
680
634
600
548
517
495
474
459
467
480
480
507
521
548
580
677
713
746
774
802
900
941
987
1027
1078
1140
1195
1236
1357
1390
1421
1446
1528
1558
1594
1635
1674
1742
1748
1740
1739
1744
1752
1764
1781
1844
1853
1862
1869
1904
1916
1933
1960
2114
2147
2169
2189
2205
2233
2252
2272
2293
2309
2330
2357
2379
2414
2422
2434
2447
2545
2582
2617
2650
2730
2744
2761
2774
2786
2798
2804
2803
2805
2787
2762
2739
2723
2653
2641
2626
2617
2534
2510
2485
2458
2430
2344
2315
2299
2277
2253
2230
2216
2199
2091
2071
2053
2040
2015
2018
2019
2025
2053
2067
2085
2106
2126
2188
2199
2210
2221
2238
2250
2261
2278
2375
2397
2421
2449
2503
2516
2523
2534
2552
2591
2601
2609
2612
2611
2611
2605
2596
2566
2558
2545
2537
2459
2446
2428
2406
2379
2292
2257
2219
2179
2136
2100
2067
2033
1907
1871
1843
1811
1695
1663
1635
1620
1543
1532
1522
1506
1494
1466
1457
1452
1457
1451
1447
1449
1445
1437
1438
1443
1445
1457
1463
1468
1477
1489
1523
1535
1544
1559
1566
1577
1594
1626
1678
1690
1706
1710
1714
1713
1713
1712
1719
1729
1734
1748
1759
1772
1788
1796
1803
1807
1808
1818
1821
1822
1826
1834
1843
1853
1865
1865
1868
1877
1883
1892
1895
1911
1950
1964
1973
1980
1994
2034
2045
2058
2071
2081
2094
2106
2126
2168
2187
2197
2210
2237
2239
2241
2245
2253
2247
2238
2237
2234
2231
2223
2218
2213
2176
2167
2155
2137
2083
2067
2045
2035
2027
1987
1977
1956
1933
1918
1911
1899
1891
1880
1878
1876
1876
1898
1908
1917
1929
1974
1993
2009
2018
2036
2108
2130
2151
2165
2180
2206
2226
2247
2330
2352
2373
2396
2467
2477
2487
2491
2509
2511
2511
2508
2505
2483
2476
2471
2464
2452
2444
2428
2419
2350
2332
2312
2296
2218
2197
2176
2153
2133
2059
2032
2007
1982
1949
1922
1900
1873
1756
1733
1717
1698
1635
1623
1611
1604
1594
1565
1557
1555
1559
1563
1570
1582
1591
1619
1631
1651
1673
1696
1721
1742
1768
1792
1862
1882
1906
1932
1955
1977
2004
2028
2050
2123
2142
2154
2175
2191
2211
2231
2242
2281
2296
2308
2313
2326
2325
2325
2315
2313
2319
2318
2313
2312
2307
2299
2292
2282
2248
2241
2229
2218
2165
2154
2141
2128
2114
2069
2062
2054
2041
2028
2017
2005
1993
1955
1943
1932
1925
1917
1906
1896
1892
1887
1868
1858
1852
1848
1846
1843
1836
1835
1816
1810
1805
1800
1804
1802
1801
1799
1801
1804
1807
1807
1805
1821
1825
1827
1824
1831
1839
1844
1846
1848
1853
1854
1855
1867
1871
1880
1880
1879
1914
1926
1933
1941
1960
1967
1969
1982
2037
2048
2059
2069
2079
2099
2112
2128
2143
2157
2168
2175
2188
2212
2214
2223
2227
2245
2246
2246
2245
2248
2237
2229
2222
2214
2200
2190
2181
2177
2124
2110
2091
2076
2034
2022
2008
1990
1977
1946
1935
1922
1916
1902
1892
1885
1881
1859
1862
1862
1865
1870
1876
1874
1874
1900
1907
1914
1913
1920
1955
1966
1972
1984
1987
1990
1988
1997
2037
2042
2057
2073
2103
2115
2126
2141
2177
2189
2207
2217
2225
2237
2249
2258
2268
2270
2275
2276
2280
2286
2282
2279
2276
2274
2253
2243
2233
2223
2211
2199
2188
2173
2135
2124
2113
2100
2089
2083
2073
2062
2044
2012
2007
1994
1977
1968
1960
1955
1948
1924
1916
1909
1909
1906
1889
1893
1888
1887
1884
1888
1897
1903
1904
1906
1905
1906
1918
1921
1927
1928
1928
1934
1934
1928
1930
1936
1943
1945
1940
1947
1952
1953
1955
1961
1961
1961
1960
1964
1968
1971
1980
1986
1991
1987
1992
1990
1989
2000
1997
1993
1993
2003
2002
2001
2007
2019
2024
2023
2022
2024
2023
2018
2019
2019
2020
2018
2020
2022
2019
2019
2015
2018
2019
2013
2015
2013
2017
2022
2017
2021
2021
2017
2024
2020
2020
2020
2031
2030
2028
2032
2031
2031
2038
2041
2034
2038
2038
2037
2038
2038
2038
2034
2034
2036
2033
2034
2031
2038
2036
2031
2031
2025
2022
2021
2021
2025
2035
2038
2042
2042
2041
2040
2038
2039
2043
2041
2043
2047
2049
2056
2056
2051
2054
2061
2059
2064
2069
2074
2077
2077
2074
2084
2086
2088
2095
2099
2094
2096
2102
2103
2099
2100
2097
2095
2085
2085
2087
2089
2083
2074
2076
2073
2062
2057
2056
2058
2049
2044
2041
2034
2033
2026
2019
2015
2012
2006
2002
2002
1997
1985
1988
1985
1989
1960
1955
1945
1943
1951
1946
1950
1944
1942
1934
1929
1928
1935
1938
1940
1938
1940
1951
1954
1952
1956
1964
1970
1978
1990
2004
1998
1962
1928
1908
1902
1893
1893
1905
2032
2070
2099
2103
2100
2108
2131
2152
2149
2148
2141
2134
2125
2104
2103
2106
2102
2109
2109
2112
2112
2098
2094
2091
2087
2080
2068
2061
2058
2058
2064
2061
2058
2050
2049
2048
2047
2045
2021
2015
2020
2017
2017
2013
2010
2006
1974
1973
1971
1965
1968
1983
1989
1994
1990
1987
1984
1980
1982
1967
1981
1991
2001
2034
2039
2048
2051
2053
2063
2070
2073
2078
2079
2075
2070
2065
2054
2045
2039
2036
2036
2040
2046
2053
2051
2032
2024
2023
2024
2024
2021
2020
2025
2030
2034
2033
2040
2043
2046
2050
2050
2053
2055
2047
2047
2041
2028
2014
2003
1994
1983
1979
1973
1968
1969
1964
1960
1956
1957
1962
1961
1960
1960
1971
1981
1984
1985
1957
1955
1962
1962
1956
1968
1964
1966
1963
1965
1964
1963
1963
1955
1949
1955
1950
1950
1948
1945
1944
1949
1951
1962
1972
1978
1983
1994
2001
2007
2001
2004
2006
2008
2022
2018
2015
2013
2010
2019
2023
2030
2035
2038
2035
2027
2028
2030
2032
2024
2017
2053
2053
2048
2034
1943
1922
1907
1877
1850
1810
1793
1774
1766
1763
1754
1731
1705
1652
1630
1617
1608
1535
1529
1509
1488
1473
1483
1498
1514
1526
1573
1585
1601
1629
1654
1670
1696
1735
1893
1945
1999
2047
2287
2342
2406
2467
2719
2788
2856
2921
2975
3165
3222
3284
3351
3404
3454
3508
3564
3747
3782
3807
3835
3895
3898
3894
3892
3879
3798
3759
3712
3673
3632
3586
3530
3473
3186
3111
3030
2952
2577
2480
2384
2287
1876
1774
1676
1578
1478
1190
1088
1001
915
823
736
661
585
331
278
234
198
148
147
148
139
127
132
128
128
133
137
140
143
158
223
273
324
360
652
709
791
873
1180
1256
1326
1413
1512
1743
1831
1906
1976
2047
2126
2199
2260
2477
2525
2564
2610
2772
2804
2837
2864
2887
2915
2925
2926
2930
2929
2926
2924
2916
2867
2849
2822
2794
2661
2619
2577
2537
2382
2343
2310
2268
2227
2100
2057
2021
1991
1954
1911
1880
1842
1689
1668
1645
1622
1591
1588
1582
1575
1570
1543
1536
1535
1542
1546
1552
1556
1565
1622
1638
1661
1676
1772
1806
1836
1864
1984
2014
2052
2088
2130
2250
2296
2349
2403
2439
2480
2529
2570
2726
2762
2800
2838
2949
2978
3002
3016
3030
3075
3084
3087
3093
3094
3091
3087
3076
3021
3001
2986
2965
2945
2924
2902
2878
2852
2744
2699
2662
2610
2572
2526
2487
2445
2394
2241
2192
2139
2088
2037
1986
1935
1889
1705
1659
1614
1580
1398
1353
1319
1282
1170
1156
1141
1131
1120
1087
1083
1090
1100
1113
1125
1140
1165
1254
1278
1301
1319
1449
1494
1536
1578
1621
1738
1778
1821
1862
1903
1948
1992
2036
2204
2239
2280
2314
2410
2428
2442
2466
2532
2535
2536
2534
2530
2522
2510
2500
2497
2478
2457
2437
2415
2286
2258
2226
2192
2064
2029
2003
1977
1844
1818
1788
1758
1733
1653
1634
1612
1592
1573
1556
1541
1527
1504
1501
1498
1497
1518
1526
1539
1555
1573
1618
1635
1645
1668
1694
1715
1734
1754
1848
1866
1887
1909
1996
2022
2042
2062
2148
2172
2197
2219
2244
2291
2304
2315
2326
2341
2353
2363
2371
2402
2401
2406
2408
2403
2404
2397
2401
2397
2388
2382
2376
2372
2360
2346
2340
2331
2298
2289
2280
2271
2253
2233
2221
2213
2202
2165
2154
2146
2134
2127
2127
2115
2102
2094
2068
2053
2031
2022
2014
2007
1997
1986
1944
1932
1923
1916
1865
1861
1852
1852
1810
1805
1801
1792
1782
1758
1752
1752
1748
1739
1736
1742
1746
1737
1731
1727
1731
1755
1755
1761
1763
1775
1797
1813
1822
1833
1842
1859
1877
1890
1934
1951
1973
1998
2061
2079
2096
2110
2175
2193
2214
2229
2239
2285
2305
2322
2331
2334
2341
2351
2360
2361
2365
2371
2373
2382
2376
2370
2369
2361
2337
2331
2321
2316
2305
2291
2280
2269
2230
2211
2196
2184
2166
2143
2122
2108
2099
2058
2037
2012
1992
1987
1977
1967
1958
1944
1894
1887
1880
1872
1866
1845
1835
1830
1812
1805
1802
1802
1798
1785
1782
1790
1832
1840
1856
1867
1873
1891
1907
1916
1924
1932
1940
1947
1957
1995
1994
2008
2022
2032
2038
2039
2046
2054
2057
2058
2063
2061
2057
2052
2059
2069
2059
2058
2056
2053
2051
2047
2047
2046
2036
2029
2021
2026
2037
2029
2028
2027
2030
2039
2037
2033
2028
2012
2013
2020
2021
2001
2001
2000
2001
1996
1989
1984
1985
1983
1980
1981
1980
1983
1986
1987
1991
1995
2001
2002
1999
2005
1986
1988
1984
1982
1985
1969
1967
1965
1964
1960
1957
1954
1956
1956
1959
1965
1965
1959
1962
1973
1978
1992
1998
2005
2011
2020
2026
2035
2042
2042
2045
2046
2052
2057
2090
2101
2115
2120
2149
2153
2155
2161
2176
2183
2189
2193
2189
2191
2186
2182
2186
2185
2179
2182
2184
2154
2152
2150
2148
2143
2138
2130
2116
2110
2091
2079
2067
2061
2060
2053
2042
2032
1992
1983
1969
1960
1918
1914
1905
1897
1894
1879
1875
1867
1862
1855
1854
1851
1849
1852
1855
1859
1864
1874
1878
1890
1894
1918
1922
1930
1939
1949
1964
1981
1985
1996
2009
2020
2033
2045
2065
2082
2094
2096
2096
2101
2105
2101
2097
2085
2080
2089
2088
2079
2073
2070
2066
2062
2058
2061
2055
2034
2037
2036
2041
2023
2023
2025
2027
2030
2027
2022
2022
2022
2016
2010
2004
2003
1998
2000
2000
2004
2000
2001
2001
2001
1996
1996
2000
2003
2004
2000
1997
1995
1996
2000
2001
2001
2007
2001
2000
2008
2019
2042
2042
2051
2056
2058
2071
2073
2083
2085
2095
2097
2102
2109
2116
2114
2113
2112
2100
2106
2112
2116
2116
2106
2108
2107
2103
2098
2104
2102
2101
2098
2097
2095
2091
2090
2088
2083
2077
2075
2055
2052
2054
2055
2047
2039
2037
2037
2034
2041
2042
2041
2037
2036
2035
2030
2023
2010
2010
2008
2014
1997
1985
1982
1969
1941
1930
1926
1927
1927
1897
1893
1878
1871
1878
1879
1876
1876
1879
1881
1891
1895
1924
1925
1924
1927
1934
1941
1955
1963
1969
1981
1996
2010
2016
2044
2051
2053
2066
2077
2087
2097
2101
2116
2106
2101
2101
2105
2116
2123
2113
2102
2103
2107
2100
2098
2088
2091
2099
2097
2089
2077
2066
2062
2069
2068
2061
2054
2059
2044
2029
1997
1938
1861
1778
1709
1663
1653
1814
1904
1976
2041
2086
2120
2147
2158
2118
2093
2077
2074
2083
2166
2179
2166
2134
2097
2062
2036
2032
2084
2102
2108
2112
2076
2050
2030
2016
2003
2023
2048
2069
2081
2100
2101
2105
2105
2053
2056
2058
2073
2132
2123
2103
2074
1994
1986
1997
2009
2020
2065
2070
2076
2086
2084
2082
2075
2073
2024
2010
1994
1987
1918
1910
1912
1916
2000
2031
2056
2067
2071
1997
1957
1928
1903
1878
1858
1864
1877
1887
1886
1876
1870
1888
1912
1947
1973
1996
2024
2018
2009
2004
1992
1986
1987
2000
2064
2060
2046
2040
2027
2030
2033
2032
2012
1998
1986
1965
1948
1888
1884
1887
1904
1915
1920
1925
1932
1921
1925
1930
1934
1979
1993
2010
2018
2021
2006
1999
1994
2004
2019
2036
2049
2064
2076
2069
2057
2045
2036
2030
2027
2022
1992
1979
1967
1954
1933
1892
1879
1868
1868
1877
1873
1868
1861
1781
1757
1732
1710
1629
1613
1602
1587
1575
1578
1595
1619
1649
1685
1714
1747
1784
1881
1901
1913
1926
2000
2025
2058
2088
2113
2180
2207
2235
2272
2313
2359
2411
2465
2664
2705
2747
2787
2938
2975
3017
3061
3236
3273
3310
3353
3394
3483
3510
3526
3541
3556
3564
3566
3565
3536
3527
3524
3520
3426
3371
3311
3246
2968
2904
2834
2764
2683
2424
2333
2244
2150
2054
1962
1866
1775
1476
1416
1352
1278
959
879
804
735
672
477
420
366
317
273
230
193
173
157
157
160
166
198
210
227
242
254
327
363
409
461
504
544
591
638
816
874
935
990
1236
1292
1350
1398
1617
1670
1729
1783
1839
1967
2000
2032
2068
2106
2136
2163
2187
2310
2342
2373
2400
2453
2450
2452
2450
2451
2432
2425
2422
2419
2408
2396
2392
2379
2315
2301
2289
2273
2209
2192
2169
2144
2067
2060
2053
2050
2047
2045
2050
2062
2078
2099
2114
2129
2150
2226
2246
2269
2291
2401
2424
2451
2485
2521
2629
2660
2686
2701
2725
2747
2765
2781
2840
2860
2880
2900
2946
2951
2958
2967
2963
2947
2933
2924
2915
2876
2872
2864
2856
2851
2836
2825
2814
2759
2754
2749
2744
2692
2676
2651
2628
2601
2522
2502
2480
2464
2445
2422
2395
2371
2277
2250
2228
2210
2122
2098
2070
2049
1974
1949
1923
1898
1876
1813
1795
1774
1754
1737
1724
1706
1682
1587
1563
1539
1515
1466
1466
1470
1478
1474
1487
1494
1499
1505
1512
1518
1522
1523
1523
1522
1527
1523
1482
1468
1464
1464
1454
1455
1457
1458
1466
1489
1496
1504
1514
1519
1530
1538
1552
1592
1597
1607
1622
1666
1676
1689
1698
1710
1715
1719
1729
1737
1753
1758
1765
1775
1773
1776
1781
1787
1804
1819
1828
1832
1883
1903
1916
1934
1947
1994
2009
2023
2035
2043
2050
2065
2081
2089
2084
2082
2084
2085
2092
2103
2120
2133
2162
2167
2176
2185
2190
2191
2196
2201
2209
2209
2205
2202
2182
2182
2186
2185
2176
2180
2176
2178
2181
2189
2187
2186
2188
2186
2184
2185
2183
2175
2173
2172
2162
2154
2150
2150
2148
2145
2122
2119
2113
2117
2115
2110
2109
2105
2096
2100
2101
2107
2119
2121
2121
2124
2123
2123
2122
2131
2138
2127
2124
2118
2109
2107
2106
2101
2093
2075
2073
2070
2065
2060
2061
2061
2059
2060
2052
2054
2044
2032
2024
2017
2019
2016
1984
1971
1962
1954
1922
1918
1911
1908
1900
1897
1903
1914
1918
1937
1943
1952
1961
1968
1976
1987
2000
2051
2061
2076
2098
2150
2162
2187
2203
2216
2253
2266
2279
2285
2298
2310
2325
2334
2357
2359
2363
2364
2362
2367
2367
2359
2334
2325
2317
2316
2304
2273
2259
2246
2233
2217
2208
2193
2179
2118
2109
2098
2084
2013
1998
1990
1976
1964
1912
1891
1872
1858
1842
1829
1819
1809
1754
1743
1726
1715
1684
1677
1673
1668
1671
1672
1673
1675
1681
1683
1684
1691
1699
1704
1711
1714
1718
1749
1748
1745
1752
1796
1812
1830
1845
1860
1884
1892
1898
1918
1933
1947
1961
1973
1999
2010
2019
2028
2067
2069
2076
2086
2088
2080
2070
2066
2061
2058
2051
2046
2042
2037
2039
2037
2036
2032
2025
2020
2022
2038
2038
2038
2036
2040
2049
2053
2051
2055
2054
2061
2071
2076
2073
2078
2082
2085
2089
2091
2094
2099
2100
2099
2095
2098
2095
2089
2096
2100
2096
2085
2082
2082
2077
2074
2071
2074
2078
2077
2078
2081
2081
2078
2073
2076
2076
2076
2077
2075
2076
2077
2071
2072
2069
2071
2067
2069
2072
2068
2069
2069
2070
2067
2064
2065
2063
2065
2070
2069
2070
2067
2071
2066
2064
2059
2057
2063
2067
2064
2062
2066
2066
2060
2066
2066
2069
2066
2059
2069
2070
2068
2067
2073
2076
2076
2074
2073
2068
2068
2065
2054
2045
2047
2047
2044
2040
2038
2037
2034
2026
2020
1998
2002
2000
1996
1985
1984
1977
1967
1964
1964
1962
1964
1968
1968
1968
1973
1977
1975
1978
1987
1990
1986
1989
1992
1993
2007
2005
2008
2009
2020
2026
2018
2016
2021
2026
2030
2036
2037
2035
2032
2027
2028
2027
2032
2040
2047
2040
2040
2042
2041
2037
2028
2022
2024
2024
2012
2009
2002
2001
1993
1993
1993
1997
1986
1985
1981
1983
1982
1970
1971
1982
1985
1988
1985
1986
1988
1987
1981
1975
1973
1968
1967
1965
1961
1960
1963
1968
1966
1966
1967
1972
1971
1971
1974
1973
1971
1977
1979
1981
1984
1977
1976
1978
1977
1985
1990
1995
2003
2011
2014
2019
2024
2045
2051
2061
2064
2069
2078
2084
2084
2089
2095
2097
2099
2106
2110
2106
2104
2101
2088
2088
2088
2088
2078
2075
2077
2079
2083
2088
2082
2077
2075
2071
2065
2063
2064
2043
2042
2051
2053
2052
2048
2046
2045
2041
2023
2024
2023
2024
2021
2024
2025
2031
2010
2012
2007
2004
2011
2012
2009
2003
1998
1997
1995
1997
1996
1998
2001
2002
2006
2007
2009
2011
2005
2012
2017
2022
2028
2028
2037
2043
2044
2047
2041
2045
2053
2056
2058
2063
2071
2069
2056
2054
2053
2056
2058
2056
2053
2052
2053
2039
2034
2028
2026
2027
2020
2019
2015
1996
1997
1989
1986
1961
1959
1961
1958
1965
1966
1960
1953
1951
1953
1952
1958
1962
1960
1962
1965
1959
1958
1961
1955
1958
1963
1965
1968
1971
1984
2018
2023
2029
2030
2038
2052
2059
2067
2082
2090
2100
2103
2092
2088
2087
2084
2083
2060
2058
2060
2061
2054
2037
2017
1998
1954
1945
1942
1942
1949
1962
1979
1997
2011
2042
2052
2058
2061
2071
2080
2091
2112
2123
2161
2167
2170
2173
2183
2187
2197
2202
2165
2156
2147
2142
2117
2117
2119
2115
2103
2068
2058
2049
2040
2032
2022
2022
2025
2013
1998
1985
1976
1949
1945
1947
1952
1981
1978
1978
1979
1976
1953
1955
1959
1966
1966
1970
1972
1978
1963
1966
1970
1976
1981
1975
1974
1971
1938
1933
1932
1928
1914
1901
1899
1893
1885
1879
1876
1870
1872
1917
1942
1960
1973
2005
2014
2025
2032
2038
2067
2079
2088
2094
2099
2102
2097
2088
2067
2069
2071
2072
2102
2103
2096
2096
2098
2077
2070
2069
2070
2080
2083
2075
2070
2043
2041
2042
2039
2013
2013
2009
2005
2008
2005
2012
2027
2033
2046
2050
2053
2045
2036
2028
2034
2041
2064
2070
2076
2081
2079
2077
2074
2069
2073
2068
2068
2070
2073
2073
2069
2059
2050
2026
2028
2035
2036
2038
2033
2027
2024
2008
2010
2016
2019
2026
2022
2020
2025
2028
2029
2028
2031
2033
2024
2017
2010
1996
1942
1925
1911
1898
1890
1845
1832
1832
1824
1812
1804
1793
1781
1749
1744
1742
1749
1768
1771
1767
1765
1761
1761
1769
1775
1789
1823
1829
1840
1857
1880
1906
1930
1958
2075
2109
2145
2182
2320
2353
2382
2413
2445
2531
2565
2599
2631
2661
2690
2718
2743
2827
2845
2858
2879
2933
2945
2947
2946
2948
2928
2918
2908
2895
2876
2849
2822
2791
2657
2619
2578
2543
2357
2304
2244
2178
1885
1809
1741
1684
1628
1470
1424
1381
1342
1301
1268
1239
1216
1120
1108
1102
1094
1077
1078
1079
1085
1091
1113
1123
1135
1154
1174
1190
1206
1227
1306
1336
1360
1390
1531
1569
1608
1646
1811
1842
1880
1924
1957
2067
2105
2146
2186
2234
2272
2306
2338
2422
2433
2443
2451
2478
2473
2462
2445
2436
2379
2352
2326
2294
2267
2239
2213
2175
2013
1969
1925
1885
1716
1672
1634
1598
1431
1390
1355
1322
1301
1264
1259
1257
1252
1257
1264
1263
1275
1359
1386
1417
1448
1573
1608
1635
1662
1692
1798
1839
1882
1924
1971
2017
2071
2118
2313
2363
2415
2465
2663
2707
2751
2787
2928
2965
2991
3017
3043
3078
3091
3103
3113
3128
3129
3126
3118
3107
3103
3097
3090
3028
3014
2997
2979
2957
2883
2858
2828
2800
2763
2723
2678
2631
2473
2436
2391
2344
2141
2098
2063
2024
1887
1862
1833
1809
1774
1729
1715
1700
1687
1673
1655
1643
1630
1579
1561
1540
1521
1451
1444
1441
1436
1448
1459
1478
1502
1527
1552
1576
1603
1629
1735
1756
1783
1805
1845
1846
1851
1850
1835
1834
1839
1844
1851
1867
1869
1869
1872
1878
1895
1909
1921
1952
1960
1965
1973
1983
1982
1974
1972
1968
1943
1939
1934
1932
1931
1929
1929
1930
1909
1905
1906
1905
1905
1900
1894
1890
1882
1883
1878
1876
1875
1839
1827
1824
1821
1812
1807
1799
1795
1768
1766
1775
1783
1802
1810
1824
1845
1876
1890
1906
1924
1939
1987
2002
2020
2033
2041
2055
2069
2080
2120
2129
2134
2148
2189
2202
2220
2238
2251
2291
2307
2314
2321
2332
2339
2348
2366
2386
2388
2385
2383
2354
2348
2342
2342
2341
2318
2302
2297
2292
2282
2270
2262
2253
2233
2223
2206
2195
2185
2172
2154
2140
2127
2070
2051
2032
2019
2008
1996
1975
1962
1950
1923
1918
1910
1905
1904
1897
1895
1886
1860
1847
1837
1832
1808
1801
1800
1794
1795
1798
1800
1809
1811
1832
1837
1850
1865
1871
1874
1877
1886
1918
1921
1929
1940
1976
1985
1994
1992
2000
2002
2003
2005
2011
2013
2018
2023
2029
2045
2049
2048
2048
2073
2085
2087
2098
2107
2137
2142
2149
2151
2163
2178
2192
2201
2201
2193
2197
2193
2202
2202
2202
2200
2191
2192
2195
2192
2192
2186
2184
2182
2182
2180
2175
2167
2161
2145
2138
2132
2124
2104
2100
2092
2084
2079
2049
2040
2035
2029
2022
2016
2005
2003
1976
1965
1955
1946
1937
1933
1936
1932
1929
1932
1931
1926
1921
1905
1904
1898
1898
1902
1901
1906
1908
1905
1910
1911
1911
1933
1935
1938
1945
1952
1957
1968
1978
1985
1995
2000
2004
2015
2023
2021
2025
2028
2027
2024
2019
2018
2008
2003
2001
2008
2011
2006
2000
1989
1985
1986
1985
1981
1973
1940
1932
1926
1920
1884
1886
1885
1878
1880
1873
1871
1872
1875
1878
1887
1895
1900
1923
1931
1941
1953
1999
2008
2019
2030
2035
2045
2050
2050
2053
2061
2064
2073
2076
2086
2091
2089
2092
2116
2115
2113
2111
2110
2111
2121
2126
2121
2121
2128
2127
2128
2126
2129
2130
2132
2126
2122
2126
2126
2141
2136
2133
2136
2143
2140
2139
2141
2141
2147
2143
2144
2146
2108
2099
2094
2091
2067
2061
2052
2047
2027
2024
2022
2025
2024
2018
2020
2023
2022
2015
2012
2012
2013
1994
1997
2004
2000
1992
1988
1992
1994
1992
1979
1978
1974
1976
1981
1983
1984
1979
1976
1981
1985
1988
1993
1994
1993
1990
1992
1998
1998
1999
2002
2004
2006
2011
2011
2019
2020
2024
2024
2029
2029
2036
2042
2056
2063
2065
2062
2065
2072
2067
2065
2064
2067
2067
2071
2069
2063
2065
2067
2065
2057
2057
2054
2052
2052
2046
2040
2037
2034
2030
2027
2022
2022
2006
2001
1996
1993
1985
1985
1981
1980
1961
1955
1957
1961
1958
1954
1958
1960
1959
1957
1956
1961
1963
1971
1966
1964
1967
1976
1977
1976
1975
1970
1966
1973
1972
1977
1982
1986
1987
1992
1991
1995
2000
2004
2012
2012
2013
2016
2021
2026
2024
2021
2025
2031
2031
2034
2034
2029
2030
2032
2034
2043
2041
2042
2043
2039
2037
2039
2031
2032
2045
2055
2061
2066
2067
2063
2065
2068
2059
2063
2066
2065
2061
2060
2058
2060
2060
2059
2057
2058
2054
2051
2052
2055
2052
2045
2042
2038
2038
2032
2030
2031
2026
2025
2029
2034
2036
2035
2031
2030
2028
2034
2037
2034
2032
2031
2032
2029
2032
2027
2032
2033
2028
2026
2031
2036
2035
2036
2038
2055
2058
2054
2056
2066
2064
2069
2070
2073
2074
2070
2065
2063
2066
2063
2061
2065
2049
2045
2045
2048
2053
2048
2047
2047
2043
2038
2036
2033
2026
1996
1998
1997
1995
1977
1972
1967
1967
1969
1956
1953
1946
1944
1938
1941
1939
1939
1938
1935
1934
1933
1937
1936
1937
1937
1946
1948
1952
1961
1963
1988
1989
1994
1997
2004
2008
2013
2016
2029
2034
2042
2051
2076
2078
2084
2089
2093
2099
2099
2102
2101
2105
2105
2100
2100
2088
2088
2084
2081
2082
2079
2075
2078
2084
2076
2078
2078
2076
2073
2067
2072
2074
2059
2063
2065
2067
2052
2049
2046
2051
2047
2040
2038
2034
2028
2026
2022
2019
2014
2005
1997
1993
2000
1997
1995
1999
2015
2029
2020
2003
1982
1964
1942
1932
1927
1928
1928
1931
1933
1932
1932
1943
1949
1956
1966
2008
2028
2044
2058
2131
2137
2137
2131
2120
2097
2100
2104
2108
2116
2116
2124
2123
2077
2063
2045
2039
2055
2066
2060
2048
1980
1972
1971
1971
1979
1993
1982
1976
1966
1957
1944
1926
1918
1913
1921
1924
1932
1948
1950
1951
1960
1973
2007
2017
2030
2032
2034
2034
2029
2024
1958
1941
1938
1938
1945
1951
1953
1954
1946
1954
1963
1979
1993
2019
2027
2033
2034
2040
2054
2062
2065
2085
2090
2100
2104
2113
2116
2117
2114
2107
2083
2082
2092
2102
2109
2121
2127
2138
2135
2138
2144
2146
2133
2127
2114
2102
2045
2041
2034
2032
2024
1997
1990
1986
1975
1965
1956
1948
1951
1967
1967
1969
1977
1982
1985
1988
1995
1999
2016
2009
2002
1999
2005
2002
2003
2003
2010
2021
2035
2041
2066
2060
2060
2057
2052
2054
2061
2061
2065
2068
2071
2074
2068
2048
2044
2046
2038
2020
2007
2007
2009
2009
2019
2021
2027
2038
2043
2045
2044
2047
2029
2023
2013
2008
2012
2001
2001
2001
2002
1975
1960
1947
1931
1920
1907
1896
1885
1878
1865
1865
1868
1871
1868
1869
1870
1872
1878
1879
1884
1889
1907
1911
1915
1919
1942
1946
1951
1958
1965
1973
1972
1971
1968
1960
1964
1963
1967
1984
1995
2005
2020
2077
2095
2111
2130
2147
2193
2204
2225
2240
2251
2262
2272
2291
2337
2358
2379
2396
2398
2401
2399
2408
2415
2420
2421
2417
2414
2409
2400
2387
2373
2328
2320
2313
2308
2279
2269
2256
2239
2178
2170
2160
2147
2127
2089
2070
2049
2038
2020
2000
1975
1956
1871
1850
1831
1815
1771
1758
1755
1749
1735
1700
1689
1682
1676
1672
1664
1664
1665
1669
1674
1679
1690
1701
1702
1703
1701
1695
1688
1680
1675
1674
1673
1676
1688
1697
1706
1721
1740
1758
1848
1877
1904
1938
2027
2042
2058
2074
2090
2132
2137
2139
2137
2131
2119
2115
2107
2066
2061
2056
2050
1987
1974
1965
1949
1922
1908
1901
1895
1887
1860
1852
1849
1841
1840
1835
1836
1834
1841
1843
1852
1864
1908
1924
1939
1953
1970
2006
2013
2020
2032
2042
2051
2056
2063
2081
2096
2107
2117
2164
2186
2204
2214
2295
2317
2333
2352
2364
2422
2442
2460
2482
2497
2516
2532
2543
2572
2578
2589
2595
2587
2577
2571
2554
2536
2493
2468
2447
2433
2414
2398
2383
2367
2300
2286
2273
2259
2204
2188
2172
2153
2136
2077
2051
2031
2011
1986
1960
1937
1912
1846
1827
1803
1787
1727
1717
1718
1719
1729
1728
1728
1730
1731
1721
1720
1726
1728
1731
1734
1739
1748
1780
1787
1792
1793
1807
1806
1800
1798
1798
1793
1790
1787
1775
1767
1763
1760
1762
1761
1755
1760
1762
1792
1800
1811
1826
1891
1912
1935
1950
1972
2018
2032
2046
2066
2084
2095
2113
2126
2155
2159
2159
2163
2161
2161
2161
2163
2158
2137
2135
2129
2131
2130
2132
2137
2142
2150
2159
2165
2168
2162
2162
2158
2155
2135
2135
2132
2129
2116
2073
2057
2041
2025
2007
2000
1990
1988
1973
1971
1967
1964
1975
1969
1958
1958
1953
1939
1935
1934
1943
1946
1943
1946
1960
1998
2012
2031
2055
2126
2147
2164
2181
2221
2233
2248
2258
2266
2276
2272
2272
2269
2274
2275
2269
2269
2230
2217
2204
2185
2147
2129
2116
2097
2085
2029
2005
1975
1948
1924