1703
1710
1736
1736
1741
1750
1789
1799
1802
1805
1808
1813
1831
1842
1863
1882
2024
2075
2124
2185
2248
2429
2488
2546
2618
2689
2768
2855
2941
3247
3321
3385
3449
3678
3718
3749
3765
3703
3646
3574
3492
3399
3069
2960
2848
2718
2573
2418
2265
2106
1412
1236
1071
915
380
271
173
135
126
113
110
112
113
117
121
124
133
233
302
390
488
990
1125
1261
1399
1536
1926
2054
2173
2281
2385
2476
2571
2659
2962
3014
3059
3091
3087
3064
3046
3020
2996
2904
2864
2829
2781
2722
2664
2613
2566
2370
2330
2296
2265
2154
2148
2153
2154
2184
2171
2153
2135
2122
2092
2100
2116
2128
2139
2151
2172
2189
2148
2126
2106
2078
1933
1905
1879
1849
1816
1690
1656
1626
1610
1596
1588
1585
1589
1594
1590
1593
1600
1640
1667
1693
1723
1755
1866
1905
1946
1973
2001
2018
2025
2023
1986
1961
1937
1907
1804
1773
1749
1720
1669
1659
1654
1654
1645
1619
1609
1602
1605
1607
1621
1650
1693
1957
2029
2098
2165
2424
2485
2550
2627
2701
2920
2987
3047
3093
3125
3153
3163
3166
3136
3125
3106
3094
2935
2862
2772
2671
2559
2168
2037
1916
1791
1676
1572
1470
1374
1045
985
935
899
907
933
958
995
1159
1212
1268
1331
1388
1577
1637
1694
1738
1773
1803
1825
1851
1896
1908
1918
1923
1908
1912
1915
1928
1952
2061
2110
2161
2217
2274
2330
2383
2428
2584
2618
2653
2689
2804
2826
2845
2858
2870
2892
2896
2890
2891
2882
2873
2854
2832
2670
2619
2567
2508
2295
2246
2194
2149
1910
1852
1791
1733
1678
1518
1471
1425
1382
1346
1313
1285
1268
1221
1237
1258
1272
1370
1405
1431
1459
1488
1603
1645
1687
1734
1777
1826
1874
1921
2110
2150
2185
2222
2334
2350
2363
2371
2373
2361
2352
2335
2320
2307
2289
2270
2255
2191
2174
2162
2145
2089
2076
2066
2055
2040
2011
2003
1998
1993
1986
1985
1986
1993
2024
2043
2060
2078
2134
2142
2154
2164
2183
2184
2185
2182
2185
2171
2157
2144
2128
2113
2092
2071
2049
1932
1911
1892
1873
1819
1817
1813
1814
1824
1858
1876
1900
1920
1938
1958
1978
1986
2030
2039
2049
2066
2095
2103
2097
2084
2012
1986
1957
1930
1901
1811
1773
1739
1707
1681
1660
1643
1631
1611
1612
1623
1633
1693
1707
1734
1765
1796
1892
1926
1971
2011
2057
2102
2146
2188
2337
2369
2398
2424
2490
2492
2501
2509
2507
2477
2463
2447
2427
2404
2378
2364
2344
2235
2214
2189
2166
2084
2060
2041
2025
1967
1960
1950
1944
1940
1920
1917
1912
1911
1905
1906
1903
1900
1897
1900
1904
1909
1930
1938
1944
1956
1963
1979
1982
1986
1993
1986
1984
1980
1977
1937
1928
1912
1897
1887
1884
1887
1895
1903
1914
1928
1944
1966
2031
2047
2064
2084
2109
2123
2140
2160
2226
2235
2246
2249
2227
2217
2210
2199
2188
2114
2085
2064
2044
2024
2004
1991
1971
1893
1878
1863
1851
1825
1825
1833
1839
1852
1888
1897
1909
1926
1941
1961
1979
1998
2075
2097
2116
2143
2209
2222
2238
2244
2257
2259
2257
2253
2240
2186
2167
2148
2135
2112
2089
2068
2052
1969
1951
1935
1916
1855
1845
1834
1832
1827
1811
1815
1824
1829
1837
1842
1860
1870
1913
1927
1935
1945
1983
1994
2002
2006
2010
2017
2017
2018
2022
2025
2025
2021
2023
2013
2010
2011
2011
2014
2020
2025
2032
2040
2083
2090
2100
2114
2128
2147
2156
2166
2203
2218
2235
2246
2262
2252
2245
2238
2204
2190
2167
2143
2123
2077
2058
2038
2023
2011
1991
1974
1962
1922
1913
1911
1906
1881
1875
1875
1879
1885
1883
1876
1874
1870
1867
1865
1866
1864
1853
1865
1876
1884
1900
1937
1944
1959
1970
1991
2011
2029
2054
2101
2115
2132
2147
2161
2174
2187
2192
2193
2205
2202
2195
2189
2182
2172
2163
2150
2133
2093
2081
2067
2058
2045
2034
2027
2019
2011
2005
2008
2009
2027
2024
2027
2031
2015
2017
2024
2027
2032
2028
2021
2018
2013
2008
2002
1996
1991
1961
1957
1948
1943
1929
1925
1924
1919
1917
1914
1916
1919
1920
1925
1933
1937
1940
1955
1968
1982
1996
2026
2039
2053
2069
2083
2093
2094
2097
2106
2116
2118
2120
2116
2112
2109
2108
2104
2050
2040
2038
2033
2004
1998
1999
1991
1987
1988
1983
1980
1980
1986
1988
1995
1989
1992
1998
2001
2007
2047
2057
2073
2082
2101
2139
2142
2147
2161
2170
2173
2175
2183
2181
2180
2168
2157
2088
2077
2060
2049
2035
1984
1968
1952
1942
1936
1919
1910
1900
1888
1891
1898
1902
1914
1923
1928
1935
1975
1988
1996
2005
2013
2028
2033
2033
2036
2041
2040
2040
2040
2023
2028
2027
2027
2023
2019
2016
2008
2008
1988
1980
1975
1971
1970
1966
1963
1962
1971
1968
1967
1969
1981
1987
1998
2009
2027
2047
2060
2073
2091
2107
2123
2137
2146
2183
2182
2191
2200
2183
2176
2168
2162
2150
2107
2090
2075
2059
2049
2038
2029
2026
1985
1975
1970
1958
1940
1938
1941
1943
1948
1953
1959
1965
1974
1995
2003
2009
2013
2019
2022
2022
2021
2032
2038
2044
2042
2042
2046
2046
2042
2041
2016
2014
2009
2008
2005
2002
1990
1987
1984
1982
1986
1979
1977
1979
1986
1993
1998
1997
2003
2012
2015
2018
2025
2038
2035
2065
2075
2087
2099
2116
2114
2113
2113
2120
2121
2120
2121
2125
2104
2099
2097
2091
2088
2078
2070
2067
2027
2016
2002
1990
1954
1943
1938
1934
1933
1926
1922
1924
1927
1932
1935
1940
1945
1961
1962
1967
1980
1996
2004
2013
2023
2029
2033
2032
2030
2026
2027
2029
2030
2032
2019
2012
2016
2004
1979
1977
1976
1977
1987
1982
1978
1983
1988
1999
2002
2009
2016
2025
2033
2046
2057
2068
2072
2072
2072
2088
2088
2089
2086
2086
2075
2069
2062
2054
2051
2049
2046
2042
2025
2017
2015
2013
1996
1990
1984
1986
1994
2001
2005
2010
2007
2007
2011
2017
2020
2052
2059
2062
2072
2093
2090
2095
2092
2086
2087
2091
2088
2088
2065
2061
2051
2037
2028
2028
2026
2010
1995
1990
1987
1983
1978
1979
1982
1987
1995
2003
2005
2006
2008
2007
2011
2010
2018
2040
2048
2055
2061
2042
2040
2038
2045
2052
2047
2040
2037
2035
2032
2029
2020
2015
1995
1992
1993
1996
1984
1989
1990
1992
2000
1998
2004
2007
2013
2028
2037
2045
2051
2058
2068
2072
2078
2081
2086
2086
2089
2091
2087
2082
2076
2073
2063
2050
2048
2044
2036
2030
2018
2006
1995
2294
2236
1996
1782
1649
1554
1485
1470
1619
1724
1804
1914
1961
1888
1888
1846
1848
1896
1914
1880
1835
2016
2062
2141
2198
2245
2235
2214
2248
2478
2589
2616
2563
2516
2388
2285
2211
2151
2083
2039
2060
2132
2223
2220
2192
2153
1893
1839
1802
1777
1773
1785
1765
1728
1667
1591
1519
1472
1443
1541
1584
1596
1593
1417
1384
1355
1328
1500
1590
1676
1757
1827
1983
2030
2100
2196
2305
2421
2543
2669
3103
3214
3293
3353
3469
3495
3544
3615
3701
3866
3874
3852
3812
3761
3695
3605
3500
3118
3012
2891
2757
2114
1944
1784
1636
1499
1096
977
856
734
607
472
348
235
125
121
124
125
128
131
132
135
146
240
288
347
423
503
583
668
769
1104
1214
1333
1456
1576
1702
1840
1974
2104
2479
2604
2717
2823
2923
3017
3099
3154
3204
3309
3337
3348
3352
3351
3351
3351
3352
3318
3296
3277
3253
3130
3087
3056
3028
2995
2859
2815
2771
2731
2702
2684
2675
2668
2610
2590
2550
2500
2222
2174
2138
2099
1903
1840
1779
1718
1660
1492
1452
1417
1385
1361
1329
1303
1269
1115
1094
1082
1075
1129
1162
1185
1219
1264
1406
1445
1479
1517
1537
1567
1593
1609
1609
1591
1588
1592
1645
1662
1669
1663
1650
1559
1523
1496
1478
1472
1478
1490
1516
1576
1577
1573
1575
1684
1733
1796
1868
2108
2153
2191
2223
2262
2422
2482
2546
2612
2677
2737
2797
2853
2967
2981
2994
3009
3048
3056
3066
3065
3046
2927
2878
2826
2785
2747
2704
2659
2611
2365
2290
2214
2135
1839
1778
1721
1667
1616
1464
1410
1366
1333
1305
1284
1265
1258
1233
1234
1232
1236
1320
1357
1402
1458
1651
1686
1724
1759
1795
1942
1986
2034
2084
2136
2184
2228
2274
2434
2466
2497
2531
2675
2709
2744
2776
2810
2886
2901
2910
2915
2917
2915
2920
2924
2897
2883
2864
2846
2728
2693
2651
2608
2428
2382
2338
2297
2246
2071
2009
1946
1880
1817
1756
1694
1637
1425
1377
1328
1279
1133
1113
1102
1104
1109
1133
1149
1167
1189
1216
1248
1277
1307
1500
1550
1604
1659
1839
1882
1921
1964
2111
2147
2179
2211
2234
2264
2271
2272
2276
2280
2284
2280
2280
2260
2248
2232
2216
2154
2145
2127
2114
2102
2061
2044
2035
2028
2023
2018
2017
2024
2015
2008
2006
2001
1989
1992
1996
1998
2001
1985
1987
1977
1964
1949
1940
1923
1913
1869
1869
1865
1863
1852
1847
1852
1851
1882
1893
1902
1917
1932
1969
1982
1991
1998
2008
2016
2021
2030
2055
2052
2054
2054
2033
2032
2026
2018
2016
1992
1986
1978
1964
1957
1949
1947
1952
1911
1915
1911
1911
1879
1864
1850
1840
1862
1881
1895
1911
1932
1973
1990
2007
2018
2033
2061
2086
2114
2204
2228
2259
2286
2374
2392
2410
2425
2437
2473
2488
2496
2500
2496
2497
2492
2491
2456
2441
2426
2407
2321
2299
2283
2255
2232
2165
2138
2113
2098
2080
2048
2029
2010
1937
1925
1914
1900
1868
1862
1851
1845
1815
1812
1812
1812
1816
1813
1807
1811
1815
1810
1808
1803
1800
1790
1794
1804
1804
1820
1823
1836
1853
1871
1919
1930
1945
1959
1980
2000
2023
2041
2107
2118
2131
2155
2186
2195
2198
2204
2200
2192
2187
2181
2171
2139
2119
2102
2086
2069
2059
2048
2030
1990
1975
1962
1948
1912
1904
1905
1909
1907
1913
1922
1927
1939
1951
1961
1968
1978
2021
2029
2041
2055
2083
2093
2097
2106
2125
2122
2120
2120
2117
2114
2103
2090
2083
2079
2076
2068
2068
2012
2000
1991
1976
1939
1929
1920
1914
1907
1902
1897
1891
1887
1886
1883
1878
1883
1888
1895
1903
1908
1924
1930
1935
1938
1956
1959
1966
1974
1983
2003
2008
2010
2017
2025
2026
2026
2030
2052
2053
2059
2067
2091
2096
2102
2110
2119
2134
2139
2148
2152
2156
2159
2164
2176
2194
2201
2209
2206
2214
2212
2207
2199
2195
2170
2156
2145
2141
2131
2120
2111
2093
2046
2033
2009
1988
1918
1905
1887
1877
1830
1827
1825
1820
1823
1840
1847
1855
1867
1871
1875
1878
1886
1921
1927
1939
1958
1994
2004
2007
2010
2024
2045
2050
2055
2067
2077
2086
2099
2102
2112
2113
2112
2114
2128
2131
2129
2127
2122
2110
2116
2114
2103
2102
2102
2099
2093
2061
2040
2027
2019
2010
2008
2004
2002
1987
1984
1979
1972
1974
1974
1976
1974
1978
1979
1986
1986
1992
1999
1999
2000
1999
2019
2023
2029
2027
2034
2040
2041
2039
2043
2037
2034
2034
2036
2024
2020
2015
2017
2013
2009
2003
2004
2008
2020
2027
2033
2037
2044
2052
2063
2068
2064
2063
2064
2058
2049
2041
2034
2038
2020
2013
2010
2007
2002
1990
1983
1980
1984
1989
1991
1989
1996
2023
2030
2034
2042
2052
2054
2057
2055
2065
2078
2079
2080
2079
2085
2085
2082
2083
2057
2056
2050
2038
2006
1996
1990
1986
1977
1976
1973
1970
1969
1952
1947
1944
1948
1950
1948
1949
1949
1957
1963
1973
1977
1978
1988
1996
2006
2008
2009
2006
2011
2013
2006
2002
1998
1996
1983
1982
1979
1977
1978
1977
1973
1976
1978
2003
2009
2018
2023
2026
2035
2047
2061
2096
2104
2114
2126
2147
2152
2153
2159
2166
2178
2177
2183
2180
2183
2179
2172
2171
2146
2143
2142
2139
2106
2091
2083
2077
2038
2028
2016
2006
1996
1968
1968
1964
1957
1946
1944
1944
1943
1939
1938
1935
1935
1939
1945
1949
1946
1946
1955
1958
1957
1957
1963
1969
1978
1984
2003
2002
2001
2002
2008
2014
2011
2014
2017
2010
2012
2006
2007
2004
2001
1998
1996
1993
1998
1999
2007
2015
2013
2015
2022
2039
2045
2056
2066
2080
2107
2116
2117
2124
2133
2134
2131
2134
2124
2120
2118
2113
2104
2098
2092
2089
2088
2062
2050
2040
2031
2026
2023
2022
2021
1991
1984
1978
1972
1967
1962
1955
1956
1923
1912
1907
1909
1915
1908
1910
1914
1923
1923
1925
1938
1946
1956
1963
1966
1969
1976
1976
1976
1982
1986
1988
1987
1989
1994
2002
2010
2016
2021
2034
2031
2033
2038
2068
2073
2079
2086
2094
2093
2102
2108
2113
2113
2117
2121
2117
2106
2111
2115
2114
2106
2105
2103
2098
2087
2082
2078
2074
2067
2059
2054
2055
2081
2087
2002
1862
1784
1900
1942
1987
1997
2034
2014
2036
2081
2121
2111
2104
2073
2061
2083
2095
2080
2067
2103
2099
2102
2116
2089
2083
2096
2114
2131
2085
2092
2102
2104
2096
2066
2041
2019
1964
1972
1971
1966
1978
1967
1941
1919
1890
1910
1931
1928
1926
1933
1929
1924
1923
1924
1925
1923
1926
2005
2024
2022
2007
1921
1926
1944
1970
1992
2030
2026
2026
2030
2039
2043
2036
2024
2029
2043
2049
2055
2009
2002
1997
1997
2045
2059
2068
2069
2066
2054
2037
2012
1993
1986
1984
1974
1976
1981
1976
1977
1972
1968
1978
1981
1985
1983
1976
1965
1956
1946
1950
1951
1957
1964
1925
1901
1871
1850
1801
1806
1815
1830
1849
1904
1916
1917
1912
1900
1883
1866
1855
1798
1782
1774
1759
1707
1694
1679
1668
1698
1711
1727
1744
1763
1808
1832
1867
1903
1945
1997
2058
2125
2448
2538
2631
2714
3082
3178
3268
3354
3437
3637
3691
3740
3780
3822
3852
3874
3880
3856
3832
3805
3776
3553
3482
3401
3299
2812
2685
2557
2433
2301
1888
1749
1606
1461
1320
1178
1038
901
418
322
232
167
136
117
114
115
111
113
112
112
111
116
116
123
127
134
140
151
172
202
398
500
606
721
841
956
1066
1170
1260
1502
1588
1675
1765
1867
1964
2059
2148
2512
2612
2708
2803
3165
3237
3306
3367
3511
3527
3534
3538
3535
3500
3471
3441
3409
3373
3325
3283
3250
3064
3018
2974
2917
2648
2571
2499
2420
2339
2118
2061
2020
1989
1961
1934
1905
1879
1810
1786
1769
1747
1604
1556
1502
1456
1275
1254
1232
1214
1200
1211
1220
1233
1249
1276
1317
1358
1396
1547
1574
1598
1618
1632
1634
1629
1619
1611
1581
1579
1571
1563
1564
1566
1574
1584
1667
1697
1734
1765
1829
1839
1850
1869
1894
1972
2005
2041
2076
2113
2152
2188
2230
2387
2436
2491
2540
2713
2754
2789
2827
2956
2987
3017
3046
3071
3107
3110
3100
3082
3054
3030
2992
2954
2755
2693
2630
2554
2213
2120
2029
1936
1848
1591
1511
1425
1347
1281
1210
1153
1100
967
948
923
912
900
907
914
925
1039
1079
1117
1162
1209
1352
1413
1471
1531
1588
1645
1708
1774
1995
2047
2092
2141
2314
2357
2395
2433
2474
2567
2600
2631
2673
2720
2763
2803
2842
2958
2986
3006
3020
3035
3037
3028
3015
2996
2929
2898
2862
2828
2790
2750
2703
2657
2433
2377
2318
2265
2050
1995
1939
1883
1690
1655
1623
1586
1546
1445
1419
1396
1378
1365
1358
1351
1344
1342
1354
1376
1397
1493
1516
1548
1584
1621
1746
1790
1834
1875
1918
1961
2004
2053
2215
2251
2284
2312
2371
2381
2385
2388
2380
2390
2389
2386
2374
2368
2362
2356
2349
2308
2294
2282
2274
2211
2196
2188
2175
2090
2065
2035
2007
1983
1925
1910
1897
1883
1874
1861
1848
1845
1840
1843
1849
1858
1889
1905
1913
1923
1928
1945
1950
1950
1953
1954
1948
1945
1938
1916
1913
1905
1898
1856
1845
1833
1821
1812
1782
1782
1783
1782
1785
1783
1788
1778
1722
1703
1692
1681
1658
1656
1656
1652
1641
1635
1630
1626
1631
1636
1648
1661
1677
1720
1736
1756
1781
1803
1827
1857
1885
1921
2006
2027
2057
2084
2116
2146
2178
2207
2238
2322
2347
2375
2391
2409
2425
2440
2457
2521
2531
2543
2552
2565
2563
2555
2550
2507
2492
2469
2451
2434
2372
2353
2338
2323
2307
2291
2278
2259
2185
2171
2164
2141
2058
2039
2031
2010
1984
1918
1894
1870
1849
1825
1805
1788
1764
1696
1688
1687
1685
1662
1662
1671
1679
1682
1711
1718
1735
1747
1752
1765
1781
1794
1881
1899
1914
1935
2012
2033
2051
2070
2090
2142
2155
2175
2193
2199
2213
2225
2234
2256
2255
2254
2253
2234
2223
2216
2204
2160
2149
2138
2124
2118
2085
2082
2078
2071
2069
2065
2056
2051
2046
2051
2055
2053
2033
2041
2048
2044
2046
2044
2038
2037
2038
2029
2025
2020
2019
2017
2020
2020
2020
2008
2012
2024
2027
2034
2034
2031
2027
2023
2018
2011
2001
1990
1950
1938
1928
1919
1896
1895
1896
1893
1859
1858
1862
1858
1863
1874
1881
1886
1892
1900
1906
1913
1917
1950
1964
1975
1986
2013
2017
2018
2024
2031
2050
2051
2048
2050
2047
2050
2055
2059
2079
2087
2089
2091
2130
2143
2153
2160
2170
2188
2196
2216
2233
2233
2237
2243
2240
2232
2222
2213
2202
2156
2143
2129
2115
2060
2054
2035
2020
2011
1985
1973
1957
1949
1935
1924
1913
1905
1867
1848
1836
1834
1796
1790
1784
1786
1789
1796
1799
1807
1818
1826
1829
1835
1847
1910
1921
1930
1942
1999
2010
2020
2035
2050
2088
2091
2096
2104
2112
2120
2126
2126
2144
2145
2147
2146
2144
2142
2148
2145
2145
2155
2146
2139
2132
2128
2127
2117
2116
2086
2081
2076
2062
2015
2011
1998
1986
1951
1941
1934
1927
1925
1910
1907
1901
1901
1899
1892
1888
1889
1890
1893
1892
1901
1911
1916
1921
1924
1934
1939
1945
1955
1960
1996
2002
2003
2013
2023
2038
2043
2053
2055
2077
2086
2093
2096
2097
2095
2097
2102
2120
2130
2133
2136
2136
2144
2151
2154
2163
2162
2164
2168
2169
2166
2172
2170
2165
2150
2143
2138
2130
2129
2112
2103
2103
2098
2092
2083
2077
2077
2073
2065
2057
2055
2052
2060
2065
2061
2055
2051
2048
2048
2049
2047
2044
2044
2042
2008
2004
1998
1994
1973
1974
1977
1975
1982
1977
1985
1989
1990
2002
2006
2004
2001
1997
1994
1993
1992
1977
1977
1973
1975
1960
1956
1954
1948
1945
1921
1921
1920
1920
1910
1909
1915
1921
1907
1910
1915
1920
1927
1933
1939
1944
1953
1957
1966
1974
1981
1986
1991
1990
1998
2019
2028
2042
2051
2072
2076
2079
2083
2095
2097
2104
2103
2100
2104
2105
2097
2094
2092
2087
2082
2075
2051
2045
2039
2034
2016
2012
2004
1995
1987
1979
1975
1973
1971
1972
1968
1962
1959
1951
1950
1954
1956
1964
1966
1971
1977
2005
2010
2014
2019
2017
2018
2020
2015
2016
2012
2016
2021
2026
2021
2021
2029
2035
2049
2057
2059
2059
2059
2070
2075
2076
2084
2095
2101
2104
2102
2106
2111
2116
2119
2117
2122
2123
2115
2108
2101
2101
2105
2099
2097
2095
2096
2097
2071
2071
2070
2068
2055
2052
2047
2048
2044
2006
1998
1992
1985
1977
1979
1975
1984
1975
1975
1972
1972
1970
1972
1974
1981
1986
1994
1993
1999
2000
2002
2005
2008
2011
2017
2031
2036
2039
2043
2044
2048
2050
2059
2066
2068
2071
2067
2074
2079
2078
2074
2049
2047
2047
2048
2048
2037
2040
2036
2031
2024
2020
2018
2017
2018
2015
2013
2014
2001
1991
1994
1998
1998
2007
2005
2003
2004
2003
2001
2002
2001
2013
2010
2006
1994
1988
1983
1982
1981
1979
1963
1958
1953
1958
1958
1961
1960
1957
1965
1974
1975
1977
1994
2000
2009
2022
2035
2041
2042
2043
2042
2035
2032
2035
2037
2032
2028
2026
2029
2015
2009
2014
2014
2017
2017
2022
2030
2033
2038
2033
2038
2049
2058
2068
2077
2076
2076
2076
2077
2081
2045
2045
2041
2037
2032
2021
2024
2019
2010
2008
2010
2011
2012
2014
2017
2019
2027
2038
2036
2038
2041
2068
2067
2066
2061
2065
2077
2069
2064
2067
2073
2078
2086
2085
2070
2070
2069
2066
2045
2049
2045
2037
2036
2025
2021
2006
1999
1993
1987
1979
1976
1959
1957
1961
1959
1948
1942
1937
1937
1955
1963
1963
1968
1970
1975
1978
1982
1990
1996
1997
1999
2003
2009
2016
2022
2025
2034
2044
2045
2048
2061
1228
1171
1331
1431
1447
1467
1584
1736
2305
2268
2195
2226
2252
2437
2498
2407
2265
2214
2208
2185
2129
2173
2165
2118
2124
2163
2174
2144
2127
2047
2073
2076
2042
1906
1888
1877
1877
1879
1943
1853
1740
1681
1662
1625
1559
1478
1233
1244
1269
1294
1193
1146
1099
1063
1047
1108
1201
1332
1500
1667
1816
1943
2050
2476
2610
2749
2899
3495
3626
3759
3897
4087
4090
4088
4090
4089
4089
4089
4090
4089
4089
4088
4086
4044
3638
3527
3413
3289
2666
2483
2307
2154
2035
1664
1533
1401
1274
1151
1039
949
871
610
534
456
381
168
156
146
137
127
111
111
111
114
117
115
120
122
139
144
155
169
382
470
568
678
800
1192
1311
1428
1538
1632
1724
1829
1943
2407
2522
2633
2736
3097
3163
3227
3286
3501
3548
3595
3629
3659
3707
3714
3714
3722
3741
3755
3770
3784
3744
3713
3670
3622
3402
3323
3236
3136
3031
2686
2571
2458
2351
2245
2144
2043
1948
1606
1527
1460
1396
1111
1046
967
867
764
520
473
458
454
466
481
501
522
666
713
759
820
1077
1134
1189
1232
1358
1375
1387
1395
1402
1425
1438
1453
1476
1504
1525
1557
1590
1688
1707
1731
1751
1872
1922
1986
2068
2149
2367
2434
2493
2550
2609
2661
2713
2767
3012
3083
3144
3202
3303
3310
3312
3317
3379
3413
3440
3461
3472
3419
3382
3348
3307
3252
3197
3130
3069
2803
2732
2664
2596
2336
2264
2194
2121
2048
1797
1707
1611
1516
1423
1336
1253
1180
961
913
874
833
682
662
650
655
673
727
735
760
786
827
876
937
1005
1364
1466
1561
1657
2029
2120
2208
2289
2542
2595
2642
2683
2721
2815
2838
2857
2872
2888
2905
2922
2940
2964
2961
2961
2959
2960
2956
2946
2937
2923
2833
2800
2775
2746
2715
2687
2655
2627
2512
2479
2442
2400
2206
2145
2093
2027
1962
1751
1681
1609
1540
1469
1404
1343
1288
1105
1065
1035
1008
918
910
906
904
910
928
942
961
978
1004
1036
1076
1123
1316
1367
1431
1489
1726
1786
1846
1903
2108
2161
2204
2240
2270
2337
2363
2381
2406
2421
2433
2446
2459
2508
2515
2521
2523
2465
2447
2421
2393
2372
2275
2248
2218
2185
2155
2125
2108
2088
2000
1980
1962
1946
1931
1936
1950
1971
2061
2078
2102
2120
2143
2190
2202
2209
2211
2215
2206
2204
2205
2160
2150
2143
2135
2089
2073
2059
2048
2021
1959
1940
1916
1897
1881
1858
1837
1817
1763
1753
1743
1736
1720
1713
1712
1710
1703
1684
1682
1688
1696
1699
1703
1710
1726
1797
1821
1846
1868
1985
2015
2044
2078
2187
2210
2230
2253
2267
2301
2316
2329
2337
2342
2343
2348
2359
2399
2415
2431
2447
2488
2499
2511
2516
2515
2513
2512
2501
2491
2478
2465
2450
2431
2344
2323
2301
2286
2208
2185
2163
2145
2132
2083
2067
2051
2041
2022
2004
1990
1965
1879
1858
1839
1818
1730
1711
1692
1670
1602
1586
1569
1556
1547
1530
1525
1521
1525
1526
1529
1530
1543
1620
1645
1674
1698
1805
1841
1870
1894
1916
1983
2012
2039
2064
2089
2114
2138
2162
2247
2259
2273
2286
2318
2322
2324
2325
2321
2302
2300
2292
2281
2270
2253
2246
2236
2169
2147
2127
2113
2052
2037
2023
2011
2002
2002
1999
1994
1997
2001
2000
2004
2002
1995
1989
1990
1997
1994
1990
1996
1997
2010
2019
2027
2032
2036
2040
2039
2039
2035
2034
2032
2034
2025
1974
1963
1953
1945
1878
1868
1857
1849
1808
1804
1806
1807
1818
1820
1825
1829
1831
1837
1844
1854
1864
1903
1920
1930
1940
2003
2016
2030
2041
2054
2095
2101
2114
2122
2125
2128
2137
2139
2141
2146
2147
2145
2171
2179
2186
2194
2201
2204
2208
2209
2207
2207
2206
2210
2206
2186
2183
2191
2186
2174
2164
2164
2158
2127
2118
2110
2102
2096
2052
2033
2022
2015
2002
1988
1967
1957
1917
1907
1898
1894
1890
1889
1885
1886
1894
1910
1914
1921
1918
1918
1912
1914
1919
1927
1922
1923
1923
1925
1927
1931
1944
1956
1988
1994
2002
2017
2029
2041
2057
2063
2100
2110
2121
2125
2147
2148
2150
2151
2154
2151
2144
2140
2145
2129
2123
2112
2105
2099
2099
2093
2084
2047
2049
2045
2038
2009
2009
2007
2006
2006
1993
1987
1988
1987
1980
1974
1970
1969
1963
1957
1953
1956
1965
1969
1975
1979
1995
1990
1990
1995
1998
1995
1990
1984
1984
1990
1989
1994
1991
1970
1968
1965
1964
1944
1940
1937
1933
1936
1933
1941
1937
1938
1939
1939
1944
1950
1958
1962
1966
1973
2022
2028
2045
2054
2059
2080
2090
2103
2113
2129
2136
2148
2160
2181
2175
2180
2181
2180
2177
2176
2169
2150
2147
2143
2133
2130
2109
2095
2078
2067
2061
2061
2052
2044
2005
2000
2004
1999
1976
1969
1962
1962
1955
1936
1931
1925
1928
1928
1928
1930
1930
1918
1917
1927
1927
1940
1934
1934
1940
1942
1940
1944
1946
1941
1945
1944
1942
1946
1951
1955
1962
1967
1992
2000
2002
2011
2031
2037
2043
2059
2074
2108
2118
2123
2131
2137
2145
2160
2166
2187
2192
2196
2201
2201
2198
2191
2177
2172
2152
2146
2140
2138
2133
2125
2113
2099
2059
2045
2035
2027
1989
1975
1964
1960
1964
1950
1950
1947
1942
1937
1926
1921
1916
1899
1895
1890
1889
1898
1898
1899
1906
1902
1909
1916
1921
1932
1946
1948
1951
1953
1958
1961
1968
1973
1988
1997
2003
2010
2025
2031
2045
2052
2059
2075
2072
2080
2089
2095
2096
2098
2100
2128
2134
2137
2140
2157
2159
2162
2162
2170
2161
2156
2157
2165
2166
2163
2160
2152
2140
2142
2140
2140
2103
2093
2082
2072
2026
2019
2010
2000
1992
1961
1945
1931
1928
1922
1923
1910
1901
1872
1866
1861
1863
1851
1852
1848
1846
1847
1841
1850
1851
1854
1858
1864
1869
1878
1911
1921
1931
1945
1979
1988
1997
2008
2056
2075
2084
2089
2094
2119
2126
2133
2137
2142
2144
2148
2151
2158
2155
2153
2151
2157
2154
2152
2148
2148
2144
2136
2129
2127
2128
2126
2129
2123
2101
2102
2099
2090
2076
2074
2069
2062
2057
2040
2040
2039
2036
2028
2018
2019
2020
1999
1990
1983
1982
1962
1960
1956
1953
1941
1942
1940
1940
1940
1937
1942
1950
1961
1966
1967
1978
1978
1991
1997
2001
2006
2006
2005
2010
2009
2006
1994
1986
1981
1971
1968
1965
1967
1970
2020
2039
2061
2078
2130
2141
2150
2158
2154
2154
2158
2152
2151
2120
2102
2088
2078
2074
2071
2061
2042
1981
1973
1961
1950
1915
1911
1913
1914
1911
1927
1927
1932
1937
1947
1952
1960
1965
1964
1973
1984
1989
1979
1977
1978
1982
1990
1992
2004
2012
2016
2004
2000
2001
1994
1985
1969
1959
1955
1949
1942
1942
1946
1969
1983
1998
2003
2017
2038
2033
2028
2027
2024
2019
2021
2019
2020
2031
2035
2023
2011
2002
2003
2007
2006
2003
1983
1967
1957
1944
1926
1911
1905
1852
1837
1814
1790
1668
1635
1598
1564
1455
1448
1440
1437
1449
1491
1508
1527
1550
1569
1590
1611
1629
1730
1769
1819
1876
2147
2243
2342
2435
2544
2868
2984
3097
3214
3333
3450
3559
3661
4011
4069
4089
4090
4090
4089
4088
4089
4082
3918
3831
3735
3636
3529
3422
3309
3193
2702
2581
2461
2345
1906
1806
1705
1611
1275
1192
1115
1043
974
763
703
640
581
524
468
420
376
269
252
243
239
241
246
249
252
262
302
316
336
363
395
429
467
512
720
786
846
910
1187
1264
1350
1427
1513
1776
1866
1949
2037
2124
2206
2283
2370
2658
2726
2790
2851
3118
3181
3244
3304
3519
3573
3619
3667
3708
3779
3787
3785
3779
3764
3738
3700
3652
3376
3294
3208
3115
2701
2586
2472
2352
2233
1905
1806
1723
1650
1580
1505
1434
1370
1155
1113
1074
1039
932
908
888
869
858
844
857
879
911
951
999
1050
1106
1339
1399
1451
1501
1672
1706
1743
1773
1839
1845
1853
1862
1876
1943
1977
2006
2042
2078
2113
2147
2178
2326
2370
2412
2464
2656
2696
2732
2770
2804
2892
2913
2937
2957
2969
2972
2971
2969
2913
2888
2855
2829
2667
2624
2585
2543
2505
2362
2320
2278
2239
2199
2158
2125
2088
1904
1861
1815
1765
1567
1523
1480
1439
1317
1296
1272
1254
1249
1226
1234
1241
1249
1249
1257
1268
1283
1318
1329
1345
1363
1435
1464
1490
1522
1554
1662
1697
1726
1768
1812
1859
1906
1945
2118
2154
2190
2227
2393
2432
2470
2510
2545
2641
2672
2700
2720
2741
2759
2773
2783
2803
2801
2801
2801
2751
2741
2725
2713
2699
2632
2605
2579
2553
2522
2497
2478
2460
2389
2368
2347
2327
2305
2287
2266
2247
2230
2165
2143
2120
2099
2077
2051
2027
1995
1964
1880
1862
1841
1824
1799
1777
1765
1752
1709
1707
1702
1696
1695
1693
1693
1698
1703
1706
1714
1725
1737
1761
1772
1786
1803
1820
1842
1863
1877
1950
1960
1977
1989
2044
2059
2082
2102
2126
2168
2175
2185
2198
2207
2212
2221
2226
2208
2199
2192
2184
2138
2132
2123
2107
2092
2033
2011
1985
1961
1936
1913
1897
1882
1818
1807
1798
1791
1765
1770
1768
1771
1799
1808
1819
1821
1826
1845
1843
1841
1838
1837
1837
1837
1830
1818
1807
1795
1780
1731
1722
1710
1694
1682
1656
1648
1640
1636
1627
1623
1628
1640
1672
1677
1683
1696
1739
1752
1761
1772
1813
1820
1835
1856
1877
1945
1967
1988
2012
2035
2059
2084
2117
2228
2252
2289
2317
2396
2415
2434
2441
2449
2455
2454
2455
2451
2448
2435
2432
2432
2433
2434
2434
2436
2456
2450
2450
2464
2462
2459
2453
2444
2432
2399
2381
2363
2347
2328
2316
2298
2280
2207
2193
2179
2155
2048
2017
1992
1969
1947
1875
1858
1843
1830
1822
1810
1799
1790
1739
1732
1726
1719
1699
1700
1699
1700
1682
1682
1686
1696
1711
1755
1768
1786
1809
1827
1846
1871
1894
1998
2019
2047
2069
2161
2187
2204
2221
2234
2279
2291
2293
2297
2301
2310
2308
2306
2286
2283
2274
2264
2219
2217
2209
2198
2123
2110
2102
2093
2082
2036
2024
2009
1998
1994
1993
1988
1982
1940
1935
1925
1917
1915
1884
1876
1867
1861
1857
1855
1850
1853
1867
1869
1875
1875
1883
1895
1910
1918
1923
1939
1945
1950
1954
1950
1962
1974
1988
1998
2001
2010
2009
2008
2009
2010
2010
2007
2004
2004
2002
2001
2010
2017
2011
2015
2005
1996
1998
1994
1994
1995
1998
2006
2015
2029
2034
2038
2040
2054
2053
2053
2059
2057
2044
2043
2053
2051
2050
2049
2050
2042
2012
2017
2024
2022
2014
2007
2005
2003
2008
2016
2018
2018
2022
2020
2019
2024
2031
2040
2040
2037
2033
2047
2053
2054
2052
2038
2035
2033
2033
2041
2040
2041
2038
2032
2026
2022
2015
2011
2005
1997
1997
1990
1950
1941
1936
1940
1942
1926
1923
1923
1928
1931
1930
1930
1935
1948
1956
1966
1974
2003
2011
2019
2034
2073
2079
2088
2093
2097
2103
2099
2101
2097
2095
2097
2098
2100
2109
2111
2111
2118
2134
2133
2127
2127
2123
2112
2112
2108
2110
2113
2112
2109
2106
2090
2089
2090
2086
2062
2057
2052
2055
2057
2059
2055
2056
2061
2063
2063
2060
2059
2070
2069
2071
2071
2045
2045
2041
2042
2042
2020
2012
2005
2009
2001
1997
1990
1987
1983
1986
1987
1985
1997
1998
1996
1999
2001
1994
1998
2002
2006
2003
2003
1999
1993
1972
1966
1960
1952
1933
1935
1934
1933
1951
1958
1961
1964
1973
2000
2006
2010
2020
2026
2029
2034
2034
2042
2052
2051
2056
2059
2054
2053
2048
2053
2036
2033
2031
2030
2025
2027
2026
2030
2025
2027
2033
2035
2030
2024
2020
2022
2026
2023
2016
2006
2006
2003
1995
1990
1990
1996
2004
2006
2003
1985
1983
1986
1988
1988
1974
1967
1954
1947
1942
1937
1930
1932
1931
1936
1931
1930
1923
1928
1934
1950
1968
1973
1981
1991
1999
2026
2041
2052
2065
2072
2082
2085
2096
2135
2139
2146
2154
2187
2197
2204
2203
2200
2201
2200
2193
2190
2184
2177
2163
2150
2112
2098
2084
2078
2017
2003
1994
1991
1967
1965
1965
1961
1961
1973
1978
1985
1997
2009
2014
2018
2023
2026
2031
2032
2031
2003
1993
1980
1974
1971
1944
1939
1934
1927
1923
1922
1922
1923
1949
1963
1980
1998
2055
2075
2086
2109
2131
2196
2210
2224
2235
2248
2252
2257
2258
2228
2211
2202
2181
2101
2072
2049
2026
1938
1921
1907
1892
1891
1894
1903
1913
1924
1926
1940
1959
1975
2034
2054
2066
2081
2094
2096
2096
2098
2096
2053
2040
2026
2000
1969
1944
1924
1905
1827
1802
1783
1772
1756
1763
1767
1777
1792
1847
1871
1897
1927
1954
1978
2000
2026
2109
2127
2144
2160
2187
2195
2193
2190
2186
2140
2125
2108
2082
2069
2049
2032
2011
1955
1947
1938
1931
1917
1918
1923
1930
1957
1967
1985
2002
2022
2055
2067
2080
2084
2092
2104
2116
2119
2109
2102
2091
2085
2038
2029
2019
2011
2000
1965
1962
1953
1946
1941
1940
1939
1941
1942
1949
1958
1965
2016
2024
2035
2049
2068
2111
2120
2134
2147
2151
2152
2157
2165
2156
2147
2145
2146
2106
2094
2084
2078
2051
2045
2038
2037
2031
2019
2019
2026
2031
2036
2035
2036
2041
2067
2072
2078
2090
2095
2094
2093
2094
2097
2075
2063
2053
2048
2039
2032
2025
2015
1995
1987
1980
1977
1967
1966
1967
1962
1963
1970
1973
1974
1975
1975
1971
1976
1978
1974
1969
1967
1966
1984
1985
1981
1983
1990
1996
1998
2002
2002
2007
2006
2015
2023
2022
2023
2030
2032
2040
2040
2047
2048
2064
2065
2065
2066
2062
2041
2041
2040
2040
2038
2037
2039
2037
2019
2021
2020
2020
2007
2012
2013
2012
2018
2024
2021
2020
2020
2028
2039
2047
2052
2062
2064
2069
2073
2066
2066
2058
2051
2043
2032
2022
2011
1999
1988
1977
1973
1970
1956
1955
1949
1950
1948
1950
1957
1959
1964
1984
1992
2003
1995
1984
1963
1932
1897
1864
1843
1859
1885
1925
1960
1997
2040
2075
2112
2118
2132
2144
2210
2221
2231
2230
2231
2209
2191
2166
2136
2106
2068
2028
1992
1900
1893
1893
1895
1868
1859
1840
1835
1797
1790
1789
1799
1816
1825
1807
1780
1752
1726
1709
1704
1710
1829
1863
1887
1907
1904
1900
1902
1910
1930
2010
2038
2074
2107
2139
2176
2212
2248
2417
2459
2487
2513
2570
2585
2598
2609
2693
2707
2710
2713
2711
2664
2643
2623
2613
2615
2620
2632
2644
2647
2625
2591
2555
2387
2349
2305
2251
2198
2002
1927
1850
1777
1712
1649
1594
1553
1463
1444
1423
1400
1315
1303
1289
1273
1238
1228
1223
1218
1213
1193
1185
1180
1184
1185
1184
1186
1192
1244
1274
1316
1364
1566
1620
1664
1711
1756
1879
1919
1960
2004
2043
2088
2141
2199
2416
2465
2514
2564
2724
2764
2808
2842