2087
2069
2049
2034
2026
2022
2017
2018
2023
2022
2025
2036
2043
2038
2037
2028
2012
2000
1989
1983
1977
1949
1939
1932
1928
1926
1912
1904
1898
1894
1900
1904
1910
1927
1933
1939
1944
1946
1951
1950
1953
1949
1946
1950
1953
1952
1953
1955
1963
1969
2000
2007
2016
2023
2028
2046
2044
2032
2030
2021
2009
1998
1989
1941
1934
1933
1934
1939
1944
1956
1969
1976
1974
1974
1971
1967
1960
1962
1964
1959
1955
1956
1958
1963
1989
1996
2005
2009
2027
2035
2053
2056
2050
2078
2069
2056
2046
2031
2015
2008
2006
2027
2042
2039
2033
2111
2133
2152
2169
2180
2220
2224
2228
2243
2251
2248
2241
2240
2214
2221
2226
2225
2228
2228
2222
2212
2157
2149
2146
2145
2136
2121
2111
2094
2087
2077
2059
2056
2064
2080
2084
2084
2080
2051
2047
2042
2039
2036
2010
1998
1994
1990
1983
1971
1959
1946
1929
1926
1926
1924
1915
1919
1918
1916
1902
1903
1902
1904
1914
1929
1923
1916
1915
1916
1918
1914
1908
1911
1911
1916
1918
1913
1915
1916
1923
1926
1932
1942
1946
1942
1945
1942
1943
1942
1952
1953
1950
1956
1962
1962
1965
1970
1977
1976
1981
1983
1987
1989
1994
1999
2000
2010
2011
2018
2029
2023
2025
2026
2029
2046
2049
2047
2053
2059
2055
2060
2066
2060
2062
2068
2078
2089
2111
2112
2119
2127
2130
2125
2131
2128
2122
2109
2102
2102
2095
2090
2083
2084
2077
2057
2057
2052
2045
2044
2040
2043
2048
2059
2097
2108
2116
2121
2121
2114
2117
2113
2103
2100
2102
2098
2061
2052
2046
2041
2031
2021
2018
2024
2024
2024
2020
2021
2018
2011
2008
2017
2012
1996
1996
2001
2002
2023
2030
2040
2039
2041
2050
2048
2049
2042
2038
2035
2033
2035
2033
2033
2035
2033
2018
2012
2013
2012
2005
1987
1977
1965
1963
1962
1962
1962
1959
1960
1960
1961
1963
1959
1963
1956
1958
1965
1970
1970
1974
1983
1987
1991
1997
1994
1996
1998
2003
2011
2012
2005
1998
2001
2016
2021
2022
2026
2024
2030
2029
2034
2041
2046
2048
2040
2040
2043
2040
2040
2031
2019
2013
2010
2010
2015
2003
2002
1998
1997
1998
2003
2004
2008
2031
2035
2036
2040
2056
2054
2059
2066
2051
2055
2064
2068
2068
2074
2069
2067
2065
2062
2063
2064
2062
2055
2060
2062
2058
2067
2075
2079
2080
2081
2093
2091
2088
2087
2086
2086
2090
2093
2078
2073
2067
2063
2039
2039
2041
2032
2021
2018
2017
2010
2006
1989
1984
1980
1983
1975
1967
1968
1967
1957
1961
1965
1962
1951
1947
1947
1948
1956
1972
1976
1975
1986
1992
1996
1999
2011
2013
2018
2017
2016
2006
2005
2004
2007
2008
2002
2004
2005
2005
2011
2010
2006
2012
2006
2000
2002
2008
2019
2022
2016
2013
1989
1985
1991
1991
1994
2001
1999
2001
2000
1998
1997
1997
1991
1993
1995
2002
2013
2011
2009
2011
2016
2023
2039
2037
2037
2042
2044
2052
2063
2063
2089
2092
2096
2099
2109
2114
2116
2116
2117
2111
2114
2122
2123
2125
2129
2133
2131
2128
2122
2122
2117
2108
2100
2091
2093
2080
2079
2076
2071
2063
2041
2038
2041
2041
2041
2042
2041
2035
2020
2020
2016
2007
1997
1998
1998
1999
2000
2003
2002
1997
1992
1992
1992
1994
2003
1999
1996
1996
1993
1988
1990
1990
1987
1980
1966
1955
1949
1942
1937
1933
1931
1926
1929
1929
1926
1925
1931
1939
1946
1950
1959
1963
1963
1963
1966
1984
1988
1991
1992
1996
2000
2004
2010
2019
2018
2017
2021
2024
2027
2026
2024
2019
2023
2028
2028
2035
2036
2039
2045
2050
2059
2061
2062
2065
2064
2066
2064
2064
2064
2060
2065
2065
2069
2072
2076
2079
2074
2064
2065
2066
2067
2064
2058
2051
2047
2046
2049
2047
2044
2042
2029
2030
2027
2023
2022
2025
2029
2029
2026
2026
2027
2028
2024
2023
2024
2023
2023
2028
2027
2029
2030
2024
2021
2023
2023
2024
2025
2023
2025
2027
2031
2034
2040
2047
2046
2049
2052
2061
2065
2065
2066
2064
2065
2060
2055
2053
2051
2044
2047
2041
2026
2023
2019
2021
2026
2015
2011
2007
1997
1990
1985
1994
1998
1998
1996
1994
1996
1998
2004
2006
2006
2008
2008
2006
2007
2012
2014
2017
2025
2033
2027
2025
2025
2021
2024
2021
2022
2023
2018
2014
2018
2017
2014
2014
2014
2010
2003
2001
2003
2003
2000
2012
2016
2021
2027
2029
2031
2036
2035
2032
2044
2047
2046
2043
2042
2036
2039
2041
2032
2027
2025
2028
2015
2009
2017
2013
2011
2012
2010
2012
2017
2017
2016
2013
2013
2010
2011
2016
2021
2031
2032
2032
2028
2017
2017
2009
2006
2008
2017
2018
2014
2014
2015
2012
2007
2011
2003
2002
1999
1998
2007
2007
2009
2011
2016
2018
2016
2017
2026
2035
2037
2041
2044
2067
2073
2073
2070
2080
2083
2083
2084
2082
2082
2082
2083
2082
2075
2079
2078
2074
2055
2049
2048
2051
2047
2046
2034
2031
2020
2019
2017
2012
2013
2014
2012
2009
2005
2002
1995
1995
1998
2000
2002
1995
1991
1998
1996
1994
1998
2005
2006
2006
2005
2004
2004
2007
2004
2014
2028
2029
2025
2027
2021
2023
2018
2021
2041
2041
2041
2044
2047
2040
2036
2034
2038
2040
2043
2044
2047
2058
2054
2053
2053
2049
2047
2052
2046
2049
2035
2035
2031
2027
2030
2030
2033
2032
2014
2014
2009
2011
1998
1996
1997
1996
1993
1978
1978
1976
1970
1967
1966
1966
1967
1957
1956
1961
1964
1979
1982
1985
1982
1986
2003
2005
2010
2019
2018
2021
2023
2011
2024
2025
2037
2067
2108
2128
2119
2090
2056
1971
1968
1957
1939
1933
1956
1973
1987
2002
2002
2010
2036
2067
2070
2059
2045
2036
2091
2105
2121
2126
2063
2057
2055
2057
2064
2079
2090
2098
2090
2091
2095
2099
2101
2049
2029
2022
2035
2045
2055
2059
2065
2062
2046
2031
2019
2013
2001
1996
1992
1994
2005
2011
1998
1981
1976
1971
1974
1977
1985
1997
2008
2015
2017
2024
2022
2018
2015
2016
2039
2054
2062
2070
2069
2069
2067
2064
2029
2022
2014
2016
2063
2075
2074
2064
2011
2010
2010
2015
2016
2039
2040
2042
2039
2026
2022
2019
2016
2007
2005
2003
1999
1987
1990
1992
1997
1996
2005
2017
2027
2036
2038
2033
2034
2032
2044
2053
2053
2054
2048
2044
2042
2037
2035
2012
2007
2012
2012
2018
2018
2019
2020
2001
2003
2003
2006
2011
2020
2020
2032
2024
2016
2014
2013
2009
2010
2001
1989
1991
1997
2001
2001
2000
2012
2009
2004
2008
2021
2017
2013
2005
1983
1987
1994
2001
2001
2013
2022
2031
2036
2034
2030
2025
2029
2036
2035
2040
2046
2066
2075
2074
2072
2070
2061
2062
2068
2079
2089
2094
2098
2100
2095
2091
2090
2087
2057
2051
2040
2025
1968
1951
1933
1925
1919
1899
1891
1885
1890
1890
1887
1891
1895
1924
1922
1925
1925
1907
1905
1902
1906
1910
1913
1925
1937
1947
1958
1966
1977
1988
1998
2008
2017
2032
2084
2100
2118
2128
2135
2173
2182
2194
2204
2222
2239
2249
2261
2289
2296
2303
2306
2319
2318
2322
2329
2348
2346
2349
2347
2353
2331
2315
2298
2289
2284
2257
2237
2260
2324
2317
2265
2235
1979
1916
1861
1778
1693
1632
1605
1585
1593
1565
1508
1495
1525
1515
1526
1528
1527
1726
1756
1797
1820
1848
1869
1881
1914
1959
2041
2077
2110
2123
2121
2123
2132
2122
2097
2102
2118
2143
2170
2159
2132
2103
2090
2017
2017
2027
2036
2020
2009
1991
1968
1927
1937
1952
1970
2008
2023
2029
2035
2033
2020
2020
2020
2027
2035
2047
2064
2076
2075
2059
2052
2033
1918
1911
1905
1905
1943
1926
1907
1885
1864
1847
1849
1856
1882
1903
1919
1935
1946
1960
1971
1988
2005
2035
2028
2025
2031
2037
2042
2051
2051
2057
2065
2075
2082
2092
2107
2101
2111
2135
2219
2234
2238
2238
2238
2204
2186
2170
2150
2126
2106
2089
2067
2024
2012
2002
1995
1979
1983
1989
1998
2043
2058
2076
2094
2110
2150
2163
2172
2179
2189
2193
2191
2185
2147
2139
2131
2117
2067
2058
2047
2045
2041
2020
2001
1980
1961
1947
1934
1924
1908
1920
1937
1957
1973
2002
2005
2012
2020
2056
2061
2066
2066
2074
2073
2063
2053
2038
2036
2034
2027
2023
1990
1989
1988
1993
1984
1984
1988
1995
1999
2006
2005
2005
2011
2015
2021
2037
2054
2126
2136
2136
2128
2112
2111
2109
2101
2110
2119
2114
2109
2101
2097
2091
2079
2059
2017
2001
1992
1986
1957
1951
1931
1921
1871
1871
1874
1871
1871
1880
1876
1873
1871
1870
1857
1854
1858
1858
1862
1870
1870
1863
1865
1870
1873
1882
1911
1916
1928
1940
1951
1962
1968
1984
2043
2056
2075
2079
2140
2156
2172
2183
2188
2187
2189
2193
2188
2165
2159
2161
2154
2149
2148
2151
2147
2126
2122
2118
2115
2101
2103
2096
2080
2069
2039
2026
2014
2007
1987
1973
1965
1964
1929
1919
1907
1896
1876
1884
1890
1887
1929
1939
1949
1959
1975
1997
2010
2019
2030
2034
2040
2037
2040
2051
2053
2054
2058
2050
2052
2055
2055
2057
2054
2055
2044
2039
2048
2049
2046
2041
2077
2083
2083
2094
2110
2104
2105
2114
2125
2127
2123
2115
2111
2111
2107
2103
2096
2051
2032
2016
2016
1994
1991
1981
1967
1941
1930
1935
1939
1940
1966
1969
1967
1968
1974
1970
1978
1992
2018
2031
2038
2038
2061
2060
2070
2079
2078
2061
2055
2049
2043
2039
2030
2026
2026
2001
2000
1994
1991
2007
2014
2016
2015
2038
2051
2057
2064
2068
2085
2089
2100
2105
2107
2105
2112
2117
2107
2104
2103
2104
2076
2068
2066
2061
2045
2006
1985
1974
1966
1961
1956
1952
1941
1925
1932
1934
1942
1946
1946
1953
1963
1971
1980
1985
1990
1994
2004
2003
1999
2006
2013
2019
2025
2027
2028
2027
2036
2039
2043
2043
2046
2047
2040
2039
2034
2030
2030
2028
2015
2002
1996
1993
1971
1969
1966
1962
1934
1940
1941
1940
1952
1958
1968
1985
1997
2015
2025
2040
2052
2062
2075
2083
2092
2121
2125
2130
2131
2131
2128
2128
2119
2117
2097
2093
2091
2088
2075
2071
2067
2065
2032
2025
2015
2011
2009
2014
2016
2015
2020
2022
2019
2023
2029
2033
2034
2038
2043
2046
2048
2044
2040
2031
2031
2036
2041
2035
2025
2022
2019
2015
2011
2009
2003
1997
1990
1976
1974
1970
1965
1960
1957
1952
1950
1944
1949
1964
1971
1975
1973
1978
1985
1993
2020
2026
2039
2048
2052
2053
2061
2065
2078
2076
2078
2083
2065
2061
2067
2066
2058
2033
2030
2028
2024
2016
2015
2012
2014
2011
2008
2006
2008
2000
1999
1996
2001
2008
2009
2014
2017
2023
2021
2021
2025
2027
2022
2020
2014
2014
2017
2021
2024
2025
2034
2040
2039
2041
2043
2043
2052
2063
2067
2064
2063
2069
2071
2073
2069
2069
2070
2066
2053
2051
2050
2047
2041
2043
2044
2047
2044
2043
2036
2034
2027
2020
2019
2016
2015
2016
2019
2018
2025
2028
2026
2029
2027
2028
2026
2022
2021
2014
2009
2009
2009
2007
2001
2002
2006
2002
1997
1997
1994
1989
1985
1987
1990
1990
1975
1967
1971
1976
1977
1986
1989
1991
1986
1988
1988
1995
2000
1999
2012
2020
2030
2043
2049
2056
2060
2063
2062
2070
2068
2069
2066
2071
2075
2075
2077
2077
2077
2069
2063
2061
2056
2049
2046
2019
2017
2015
2010
2010
2004
2000
2001
2002
2002
2005
2005
2003
2004
2006
2008
2010
2008
2004
2001
2001
2005
2009
2013
2018
2019
2005
2003
2006
2007
2013
2018
2021
2018
2014
2013
2011
2010
2015
2018
2015
2016
2015
2020
2027
2030
2033
2034
2041
2050
2059
2068
2066
2073
2073
2096
2095
2098
2099
2098
2106
2095
2094
2093
2085
2076
2069
2072
2072
2067
2057
2048
2044
2041
2039
2034
2029
2028
2017
2024
2021
2023
2019
2015
2020
2010
2007
2009
2005
2002
2003
2000
1999
1995
1987
1983
1972
1968
1960
1960
1958
1959
1960
1958
1949
1943
1960
1979
1995
2007
2018
2009
1989
1946
1921
1902
1892
1890
1890
1892
1893
1908
1917
1930
1952
1958
1971
1985
1991
1984
2020
2031
2053
2071
2091
2155
2167
2166
2156
2145
2127
2113
2097
2088
2097
2104
2112
2117
2121
2123
2123
2115
2077
2064
2053
2046
2043
2044
2047
2054
2063
2024
1993
1971
1947
1930
1918
1913
1911
1924
1919
1914
1915
1904
1910
1920
1935
1997
2011
2024
2025
2021
2031
2042
2060
2080
2098
2115
2135
2157
2156
2155
2147
2139
2132
2137
2142
2142
2139
2096
2083
2067
2052
2041
2032
2028
2032
2035
2023
2015
2008
2003
1995
1990
1995
2007
2015
2023
2037
2051
2060
2059
2060
2055
2058
2061
2066
2071
2077
2079
2071
2067
2064
2065
2065
2064
2065
2068
2065
2059
2046
2041
2035
2020
2003
1987
1950
1936
1932
1935
1924
1927
1937
1943
1960
1964
1967
1967
1970
1977
1985
1984
1985
1991
1992
1992
1991
1982
1978
1974
1978
1976
1977
1982
1987
1991
1983
1980
1981
1978
1972
1970
1962
1953
1924
1914
1903
1897
1896
1898
1903
1917
1930
1975
1979
1977
1971
1961
1948
1933
1910
1883
1799
1773
1753
1730
1707
1688
1675
1667
1687
1701
1718
1733
1824
1851
1879
1903
1934
2030
2059
2089
2130
2161
2189
2221
2243
2324
2344
2376
2402
2505
2530
2565
2599
2717
2753
2786
2812
2836
2885
2899
2910
2918
2924
2924
2925
2930
2905
2897
2875
2852
2758
2724
2685
2637
2581
2430
2362
2291
2233
2181
2116
2042
1970
1715
1675
1626
1574
1389
1341
1308
1283
1253
1164
1143
1130
1128
1126
1117
1115
1110
1089
1079
1071
1074
1101
1113
1117
1131
1149
1202
1217
1245
1270
1300
1323
1354
1390
1508
1547
1588
1623
1801
1854
1908
1963
2020
2174
2216
2263
2309
2354
2399
2440
2479
2572
2587
2592
2597
2590
2574
2558
2547
2534
2500
2482
2462
2447
2438
2429
2416
2409
2400
2373
2367
2358
2358
2359
2357
2358
2352
2307
2289
2274
2255
2141
2120
2093
2068
1985
1971
1962
1949
1934
1896
1881
1868
1861
1863
1865
1863
1853
1809
1802
1793
1782
1775
1778
1792
1810
1826
1862
1878
1901
1922
1935
1948
1963
1975
2032
2040
2052
2065
2114
2127
2134
2143
2179
2190
2200
2210
2219
2237
2244
2254
2258
2268
2279
2289
2292
2312
2320
2328
2328
2338
2343
2345
2346
2344
2345
2343
2336
2333
2292
2275
2260
2247
2226
2206
2189
2173
2154
2089
2062
2037
2017
1996
1975
1966
1961
1957
1948
1952
1954
1948
1947
1949
1945
1948
1927
1916
1901
1881
1865
1822
1808
1802
1791
1790
1784
1775
1770
1778
1781
1794
1803
1807
1811
1820
1830
1848
1881
1890
1901
1907
1909
1914
1921
1927
1935
1968
1980
1999
2022
2051
2070
2093
2119
2139
2145
2153
2161
2167
2169
2165
2162
2159
2149
2148
2135
2125
2118
2117
2109
2104
2095
2071
2071
2069
2059
2049
2044
2046
2043
2034
2027
2022
2016
1991
1977
1962
1954
1947
1911
1900
1887
1880
1874
1875
1876
1876
1861
1863
1861
1859
1867
1871
1865
1858
1841
1839
1840
1846
1850
1852
1858
1867
1877
1885
1894
1899
1905
1927
1928
1933
1942
1956
1962
1971
1986
1999
2044
2051
2055
2066
2082
2102
2117
2123
2156
2168
2174
2183
2211
2216
2222
2227
2231
2238
2246
2248
2255
2259
2253
2249
2250
2249
2249
2246
2238
2227
2217
2201
2192
2184
2144
2123
2118
2110
2096
2077
2063
2050
2037
2010
2002
1998
1998
2003
2006
2003
2015
2039
2051
2055
2062
2057
2052
2056
2066
2068
2061
2056
2053
2050
2043
2040
2030
2023
1992
1984
1976
1962
1926
1925
1916
1908
1868
1859
1847
1846
1846
1861
1867
1869
1868
1874
1885
1888
1897
1900
1905
1909
1920
1936
1932
1936
1942
1942
1946
1947
1952
1964
1974
1976
1984
1991
2020
2026
2026
2035
2053
2062
2074
2081
2114
2114
2121
2129
2133
2146
2153
2164
2182
2195
2201
2212
2217
2215
2210
2212
2212
2209
2200
2196
2192
2183
2145
2129
2120
2113
2105
2089
2082
2078
2038
2027
2015
2008
1998
1972
1969
1964
1959
1951
1947
1944
1941
1925
1920
1917
1918
1920
1920
1920
1915
1915
1912
1914
1917
1920
1919
1915
1916
1914
1944
1947
1953
1959
1964
1963
1961
1961
1967
1975
1988
1992
2003
2029
2036
2039
2046
2068
2069
2071
2078
2076
2067
2072
2071
2077
2082
2085
2095
2099
2098
2101
2103
2101
2108
2105
2106
2104
2086
2088
2082
2072
2064
2051
2044
2046
2045
2040
2036
2030
2025
2009
2006
1996
1991
1971
1972
1971
1967
1959
1940
1936
1937
1945
1949
1944
1940
1946
1942
1946
1948
1951
1960
1962
1959
1950
1954
1956
1955
1956
1955
1951
1952
1955
1958
1959
1964
1969
1969
1971
1970
1975
1976
1977
1979
1975
1977
1983
1992
1992
1996
2005
2010
2021
2030
2035
2058
2064
2070
2078
2110
2114
2117
2118
2117
2130
2131
2133
2138
2141
2144
2146
2157
2167
2161
2159
2158
2162
2165
2166
2165
2161
2156
2150
2148
2143
2125
2120
2112
2102
2094
2089
2088
2087
2067
2068
2065
2064
2055
2051
2050
2050
2044
2022
2012
2007
2004
1998
1995
1997
1998
1975
1972
1963
1962
1956
1955
1958
1960
1962
1970
1973
1975
1979
1983
1988
1991
1996
2032
2034
2032
2034
2038
2041
2044
2045
2035
2026
2016
2007
1995
1958
1951
1942
1929
1919
1909
1891
1887
1873
1863
1859
1855
1857
1865
1866
1877
1890
1916
1918
1917
1928
1935
1949
1959
1961
1978
1986
1988
1994
2011
2003
2004
2002
2000
1963
1961
1956
1951
1948
1946
1945
1946
1952
1957
1964
1972
2011
2021
2035
2046
2084
2096
2109
2120
2132
2161
2172
2177
2177
2178
2179
2181
2182
2165
2165
2164
2161
2147
2140
2138
2141
2142
2129
2127
2124
2123
2121
2117
2120
2119
2124
2124
2121
2123
2124
2127
2132
2134
2128
2124
2122
2125
2116
2083
2078
2076
2068
2058
2054
2048
2038
2006
1998
1994
1991
1976
1973
1969
1972
1973
1966
1958
1959
1963
1967
1967
1976
1976
1973
1970
1968
1962
1936
1935
1933
1930
1925
1902
1901
1897
1895
1894
1890
1883
1879
1889
1891
1894
1897
1917
1928
1933
1944
1973
1979
1989
1995
2004
2005
2013
2019
2023
2023
2031
2034
2045
2047
2051
2054
2058
2059
2060
2056
2055
2058
2050
2046
2046
2052
2060
2053
2047
2040
2028
2029
2025
2025
2040
2044
2052
2058
2056
2050
2055
2060
2066
2066
2069
2068
2069
2069
2069
2071
2062
2062
2062
2068
2075
2064
2056
2045
2025
2012
1992
1993
2004
2013
2023
2031
2037
2034
2026
2031
2037
2040
2067
2074
2082
2091
2105
2114
2123
2133
2137
2168
2181
2186
2186
2181
2174
2166
2157
2089
2077
2076
2068
2055
2052
2046
2038
2031
2016
2003
1985
1977
1970
1965
1957
1960
1945
1935
1926
1918
1913
1920
1925
1937
1930
1931
1929
1929
1935
1951
1949
1958
1962
1963
1971
1980
1984
1992
1994
1992
1995
1985
1988
1999
2002
2004
1985
1982
1982
1984
1986
1979
1979
1990
2014
2019
2015
2006
1981
1986
1987
1991
1999
2017
2018
2020
2024
2027
2029
2033
2030
2025
2027
2023
2025
2019
2012
2016
2016
2023
2025
2027
2036
2048
2049
2051
2047
2045
2042
2042
2041
2045
2046
2042
2040
2043
2037
2030
2031
2022
2027
2033
2039
2041
2046
2057
2091
2099
2097
2103
2103
2100
2097
2089
2086
2074
2069
2069
2063
2033
2026
2017
2007
1948
1932
1928
1926
1925
1914
1910
1902
1894
1887
1879
1876
1879
1892
1892
1886
1881
1871
1863
1854
1851
1840
1839
1846
1852
1868
1901
1917
1925
1940
1948
1964
1975
1986
2024
2037
2045
2056
2097
2106
2115
2124
2139
2180
2195
2205
2216
2228
2240
2248
2263
2307
2328
2346
2361
2438
2457
2473
2485
2534
2544
2552
2548
2546
2524
2513
2501
2494
2485
2471
2465
2465
2450
2443
2433
2421
2609
2582
2478
2385
2313
2024
1987
1927
1887
1877
1890
1936
1962
1943
1871
1818
1823
1675
1704
1703
1690
1711
1760
1734
1759
1814
1823
1811
1826
1857
2020
2058
2056
2046
1889
1822
1763
1707
1579
1562
1556
1554
1552
1509
1488
1459
1419
1373
1330
1312
1303
1322
1328
1331
1330
1337
1362
1402
1446
1494
1614
1639
1646
1656
1669
1672
1669
1674
1796
1841
1882
1921
2015
2024
2042
2069
2143
2167
2190
2214
2249
2290
2275
2259
2227
2184
2150
2150
2159
2261
2292
2316
2342
2363
2369
2372
2367
2368
2399
2406
2422
2426
2415
2393
2381
2369
2290
2282
2275
2282
2258
2248
2242
2231
2240
2245
2251
2261
2267
2255
2248
2233
2221
2213
2201
2197
2184
2126
2110
2087
2060
1947
1935
1937
1947
1962
2011
2031
2049
2069
2086
2106
2116
2123
2187
2201
2218
2227
2209
2185
2160
2138
2058
2048
2032
2014
1998
1943
1916
1887
1865
1844
1830
1823
1821
1869
1884
1898
1909
1942
1957
1978
2003
2042
2155
2179
2193
2199
2202
2203
2199
2198
2164
2161
2173
2178
2165
2158
2153
2150
2096
2085
2071
2052
2038
1976
1956
1938
1919
1901
1886
1868
1857
1834
1834
1825
1820
1796
1789
1791
1795
1803
1813
1821
1818
1820
1818
1819
1824
1827
1853
1870
1890
1902
1915
1918
1908
1906
1910
1923
1936
1955
1973
1990
2009
2026
2035
2029
2030
2036
2050
2096
2110
2124
2128
2121
2122
2128
2138
2142
2164
2164
2165
2171
2175
2174
2167
2165
2151
2149
2159
2155
2133
2122
2108
2099
2087
2060
2049
2038
2027
2006
1989
1970
1953
1885
1870
1854
1842
1795
1789
1779
1769
1767
1766
1774
1781
1785
1826
1843
1853
1864
1868
1879
1897
1910
1967
1984
1998
2007
2028
2031
2036
2040
2044
2052
2065
2072
2074
2075
2076
2073
2072
2056
2055
2061
2056
2055
2055
2057
2059
2060
2087
2097
2110
2126
2143
2153
2171
2186
2224
2234
2244
2257
2296
2302
2309
2317
2311
2300
2286
2276
2276
2226
2217
2203
2177
2154
2141
2123
2108
2042
2022
2010
2002
1972
1965
1962
1961
1963
1980
1983
1991
1992
1988
1987
1985
1985
1970
1957
1950
1944
1928
1920
1913
1910
1915
1914
1910
1910
1907
1917
1919
1923
1929
1929
1934
1941
1942
1961
1972
1980
1988
2025
2038
2048
2058
2066
2084
2092
2101
2108
2116
2124
2129
2139
2145
2147
2146
2138
2110
2099
2085
2080
2068
2032
2023
2011
1997
1993
1987
1973
1957
1911
1899
1894
1891
1873
1876
1878
1875
1870
1870
1874
1877
1879
1896
1907
1909
1915
1921
1923
1926
1928
1962
1970
1980
1989
2036
2049
2052
2054
2064
2076
2077
2088
2092
2090
2095
2092
2087
2074
2065
2061
2049
2040
2042
2052
2055
2055
2051
2056
2057
2057
2057
2058
2059
2066
2077
2083
2090
2101
2113
2123
2132
2129
2131
2163
2162
2168
2173
2175
2178
2180
2176
2173
2151
2141
2130
2126
2121
2110
2103
2093
2040
2034
2024
2018
1986
1976
1968
1967
1959
1961
1967
1971
1976
1991
1999
2008
2019
2032
2034
2029
2029
2036
2034
2028
2025
2006
1999
1991
1984
1972
1950
1946
1934
1925
1921
1918
1909
1898
1876
1880
1884
1886
1910
1912
1920
1921
1928
1939
1950
1958
1967
1980
1989
1995
2004
2016
2013
2016
2028
2030
2034
2034
2036
2037
2030
2028
2030
2033
2020
2022
2022
2021
2021
2019
2021
2018
2023
2025
2025
2030
2043
2051
2058
2066
2073
2077
2082
2085
2086
2090
2089
2094
2098
2117
2121
2124
2128
2148
2147
2143
2146
2154
2181
2186
2188
2194
2195
2196
2196
2190
2167
2158
2155
2150
2133
2123
2119
2114
2073
2067
2063
2058
2055
2051
2041
2034
2030
2028
2024
2024
2018
2004
2006
2008
2005
1975
1970
1963
1959
1955
1955
1950
1942
1936
1927
1915
1908
1901
1876
1875
1869
1871
1855
1856
1863
1862
1862
1866
1875
1877
1875
1877
1881
1886
1895
1918
1923
1935
1941
1965
1972
1984
1991
1999
2001
2009
2014
2011
2001
2002
2002
2001
1999
1996
1992
1992
1978
1975
1977
1975
1961
1962
1964
1965
1974
1990
1996
2001
2004
2013
2013
2017
2023
2046
2047
2053
2061
2091
2098
2099
2107
2111
2120
2124
2127
2125
2129
2133
2130
2126
2137
2146
2147
2152
2153
2151
2150
2155
2165
2164
2162
2168
2167
2160
2155
2153
2148
2144
2143
2144
2144
2132
2124
2125
2132
2109
2101
2095
2096
2088
2082
2080
2072
2059
2048
2046
2041
2041
2034
2031
2030
2024
2016
2014
2012
2009
2004
1999
1992
1989
1982
1960
1955
1952
1949
1946
1940
1939
1943
1942
1943
1936
1931
1918
1921
1927
1930
1934
1942
1942
1946
1948
1954
1951
1953
1955
1916
1883
1884
1868
1843
1845
1864
1901
1926
1979
2011
2001
1966
1969
1990
1969
1936
1928
1926
1946
1967
2023
2023
2022
2035
2052
2065
2070
2076
2099
2127
2133
2140
2143
2129
2106
2090
2078
2058
2060
2068
2082
2066
2046
2028
2008
1993
1950
1945
1952
1963
1966
1965
1964
1963
1946
1947
1959
1977
2032
2032
2025
2012
2006
1993
1992
2000
2015
2031
2041
2057
2069
2065
2058
2064
2065
2121
2136
2147
2160
2166
2156
2149
2151
2159
2177
2183
2192
2196
2192
2185
2177
2161
2105
2101
2107
2112
2140
2148
2149
2148
2153
2171
2181
2188
2196
2205
2208
2202
2190
2116
2101
2091
2085
2055
2042
2021
2002
1982
1921
1908
1899
1891
1883
1878
1871
1863
1794
1785
1774
1763
1728
1727
1724
1722
1699
1699
1706
1715
1726
1750
1755
1752
1762
1769
1784
1792
1799
1854
1879
1901
1921
1987
1994
1995
2008
2018
2038
2042
2039
2039
2034
2032
2022
2012
1991
1981
1969
1959
1844
1817
1781
1743
1632
1617
1620
1620
1606
1593
1589
1581
1578
1569
1562
1545
1533
1538
1553
1567
1580
1731
1782
1849
1920
1988
2204
2281
2357
2431
2501
2566
2630
2685
2905
2959
3016
3076
3326
3393
3463
3528
3587
3783
3788
3777
3796
3805
3785
3774
3774
3775
3799
3802
3775
3723
3660
3613
3589
3543
3322
3240
3135
3031
2932
2839
2729
2610
2199
2089
2002
1912
1519
1409
1313
1231
857
759
664
564
463
213
164
152
145
140
143
144
141
133
137
139
141
165
181
201
224
256
394
451
507
569
639
717
802
878
1173
1227
1279
1314
1476
1520
1565
1610
1673
1833
1889
1937
1980
2016
2051
2091
2125
2249
2268
2283
2296
2315
2311
2322
2333
2373
2388
2401
2418
2427
2449
2463
2473
2474
2477
2488
2507
2525
2549
2546
2547
2561
2593
2597
2605
2620
2620
2596
2576
2550
2531
2513
2493
2473
2448
2343
2313
2288
2266
2155
2137
2112
2095
2077
2014
1991
1965
1939
1911
1895
1884
1877
1834
1823
1814
1812
1818
1829
1848
1867
1890
1945
1965
1993
2019
2040
2063
2089
2120
2214
2256
2303
2347
2388
2422
2449
2481
2512
2589
2622
2650
2674
2704
2721
2744
2764
2781
2830
2842
2849
2866
2882
2905
2921
2920
2912
2901
2889
2875
2800
2779
2741
2711
2679
2547
2496
2442
2381
2332
2283
2234
2185
1991
1937
1881
1832
1641
1601
1564
1524
1402
1374
1356
1336
1308
1233
1205
1190
1172
1162
1153
1154
1159
1221
1244
1265
1292
1395
1413
1436
1461
1493
1590
1637
1672
1707
1733
1766
1801
1833
1959
1983
2004
2025
2057
2062
2059
2063
2065
2056
2049
2050
2051
2049
2037
2037
2037
2010
2005
1995
1990
1935
1921
1903
1894
1864
1863
1875
1881
1883
1880
1879
1881
1892
1897
1901
1908
1925
1980
1997
2000
2002
2025
2026
2030
2031
2027
2054
2058
2048
2046
2050
2049
2048
2045
2030
2035
2047
2047
2062
2075
2088
2096
2119
2134
2144
2145
2149
2147
2147
2144
2151
2143
2148
2148
2149
2130
2131
2133
2127
2113
2111
2117
2125
2126
2108
2113
2106
2114
2117
2115
2118
2121
2149
2152
2162
2173
2197
2204
2206
2211
2223
2247
2254
2259
2262
2263
2268
2275
2277
2298
2295
2290
2287
2253
2238
2225
2210
2158
2147
2126
2104
2075
2006
1987
1965
1944
1919
1903
1883
1864
1776
1759
1737
1713
1639
1622
1612
1605
1597
1560
1554
1556
1555
1555
1556
1560
1563
1595
1604
1617
1627
1677
1691
1703
1717
1736
1793
1811
1828
1854
1881
1907
1932
1961
2057
2075
2093
2111
2205
2226
2248
2273
2370
2383
2393
2417
2437
2484
2501
2521
2534
2546
2567
2578
2589
2580
2579
2584
2582
2574
2542
2533
2518
2503
2480
2454
2439
2424
2379
2365
2345
2322
2305
2279
2256
2231
2210
2144
2123
2097
2075
2055
2037
2010
1989
1966
1898
1881
1861
1848
1833
1818
1797
1786
1752
1742
1734
1725
1703
1704
1703
1705
1707
1710
1712
1708
1705
1699
1695
1700
1714
1697
1701
1715
1722
1736
1741
1754
1767
1807
1818
1823
1834
1850
1879
1885
1896
1909
1922
1931
1936
1950
1993
1995
1996
2004
2010
2015
2022
2033
2037
2062
2069
2072
2083
2094
2094
2096
2100
2119
2124
2138
2137
2142
2139
2132
2127
2126
2127
2133
2134
2140
2141
2141
2138
2137
2122
2128
2131
2136
2127
2121
2117
2117
2100
2097
2094
2085
2082
2067
2062
2058
2058
2053
2041
2031
2020
1989
1992
1992
1990
1965
1961
1959
1960
1960
1957
1963
1967
1967
1974
1978
1981
1981
1995
2002
2018
2021
2040
2046
2053
2060
2067
2088
2092
2101
2110
2117
2122
2123
2122
2130
2131
2128
2125
2118
2127
2124
2120
2117
2114
2114
2106
2103
2096
2096
2094
2087
2063
2057
2055
2044
2020
2011
2004
1995
1967
1961
1957
1958
1962
1940
1938
1932
1928
1924
1922
1922
1924
1928
1925
1931
1932
1925
1925
1929
1934
1941
1938
1934
1943
1953
1959
1962
1970
1975
1995
2000
2001
2009
2038
2047
2050
2051
2054
2069
2070
2070
2076
2086
2085
2086
2089
2093
2095
2093
2092
2076
2075
2071
2070
2057
2052
2048
2046
2044
2033
2029
2022
2016
2016
2021
2017
2009
1999
1998
1994
1989
1999
2005
2007
2009
2013
2031
2030
2032
2036
2035
2031
2028
2032
2048
2049
2043
2043
2014
2007
2006
2002
1995
1982
1975
1977
1980
1981
1982
1980
1975
1985
1986
1988
1997
2009
2011
2010
2013
2012
2016
2021
2025
2032
2041
2037
2044
2048
2053
2060
2066
2069
2077
2081
2079
2075
2061
2063
2066
2062
2061
2063
2061
2057
2054
2052
2050
2044
2046
2044
2048
2048
2046
2037
2038
2042
2040
2044
2049
2052
2056
2059
2040
2035
2032
2034
2035
2043
2044
2040
2024
2023
2023
2019
2006
2012
2020
1916
1725
1702
1751
1803
1897
1987
2024
2053
2121
2009
2000
1996
1984
2061
2025
2036
2068
2085
2099
2087
2082
2091
2089
2092
2113
2147
2176
2188
2175
2172
2129
2157
2166
2165
2131
2123
2133
2145
2136
2088
2092
2100
2102
2088
2054
2024
2015
2066
2087
2087
2074
2009
1992
1986
1979
1969
1990
2015
2040
2068
2081
2072
2038
1998
1839
1833
1845
1876
1955
1966
1975
1973
1973
1914
1885
1865
1867
1883
1909
1936
1949
1829
1798
1773
1764
1800
1815
1835
1844
1843
1823
1806
1793
1797
1801
1809
1833
1869
2014
2028
2036
2029
2004
2010
2016
2027
2008
1973
1933
1898
1873
1878
1897
1921
1942
1959
1988
2014
2035
2078
2092
2111
2141
2248
2269
2280
2288
2282
2240
2225
2217
2217
2225
2238
2263
2294
2427
2447
2462
2478
2501
2502
2503
2500
2393
2354
2308
2263
2225
2119
2090
2059
2028
1998
1956
1917
1882
1725
1697
1676
1655
1564
1546
1530
1506
1486
1468
1461
1465
1472
1477
1485
1494
1513
1605
1627
1649
1671
1799
1841
1889
1929
1975
2098
2132
2162
2205
2250
2300
2352
2397
2548
2572
2587
2590
2587
2579
2563
2537
2376
2327
2282
2239
2209
2126
2098
2066
2039
2010
1981
1945
1910
1769
1730
1702
1674
1591
1572
1564
1549
1531
1519
1526
1527
1535
1556
1580
1609
1632
1786
1830
1879
1933
2128
2169
2211
2256
2301
2428
2458
2486
2519
2554
2586
2613
2631
2724
2752
2783
2814
2942
2974
2997
3022
3072
3068
3059
3046
3039
2975
2954
2925
2897
2864
2826
2782
2729
2523
2463
2411
2352
2116
2057
2000
1938
1771
1354
1216
1082
1023
999
958
909
900
842
833
850
828
879
886
894
930
960
984
1008
1030
1062
1106
1169
1224
1263
1439
1472
1519
1583
1752
1801
1836
1877
1923
2018
2049
2089
2138
2191
2225
2257
2282
2343
2363
2371
2373
2366
2361
2354
2357
2356
2370
2364
2355
2337
2309
2265
2224
2178
2141
2004
1974
1952
1933
1916
1894
1874
1843
1689
1645
1615
1594
1529
1520
1514
1518
1518
1540
1558
1564
1573
1588
1605
1622
1645
1729
1747
1763
1774
1832
1848
1869
1885
1936
1943
1960
1983
2005
2048
2068
2090
2118
2159
2194
2226
2260
2397
2425
2457
2489
2632
2654
2661
2651
2648
2607
2607
2604
2609
2618
2633
2646
2646
2630
2630
2629
2644
2691
2702
2717
2720
2718
2729
2726
2719
2709
2698
2683
2672
2656
2610
2606
2601
2583
2554
2550
2537
2524
2468
2449
2432
2420
2389
2288
2246
2216
2201
2175
2145
2107
2079
1951
1934
1898
1867
1780
1753
1727
1701
1668
1587
1561
1535
1528
1522
1504
1510
1520
1533
1527
1529
1527
1521
1534
1546
1554
1569
1594
1601
1614
1629
1627
1634
1652
1673
1737
1763
1786
1811
1903
1930
1957
1977
2066
2082
2103
2118
2127
2143
2147
2155
2162
2168
2172
2173
2167
2136
2114
2090
2068
1967
1941
1919
1891
1857
1765
1734
1704
1675
1649
1621
1589
1571
1479
1464
1447
1428
1374
1367
1368
1363
1371
1405
1420
1429
1437
1453
1473
1494
1515
1601
1621
1648
1673
1787
1817
1863
1903
2074
2116
2159
2201
2243
2361
2393
2424
2453
2483
2514
2544
2577
2679
2701
2713
2707
2739
2749
2745
2738
2735
2697
2668
2645
2619
2601
2582
2568
2542
2428
2409
2391
2362
2270
2233
2207
2187
2166
2069
2056
2030
1979
1945
1931
1914
1877
1769
1753
1737
1718
1663
1667
1668
1667
1685
1697
1693
1701
1716
1756
1766
1780
1798
1812
1824
1837
1855
1916
1933
1953
1977
2039
2052
2070
2086
2100
2145
2161
2170
2178
2185
2192
2207
2211
2207
2211
2213
2211
2186
2178
2165
2157
2145
2107
2098
2088
2076
2060
2057
2047
2033
2017
2016
2018
2022
2015
2013
2009
2013
2013
2014
2015
2018
2025
2046
2043
2057
2067
2070
2071
2076
2085
2121
2132
2146
2161
2191
2199
2205
2209
2214
2218
2214
2213
2217
2218
2214
2205
2203
2184
2183
2181
2177
2149
2147
2150
2152
2150
2125
2116
2105
2095
2088
2075
2065
2050
2011
1996
1981
1965
1917
1905
1889
1881
1867
1858
1853
1847
1845
1830
1826
1830
1827
1818
1816
1816
1809
1795
1796
1799
1802
1800
1805
1805
1809
1809
1815
1814
1812
1820
1825
1833
1843
1849
1885
1894
1905
1912
1946
1954
1961
1974
1983
1988
1993
1989
1988
1986
1988
1990
1990
1969
1962
1956
1957
1976
1976
1978
1978
1978
1968
1975
1979
1984
1984
1985
1990
1997
1991
1995
2000
2003
2022
2025
2031
2043
2068
2075
2087
2101
2109
2130
2136
2141
2144
2143
2143
2145
2150
2165
2166
2169
2165
2157
2155
2152
2149
2143
2146
2149
2153
2154
2149
2146
2146
2149
2135
2130
2127
2128
2116
2114
2113
2113
2107
2098
2093
2091
2088
2086
2082
2080
2085
2087
2084
2082
2089
2098
2093
2098
2101
2101
2102