2113
2117
2124
2132
2135
2140
2149
2150
2152
2154
2151
2158
2154
2153
2156
2157
2145
2143
2143
2144
2144
2143
2145
2143
2152
2158
2164
2169
2163
2166
2173
2178
2182
2163
2153
2147
2137
2117
2110
2105
2093
2083
2078
2072
2067
2065
2024
2007
1994
1980
1973
1959
1950
1942
1885
1883
1880
1873
1856
1855
1854
1860
1864
1877
1879
1890
1898
1908
1914
1919
1931
1947
1948
1950
1949
1953
1953
1961
1961
1951
1945
1941
1938
1945
1944
1949
1960
1969
1972
1979
1985
1997
2013
2019
2027
2031
2039
2038
2042
2046
2049
2050
2041
2027
2018
2014
2011
2009
2005
2006
2004
2008
2018
2059
2071
2076
2086
2099
2096
2098
2098
2092
2096
2094
2089
2091
2088
2086
2083
2081
2058
2052
2049
2049
2041
2045
2040
2033
2031
2032
2032
2028
2028
2025
2024
2019
2023
2031
2032
2029
2028
2030
2029
2034
2035
2036
2028
2027
2027
2028
2029
2029
2031
2038
2032
2023
2020
2019
2011
2006
2001
2002
2013
2016
2019
2018
2026
2025
2031
2030
2032
2036
2039
2038
2036
2039
2038
2037
2036
2015
2008
2012
2012
2012
2008
2004
2004
2010
2009
2007
2007
2006
1999
1998
2004
2008
2017
2018
2012
2008
2006
1988
1983
1983
1976
1963
1959
1950
1943
1923
1924
1921
1921
1931
1929
1939
1935
1954
1964
1975
1991
2006
2012
2015
2028
2030
2035
2038
2050
2057
2091
2099
2103
2105
2117
2121
2131
2138
2139
2152
2152
2153
2154
2152
2141
2138
2135
2099
2094
2102
2100
2104
2105
2101
2103
2123
2128
2124
2122
2124
2123
2113
2109
2114
2118
2113
2118
2122
2105
2099
2095
2090
2054
2047
2047
2044
2041
2014
2004
1992
1980
1970
1966
1964
1965
1937
1935
1933
1931
1922
1917
1914
1907
1904
1905
1906
1901
1895
1893
1890
1893
1895
1879
1881
1889
1895
1903
1905
1911
1918
1927
1934
1940
1949
1952
1963
1968
1978
1978
1977
1981
1987
1995
2014
2009
2022
2033
2058
2059
2067
2070
2073
2081
2077
2075
2078
2076
2071
2067
2062
2059
2055
2053
2056
2040
2033
2029
2029
2005
2004
1999
1993
1997
1979
1974
1967
1958
1952
1949
1949
1947
1909
1896
1881
1866
1787
1764
1738
1720
1699
1655
1648
1649
1645
1639
1640
1648
1660
1667
1671
1672
1668
1640
1641
1640
1642
1665
1677
1692
1706
1730
1825
1856
1889
1931
1968
2004
2047
2091
2303
2361
2412
2467
2682
2726
2776
2831
2883
3033
3077
3123
3167
3201
3234
3273
3315
3000
2912
2827
2943
3097
3227
3320
3264
3347
3265
3315
3445
3462
3521
3509
3470
3448
3440
3404
3334
3278
3143
3084
3040
2984
2715
2636
2538
2439
2374
2155
2081
2018
1940
1853
1759
1684
1637
1458
1388
1330
1297
1002
928
864
811
734
695
669
646
604
423
364
302
273
273
281
300
323
294
278
252
231
193
195
202
212
213
273
307
348
397
451
496
537
590
797
837
848
870
1028
1078
1126
1171
1378
1426
1467
1510
1553
1743
1829
1908
1997
2084
2149
2217
2282
2527
2593
2666
2727
2937
2978
3022
3066
3108
3165
3176
3175
3179
3182
3181
3172
3163
3130
3125
3105
3074
2960
2929
2901
2876
2787
2771
2741
2712
2684
2522
2451
2397
2348
2292
2257
2231
2199
2120
2110
2113
2118
2108
2117
2128
2134
2141
2173
2188
2203
2211
2219
2222
2229
2251
2318
2342
2358
2376
2471
2494
2523
2554
2662
2685
2702
2728
2751
2798
2812
2824
2839
2861
2885
2903
2913
2907
2899
2887
2877
2806
2788
2774
2754
2734
2668
2634
2592
2549
2512
2468
2423
2381
2248
2204
2174
2127
1951
1896
1851
1821
1787
1652
1622
1573
1535
1507
1479
1451
1423
1369
1340
1315
1306
1290
1261
1243
1226
1208
1154
1152
1156
1154
1169
1178
1176
1185
1198
1217
1241
1270
1287
1301
1336
1372
1404
1482
1485
1490
1510
1555
1580
1588
1586
1592
1608
1603
1617
1625
1617
1615
1625
1633
1645
1670
1679
1677
1724
1748
1773
1792
1898
1920
1941
1974
2007
2061
2074
2084
2091
2107
2128
2135
2134
2152
2155
2167
2175
2188
2193
2196
2207
2210
2198
2189
2174
2171
2163
2147
2143
2135
2078
2072
2073
2066
1990
1984
1976
1967
1925
1912
1908
1898
1898
1880
1881
1884
1881
1879
1884
1893
1896
1908
1907
1909
1921
1969
1983
2006
2015
2020
2076
2096
2116
2131
2158
2180
2188
2213
2305
2329
2348
2363
2423
2439
2449
2461
2469
2470
2475
2473
2480
2491
2492
2495
2497
2485
2478
2476
2469
2428
2420
2407
2398
2352
2339
2316
2301
2283
2211
2186
2155
2132
2109
2090
2062
2037
1928
1906
1890
1868
1768
1750
1734
1719
1704
1681
1671
1656
1647
1640
1629
1625
1626
1640
1642
1647
1655
1716
1732
1745
1761
1775
1826
1845
1860
1880
1894
1911
1926
1941
1988
2002
2013
2027
2032
2039
2044
2052
2063
2085
2096
2108
2117
2127
2142
2151
2170
2184
2205
2209
2208
2208
2213
2214
2219
2229
2245
2250
2256
2260
2245
2245
2245
2232
2225
2209
2202
2197
2190
2178
2172
2166
2163
2146
2141
2139
2141
2132
2128
2125
2124
2127
2124
2124
2123
2117
2101
2091
2077
2070
2067
2056
2042
2033
1987
1973
1958
1953
1916
1905
1890
1883
1869
1825
1815
1802
1793
1790
1789
1787
1780
1774
1777
1779
1778
1784
1792
1794
1797
1805
1819
1825
1832
1844
1847
1853
1856
1856
1879
1891
1903
1914
1940
1950
1954
1960
1985
1989
1991
1996
2005
2021
2032
2043
2055
2066
2072
2075
2081
2103
2106
2109
2112
2108
2113
2112
2112
2110
2094
2086
2085
2081
2073
2069
2074
2069
2053
2044
2035
2024
1985
1976
1971
1968
1937
1933
1937
1935
1934
1937
1936
1935
1940
1936
1936
1941
1944
1983
1989
2007
2010
2046
2054
2055
2061
2066
2085
2091
2097
2105
2116
2122
2127
2131
2158
2166
2172
2175
2205
2206
2212
2221
2229
2227
2226
2226
2227
2224
2221
2215
2209
2196
2186
2178
2173
2167
2147
2141
2138
2131
2106
2101
2091
2080
2075
2072
2069
2072
2068
2049
2044
2039
2038
2035
2024
2018
2011
2003
2004
2004
2004
1972
1961
1959
1958
1953
1947
1950
1957
1957
1962
1965
1963
1965
1972
1971
1968
1973
1972
1971
1970
1969
1957
1965
1970
1971
1971
1970
1973
1977
1981
1986
1987
1991
1996
2008
2011
2020
2021
2026
2025
2031
2027
2026
2038
2025
2015
2017
2019
2019
2021
2029
2008
2010
2006
2005
1988
1994
1996
1994
1983
1977
1964
1961
1964
1942
1951
1953
1952
1956
1954
1954
1965
1973
1982
1984
1985
1985
1990
2000
2008
2005
2000
1994
1993
1996
2001
2006
2001
2002
1991
1992
1993
1992
2004
2006
2011
2017
2020
2022
2024
2021
2020
2021
2013
2012
2011
2017
2018
2018
2021
2023
2026
2032
2034
2057
2063
2069
2074
2080
2093
2091
2094
2099
2105
2113
2115
2120
2132
2129
2123
2124
2127
2130
2127
2120
2120
2109
2102
2102
2104
2107
2101
2101
2102
2087
2086
2086
2084
2066
2061
2059
2046
2020
2017
2014
2011
2007
1988
1986
1987
1989
1991
1996
1997
1991
1980
1985
1993
1996
1990
1986
1985
1985
1985
1986
1985
1989
1993
1996
1998
1996
1993
2004
2004
2003
2000
1999
2000
1999
1993
1997
1998
1997
1993
1991
1994
1994
1995
2003
2006
2009
2014
2022
2028
2029
2035
2039
2048
2048
2050
2047
2051
2051
2048
2044
2041
2039
2037
2040
2038
2026
2021
2022
2022
2021
2020
2016
2015
1988
1984
1982
1972
1966
1962
1962
1966
1972
1972
1975
1974
1978
1985
1981
1981
1984
1903
1841
1786
1748
1736
1826
1881
1934
1986
2039
2079
2115
2138
2171
2169
2166
2161
2231
2259
2265
2248
2127
2122
2119
2125
2142
2168
2162
2162
2157
2148
2138
2119
2093
2055
2053
2062
2073
2084
2079
2072
2065
2053
2049
2064
2080
2101
2102
2095
2082
2063
1984
1984
1988
1998
2042
2058
2071
2080
2087
2026
2005
1989
1976
1961
1957
1948
1945
1906
1904
1904
1912
1986
1999
2009
2018
1964
1931
1896
1863
1831
1790
1795
1810
1829
1837
1847
1858
1860
1912
1936
1964
1997
2103
2122
2137
2147
2148
2146
2153
2159
2168
2182
2186
2182
2175
2097
2076
2067
2059
2022
2019
2019
2020
2024
2039
2059
2082
2104
2130
2153
2179
2199
2189
2179
2156
2128
2016
1982
1950
1918
1806
1786
1770
1765
1766
1765
1772
1781
1791
1792
1779
1782
1782
1775
1777
1779
1796
1796
1797
1793
1792
1787
1788
1806
1821
1837
1863
1894
1914
1931
1988
2008
2024
2036
2065
2065
2055
2045
1951
1921
1896
1876
1858
1846
1843
1847
1858
1877
1896
1914
1944
2063
2099
2130
2150
2150
2136
2123
2107
2100
2100
2110
2125
2134
2137
2143
2151
2166
2220
2235
2255
2274
2386
2420
2457
2494
2668
2714
2761
2813
2860
2961
3004
3039
3073
3104
3143
3174
3205
3304
3314
3313
3317
3308
3296
3279
3262
3242
3165
3131
3088
3032
2976
2921
2860
2787
2475
2394
2310
2227
1916
1840
1771
1700
1631
1423
1365
1301
1238
1179
1111
1045
984
727
659
594
527
262
211
172
158
153
147
154
160
165
174
189
205
231
356
409
475
548
619
698
769
846
919
1119
1181
1240
1304
1367
1430
1483
1542
1596
1748
1800
1851
1897
1948
1999
2050
2099
2316
2364
2416
2469
2586
2609
2628
2637
2704
2716
2728
2727
2727
2709
2706
2704
2703
2698
2699
2697
2690
2611
2587
2553
2517
2351
2299
2251
2198
2145
1968
1910
1859
1805
1757
1716
1678
1643
1534
1514
1496
1484
1472
1481
1492
1502
1518
1590
1631
1676
1721
1762
1800
1846
1892
2075
2120
2167
2210
2356
2391
2432
2466
2598
2633
2664
2687
2723
2811
2834
2855
2877
2891
2903
2919
2932
2969
2982
2989
3003
3018
3023
3027
3030
3034
3028
3026
3014
3008
2992
2969
2949
2916
2772
2731
2690
2648
2476
2426
2382
2337
2162
2122
2082
2048
2013
1905
1868
1830
1800
1769
1730
1696
1665
1507
1472
1445
1417
1301
1273
1243
1216
1199
1172
1165
1167
1171
1175
1181
1195
1210
1282
1305
1336
1366
1479
1514
1552
1594
1643
1774
1815
1860
1903
1944
1985
2025
2061
2195
2229
2263
2298
2361
2377
2391
2404
2411
2411
2403
2398
2391
2370
2360
2346
2329
2314
2288
2275
2255
2173
2157
2140
2123
2014
1991
1961
1937
1912
1837
1820
1803
1781
1757
1738
1722
1705
1653
1635
1622
1603
1529
1514
1506
1502
1472
1468
1465
1466
1461
1468
1472
1480
1493
1499
1507
1518
1539
1617
1640
1661
1685
1786
1818
1845
1875
1907
2004
2036
2067
2099
2126
2143
2162
2180
2251
2268
2282
2295
2338
2352
2361
2368
2380
2415
2424
2428
2435
2440
2445
2440
2442
2439
2432
2421
2402
2325
2308
2290
2273
2184
2164
2143
2122
2100
2044
2030
2018
1999
1990
1983
1972
1965
1947
1945
1943
1944
1939
1944
1951
1960
1963
1969
1977
1979
1979
1975
1975
1973
1975
1974
1971
1971
1975
1966
1969
1971
1965
1959
1962
1958
1955
1949
1947
1953
1957
1963
1985
1987
1994
2006
2052
2071
2090
2102
2158
2165
2181
2195
2212
2252
2258
2269
2278
2286
2292
2295
2292
2299
2296
2299
2300
2280
2276
2270
2263
2255
2238
2222
2213
2206
2198
2185
2174
2159
2074
2059
2049
2030
1978
1972
1959
1955
1947
1929
1930
1942
1949
1960
1974
1985
2000
2020
2022
2023
2022
1968
1947
1927
1911
1836
1819
1806
1797
1779
1738
1737
1734
1736
1737
1743
1758
1775
1832
1848
1864
1875
1941
1958
1974
1985
1995
1997
1998
2002
2005
2010
2012
2015
2019
2026
2034
2029
2034
2064
2072
2086
2103
2107
2130
2135
2138
2138
2136
2140
2142
2148
2139
2122
2115
2110
2076
2065
2052
2048
2039
2025
2016
2011
2013
2018
2020
2026
2027
2031
2034
2039
2037
2033
2026
2018
2012
2013
2005
2002
1993
1986
1977
1966
1960
1951
1943
1930
1927
1925
1930
1930
1932
1933
1931
1934
1939
1940
1939
1936
1941
1940
1938
1944
1943
1949
1949
1949
1948
1951
1951
1957
1973
1973
1983
1989
2007
2008
2008
2004
2009
2011
2018
2027
2038
2067
2067
2073
2081
2083
2087
2092
2101
2113
2110
2105
2108
2097
2099
2096
2097
2097
2087
2084
2077
2080
2084
2082
2077
2079
2053
2042
2037
2036
2024
2024
2031
2033
2048
2065
2073
2073
2085
2112
2117
2117
2118
2120
2114
2108
2103
2075
2069
2056
2052
2031
2026
2020
2022
2018
2023
2027
2031
2039
2044
2050
2054
2059
2089
2099
2118
2130
2143
2141
2140
2139
2142
2127
2124
2119
2114
2111
2105
2100
2086
2066
2062
2060
2059
2039
2035
2027
2019
2006
2005
1999
1996
2001
1997
2001
1998
1995
1992
1991
1989
1989
1963
1952
1943
1936
1930
1928
1923
1921
1913
1906
1909
1903
1905
1906
1902
1899
1892
1876
1867
1864
1864
1857
1858
1863
1856
1867
1874
1879
1883
1893
1904
1915
1917
1926
1966
1976
1984
1993
2016
2018
2024
2035
2051
2055
2058
2055
2057
2046
2050
2048
2048
2050
2050
2055
2060
2063
2066
2066
2071
2084
2088
2091
2108
2123
2122
2124
2130
2136
2130
2133
2136
2138
2131
2130
2121
2114
2101
2090
2083
2080
2083
2087
2086
2087
2089
2087
2085
2090
2094
2085
2079
2081
2080
2078
2075
2075
2074
2071
2055
2055
2049
2049
2051
2053
2053
2050
2048
2025
2028
2021
2013
2013
2014
2018
2025
2010
2008
2004
2002
1998
1995
1998
2002
2006
2016
2021
2024
2027
2033
2030
2028
2024
2005
2007
2006
1999
1992
1988
1980
1976
1959
1958
1956
1955
1955
1967
1973
1971
1974
1983
1993
2001
2016
2048
2051
2051
2050
2060
2058
2054
2053
2051
2032
2027
2019
2014
2012
2006
2004
2005
1987
1982
1984
1993
1971
1966
1963
1967
1973
1976
1973
1977
1977
1978
1987
1987
1991
1992
1994
1991
1991
1999
1998
1997
2005
2004
2008
2016
2017
2018
2019
2017
2027
2034
2032
2037
2046
2054
2057
2060
2063
2067
2065
2068
2074
2078
2080
2085
2099
2102
2106
2107
2102
2104
2102
2120
2116
2116
2119
2118
2118
2116
2113
2118
2099
2095
2089
2084
2079
2073
2063
2061
2038
2036
2033
2031
2023
2019
2020
2020
2016
2009
2008
2012
2012
2013
2009
2012
2016
2016
1993
1995
1985
1979
1974
1973
1973
1977
1954
1952
1944
1941
1917
1920
1918
1919
1919
1927
1933
1938
1944
1947
1951
1954
1953
1953
1960
1964
1967
1990
1994
2001
2008
2013
2013
2019
2027
2031
2021
2008
1988
1985
1979
1970
1968
1969
2017
2029
2041
2055
2056
2056
2063
2078
2091
2141
2141
2146
2154
2158
2158
2163
2164
2122
2116
2108
2101
2069
2062
2061
2066
2067
2077
2069
2061
2052
2043
2038
2040
2043
2055
2053
2051
2044
2007
2003
2009
2021
2052
2051
2055
2052
2048
2015
2009
2006
1999
2001
2007
2008
2007
2003
2008
2013
2016
2029
2034
2036
2030
2022
1982
1972
1962
1955
1946
1942
1938
1937
1950
1956
1960
1971
2065
2107
2141
2171
2227
2223
2223
2224
2217
2187
2178
2162
2139
2114
2085
2052
2015
1918
1906
1904
1908
1890
1884
1879
1874
1865
1868
1881
1893
1912
1936
1952
1969
1985
1990
1992
1995
1996
1968
1959
1949
1946
1934
1905
1902
1907
1911
1911
1915
1927
1932
1943
1941
1947
1952
1986
1992
2008
2023
2057
2057
2056
2055
2058
2034
2028
2031
2036
2040
2045
2050
2060
2096
2102
2114
2124
2170
2182
2187
2187
2180
2135
2123
2112
2103
2093
2076
2062
2046
1997
1990
1976
1968
1944
1944
1941
1944
1947
1927
1922
1913
1903
1895
1888
1884
1885
1835
1819
1806
1787
1734
1730
1728
1724
1760
1767
1773
1782
1794
1842
1865
1889
1917
1953
1980
2009
2044
2170
2204
2233
2272
2395
2416
2436
2461
2490
2574
2595
2621
2643
2656
2667
2679
2698
2736
2736
2737
2740
2739
2733
2733
2729
2691
2678
2660
2640
2618
2540
2511
2487
2465
2437
2408
2382
2359
2277
2273
2262
2235
1985
1906
1824
1769
1724
1607
1558
1515
1472
1433
1397
1360
1337
1215
1192
1186
1192
1293
1318
1344
1363
1380
1370
1355
1349
1349
1362
1376
1394
1422
1495
1492
1489
1488
1482
1494
1520
1554
1700
1721
1735
1746
1773
1908
1964
2025
2091
2157
2217
2273
2323
2440
2453
2464
2475
2485
2479
2469
2456
2433
2354
2330
2310
2301
2293
2290
2285
2266
2066
1996
1930
1868
1691
1667
1652
1633
1468
1420
1369
1324
1292
1263
1271
1292
1305
1318
1333
1351
1368
1438
1466
1508
1547
1677
1706
1728
1746
1760
1794
1805
1828
1857
1886
1922
1955
1990
2104
2129
2162
2198
2397
2441
2493
2544
2591
2731
2772
2815
2860
2905
2954
3000
3037
3118
3119
3114
3111
3118
3131
3144
3149
3154
3097
3073
3052
3026
3002
2976
2951
2937
2866
2845
2813
2781
2624
2580
2528
2479
2276
2223
2162
2102
2044
1869
1810
1753
1710
1665
1624
1591
1565
1436
1408
1389
1373
1329
1324
1315
1308
1310
1308
1316
1333
1356
1376
1401
1432
1459
1587
1613
1632
1645
1754
1782
1812
1840
1911
1919
1931
1939
1941
1935
1937
1940
1958
1971
1986
1999
2015
2050
2054
2060
2063
2092
2106
2114
2127
2141
2165
2168
2177
2178
2180
2179
2182
2180
2152
2135
2124
2106
2021
2004
1982
1960
1935
1871
1845
1814
1793
1771
1747
1729
1710
1627
1607
1587
1566
1507
1496
1491
1492
1497
1495
1504
1514
1524
1534
1546
1557
1569
1661
1686
1712
1751
1891
1925
1958
1989
2116
2147
2176
2205
2232
2301
2323
2344
2360
2377
2393
2417
2437
2510
2524
2537
2552
2578
2582
2582
2575
2578
2567
2561
2551
2547
2533
2520
2505
2483
2412
2390
2370
2349
2248
2233
2218
2199
2121
2095
2078
2056
2045
2001
1982
1967
1955
1942
1926
1908
1889
1823
1808
1790
1776
1726
1718
1713
1706
1699
1671
1663
1652
1646
1648
1642
1643
1643
1643
1656
1697
1714
1732
1745
1760
1775
1787
1806
1824
1874
1892
1909
1922
1937
1951
1967
1982
2040
2060
2080
2097
2131
2130
2137
2149
2152
2152
2156
2153
2148
2145
2147
2150
2155
2133
2135
2135
2131
2123
2125
2124
2120
2115
2100
2097
2099
2098
2101
2105
2107
2107
2108
2106
2108
2104
2096
2094
2097
2099
2104
2109
2110
2112
2114
2119
2122
2122
2128
2134
2139
2137
2134
2136
2134
2132
2125
2117
2100
2086
2079
2078
2074
2070
2067
2066
2057
2035
2028
2018
2010
2001
1998
1989
1979
1945
1937
1929
1919
1920
1927
1928
1937
1948
1953
1959
1969
1982
2008
2014
2026
2042
2057
2068
2073
2080
2115
2117
2124
2135
2148
2150
2145
2143
2141
2121
2109
2099
2089
2085
2080
2073
2066
2024
2012
2001
1996
1968
1968
1963
1957
1962
1956
1952
1949
1944
1946
1942
1936
1934
1912
1910
1903
1900
1863
1856
1844
1836
1806
1805
1802
1802
1806
1808
1816
1815
1815
1821
1826
1834
1838
1884
1901
1910
1919
1967
1980
1989
1994
2001
2031
2034
2036
2043
2054
2061
2069
2079
2119
2121
2133
2146
2180
2185
2189
2203
2235
2234
2239
2237
2231
2227
2218
2208
2196
2191
2185
2175
2164
2118
2115
2115
2113
2082
2073
2061
2052
2042
2020
2016
2011
2014
2011
2011
2010
2004
1984
1981
1983
1983
1973
1977
1984
1983
2003
2009
2015
2022
2028
2054
2062
2065
2074
2076
2079
2089
2096
2090
2086
2081
2080
2055
2046
2038
2033
2030
1997
1991
1990
1986
1979
1977
1977
1977
1970
1968
1972
1974
1989
1992
1994
1999
2000
1989
1987
1986
1988
1987
1989
1993
1996
2001
2000
2001
1998
2000
1994
1996
2002
2014
2021
2024
2024
2025
2013
2017
2012
2012
2009
2006
1996
1999
2001
2001
2005
2010
2029
2029
2034
2034
2041
2045
2049
2055
2057
2056
2060
2064
2065
2062
2062
2068
2068
2067
2062
2052
2048
2044
2020
2010
2001
1995
1990
1983
1977
1973
1963
1964
1966
1976
1982
1982
1983
1987
1990
1990
1992
1995
1994
1999
2007
2010
2011
2015
2012
2002
2004
2004
2005
2008
2012
2017
2026
2038
2041
2044
2074
2078
2081
2084
2082
2073
2060
2058
2049
2032
2025
2017
2007
1996
1990
1973
1967
1957
1957
1955
1960
1997
2004
2010
2011
2017
2039
2041
2044
2050
2058
2065
2070
2073
2072
2067
2068
2065
2052
2042
2035
2028
1996
1993
1999
2001
2000
1996
2003
2006
2018
2025
2033
2043
2051
2085
2089
2090
2097
2106
2103
2101
2091
2088
2077
2068
2059
2052
2047
2045
2041
2039
2041
2045
2047
2049
2041
2041
2039
2037
2036
2027
2019
2021
2017
2028
2025
2023
2018
2014
2021
2023
2028
2031
2035
2039
2047
2065
2067
2066
2066
2063
2071
2065
2059
2063
2062
2059
2051
2038
2022
2018
2009
2000
1988
1989
1979
1975
1972
1972
1974
1971
1964
1960
1962
1961
1966
1946
1943
1943
1942
1939
1941
1949
1950
1957
1955
1954
1951
1950
1958
1961
1957
1962
1966
1968
1970
1979
2004
2007
2016
2022
2038
2032
2033
2043
2054
2060
2062
2062
2059
2052
2049
2051
2054
2038
2041
2049
2053
2063
2068
2074
2077
2085
2087
2091
2094
2093
2118
2133
2139
2151
2143
2132
2116
2092
2022
2020
2020
2020
2031
2026
2020
2016
2017
2012
2016
2016
2007
2004
2003
2013
2015
2033
2028
2024
2020
2041
2056
2056
2060
2064
2058
2049
2048
2054
2059
2064
2060
2063
2106
2106
2103
2094
2077
2065
2056
2056
2062
2094
2096
2096
2088
2082
2069
2052
2047
2040
2015
2009
2002
1990
1984
1978
1978
1977
1975
1976
1975
1981
2006
2004
2006
2008
1974
1956
1936
1917
1911
1907
1911
1921
1925
1920
1924
1926
1925
1940
1946
1950
1962
1993
2000
2008
2011
2020
2030
2033
2035
2035
2036
2036
2035
2037
2027
2028
2026
2025
2021
2024
2033
2032
2034
2055
2054
2056
2070
2085
2098
2109
2111
2089
2078
2075
2064
2025
2016
2012
2008
1992
2000
2001
2003
2007
2027
2038
2051
2058
2062
2068
2074
2078
2074
2066
2063
2056
2016
2010
2015
2017
2020
2024
2018
2020
2027
2031
2035
2036
2047
2062
2068
2081
2092
2121
2123
2121
2123
2097
2090
2080
2068
2057
1991
1969
1948
1924
1911
1900
1888
1877
1857
1859
1864
1871
1883
1883
1886
1887
1889
1897
1899
1891
1888
1881
1874
1871
1862
1823
1814
1811
1806
1810
1816
1821
1830
1842
1874
1884
1895
1909
1923
1938
1952
1968
2026
2048
2063
2085
2150
2177
2204
2230
2328
2347
2366
2388
2409
2474
2499
2519
2545
2580
2606
2637
2668
2704
2699
2693
2683
2587
2564
2537
2512
2486
2410
2382
2355
2327
2298
2277
2258
2232
2128
2107
2079
2056
2012
1999
1983
1970
1958
1902
1882
1864
1844
1826
1804
1786
1767
1682
1662
1648
1633
1549
1532
1525
1526
1546
1560
1573
1576
1582
1605
1611
1616
1628
1636
1648
1662
1679
1752
1771
1794
1822
1908
1928
1951
1977
1997
2050
2067
2082
2100
2106
2106
2103
2100
2068
2062
2054
2048
2006
2001
1995
1985
1928
1918
1902
1890
1879
1850
1847
1846
1840
1830
1819
1809
1793
1747
1740
1725
1717
1667
1647
1633
1619
1613
1594
1584
1586
1591
1592
1603
1613
1619
1705
1725
1755
1781
1908
1943
1984
2018
2052
2133
2168
2195
2224
2252
2280
2307
2331
2428
2447
2469
2490
2571
2592
2612
2629
2695
2696
2705
2709
2718
2727
2733
2733
2731
2736
2739
2737
2729
2675
2665
2649
2636
2567
2543
2522
2500
2480
2418
2397
2379
2359
2338
2315
2293
2277
2199
2172
2145
2121
2017
1999
1981
1963
1893
1877
1860
1842
1828
1791
1776
1763
1761
1755
1746
1738
1732
1713
1711
1707
1703
1682
1679
1677
1673
1673
1686
1689
1685
1686
1685
1687
1689
1690
1693
1693
1694
1704
1730
1744
1756
1773
1823
1840
1858
1872
1887
1931
1936
1943
1952
1958
1964
1974
1983
1988
1986
1981
1980
1964
1963
1964
1963
1960
1956
1956
1955
1963
1971
1970
1972
1978
2005
2007
2018
2029
2047
2051
2064
2072
2074
2076
2078
2074
2069
2063
2066
2070
2071
2067
2064
2061
2061
2065
2063
2061
2058
2054
2055
2055
2054
2052
2070
2079
2086
2093
2092
2093
2096
2099
2101
2104
2111
2112
2127
2123
2122
2130
2136
2147
2145
2150
2148
2148
2149
2149
2152
2155
2159
2163
2169
2164
2160
2154
2149
2143
2128
2124
2115
2108
2102
2101
2095
2085
2038
2024
2012
2006
1975
1970
1967
1962
1921
1915
1908
1905
1900
1888
1884
1885
1886
1883
1877
1879
1872
1853
1849
1846
1842
1839
1836
1837
1842
1848
1854
1860
1861
1864
1869
1878
1886
1892
1899
1899
1906
1920
1920
1926
1927
1927
1949
1957
1961
1971
1976
1994
2006
2018
2026
2032
2046
2062
2072
2117
2126
2137
2148
2185
2194
2195
2195
2198
2212
2216
2224
2232
2230
2227
2229
2232
2231
2230
2230
2227
2226
2221
2217
2217
2213
2215
2217
2217
2221
2222
2216
2216
2219
2218
2212
2211
2206
2202
2176
2173
2168
2163
2161
2157
2148
2125
2109
2077
2059
2049
2045
2033
2026
2017
2007
1961
1951
1944
1934
1923
1921
1920
1917
1909
1911
1912
1925
1927
1944
1943
1951
1952
1955
1958
1962
1957
1943
1939
1936
1935
1928
1917
1916
1914
1912
1911
1914
1913
1918
1937
1937
1934
1937
1943
1947
1952
1962
1973
1989
1993
1997
2005
2012
2012
2018
2016
2011
2018
2023
2025
2030
2028
2027
2022
2022
2008
2002
1996
1992
1989
1990
1986
1984
1981
1972
1971
1970
1965
1959
1950
1933
1925
1919
1916
1919
1924
1929
1931
1930
1926
1928
1931
1938
1938
1940
1954
1955
1963
1971
1974
2000
2010
2010
2013
2014
2017
2029
2036
2041
2055
2063
2061
2068
2070
2071
2072
2082
2087
2095
2103
2111
2131
2140
2144
2152
2158
2159
2154
2147
2142
2146
2147
2147
2126
2120
2116
2117
2108
2103
2100
2097
2097
2095
2090
2098
2103
2107
2111
2110
2106
2101
2071
2064
2064
2060
2055
2050
2048
2044
2025
2022
2018
2008
2001
2004
2004
1999
1993
1979
1978
1981
1987
1988
1987
1983
1975
1961
1958
1963
1965
1967
1967
1968
1975
1981
1984
1986
1989
1993
2000
2000
2002
2002
2013
2014
2019
2026
2023
2025
2025
2027
2027
2020
2021
2023
2020
2017
2016
2015
2014
2016
2023
2025
2023
2025
2023
2023
2030
2039
2052
2063
2064
2064
2064
2068
2070
2070
2067
2068
2067
2065
2059
2058
2060
2056
2054
2057
2060
2066
2063
2062
2060
2063
2061
2061
2057
2052
2050
2048
2045
2043
2036
2029
2006
2002
1997
1993
1992
1989
1987
1987
1979
1977
1971
1966
1960
1954
1954
1954
1955
1958
1950
1951
1946
1941
1942
1945
1946
1952
1958
1961
1959
1961
1958
1960
1966
1972
1982
1982
1977
1975
1977
1981
1986
1986
1990
1995
1999
2005
2009
2021
2031
2038
2043
2047
2051
2059
2056
2040
2034
2030
2028
2027
2021
2019
2017
2015
2009
2012
2008
2006
2002
2008
2015
2011
2023
2026
2029
2040
2067
2070
2076
2086
2093
2103
2102
2109
2112
2115
2116
2122
2129
2126
2117
2104
2095
2090
2085
2078
2068
2061
2043
2028
2018
2012
2010
2003
1997
1990
1985
1989
2004
2012
2022
2036
2046
2058
2067
2079
2083
2084
2087
2093
2094
2092
2094
2101
2107
2116
2118
2119
2108
2103
2094
2086
2076
2074
2065
2059
2024
2015
2005
1997
1969
1968
1964
1962
1961
1969
1974
1981
1986
1993
1995
1999
2001
1989
1983
1982
1982
1976
1974
1977
1974
1973
1976
1984
1983
1986
1988
1987
1983
1978
1972
1969
1962
1961
1942
1939
1934
1931
1910
1905
1903
1898
1899
1898
1901
1898
1906
1908
1918
1923
1931
1965
1969
1978
1992
2018
2026
2033
2040
2045
2056
2059
2072
2082
2088
2084
2088
2092
2092
2094
2095
2107
2132
2133
2132
2130
2143
2143
2149
2160
2163
2153
2144
2137
2135
2123
2118
2121
2116
2089
2073
2063
2057
2047
2048
2046
2042
2040
2031
2027
2033
2035
2038
2048
2054
2059
2066
2063
2067
2068
2059
2058
2061
2061
2048
2046
2038
2033
2029
2005
1990
1987
1989
1991
1989
1984
1980
1985
1987
1990
1991
2004
2001
2000
2001
2002
2022
2023
2028
2031
2031
2032
2035
2029
2037
2036
2039
2038
2013
2004
1997
1996
1980
1973
1965
1955
1955
1932
1932
1934
1939
1944
1947
1938
1935
1934
1940
1948
1954
1966
1966
1966
1970
1970
1979
1990
1993
1996
1997
1998
1998
1996
2006
2006
2009
2015
2028
2029
2027
2023
2000
1991
1990
1992
1991
1985
1989
1992
1995
2001
2014
2022
2025
2060
2074
2089
2095
2141
2140
2148
2156
2155
2133
2126
2124
2116
2109
2102
2086
2066
2029
2037
2041
2049
2045
2048
2050
2048
2051
2068
2072
2074
2077
2073
2070
2065
2055
2042
2042
2038
2034
2032
2037
2039
2042
2061
2064
2065
2063
2060
2052
2046
2043
2032
2020
2004
1994
1977
1944
1939
1937
1942
1975
1987
1998
2005
2013
2039
2052
2053
2052
2051
2049
2046
2050
2052
2050
2044
2043
2023
2013
2009
2009
1992
1991
1985
1978
1978
1974
1977
1984
1998
2008
2021
2042
2064
2127
2136
2149
2166
2183
2180
2178
2178
2173
2137
2123
2114
2105
2099
2088
2078
2066
2020
2014
2003
1997
2001
2005
2004
2010
2009
1996
1991
1981
1967
1957
1951
1944
1930
1905
1904
1901
1901
1902
1900
1897
1900
1916
1916
1912
1906
1907
1905
1897
1894
1899
1892
1887
1873
1865
1833
1837
1840
1847
1887
1908
1927
1945
1962
2007
2019
2027
2042
2064
2071
2080
2088
2103
2106
2105
2108
2122
2127
2133
2137
2137
2137
2130
2128
2128
2131
2134
2137
2134
2126
2122
2117
2117
2116
2112
2107
2099
2075
2068
2061
2060
2056
2051
2042
2030
2014
2008
2006
2008
2000
1985
1987
1989
1995
2031
2037
2046
2061
2077
2119
2121
2127
2130
2143
2147
2149
2158
2159
2163
2169
2177
2199
2198
2198
2196
2195
2205
2206
2201
2195
2189
2179
2170
2160
2109
2095
2087
2083
2041
2033
2022
2015
1965
1953
1943
1929
1918
1888
1873
1863
1856
1843
1833
1829
1824
1809
1805
1809
1810
1841
1849
1861
1874
1882
1897
1899
1910
1912
1919
1922
1927
1934
1941
1938
1935
1931
1916
1910
1906
1903
1897
1881
1882
1878
1874
1880
1884
1892
1891
1896
1905
1912
1917
1925
1926
1926
1927
1936
1959
1968
1971
1979
1985
1991
1996
2006
2011
2025
2032
2033
2038
2042
2046
2051
2058
2081
2084
2090
2093
2126
2135
2141
2144
2151
2161
2166
2167
2173
2181
2187
2190
2189
2166
2162
2165
2172
2175
2178
2178
2175
2185
2192
2201
2211
2214
2217
2218
2215
2210
2206
2195
2194
2187
2144
2138
2132
2121
2083
2074
2064
2061
2056
2018
2012
2007
1996
1986
1973
1964
1958
1932
1931
1931
1934
1949
1947
1945
1945
1953
1953
1957
1957
1963
1966
1969
1972
1975
1978
1989
1994
2000
2017
2017
2016
2022
2045
2047
2056
2055
2058
2049
2048
2046
2046
2038
2035
2028
2020
1999
1992
1981
1971
1941
1934
1925
1922
1906
1907
1906
1904
1908
1917
1918
1924
1932
1928
1926
1925
1935
1944
1949
1960
1969
2001
2008
2010
2015
2018
2031
2035
2039
2041
2046
2053
2060
2063
2083
2086
2085
2087
2088
2083
2086
2090
2091
2088
2086
2087
2089
2087
2084
2079
2071
2057
2053
2056
2055
2043
2037
2037
2029
2021
2036
2031
2030
2032
2035
2032
2032
2038
2026
2028
2029
2035
2039
2040
2038
2041
2044
2053
2048
2047
2047
2047
2052
2052
2045
2044
2045
2044
2036
2037
2037
2036
2031
2037
2033
2036
2030
2034
2035
2035
2039
2041
2052
2055
2053
2049
2052
2038
2030
2030
2028
2026
2024
2019
2015
2009
2006
2005
2003
1999
2003
2008
2013
2020
2017
2022
2031
2043
2041
2043
2045
2042
2017
2007
2001
1992
1966
1959
1951
1941
1935
1912
1908
1905
1905
1907
1912
1921
1937
1966
1983
1993
2001
2023
2031
2037
2043
2050
2048
2043
2040
2041
2043
2040
2035
2034
2031
2033
2034
2036
2004
1998
1994
1989
1961
1957
1948
1946
1940
1925
1925
1923
1918
1919
1923
1935
1944
1964
1972
1980
1991
2052
2066
2076
2090
2111
2164
2173
2183
2193
2202
2211
2215
2219
2200
2194
2188
2180
2155
2143
2135
2128
2081
2077
2070
2069
2070
2048
2034
2032
2032
2027
2022
2023
2027
2016
2024
2034
2034
2038
2032
2031
2036
2038
2039
2036
2036
2033
2030
2028
2026
2022
2022
2021
2016
2017
2005
2006
2006
2011
2017
2018
2020
2025
2030
2032
2025
2021
2019
2016
2018
2015
2014
1997
2001
2002
1998
1978
1980
1981
1976
1972
1964
1956
1949
1946
1937
1927
1920
1914
1914
1920
1926
1928
1952
1956
1964
1972
1984
1994
1999
2003
2004
2003
2004
2008
2011
2008
2011
2011
2018
2025
2035
2038
2036
2037
2037
2037
2029
2029
2005
2000
1999
1994
1989
1993
1994
1995
2003
2007
2012
2017
2036
2035
2049
2060
2071
2096
2103
2105
2108
2118
2123
2131
2135
2154
2156
2160
2160
2173
2179
2179
2179
2144
2132
2129
2123
2108
2080
2065
2048
2036
2024
2009
1997
1983
1956
1946
1945
1949
1937
1942
1941
1944
1949
1967
1979
1996
2013
2023
2036
2048
2056
2061
2059
2056
2054
2052
2025
2016
1998
1984
1977
1962
1943
1926
1901
1901
1897
1898
1901
1900
1897
1898
1904
1933
1951
1967
1987
2005
2025
2038
2044
2079
2088
2100
2110
2116
2118
2119
2124
2124
2123
2112
2111
2097
2062
2057
2053
2044
2014
2011
2011
2010
2007
1996
1991
1993
1998
1999
1999
2009
2017
2017
2023
2029
2028
2031
2024
2024
2023
2038
2035
2035
2031
2034
2022
2011
2006
2002
1993
1986
1982
1978
1991
1994
1997
1996
2032
2043
2061
2072
2082
2101
2096
2096
2104
2108
2102
2101
2098
2092
2087
2079
2066
2046
2033
2022
2012
2009
1996
1988
1981
1976
1967
1959
1962
1965
1973
1971
1971
1981
1996
2000
2004
2008
2019
2021
2021
2027
2026
2019
2020
2014
2017
2016
2013
2007
2006
1986
1983
1979
1979
1992
1998
2007
2013
2012
2005
2004
2004
2010
2009
2009
2019
2026
2030
2032
2036
2046
2060
2065
2062
2063
2060
2032
2024
2014
1999
1986
1971
1962
1950
1941
1949
1960
1973
2012
2024
2034
2047
2097
2106
2110
2124
2133
2142
2149
2149
2156
2160
2160
2158
2153
2129
2124
2113
2106
2056
2045
2042
2033
2019
1977
1975
1975
1971
1968
1967
1972
1974
1975
1967
1966
1960
1956
1954
1954
1959
1974
1983
1985
1997
2006
2022
2023
2031
2036
2042
2044
2046
2053
2042
2041
2037
2040
2014
2004
1997
1984
1979
1956
1956
1951
1954
1963
1967
1976
1980
1991
1995
2001
2004
2044
2055
2059
2065
2073
2063
2061
2061
2062
2063
2059
2058
2058
2053
2051
2050
2054
2066
2067
2064
2069
2062
2054
2054
2051
2049
2035
2032
2031
2036
2035
2033
2031
2030
2012
2013
2012
2013
2003
1998
1989
1986
1983
1992
1993
1988
1984
1977
1978
1983
1991
1998
2004
2004
2003
2036
2049
2061
2068
2073
2074
2077
2082
2087
2093
2097
2102
2097
2090
2088
2088
2089
2067
2061
2049
2037
1998
1994
1983
1983
1977
1962
1956
1955
1950
1950
1956
1964
1971
2002
2010
2017
2022
2038
2039
2042
2049
2059
2047
2045
2045
2044
2044
2044
2038
2032
2005
2002
1999
1995
2002
2011
2020
2023
2015
2013
2014