2021
2032
2031
2030
2035
2050
2050
2048
2049
2047
2044
2043
2038
2011
2005
2007
2008
2011
2020
2022
2023
2021
2023
2019
2024
2025
2036
2037
2037
2034
2029
2032
2035
2037
2032
2015
2009
2003
1995
2002
2004
2002
2004
1993
1993
1997
2001
2002
2003
2004
2007
2034
2033
2046
2057
2055
2052
2052
2054
2059
2062
2067
2068
2063
2049
2057
2057
2050
2039
2041
2038
2043
2043
2023
2018
2013
2011
2009
2004
2000
1995
2000
2003
2011
2016
2016
2016
2012
2016
2025
2023
2028
2033
2033
2038
2039
2042
2042
2042
2044
2046
2046
2033
2031
2030
2026
2006
2007
2008
2007
2011
2004
2001
2000
2001
1996
1993
1988
1986
2001
2001
1999
1999
2009
2000
2001
2011
2017
2015
2007
2005
2008
2012
2009
2015
2015
2015
2015
2023
2032
2035
2040
2043
2046
2047
2050
2051
2053
2053
2057
2063
2061
2061
2069
2071
2068
2069
2068
2063
2059
2061
2069
2078
2080
2081
2082
2064
2061
2053
2050
2044
2039
2032
2022
2020
2017
2009
2002
1997
2004
2003
2002
1998
2000
2003
2007
2008
2012
2012
2016
2020
2020
2021
2024
2024
2024
2028
2019
2019
2018
2015
2012
2018
2016
2009
2013
2014
2017
2016
2009
2008
2006
2002
2003
2006
2013
2015
2014
2012
2018
2019
2023
2031
2031
2039
2044
2052
2058
2060
2056
2050
2046
2041
2039
2046
2045
2045
2047
2049
2050
2045
2041
2041
2035
2029
2021
2019
2000
1993
1992
1991
1992
1985
1983
1971
1968
1972
1968
1963
1961
1971
1979
1975
1976
1970
1974
1977
1983
1998
1995
1998
2006
2009
2014
2010
2012
2011
2010
2010
2020
2023
2041
2046
2049
2052
2048
2040
2048
2045
2040
2039
2039
2037
2039
2037
2034
2033
2031
2034
2029
2029
2032
2032
2030
2030
2035
2047
2050
2049
2052
2055
2043
2041
2041
2040
2036
2039
2038
2039
2040
2044
2045
2046
2041
2040
2039
2038
2039
2040
2040
2037
2040
2051
2056
2060
2064
2063
2057
2054
2054
2040
2039
2044
2048
2047
2023
2020
2026
2021
2023
2026
2027
2020
2014
2012
2018
2022
2023
2019
2017
2021
2018
2014
2015
2011
2007
2005
2002
1995
1987
1978
1975
1981
1983
1986
1993
1995
1996
1992
1991
1992
1995
1997
2013
2027
2033
2030
2026
2032
2038
2042
2048
2057
2063
2057
2058
2062
2064
2068
2073
2077
2079
2084
2090
2095
2081
2075
2072
2074
2064
2055
2050
2045
2043
2037
2032
2034
2022
2018
2015
2013
2003
2005
2001
1998
1994
1998
1998
2000
1999
1984
1984
1982
1978
1980
1979
1975
1972
1970
1968
1968
1971
1992
1997
1999
1998
2000
2005
2004
2009
2006
2011
2020
2027
2033
2036
2041
2042
2047
2046
2048
2048
2046
2043
2033
2033
2030
2031
2024
2020
2024
2028
2026
2025
2021
2016
2025
2024
2027
2039
2045
2044
2038
2030
2026
2018
2022
2018
2021
2020
2021
2024
2023
2012
2016
2017
2015
2012
2015
2020
2021
2025
2017
2016
2011
2013
2014
2011
2010
2014
2011
2013
2018
2022
2042
2048
2053
2057
2061
2061
2059
2051
2053
2045
2043
2039
2033
2030
2026
2023
2022
2006
2003
2001
2004
2005
2008
2007
2006
2007
2023
2031
2038
2037
2025
2023
2024
2025
2018
2017
2028
2033
2048
2047
2043
2043
2050
2048
2051
2044
2044
2051
2051
2051
2054
2057
2061
2066
2063
2061
2059
2067
2074
2066
2063
2063
2065
2070
2063
2057
2054
2056
2054
2045
2043
2043
2030
2026
2026
2017
2013
2012
2005
1999
1991
1987
1982
1985
1988
1990
1983
1979
1984
1985
1983
1989
1987
1993
2002
2004
2013
2029
2027
2029
2029
2026
2018
2012
2008
2011
2011
2010
2014
2015
2022
2029
2031
2035
2047
2051
2056
2061
2050
2041
2038
2037
2034
2025
2031
2032
2033
2031
2036
2037
2038
2034
2032
2036
2038
2021
2018
2017
2012
2008
1992
1992
1994
1988
1982
1978
1984
1980
1956
1956
1955
1957
1965
1965
1971
1976
1971
1974
1980
1985
1993
2011
2007
2007
2016
2020
2022
2029
2035
2038
2037
2039
2038
2044
2044
2047
2046
2051
2044
2041
2046
2053
2058
2057
2061
2061
2057
2045
2040
2036
2038
2037
2034
2029
2025
2027
2033
2036
2036
2038
2037
2038
2040
2035
2029
2027
2030
2024
2025
2021
2027
2034
2034
2033
2033
2041
2048
2054
2058
2065
2059
2058
2063
2066
2073
2082
2083
2078
2058
2050
2047
2049
2051
2052
2052
2053
2050
2031
2033
2033
2034
2033
2032
2037
2036
2016
2009
2013
2017
2014
2017
2017
2018
2021
2014
2011
2009
2013
2015
2016
2017
2017
2016
2021
2018
2019
2026
2028
2030
2034
2029
2024
2019
2021
2023
2007
2005
2002
2003
2003
2005
2005
2005
1998
1999
2005
2008
1997
1997
1999
1999
2002
1999
2000
2000
1998
1994
1994
1994
1998
2006
2009
2013
2012
2000
2002
2003
1997
2012
2015
2019
2018
2023
2035
2032
2037
2038
2035
2025
2024
2024
2024
2022
2023
2023
2017
2021
2019
2024
2019
2024
2027
2026
2035
2032
2035
2039
2042
2039
2035
2035
2034
2043
2045
2047
2042
2042
2037
2038
2039
2043
2043
2039
2036
2038
2033
2034
2039
2037
2023
2021
2024
2027
2024
2018
2020
2011
2000
1996
1998
1997
1988
1997
2003
2009
2008
2012
2016
2021
2023
2041
2043
2047
2055
2072
2076
2076
2072
2069
2075
2068
2067
2063
2061
2060
2061
2064
2056
2053
2056
2050
2019
2054
2094
2101
2072
2037
2013
1996
1979
1956
1966
1979
1996
2010
2025
2034
2035
2062
2057
2056
2051
2018
2012
2012
2004
2008
2019
2022
2025
2028
2036
2046
2055
2057
2026
2023
2012
2012
2012
2015
2019
2024
1997
1992
1987
1991
1992
1984
1987
1990
1990
1988
1988
1982
1965
1924
1924
1926
1925
1949
1953
1960
1972
1979
1980
1971
1969
1972
1977
1980
1995
2005
2033
2036
2033
2034
2039
2052
2067
2087
2108
2139
2142
2140
2141
2142
2139
2137
2134
2141
2151
2150
2150
2155
2159
2159
2162
2166
2168
2160
2149
2136
2120
2105
2094
2084
2074
2048
2038
2035
2025
2017
2012
2006
1996
1963
1953
1943
1933
1914
1913
1915
1914
1914
1894
1890
1896
1893
1891
1882
1885
1889
1910
1909
1921
1928
1946
1953
1963
1971
2003
2012
2020
2029
2032
2039
2032
2033
2039
2044
2044
2046
2041
2051
2056
2063
2069
2071
2073
2076
2080
2086
2099
2096
2091
2091
2090
2087
2093
2103
2095
2102
2100
2102
2086
2081
2074
2072
2050
2041
2037
2040
2039
2036
2032
2021
2020
2021
2020
2019
2027
2028
2029
2033
2029
2018
2010
2004
2004
1999
1991
1986
1983
1972
1971
1971
1974
1976
1977
1973
1971
1964
1952
1946
1944
1941
1938
1931
1938
1937
1943
1959
1961
1966
1970
1976
1979
1991
2008
2040
2055
2061
2069
2080
2088
2097
2102
2110
2116
2117
2115
2122
2123
2122
2118
2115
2099
2093
2090
2087
2086
2082
2079
2078
2062
2056
2051
2045
2046
2064
2062
2061
2054
2048
2043
2042
2038
2051
2051
2049
2042
2026
2016
2013
2009
2007
2005
2000
1993
1988
1980
1979
1978
1975
1961
1954
1951
1943
1940
1940
1940
1936
1925
1927
1935
1941
1947
1958
1962
1971
1972
1972
1981
1988
1998
2007
2015
2020
2030
2056
2062
2069
2073
2082
2097
2100
2106
2112
2117
2113
2117
2119
2090
2085
2080
2072
2032
2024
2015
2009
1992
1983
1979
1975
1975
1978
1974
1974
1976
1977
1977
1978
1982
1985
1984
1989
1993
2011
2016
2025
2031
2033
2026
2024
2025
2028
2033
2035
2036
2034
2041
2049
2050
2054
2067
2065
2069
2075
2089
2090
2092
2089
2086
2072
2074
2070
2074
2072
2070
2065
2059
2055
2053
2053
2049
2034
2029
2024
2023
2023
2013
2013
2011
2012
2011
2009
2013
2018
2019
2020
2023
2025
2039
2040
2042
2047
2076
2075
2074
2072
2071
2062
2070
2071
2065
2063
2066
2063
2060
2056
2050
2048
2048
2027
2029
2028
2027
2022
2029
2024
2018
2015
2015
2007
2008
2010
1984
1976
1968
1964
1965
1964
1959
1956
1948
1952
1956
1956
1957
1949
1955
1959
1966
1966
1961
1966
1967
1968
1972
1981
1984
1982
1982
1986
1998
2004
2019
2023
2022
2026
2023
2019
2022
2026
2023
2024
2031
2037
2065
2069
2073
2071
2080
2079
2080
2081
2081
2077
2073
2071
2073
2078
2078
2081
2083
2061
2064
2065
2061
2049
2050
2043
2039
2040
2025
2017
2011
2005
1997
1998
1995
1993
1973
1973
1974
1976
1957
1962
1963
1963
1967
1963
1969
1965
1967
1970
1972
1979
1988
1996
2002
2003
2011
2024
2026
2030
2034
2040
2041
2042
2048
2054
2068
2065
2066
2070
2063
2062
2057
2052
2052
2053
2051
2053
2037
2030
2034
2036
2034
2037
2037
2034
2035
2035
2031
2023
2024
2024
2023
2026
2029
2026
2030
2030
2032
2049
2048
2052
2053
2051
2046
2052
2054
2056
2055
2056
2057
2060
2065
2063
2062
2062
2063
2056
2054
2045
2054
2055
2052
2043
2038
2028
2026
2022
2025
2024
2023
2027
2022
2009
2009
2005
2001
2001
1996
1993
1993
1995
1988
1992
1993
1998
1999
1996
1995
1996
1992
1990
1992
2004
2004
2002
2004
2005
2025
2035
2035
2042
2045
2048
2050
2055
2064
2064
2062
2063
2063
2059
2060
2064
2059
2050
2049
2046
2047
2034
2034
2033
2035
2031
2024
2018
2014
2018
2020
2016
2016
2016
1991
1981
1980
1982
1990
1987
1991
1997
1999
1990
1983
1981
1985
1994
1999
2003
2003
2000
2002
2004
2007
2003
2006
2008
2018
2024
2029
2028
2026
2030
2035
2033
2029
2030
2038
2039
2038
2036
2044
2044
2047
2050
2063
2065
2062
2061
2056
2054
2050
2049
2047
2047
2043
2046
2045
2024
2024
2024
2024
2028
2027
2026
2030
2031
2019
2015
2013
2009
2005
2004
1999
1997
1988
1989
1992
1990
1990
1993
1996
1993
2022
2020
2017
2020
2025
2031
2037
2042
2043
2044
2041
2039
2043
2040
2036
2041
2046
2060
2058
2058
2063
2057
2042
2037
2030
2029
2025
2023
2022
2028
2010
2010
2010
2013
2020
2020
2020
2020
2030
2038
2042
2047
2050
2051
2049
2049
2049
2054
2056
2054
2054
2042
2034
2033
2037
2041
2044
2042
2036
2033
2027
2024
2020
2013
2012
2016
2021
2016
2002
2001
2004
2006
1998
2000
2005
2004
1993
1995
1997
2001
2007
2008
2007
2002
2006
2009
2011
2008
2008
2011
2011
2008
2015
2018
2020
2019
2017
2019
2033
2036
2035
2038
2041
2037
2039
2038
2038
2036
2030
2031
2038
2046
2053
2052
2060
2057
2050
2053
2052
2052
2054
2052
2053
2059
2064
2070
2068
2055
2053
2056
2059
2047
2043
2038
2039
2035
2015
2013
2007
2000
1996
1991
1987
1987
1975
1975
1973
1980
1978
1982
1989
1985
2000
2006
2013
2017
2018
2014
2015
2015
2017
2020
2027
2037
2041
2033
2034
2032
2032
2030
2025
2032
2034
2032
2025
2027
2030
2027
2026
2023
2022
2023
2033
2032
2027
2026
2024
2018
2013
2011
2011
2016
2028
2033
2034
2034
2035
2029
2024
2026
2021
2024
2020
1999
1997
1998
1999
2016
2022
2027
2034
2041
2029
2025
2023
2027
2024
2021
2028
2031
2029
2028
2031
2039
2067
2069
2071
2072
2072
2071
2066
2066
2063
2061
2050
2044
2036
2028
2030
2033
2029
2034
2033
2026
2019
2018
2013
2009
2005
2007
2009
2013
2011
2008
2010
2004
2006
2000
2001
2003
2006
2007
2011
2018
2021
2025
2030
2032
2035
2039
2037
2036
2041
2036
2034
2037
2038
2036
2039
2046
2059
2059
2053
2046
2049
2044
2040
2038
2035
2036
2036
2037
2033
2021
2014
2009
2013
2018
2008
2010
2013
2016
2019
2024
2029
2030
2013
2012
2010
2010
2006
2002
1991
1994
1994
2001
2002
2003
2005
2005
2011
2014
2012
2003
2003
2007
2008
2007
2009
2011
2015
2023
2021
2020
2017
2011
2013
2015
2013
2017
2015
2014
2015
2020
2020
2025
2029
2034
2045
2045
2045
2046
2044
2043
2037
2037
2044
2044
2043
2043
2040
2031
2027
2030
2031
2019
2021
2026
2030
2020
2021
2024
2028
2028
2022
2020
2019
2019
2013
2009
2010
2010
2019
2022
2019
2027
2044
2046
2056
2057
2061
2069
2068
2070
2081
2083
2082
2081
2087
2083
2079
2073
2068
2057
2055
2050
2051
2050
2034
2025
2021
2025
2029
2031
2028
2023
2011
2007
2003
2008
2013
2015
2017
2012
2002
2002
2000
1995
1992
1985
1986
1986
1989
1990
1990
1990
1994
1986
1986
1987
1990
1995
1997
1992
1993
1988
1989
1988
1983
1978
1978
1979
1979
1992
1994
1999
2009
2011
2008
2010
2017
2025
2033
2033
2035
2045
2049
2052
2057
2061
2068
2074
2068
2066
2073
2071
2074
2076
2076
2073
2058
2059
2061
2058
2042
2037
2041
2045
2036
2032
2030
2032
2029
2024
2020
2014
2015
2015
2017
2011
2009
2010
2013
2018
2015
2017
2010
2007
2006
2010
2007
2004
2006
2008
2006
2004
1998
1991
1980
1982
1980
1977
1970
1978
1986
1989
1996
2010
2013
2018
2022
2025
2028
2036
2042
2053
2055
2064
2066
2067
2071
2077
2073
2071
2073
2078
2074
2074
2059
2062
2054
2055
2049
2040
2035
2032
2012
2013
2016
2018
2011
2014
2010
2012
2013
2005
2005
2005
2004
2015
2014
2012
2014
2020
2020
2022
2022
2028
2033
2038
2044
2041
2045
2043
2041
2039
2030
2027
2030
2028
2024
2019
2021
2018
2016
2016
2017
2012
2022
2019
2021
2028
2047
2046
2047
2047
2046
2047
2045
2045
2040
2033
2034
2038
2003
2028
2115
2328
2368
2101
1895
1736
1703
1701
1612
1710
1791
1821
1857
1941
1954
1879
2094
2078
2087
2081
2263
2343
2350
2338
2118
2073
2065
2061
2046
2163
2171
2179
2190
2204
2198
2170
2135
1902
1891
1910
1935
2037
2028
2031
2004
1955
1871
1843
1836
1877
1931
1974
1976
1947
1763
1754
1752
1762
1787
1771
1765
1769
1766
1752
1747
1753
1774
1939
1996
2034
2046
2051
2048
2038
2024
1990
1989
2025
2069
2385
2432
2450
2457
2449
2478
2535
2594
2637
2677
2720
2753
2764
2689
2651
2622
2612
2526
2468
2397
2337
2123
2081
2049
2018
1987
1891
1850
1813
1775
1735
1687
1638
1591
1536
1528
1510
1484
1360
1331
1305
1290
1271
1264
1298
1342
1396
1462
1521
1566
1586
1667
1716
1771
1834
1993
2031
2075
2111
2222
2226
2233
2248
2257
2275
2275
2275
2272
2278
2286
2286
2286
2316
2320
2320
2323
2375
2369
2351
2327
2307
2278
2280
2284
2284
2291
2305
2320
2344
2319
2287
2262
2242
2192
2178
2163
2150
2093
2070
2046
2019
1996
1934
1922
1918
1911
1907
1900
1888
1875
1829
1809
1793
1777
1764
1759
1756
1748
1742
1759
1775
1788
1810
1824
1832
1845
1864
1887
1896
1896
1888
1836
1813
1798
1790
1743
1735
1730
1729
1729
1731
1737
1747
1756
1770
1787
1806
1826
1924
1960
2000
2038
2198
2223
2253
2281
2311
2387
2417
2444
2477
2506
2523
2543
2558
2571
2579
2582
2584
2542
2520
2500
2480
2377
2351
2321
2286
2246
2126
2084
2045
2011
1974
1937
1901
1865
1745
1712
1684
1661
1577
1571
1568
1569
1572
1593
1601
1612
1621
1622
1626
1628
1637
1715
1737
1759
1775
1843
1861
1874
1890
1966
2001
2032
2059
2096
2177
2197
2212
2230
2241
2256
2270
2285
2342
2350
2360
2367
2374
2371
2373
2370
2360
2349
2352
2357
2362
2350
2344
2344
2338
2314
2298
2287
2273
2193
2171
2151
2123
2027
2004
1983
1958
1928
1860
1840
1817
1799
1776
1763
1752
1739
1699
1694
1688
1687
1714
1724
1733
1746
1754
1792
1807
1824
1847
1869
1889
1902
1913
1957
1968
1975
1987
2032
2035
2032
2029
2012
2010
2007
2018
2025
2044
2045
2043
2045
2041
2040
2041
2042
2068
2078
2086
2093
2112
2116
2126
2134
2137
2162
2168
2176
2182
2185
2190
2197
2204
2180
2173
2170
2162
2126
2114
2104
2093
2056
2049
2043
2040
2027
2003
1990
1976
1970
1964
1957
1948
1947
1957
1958
1960
1960
1920
1910
1910
1909
1915
1916
1918
1919
1916
1908
1893
1885
1878
1865
1866
1864
1869
1867
1864
1861
1863
1889
1898
1901
1909
1917
1943
1944
1950
1962
1969
1978
1986
2000
2028
2041
2051
2063
2103
2110
2121
2128
2144
2166
2182
2199
2214
2223
2229
2240
2252
2272
2277
2280
2278
2259
2251
2244
2232
2197
2190
2185
2176
2158
2108
2094
2075
2065
2055
2046
2038
2034
1995
1984
1970
1963
1961
1963
1962
1966
1969
1962
1959
1960
1966
1972
1978
1981
1991
1976
1974
1973
1971
1959
1954
1951
1942
1924
1925
1927
1933
1930
1929
1928
1927
1926
1924
1928
1930
1937
1967
1979
1995
2007
2041
2053
2063
2075
2087
2105
2110
2110
2112
2116
2120
2117
2118
2110
2106
2097
2089
2050
2043
2035
2024
2016
1991
1993
1991
1987
1980
1979
1978
1974
1979
1986
1989
1997
2005
2016
2021
2028
2030
2027
2022
2028
2034
2041
2048
2052
2057
2063
2062
2061
2062
2065
2063
2063
2059
2058
2047
2041
2036
2031
2013
2012
2007
1998
1976
1976
1980
1984
1985
1974
1966
1963
1959
1956
1955
1951
1951
1951
1953
1960
1958
1958
1957
1955
1957
1969
1985
1985
1991
1992
1990
1989
1990
2001
2022
2030
2037
2046
2068
2075
2079
2089
2079
2084
2083
2089
2096
2094
2091
2090
2096
2098
2094
2091
2093
2074
2067
2074
2082
2081
2076
2066
2062
2061
2070
2075
2077
2076
2072
2064
2064
2053
2026
2020
2022
2017
1982
1976
1969
1963
1963
1953
1954
1959
1960
1962
1962
1962
1963
1975
1981
1994
2003
2002
1997
2002
2006
2006
2012
2017
2026
2037
2049
2052
2055
2063
2068
2068
2063
2056
2055
2063
2066
2074
2075
2070
2059
2055
2056
2052
2048
2044
2043
2028
2024
2027
2026
2027
2029
2030
2026
2023
2023
2023
2022
2023
2048
2044
2047
2049
2047
2046
2049
2051
2056
2045
2037
2030
2028
2022
2016
2014
2013
2016
2013
2011
2003
1996
1992
1991
1990
1989
1981
1983
1982
1983
1982
1980
1983
1977
1979
1972
1976
1975
1985
1992
1991
1995
1992
2007
2010
2015
2016
2020
2018
2014
2015
2004
2008
2006
2004
2011
2020
2019
2023
2029
2033
2041
2041
2044
2038
2037
2038
2036
2039
2040
2035
2036
2035
2030
2031
2032
2035
2032
2037
2043
2054
2057
2055
2059
2066
2067
2063
2063
2070
2061
2061
2063
2072
2076
2066
2051
2046
2041
2035
2026
2022
2020
1988
1985
1974
1973
1940
1938
1933
1923
1919
1910
1909
1908
1915
1920
1921
1930
1937
1982
1994
2005
2018
2059
2066
2074
2081
2096
2100
2110
2117
2126
2151
2152
2159
2161
2159
2154
2154
2150
2110
2101
2094
2085
2038
2026
2020
2013
2008
2008
2002
1991
1985
1986
1985
1984
1977
1974
1979
1979
1981
1975
1974
1975
1977
1984
1981
1979
1978
1979
1978
1979
1980
1983
1982
1984
1989
1992
1992
2002
2011
2011
2030
2030
2034
2038
2039
2043
2045
2046
2047
2052
2055
2055
2063
2091
2089
2088
2092
2102
2101
2098
2092
2084
2086
2085
2087
2091
2083
2076
2068
2061
2053
2049
2044
2039
2019
2009
2000
1999
1975
1968
1958
1955
1950
1933
1926
1925
1920
1917
1916
1912
1908
1890
1887
1890
1895
1920
1923
1920
1919
1968
1943
1919
1900
1890
1990
2053
2108
2145
2162
2159
2140
2113
2064
2080
2094
2121
2156
2154
2153
2153
2152
2140
2142
2154
2179
2203
2222
2241
2256
2214
2198
2195
2195
2210
2195
2169
2137
2024
2008
1988
1967
1953
1889
1875
1857
1841
1836
1830
1822
1818
1774
1777
1775
1772
1835
1859
1877
1885
1889
1855
1857
1883
1928
1984
2037
2079
2102
2116
2117
2111
2114
2135
2148
2159
2164
2176
2174
2175
2191
2209
2234
2231
2226
2219
2214
2212
2205
2187
2111
2100
2092
2082
1960
1921
1884
1856
1846
1850
1850
1842
1834
1817
1806
1800
1802
1819
1837
1853
1870
1906
1925
1944
1950
1993
2012
2029
2041
2055
2076
2083
2088
2080
2080
2070
2051
2034
1989
1987
1987
1978
1957
1959
1966
1973
1981
2019
2034
2045
2062
2079
2094
2098
2102
2108
2109
2102
2103
2110
2113
2117
2114
2109
2110
2113
2127
2140
2183
2187
2187
2186
2183
2178
2166
2158
2139
2137
2138
2128
2073
2051
2025
1995
1981
1930
1899
1878
1861
1845
1831
1821
1814
1773
1785
1798
1821
1899
1911
1932
1948
2031
2052
2076
2100
2120
2155
2160
2163
2164
2167
2169
2177
2183
2200
2202
2203
2203
2197
2190
2181
2171
2152
2099
2078
2063
2048
2031
2011
1987
1967
1882
1859
1852
1838
1794
1784
1776
1768
1729
1815
1936
2005
2139
1881
1814
1762
1742
1762
1796
1848
1889
1947
1984
1940
1965
2101
2181
2095
2008
2076
2204
2157
2154
2190
2218
2224
2245
2321
2275
2228
2173
2152
2114
2098
2090
2107
2109
2082
2064
2013
2028
2070
2077
2071
2069
2003
1970
1953
1930
1936
1919
1901
1869
1788
1793
1790
1785
1807
1860
1859
1869
1848
1798
1747
1721
1704
1587
1593
1610
1631
1743
1755
1753
1759
1770
1758
1791
1855
1942
2017
2071
2116
2179
2492
2576
2676
2780
3242
3332
3418
3505
3666
3655
3630
3597
3567
3468
3396
3318
3232
3126
2997
2862
2736
2310
2209
2102
1993
1492
1352
1207
1062
916
628
574
521
464
415
379
339
293
156
162
179
201
409
480
547
629
1059
1206
1359
1515
1674
2064
2160
2246
2332
2421
2511
2598
2668
2824
2856
2878
2891
2833
2813
2802
2797
2792
2747
2741
2727
2709
2687
2656
2617
2582
2458
2425
2403
2383
2263
2236
2210
2191
2182
2226
2253
2270
2288
2303
2314
2323
2340
2348
2344
2340
2338
2293
2267
2243
2221
2113
2068
2026
1976
1937
1804
1756
1697
1653
1610
1577
1546
1510
1362
1353
1346
1349
1392
1417
1439
1459
1484
1528
1550
1568
1589
1614
1641
1671
1710
1825
1841
1842
1840
1870
1889
1912
1938
2056
2092
2124
2146
2172
2230
2243
2265
2290
2317
2335
2347
2362
2368
2365
2371
2375
2395
2408
2425
2428
2441
2467
2468
2461
2462
2457
2454
2451
2445
2420
2407
2386
2368
2308
2281
2249
2222
2069
2029
1988
1955
1923
1830
1789
1749
1716
1689
1659
1636
1626
1586
1584
1586
1585
1583
1580
1571
1567
1559
1541
1535
1528
1527
1534
1540
1550
1560
1594
1608
1623
1641
1736
1762
1794
1823
1853
1940
1978
2019
2065
2114
2158
2204
2248
2382
2414
2449
2480
2578
2600
2624
2640
2726
2748
2769
2791
2807
2834
2825
2816
2798
2774
2748
2720
2692
2515
2457
2399
2344
2096
2038
1986
1930
1872
1713
1661
1610
1563
1515
1477
1444
1411
1307
1295
1287
1284
1337
1361
1389
1423
1587
1633
1683
1726
1767
1876
1906
1941
1974
1999
2025
2052
2078
2176
2193
2215
2230
2255
2257
2258
2261
2268
2276
2273
2273
2273
2271
2268
2264
2261
2234
2233
2242
2250
2260
2257
2258
2257
2260
2266
2262
2264
2268
2251
2242
2234
2226
2215
2201
2192
2182
2085
2054
2030
2003
1897
1874
1853
1835
1809
1755
1734
1716
1704
1695
1684
1676
1673
1676
1685
1696
1704
1760
1777
1804
1817
1901
1922
1936
1945
1954
1984
1989
1994
2004
2015
2021
2026
2030
2022
2017
2012
2001
1948
1937
1923
1908
1894
1856
1845
1831
1819
1815
1811
1809
1809
1815
1822
1830
1842
1894
1913
1936
1959
2051
2078
2107
2129
2155
2229
2249
2273
2292
2304
2326
2343
2354
2387
2392
2396
2394
2389
2383
2374
2366
2356
2317
2304
2291
2278
2259
2241
2226
2211
2143
2121
2108
2089
2030
2011
1991
1971
1957
1924
1913
1903
1899
1895
1889
1880
1878
1863
1863
1871
1874
1872
1879
1875
1874
1888
1899
1903
1906
1904
1932
1948
1952
1955
1962
1971
1977
1981
2017
2024
2041
2054
2088
2095
2108
2118
2132
2153
2158
2156
2159
2159
2160
2159
2153
2160
2152
2146
2136
2093
2082
2069
2056
2017
2007
1998
1995
1988
1954
1955
1959
1959
1960
1956
1957
1960
1954
1957
1954
1956
1977
1986
1999
2008
2012
2026
2025
2023
2020
2028
2033
2036
2046
2071
2069
2064
2061
2049
2048
2036
2028
1994
1986
1983
1979
1976
1962
1954
1954
1954
1958
1955
1959
1958
1947
1951
1951
1956
1978
1985
1993
2001
2013
2020
2024
2032
2037
2045
2048
2051
2048
2038
2030
2032
2032
2009
2007
2004
2004
1997
1997
1995
1992
1987
1986
1994
1997
2002
2002
2006
2013
2013
2030
2042
2053
2068
2123
2138
2156
2167
2177
2210
2210
2218
2221
2225
2225
2218
2210
2179
2165
2156
2147
2083
2063
2046
2030
1933
1907
1884
1865
1847
1813
1807
1799
1802
1809
1814
1812
1813
1849
1858
1880
1904
1958
1966
1982
1996
2010
2030
2038
2054
2060
2072
2077
2080
2084
2080
2091
2103
2113
2110
2114
2112
2105
2090
2092
2089
2080
2074
2041
2037
2035
2038
2040
2040
2034
2036
2059
2068
2069
2075
2042
2035
2031
2021
2012
1998
1991
1983
1978
1979
1979
1977
1979
1979
1985
1987
1986
1967
1959
1954
1955
1945
1914
1913
1912
1912
1917
1920
1929
1942
1981
1987
1997
2006
2016
2025
2037
2042
2048
2051
2035
2027
2039
2045
2056
2084
2106
2111
2086
2079
2095
2114
2134
2156
2170
2181
2206
2203
2201
2205
2190
2185
2174
2160
2112
2110
2101
2092
2079
2033
2030
2034
2038
2039
2036
2034
2014
1954
1948
1956
1961
1958
1949
1949
1954
1961
1969
1973
1980
1983
1991
1983
1985
1990
1991
1983
1974
1960
1951
1941
1929
1919
1933
1930
1928
1931
1939
1962
1967
1971
1979
1983
1984
1981
1984
1987
1990
1997
2000
2020
2031
2037
2041
2058
2064
2064
2056
2048
2027
2029
2031
2035
2038
2038
2037
2037
2043
2043
2053
2050
2040
2045
2046
2053
2061
2063
2057
2053
2053
2049
2044
2038
2043
2035
2034
2032
2029
2064
2071
2073
2077
2072
2072
2076
2079
2084
2075
2077
2074
2070
2068
2059
2053
2045
2003
1986
1972
1967
1946
1950
1946
1952
1956
1966
1968
1975
1986
1995
2006
2011
2021
2057
2066
2073
2076
2082
2073
2070
2067
2077
2079
2084
2090
2098
2105
2104
2100
2093
2095
2101
2102
2100
2078
2076
2068
2062
2024
2013
2003
1999
1993
1966
1955
1946
1940
1935
1929
1924
1926
1925
1923
1921
1919
1940
1955
1969
1988
2047
2057
2075
2094
2104
2120
2125
2120
2121
2125
2124
2113
2107
2081
2074
2074
2060
1997
2008
2011
2000
1999
2000
2004
1983
1989
2006
1999
1974
1959
2033
2066
2071
2052
1980
1994
2011
2007
2018
2016
2024
2018
1997
1964
1966
1968
1952
1934
1941
1959
1957
1945
1939
1925
1909
1923
1939
1955
1974
1987
1975
1973
1969
1975
1989
1989
1993
2004
2044
2050
2082
2083
2054
2065
2090
2109
2063
2053
2058
2054
2050
2030
2037
2035
2025
2009
2015
2025
2048
2011
2004
1994
2001
2020
2014
2019
2028
2013
1991
1967
1968
1990
2031
2040
2038
2040
2048
2037
2033
2042
2109
2127
2138
2148
2181
2194
2201
2189
2187
2169
2172
2165
2143
2144
2146
2124
2087
2051
2053
2055
2047
2026
2003
1997
1989
1978
1967
1962
1957
1964
1966
1971
1982
1976
1959
1955
1961
1964
1963
1963
1957
1947
1937
1935
1941
1954
1970
1975
1986
2002
2014
2020
2032
2038
2035
2059
2070
2080
2088
2079
2074
2071
2062
2031
2025
2017
2019
2010
1993
1998
2004
2004
2000
1997
1998
2003
2003
2011
2015
2022
2011
2001
1997
2008
2012
2012
2006
1990
1986
1987
1990
1992
1994
1984
1974
1967
1955
1965
1976
1990
1995
2023
2034
2039
2044
2049
2080
2089
2099
2109
2116
2110
2105
2092
2091
2088
2087
2084
2062
2065
2065
2070
2076
2098
2100
2100
2099
2098
2101
2101
2100
2107
2107
2100
2099
2065
2055
2044
2035
2020
2016
2014
2011
2005
1972
1966
1963
1956
1951
1955
1960
1964
1974
1980
1977
1974
1987
1992
1980
2005
2225
2105
1989
1843
1692
1518
1507
1562
1702
1811
1850
1888
1947
1787
1830
1822
1810
1862
1942
2043
2101
2137
2309
2340
2366
2392
2398
2417
2477
2570
2738
2685
2604
2517
2204
2133
2085
2055
2032
2103
2134
2152
2146
2105
2068
2029
1970
1691
1626
1600
1593
1594
1601
1619
1622
1599
1482
1431
1412
1414
1442
1484
1535
1587
1625
1631
1608
1593
1561
1516
1485
1476
1488
1728
1792
1845
1889
2020
2049
2073
2082
2082
2183
2243
2316
2396
2460
2482
2490
2479
2447
2520
2611
2707
3024
3063
3080
3072
2988
2985
2992
2996
3004
2977
2944
2896
2849
2795
2745
2697
2651
2417
2364
2303
2246
1919
1824
1739
1666
1603
1457
1403
1346
1291
1243
1194
1145
1092
887
844
813
795
773
772
779
786
993
1088
1177
1262
1345
1561
1634
1713
1781
1846
1898
1946
1995
2155
2182
2199
2215
2244
2260
2279
2309
2348
2449
2481
2502
2514
2515
2517
2506
2494
2475
2490
2516
2547
2625
2637
2637
2632
2606
2617
2643
2672
2703
2717
2699
2666
2630
2590
2552
2514
2476
2365
2350
2336
2311
2172
2121
2068
2016
1971
1843
1802
1767
1739
1718
1688
1654
1623
1480
1449
1421
1392
1356
1347
1348
1337
1337
1369
1389
1409
1436
1470
1502
1529
1547
1559
1567
1578
1590
1610
1644
1682
1707
1716
1718
1690
1651
1625
1599
1576
1564
1568
1577
1652
1701
1736
1747
1764
1789
1808
1813
1868
1902
1943
1992
2208
2256
2298
2342
2547
2614
2689
2757
2827
2964
2996
3012
3024
3028
3023
3017
2999
2935
2917
2890
2862
2717
2668
2617
2563
2505
2326
2270
2206
2160
2105
2041
1977
1913
1624
1566
1519
1490
1436
1424
1406
1384
1334
1350
1370
1396
1421
1494
1512
1533
1557
1585
1610
1641
1675
1824
1858
1886
1909
1987
2009
2025
2040
2116
2148
2166
2185
2201
2232
2236
2250
2260
2267
2277
2287
2299
2379
2402
2413
2430
2477
2490
2500
2507
2516
2524
2518
2506
2493
2477
2460
2443
2422
2298
2270
2248
2221
2082
2043
2004
1967
1939
1839
1813
1778
1745
1712
1673
1651
1633
1587
1591
1592
1602
1653
1665
1688
1715
1750
1853
1890
1925
1951
1977
1995
2010
2021
2009
2006
2013
2018
2025
2017
2003
1993
1960
1948
1934
1923
1907
1871
1859
1845
1844
1846
1851
1858
1860
1905
1919
1937
1952
2031
2055
2079
2098
2158
2174
2190
2196
2200
2212
2216
2215
2215
2216
2215
2222
2223
2196
2186
2177
2170
2120
2113
2106
2096
2084
2040
2026
2017
2001
1987
1967
1951
1934
1895
1896
1897
1900
1912
1923
1937
1946
1989
1996
2003
2012
2020
2031
2027
2023
2017
2008
2000
1989
1982
1946
1935
1922
1903
1836
1825
1816
1809
1801
1775
1761
1751
1740
1736
1733
1736
1742
1787
1808
1830
1853
1950
1979
2013
2042
2153
2183
2214
2241
2265
2335
2356
2377
2396
2417
2423
2438
2447
2443
2441
2438
2434
2400
2386
2372
2356
2335
2262
2235
2211
2190
2178
2158
2143
2129
2055
2042
2024
2013
1970
1966
1956
1951
1938
1931
1929
1922
1921
1942
1953
1956
1948
1938
1930
1921
1917
1917
1916
1917
1912
1899
1892
1887
1881
1875
1850
1846
1846
1845
1842
1838
1838
1836
1830
1828
1828
1840
1883
1901
1921
1938
1959
2001
2015
2028
2045
2058
2073
2084
2092
2118
2123
2128
2134
2113
2106
2101
2092
2072
2062
2059
2061
2059
2052
2060
2067
2076
2079
2083
2090
2094
2108
2109
2118
2121
2167
2170
2176
2182
2191
2193
2192
2192
2187
2187
2181
2180
2175
2117
2104
2087
2077
1991
1965
1954
1940
1920
1862
1848
1833
1829
1817
1810
1807
1799
1768
1769
1776
1779
1823
1843
1859
1875
1928
1946
1970
1987
1999
2035
2039
2047
2058
2062
2066
2072
2076
2082
2076
2073
2068
2070
2067
2063
2059
2054
2051
2049
2047
2041
2047
2046
2048
2052
2059
2065
2071
2078
2121
2124
2134
2144
2162
2166
2165
2167
2166
2162
2167
2167
2161
2156
2147
2139
2126
2098
2080
2063
2049
2000
1988
1978
1968
1958
1924
1919
1915
1912
1905
1890
1888
1885
1883
1885
1892
1901
1922
1928
1935
1945
1986
1994
2004
2015
2027
2057
2059
2067
2081
2089
2092
2100
2099
2103
2096
2093
2090
2085
2081
2081
2073
2068
2043
2035
2027
2017
2010
2006
2004
1997
1984
1976
1974
1981
1991
2000
2004
2011
2038
2046
2057
2065
2067
2079
2082
2082
2084
2089
2090
2099
2103
2112
2105
2105
2099
2073
2061
2060
2059
2056
2020
2004
1988
1972
1964
1948
1943
1938
1918
1916
1918
1917
1924
1932
1936
1937
1945
1965
1975
1980
1990
2005
2010
2021
2028
2040
2042
2050
2053
2056
2060
2063
2063
2045
2038
2032
2035
2034
2021
2012
2013
2015
2015
2016
2021
2020
2026
2019
2021
2030
2040
2048
2059
2065
2073
2086
2087
2086
2086
2093
2092
2085
2088
2075
2066
2058
2047
2022
2013
2015
2008
1987
1979
1978
1973
1968
1948
1950
1950
1944
1941
1930
1931
1926
1931
1929
1932
1933
1969
1988
2005
2029
2057
2115
2139
2167
2188
2203
2214
2224
2232
2187
2161
2135
2101
1978
1941
1908
1879
1850
1812
1808
1807
1814
1833
1851
1883
1915
2012
2040
2068
2093
2117
2128
2134
2134
2132
2101
2087
2074
2052
2033
2019
2008
2002
1995
2003
2008
2017
2029
2040
2056
2067
2086
2138
2143
2146
2149
2105
2088
2070
2051
2035
1990
1975
1963
1958
1955
1953
1947
1954
1973
1980
1990
2005
2021
2025
2028
2032
2058
2059
2061
2070
2073
2095
2102
2103
2116
2119
2126
2135
2142
2162
2163
2162
2165
2133
2117
2102
2094
2083
2042
2026
2010
1999
1988
1980
1974
1972
1948
1943
1947
1946
1928
1929
1929
1924
1924
1927
1944
1951
1963
1992
2001
2012
2022
2035
2042
2049
2053
2059
2058
2052
2045
2003
1997
1989
1982
1972
1951
1947
1944
1943
1943
1937
1931
1929
1921
1912
1908
1903
1893
1888
1891
1889
1887
1882
1892
1900
1898
1906
1919
1935
1947
1980
1988
2006
2014
2030
2040
2058
2062
2068
2083
2089
2095
2101
2100
2102
2101
2104
2105
2101
2104
2111
2110
2106
2103
2101
2095
2062
2048
2041
2034
1997
1995
1993
1991
2006
2011
2024
2040
2059
2113
2133
2152
2172
2185
2195
2205
2213
2230
2230
2222
2209
2196
2146
2127
2120
2115
2110
2103
2095
2085
2047
2037
2032
2024
2018
2012
2008
2002
1991
1977
1974
1973
1975
1965
1961
1952
1955
1989
2000
2018
2034
2044
2076
2087
2099
2109
2112
2116
2117
2115
2075
2063
2049
2039
1985
1969
1951
1944
1941
1935
1934
1941
1946
1950
1951
1956
1971
2035
2049
2052
2057
2066
2066
2064
2063
2068
2126
2054
1952
1899
1871
1845
1836
1867
1936
1957
1966
1973
1949
1926
1922
1913
1866
1863
1874
1903
1930
2011
2032
2042
2053
2073
2093
2101
2110
2195
2221
2239
2237
2153
2108
2074
2048
2030
2043
2046
2053
2065
2046
2027
2000
1959
1922
1899
1896
1894
1902
1901
1900
1896
1853
1855
1869
1895
1932
2016
2028
2033
2030
2020
2003
1999
2005
2034
2054
2072
2080
2046
2027
2019
2023
2058
2068
2072
2065
2064
2076
2077
2084
2089
2086
2081
2093
2105
2126
2113
2092
2066
1986
1978
1971
1978
1994
2018
2021
2021
2027
2030
2029
2036
2045
2089
2091
2092
2095
2054
2035
2028
2026
2016
2010
2009
2008
2000
1982
1989
1996
2006
2020
2034
2040
2041
2007
1996
1991
1992
2003
2001
1995
1984
1968
1885
1861
1830
1807
1789
1777
1771
1772
1749
1748
1743
1736