1731
1718
1709
1701
1692
1686
1675
1668
1628
1616
1603
1600
1609
1623
1644
1668
1772
1802
1824
1849
1934
1954
1968
1981
2016
2022
2026
2031
2042
2049
2042
2039
2040
2036
2034
2030
2035
2046
2054
2065
2076
2104
2109
2122
2129
2165
2173
2181
2189
2198
2202
2203
2199
2201
2207
2208
2206
2205
2175
2161
2150
2137
2090
2083
2076
2073
2059
2013
1991
1973
1954
1948
1934
1929
1923
1916
1915
1908
1901
1897
1889
1887
1880
1870
1847
1848
1856
1862
1872
1873
1879
1878
1886
1902
1911
1906
1914
1920
1923
1925
1926
1920
1913
1907
1899
1872
1862
1850
1843
1842
1849
1853
1853
1859
1876
1884
1888
1897
1906
1915
1933
1953
2004
2025
2044
2062
2131
2149
2168
2188
2256
2267
2276
2292
2304
2310
2313
2314
2312
2308
2302
2297
2295
2250
2240
2229
2220
2156
2139
2120
2102
2057
2044
2037
2025
2023
1992
1979
1976
1974
1973
1972
1978
1981
1986
1987
1992
1995
1994
1995
1993
1992
1995
1998
2000
2007
2015
2023
2026
2022
2020
1990
1981
1977
1975
1946
1934
1926
1923
1891
1890
1890
1895
1894
1912
1922
1929
1938
1950
1963
1975
1990
2055
2073
2088
2101
2149
2149
2148
2158
2172
2169
2168
2167
2162
2142
2127
2118
2113
2102
2094
2089
2087
2071
2063
2062
2057
2029
2025
2028
2026
2023
2020
2025
2019
2020
2011
2011
2015
2015
2009
2000
2004
2005
2010
2021
2023
2026
2010
2008
2009
2004
2002
1984
1975
1968
1965
1960
1949
1949
1947
1927
1924
1923
1919
1926
1934
1937
1941
1957
1962
1967
1977
1988
1997
2006
2016
2022
2020
2024
2029
2035
2038
2041
2048
2047
2038
2042
2053
2064
2071
2069
2074
2074
2077
2076
2080
2086
2088
2078
2082
2084
2082
2082
2082
2084
2085
2095
2100
2098
2094
2089
2092
2087
2083
2083
2084
2074
2075
2075
2076
2074
2068
2067
2066
2058
2059
2057
2055
2034
2028
2026
2018
1996
1987
1980
1972
1968
1950
1940
1935
1932
1924
1915
1905
1904
1903
1900
1900
1896
1897
1903
1905
1911
1931
1935
1940
1951
1955
1985
1995
1999
2005
2011
2014
2019
2023
2020
2027
2030
2032
2044
2043
2042
2041
2040
2034
2031
2034
2035
2045
2052
2054
2061
2058
2054
2058
2059
2062
2061
2064
2069
2081
2090
2088
2088
2087
2085
2086
2087
2093
2094
2089
2087
2091
2082
2082
2082
2076
2051
2042
2039
2032
2001
2002
2000
2006
2000
1995
1987
1982
1979
1976
1980
1979
1979
1978
1985
1994
2005
2020
2028
2036
2042
2051
2062
2060
2066
2068
2071
2074
2081
2089
2081
2078
2072
2069
2058
2056
2054
2052
2060
2061
2058
2065
2072
2075
2074
2075
2081
2083
2084
2092
2094
2092
2088
2087
2080
2059
2053
2042
2038
2016
2011
2012
2003
2002
1994
1985
1976
1972
1967
1963
1963
1961
1957
1965
1971
1973
1973
1975
1977
1976
1964
1957
1953
1949
1947
1927
1922
1923
1921
1920
1913
1919
1926
1942
1952
1952
1963
2007
2023
2030
2036
2041
2047
2047
2049
2048
2049
2048
2043
2041
2014
2011
2000
2002
1991
1987
1988
1993
2010
2012
2014
2020
2026
2051
2055
2063
2080
2087
2100
2117
2129
2144
2135
2135
2142
2126
2129
2123
2117
2080
2073
2070
2070
2064
2058
2052
2046
2034
2028
2026
2023
2020
2010
2010
2010
2005
1991
1997
1996
2001
2005
2019
2017
2020
2019
2024
2029
2033
2031
2071
2082
2084
2093
2091
2097
2102
2101
2088
2081
2077
2071
2066
2050
2038
2025
2017
2010
2000
1996
1995
1989
1992
1990
1987
1961
1954
1949
1949
1968
1969
1968
1972
1966
1963
1967
1979
1985
1992
1998
2012
2021
2043
2044
2043
2048
2035
2038
2036
2037
2036
2015
2003
1993
1979
1968
1961
1959
1950
1938
1939
1940
1940
1936
1945
1954
1963
1987
1992
1987
1982
1982
1981
1979
1976
1977
1980
1979
1985
1983
1981
1979
1976
1979
1994
2003
2010
2023
2040
2060
2070
2072
2073
2076
2083
2083
2081
2076
2071
2067
2064
2057
2062
2064
2065
2063
2062
2058
2063
2063
2074
2082
2087
2082
2082
2079
2084
2085
2079
2077
2076
2079
2068
2064
2068
2078
2085
2079
2070
2064
2057
2045
2043
2046
2040
2038
2041
2040
2035
2033
2032
2033
2034
2029
2023
2026
2028
2033
2031
2033
2038
2036
2030
2012
2011
2009
2009
2008
2004
2008
2015
2024
2035
2033
2031
2046
2047
2049
2048
2051
2048
2046
2039
2031
2034
2026
2026
2029
2027
2030
2024
2024
2021
2016
2009
1997
1991
1993
1998
2002
2003
2007
2014
2017
2015
2014
2014
2020
2024
2033
2043
2046
2059
2061
2056
2054
2056
2064
2067
2060
2052
2043
2002
1988
1986
1986
1984
1991
1995
1995
1996
1995
1986
1988
1997
2011
2015
2021
2028
2039
2042
2042
2047
2041
2040
2036
2042
2043
2045
2039
2035
2030
1971
1964
1955
1956
1967
1970
1970
1969
1961
1965
1972
1986
1997
2008
2005
2001
1996
1992
1986
1978
1976
1981
1989
1997
2006
2026
2021
2025
2026
2024
2033
2034
2030
2030
2034
2032
2031
2029
1998
2131
2245
2226
1891
1849
1836
1841
1842
1881
1960
2046
2042
1977
1935
1915
1878
1883
1868
1900
1951
2033
2065
2088
2082
2125
2154
2211
2258
2287
2318
2262
2204
2170
2146
2124
2092
2067
2007
2024
2049
2064
2022
2020
2005
1974
1943
1885
1870
1860
1868
1891
1899
1889
1868
1793
1792
1787
1787
1804
1817
1816
1799
1679
1648
1639
1639
1652
1735
1761
1783
1795
1796
1800
1811
1828
1996
2094
2200
2311
2750
2838
2908
2978
3059
3288
3381
3485
3588
3693
3791
3862
3904
3847
3780
3697
3622
3318
3222
3111
2970
2338
2175
2014
1872
1739
1380
1276
1173
1071
968
854
736
625
325
279
243
215
160
150
145
144
147
196
231
285
352
431
510
581
643
990
1118
1265
1428
2018
2132
2233
2324
2403
2606
2670
2727
2787
2835
2872
2905
2922
2880
2851
2815
2795
2775
2788
2809
2812
2724
2691
2660
2642
2625
2622
2635
2640
2644
2637
2624
2614
2594
2451
2435
2415
2399
2375
2365
2360
2349
2333
2268
2241
2210
2180
2143
2103
2062
2016
1822
1777
1728
1683
1562
1543
1529
1523
1520
1520
1520
1519
1523
1542
1552
1566
1582
1599
1613
1630
1652
1734
1756
1780
1804
1842
1840
1834
1820
1806
1750
1735
1719
1704
1692
1684
1679
1681
1695
1696
1700
1701
1732
1750
1780
1814
1974
2020
2072
2126
2181
2347
2404
2458
2515
2578
2644
2701
2757
2913
2934
2951
2962
2958
2951
2939
2925
2913
2853
2820
2781
2740
2687
2628
2553
2476
2157
2079
1998
1916
1632
1574
1520
1468
1424
1308
1280
1253
1233
1217
1207
1197
1192
1178
1188
1197
1203
1295
1329
1359
1385
1500
1536
1575
1616
1654
1761
1799
1838
1885
1933
1986
2041
2103
2366
2425
2479
2525
2658
2688
2716
2733
2757
2817
2830
2832
2829
2832
2826
2817
2807
2737
2717
2700
2680
2601
2576
2539
2500
2357
2314
2273
2235
2201
2077
2022
1960
1902
1848
1799
1750
1697
1529
1492
1466
1443
1370
1359
1350
1348
1359
1385
1398
1417
1442
1464
1480
1497
1525
1677
1721
1767
1810
1987
2024
2054
2081
2106
2175
2194
2209
2222
2225
2226
2222
2215
2156
2142
2135
2133
2091
2089
2078
2072
2055
2047
2044
2041
2040
2062
2070
2082
2100
2118
2136
2145
2165
2225
2237
2251
2261
2292
2291
2282
2278
2271
2230
2219
2202
2181
2160
2147
2131
2113
2052
2043
2026
2016
1959
1950
1942
1940
1897
1896
1898
1900
1902
1900
1904
1905
1906
1903
1901
1912
1917
1930
1927
1923
1925
1923
1912
1909
1894
1875
1833
1820
1803
1785
1763
1746
1729
1716
1658
1651
1643
1638
1658
1665
1678
1698
1724
1790
1813
1836
1870
1895
1923
1947
1976
2079
2109
2141
2169
2204
2239
2266
2301
2336
2414
2430
2449
2469
2483
2492
2501
2514
2518
2531
2534
2531
2524
2518
2507
2501
2492
2424
2399
2373
2353
2266
2236
2206
2183
2082
2056
2037
2016
1995
1949
1933
1921
1913
1902
1892
1882
1878
1857
1855
1852
1854
1845
1845
1853
1849
1847
1828
1818
1815
1811
1816
1819
1814
1814
1830
1837
1847
1851
1854
1859
1867
1868
1870
1886
1886
1890
1902
1912
1921
1934
1946
2007
2022
2039
2058
2120
2134
2145
2158
2172
2176
2172
2176
2170
2148
2142
2134
2122
2105
2094
2082
2059
2014
2007
1994
1988
1955
1960
1961
1963
1969
1969
1974
1979
1984
1991
2000
2011
2021
2059
2062
2078
2091
2126
2136
2143
2146
2168
2165
2172
2174
2173
2169
2159
2148
2139
2125
2110
2095
2087
2018
2006
1989
1973
1912
1897
1880
1868
1864
1845
1843
1840
1839
1842
1846
1852
1858
1887
1895
1905
1914
1938
1947
1950
1958
1969
1993
2000
2006
2015
2030
2040
2042
2049
2066
2073
2084
2091
2099
2107
2116
2125
2132
2148
2153
2160
2166
2171
2177
2180
2182
2189
2205
2206
2206
2208
2208
2202
2204
2209
2188
2182
2183
2182
2156
2151
2137
2128
2118
2072
2055
2039
2029
2013
1997
1981
1977
1934
1928
1913
1899
1893
1885
1875
1858
1851
1839
1833
1830
1830
1831
1833
1824
1825
1828
1833
1841
1846
1843
1851
1864
1871
1874
1919
1932
1955
1972
2028
2042
2046
2056
2066
2094
2097
2101
2104
2107
2108
2107
2109
2108
2102
2096
2094
2101
2100
2098
2101
2104
2103
2097
2085
2079
2081
2081
2075
2066
2065
2076
2069
2071
2073
2072
2062
2053
2052
2031
2028
2014
2005
1980
1983
1980
1975
1957
1950
1943
1944
1946
1936
1941
1942
1939
1939
1940
1942
1949
1957
1954
1958
1968
1989
2000
2004
2008
2024
2043
2052
2058
2059
2059
2060
2059
2065
2083
2084
2085
2089
2084
2076
2069
2068
2070
2066
2068
2061
2058
2057
2050
2052
2056
2055
2055
2056
2051
2048
2050
2053
2055
2058
2060
2066
2074
2078
2089
2087
2088
2094
2103
2105
2106
2106
2111
2121
2129
2132
2134
2137
2136
2130
2125
2114
2105
2100
2093
2051
2042
2029
2023
2011
1972
1962
1954
1948
1937
1921
1907
1904
1870
1866
1867
1870
1861
1863
1866
1866
1865
1885
1889
1896
1912
1922
1926
1929
1938
1977
1986
1998
2004
2033
2043
2050
2060
2079
2081
2086
2089
2091
2095
2090
2093
2094
2091
2085
2078
2074
2059
2057
2056
2058
2072
2067
2066
2062
2062
2067
2068
2072
2072
2070
2074
2076
2080
2085
2088
2090
2087
2072
2067
2068
2059
2055
2054
2042
2031
2023
2014
2008
2003
1995
1986
1981
1980
1975
1955
1953
1947
1945
1948
1950
1956
1956
1962
1971
1979
1985
1991
1993
1996
2002
2007
2022
2020
2015
2013
2018
2018
2017
2017
2010
2008
2005
2003
2005
1997
1996
1995
1990
1988
1981
1973
1974
1979
1973
1974
1983
1981
1983
1985
1989
1995
2018
2022
2025
2032
2039
2047
2056
2061
2069
2090
2099
2107
2115
2124
2130
2137
2145
2150
2148
2150
2150
2150
2153
2154
2154
2154
2125
2119
2112
2103
2098
2083
2077
2064
2039
2030
2022
2008
1982
1975
1975
1974
1973
1956
1951
1949
1948
1952
1955
1954
1953
1960
1961
1962
1966
1976
1976
1980
1984
2002
2003
2001
2003
2002
2002
2002
1999
2003
2004
2005
2012
2013
2022
2027
2034
2038
2060
2062
2070
2078
2085
2090
2096
2101
2106
2105
2107
2109
2106
2101
2097
2100
2096
2074
2071
2072
2069
2045
2035
2028
2024
2021
2003
1996
1993
1991
1991
1987
1983
1980
1962
1960
1954
1957
1966
1967
1970
1979
2014
2018
2026
2030
2041
2060
2068
2070
2072
2079
2085
2094
2092
2107
2093
2080
2068
2003
1993
1987
1988
1986
2007
2008
2007
2009
2012
2014
2012
2006
1984
1985
1986
1984
2016
2015
2012
2015
2003
2005
2003
2007
2013
2021
2023
2024
2014
2003
1987
1976
1962
1935
1944
1946
1955
1965
1966
1967
1964
1953
1948
1949
1955
1964
1972
1978
1987
1991
2014
2016
2027
2041
2087
2084
2081
2080
2077
2080
2084
2083
2089
2093
2095
2091
2088
2084
2075
2075
2072
2059
2055
2049
2047
2015
2002
1997
1991
1986
1973
1959
1949
1938
1932
1922
1910
1892
1806
1793
1778
1767
1721
1706
1696
1689
1682
1669
1666
1668
1675
1683
1694
1699
1700
1744
1752
1761
1773
1824
1843
1864
1887
1948
1968
1987
2002
2027
2098
2126
2152
2189
2232
2277
2325
2372
2573
2634
2697
2763
3022
3080
3138
3200
3403
3446
3480
3510
3541
3558
3545
3526
3498
3468
3435
3393
3346
3289
3081
2998
2908
2814
2716
2615
2509
2400
2043
1918
1798
1682
1571
1455
1344
1241
1143
879
808
739
670
603
548
500
453
381
386
395
403
471
504
546
596
642
816
882
952
1035
1111
1195
1279
1365
1708
1790
1871
1957
2293
2398
2485
2558
2622
2590
2562
2539
2521
2509
2512
2528
2547
2665
2687
2705
2714
2708
2697
2669
2652
2564
2562
2559
2546
2537
2538
2536
2542
2551
2551
2552
2566
2580
2628
2620
2605
2585
2379
2315
2256
2206
2156
2058
2026
2006
1976
1929
1869
1791
1720
1503
1435
1376
1322
1271
1225
1181
1134
1079
927
883
848
822
811
815
834
854
881
906
903
904
909
912
923
942
971
1141
1185
1220
1253
1387
1423
1464
1504
1549
1706
1750
1794
1828
1861
1887
1914
1942
2052
2108
2168
2233
2309
2378
2440
2487
2528
2606
2630
2654
2680
2719
2765
2813
2859
2899
2988
3006
3025
3049
3067
3090
3112
3133
3186
3181
3177
3165
3081
3059
3035
3017
2894
2852
2802
2739
2684
2518
2465
2411
2351
2298
2239
2181
2121
1876
1823
1765
1716
1541
1504
1459
1421
1391
1350
1349
1358
1369
1386
1393
1400
1412
1485
1497
1514
1536
1673
1717
1765
1817
1996
2034
2077
2122
2165
2282
2326
2359
2391
2416
2444
2469
2501
2606
2623
2641
2652
2664
2669
2682
2693
2702
2698
2695
2682
2666
2648
2623
2597
2561
2423
2388
2355
2323
2167
2126
2077
2033
1837
1794
1747
1705
1673
1596
1565
1531
1500
1469
1433
1403
1378
1301
1283
1267
1256
1277
1287
1300
1315
1333
1379
1389
1401
1421
1444
1467
1491
1523
1639
1663
1682
1704
1787
1802
1815
1835
1918
1938
1952
1965
1982
2009
2014
2020
2027
2038
2046
2059
2069
2096
2098
2097
2095
2089
2096
2101
2107
2130
2143
2153
2157
2165
2195
2208
2216
2226
2230
2244
2249
2252
2268
2273
2279
2284
2281
2275
2267
2263
2263
2235
2226
2213
2204
2189
2170
2154
2136
2041
2024
2007
1989
1927
1909
1892
1881
1800
1782
1769
1765
1757
1731
1728
1724
1718
1715
1715
1718
1717
1726
1733
1743
1760
1826
1846
1861
1873
1883
1917
1920
1931
1951
1965
1980
1993
2010
2098
2116
2135
2155
2213
2232
2253
2270
2293
2346
2363
2384
2400
2419
2438
2453
2471
2495
2500
2505
2509
2509
2511
2513
2512
2502
2482
2470
2464
2453
2435
2425
2417
2403
2389
2330
2313
2291
2274
2253
2222
2201
2183
2097
2074
2053
2030
1954
1930
1920
1908
1890
1831
1824
1815
1806
1797
1791
1780
1777
1761
1761
1756
1755
1754
1753
1750
1750
1747
1763
1768
1773
1777
1788
1796
1802
1809
1814
1834
1842
1849
1861
1867
1874
1890
1900
1955
1972
1989
2008
2050
2061
2070
2079
2112
2113
2114
2116
2117
2120
2116
2111
2107
2103
2094
2086
2084
2076
2070
2065
2062
2058
2054
2056
2057
2053
2046
2041
2038
2036
2040
2041
2038
2029
2024
2035
2037
2036
2046
2045
2046
2052
2050
2049
2048
2047
2048
2046
2042
2044
2043
2038
2036
2030
2026
2013
2012
1999
1994
1987
1962
1958
1952
1948
1942
1936
1927
1919
1905
1877
1868
1861
1865
1861
1859
1854
1850
1839
1842
1849
1851
1865
1872
1880
1887
1921
1934
1946
1955
1972
2003
2013
2016
2019
2019
2026
2039
2044
2066
2073
2074
2079
2113
2122
2130
2138
2143
2148
2150
2154
2155
2157
2155
2156
2157
2166
2164
2166
2165
2143
2136
2137
2135
2128
2125
2118
2109
2111
2103
2099
2094
2094
2071
2067
2063
2053
2046
2039
2033
2025
2017
2002
1996
1986
1975
1972
1971
1964
1963
1955
1948
1944
1940
1938
1934
1937
1935
1933
1942
1943
1945
1945
1944
1941
1943
1946
1981
1995
2006
2020
2028
2058
2063
2078
2087
2091
2086
2094
2102
2129
2133
2138
2143
2146
2149
2147
2143
2144
2137
2133
2132
2126
2119
2114
2108
2110
2090
2092
2092
2091
2067
2068
2064
2064
2057
2051
2048
2043
2044
2032
2026
2019
2011
2011
2003
1999
1991
1974
1965
1959
1955
1940
1939
1938
1940
1944
1939
1937
1943
1943
1936
1934
1934
1939
1941
1947
1947
1946
1943
1943
1948
1951
1971
1972
1976
1982
1986
1993
1997
1997
1997
2005
2013
2022
2025
2026
2027
2034
2039
2047
2055
2054
2060
2072
2070
2068
2077
2084
2082
2081
2082
2081
2082
2077
2079
2072
2073
2075
2073
2068
2052
2042
2038
2037
2037
2029
2022
2014
2014
2011
2001
1991
1980
1969
1959
1951
1952
1947
1940
1944
1944
1941
1939
1940
1940
1943
1944
1944
1951
1957
1965
1973
1985
1993
2016
2020
2027
2033
2035
2039
2044
2049
2051
2053
2063
2065
2059
2057
2056
2055
2057
2067
2063
2067
2072
2074
2078
2077
2082
2089
2093
2101
2107
2111
2111
2111
2115
2121
2123
2118
2116
2114
2118
2114
2111
2102
2091
2084
2080
2084
2083
2084
2087
2091
2090
2100
2099
2099
2094
2098
2087
2087
2084
2084
2080
2077
2070
2065
2027
2023
2022
2017
1991
1980
1973
1968
1966
1960
1957
1951
1952
1944
1941
1942
1945
1938
1936
1939
1938
1947
1946
1950
1947
1945
1949
1949
1953
1956
1953
1960
1966
1972
1974
1975
1979
1984
1985
1990
1999
2007
2019
2014
2019
2021
2022
2016
2012
2009
2013
2015
2016
2017
2019
2035
2044
2052
2051
2066
2068
2069
2075
2084
2086
2083
2090
2091
2093
2090
2092
2085
2088
2090
2084
2082
2061
2061
2065
2061
2031
2026
2030
2024
1990
1987
1982
1972
1976
1965
1963
1954
1951
1952
1952
1948
1949
1942
1944
1950
1957
1979
1988
1995
1999
2001
2019
2024
2036
2042
2045
2050
2049
2057
2069
2066
2069
2067
2061
2063
2066
2069
2077
2081
2082
2084
2082
2089
2089
2085
2083
2085
2084
2086
2084
2070
2069
2074
2077
2040
2024
2004
1985
1957
1969
1976
1979
1987
2003
1996
1998
2009
2017
2022
2023
2021
2005
1996
1993
1989
1991
1996
2000
2007
2010
2016
2018
2020
2021
2025
2035
2039
2042
2046
2038
2037
2035
2007
2006
2001
2002
1999
1994
1991
1988
1985
1987
1982
1979
1979
1983
1987
1995
1993
2003
1998
2004
2016
2043
2047
2053
2053
2051
2032
2026
2025
2027
2033
2036
2040
2044
2053
2052
2052
2053
2041
2047
2049
2047
2031
2022
2014
2012
2014
2015
2022
2026
2032
2023
2000
1969
1931
1756
1728
1712
1701
1660
1655
1645
1642
1638
1617
1614
1606
1603
1600
1593
1592
1588
1592
1602
1608
1622
1726
1766
1812
1860
2079
2155
2235
2319
2403
2677
2764
2849
2936
3014
3094
3175
3247
3558
3616
3670
3718
3844
3860
3867
3862
3861
3801
3762
3712
3659
3599
3521
3445
3363
2955
2848
2732
2605
2024
1878
1735
1594
1059
941
822
701
591
284
197
147
135
128
123
120
117
112
111
112
113
121
123
129
139
150
210
261
328
408
496
588
698
804
1251
1360
1467
1576
1974
2073
2176
2272
2638
2707
2776
2840
2901
3061
3113
3154
3189
3223
3251
3275
3296
3310
3354
3360
3372
3377
3381
3391
3387
3378
3350
3336
3314
3287
3253
3218
3179
3155
3124
2983
2933
2886
2832
2774
2722
2673
2619
2361
2293
2223
2157
1866
1786
1706
1636
1582
1442
1408
1380
1365
1352
1340
1329
1314
1294
1286
1286
1293
1287
1287
1297
1299
1304
1346
1372
1393
1418
1445
1472
1495
1519
1611
1632
1660
1687
1782
1798
1809
1826
1854
1868
1885
1905
1922
1986
2006
2031
2049
2066
2086
2107
2140
2254
2284
2319
2350
2478
2510
2535
2564
2595
2674
2697
2713
2722
2730
2738
2746
2755
2763
2762
2762
2747
2682
2654
2621
2590
2438
2389
2335
2277
2228
2016
1932
1860
1788
1714
1646
1573
1507
1272
1213
1161
1116
979
961
952
944
955
969
996
1022
1049
1150
1190
1224
1273
1319
1365
1415
1464
1628
1683
1732
1790
2001
2054
2110
2161
2214
2351
2399
2447
2489
2525
2566
2609
2641
2757
2782
2817
2847
2932
2945
2947
2949
2960
2956
2946
2928
2911
2850
2825
2797
2766
2732
2695
2656
2616
2422
2368
2311
2260
2010
1942
1874
1817
1755
1593
1550
1504
1457
1417
1379
1350
1321
1235
1228
1225
1219
1230
1245
1262
1283
1385
1426
1466
1511
1560
1695
1736
1781
1825
1867
1910
1963
2012
2190
2233
2265
2301
2440
2470
2501
2529
2561
2622
2643
2650
2658
2661
2660
2659
2656
2609
2600
2593
2583
2495
2470
2449
2421
2336
2320
2299
2273
2250
2160
2132
2110
2094
2079
2059
2044
2028
1945
1915
1886
1864
1824
1824
1819
1815
1791
1783
1779
1775
1774
1794
1799
1792
1792
1792
1795
1798
1793
1770
1766
1764
1760
1731
1724
1714
1706
1698
1674
1666
1660
1655
1651
1651
1649
1650
1643
1635
1628
1629
1642
1647
1651
1660
1703
1719
1726
1736
1756
1815
1841
1867
1890
1907
1926
1947
1968
2051
2073
2096
2117
2202
2220
2244
2264
2334
2348
2358
2368
2378
2391
2389
2384
2384
2383
2382
2379
2377
2356
2351
2346
2337
2303
2292
2285
2283
2279
2234
2218
2208
2197
2176
2157
2145
2132
2064
2044
2034
2024
1945
1932
1920
1909
1868
1862
1856
1845
1837
1823
1816
1810
1807
1809
1811
1810
1807
1816
1819
1831
1844
1875
1885
1896
1904
1908
1954
1969
1991
2019
2044
2062
2079
2105
2168
2180
2200
2220
2292
2293
2308
2318
2323
2320
2317
2311
2309
2267
2248
2229
2212
2202
2189
2173
2163
2112
2096
2077
2057
1989
1977
1971
1969
1940
1934
1928
1927
1918
1915
1921
1928
1946
1950
1955
1953
1956
2002
2013
2025
2039
2083
2083
2089
2090
2092
2092
2093
2093
2091
2095
2097
2097
2090
2066
2064
2066
2063
2026
2013
2005
2000
1951
1940
1934
1927
1921
1890
1886
1890
1895
1891
1891
1892
1887
1883
1887
1891
1889
1884
1887
1895
1904
1904
1917
1929
1934
1942
1951
1951
1958
1968
2006
2008
2011
2014
2051
2060
2070
2078
2102
2108
2116
2118
2126
2143
2140
2136
2140
2152
2157
2156
2150
2140
2139
2136
2132
2094
2087
2080
2072
2068
2053
2046
2032
2020
2007
1997
1984
1971
1919
1918
1917
1911
1885
1875
1865
1857
1858
1855
1855
1856
1856
1862
1867
1871
1872
1872
1882
1891
1900
1930
1946
1963
1979
2038
2047
2056
2070
2072
2099
2098
2104
2122
2131
2139
2139
2140
2148
2148
2152
2155
2157
2152
2157
2157
2134
2131
2128
2122
2125
2109
2100
2099
2096
2089
2086
2079
2072
2049
2045
2045
2031
1989
1991
1992
1986
1957
1952
1950
1946
1949
1949
1950
1954
1955
1959
1962
1963
1957
1956
1959
1968
1977
2024
2034
2038
2044
2049
2061
2067
2071
2079
2087
2089
2092
2098
2081
2079
2073
2076
2060
2052
2047
2048
2053
2049
2049
2047
2049
2051
2048
2043
2043
2043
2041
2045
2044
2049
2052
2048
2046
2049
2051
2054
2059
2070
2074
2081
2080
2084
2086
2089
2093
2096
2101
2098
2101
2101
2103
2097
2096
2094
2091
2072
2068
2069
2073
2048
2044
2037
2023
2019
2000
1994
1988
1982
1978
1979
1977
1971
1953
1952
1957
1959
1956
1956
1959
1955
1929
1927
1928
1934
1935
1942
1933
1929
1926
1919
1921
1923
1927
1950
1947
1950
1952
1953
1958
1962
1970
1977
1980
1976
1975
1971
1964
1966
1971
1981
1996
2002
2004
2006
2030
2036
2047
2052
2089
2088
2094
2103
2109
2132
2133
2138
2142
2139
2141
2147
2150
2109
2104
2092
2084
2073
2070
2066
2052
2045
2024
2024
2020
2016
2010
2006
1997
1988
1960
1957
1949
1947
1936
1937
1941
1941
1950
1955
1964
1973
1973
1991
1999
2004
2002
2008
2011
2018
2027
2025
2031
2036
2041
2034
2040
2047
2054
2057
2057
2061
2061
2063
2068
2075
2082
2092
2098
2097
2102
2107
2112
2117
2123
2127
2135
2144
2138
2136
2141
2143
2137
2137
2134
2139
2129
2123
2115
2104
2098
2091
2084
2079
2046
2042
2043
2043
2024
2015
2006
2009
1995
1994
1990
1980
1976
1960
1958
1954
1957
1951
1944
1938
1935
1937
1934
1934
1933
1938
1936
1939
1943
1944
1947
1947
1960
1971
1976
1972
1969
1968
1977
1981
1991
2001
2031
2033
2039
2041
2063
2067
2073
2078
2079
2073
2074
2076
2079
2077
2082
2083
2081
2074
2071
2072
2072
2074
2073
2074
2072
2063
2059
2048
2048
2048
2029
2020
2011
2007
2011
2009
2002
2009
2019
2021
2020
2017
2006
2002
2000
2003
1998
1993
1998
2000
2002
2006
2013
2023
2031
2026
2020
2019
2013
2015
2011
2008
2013
1992
1986
1987
1990
1994
1989
1990
1992
1989
1986
1985
1984
1985
1993
1993
1996
1999
2004
2007
2007
2012
2025
2033
2037
2039
2033
2035
2033
2039
2039
2032
2033
2037
2039
2033
2032
2028
2027
2018
2019
2019
2014
2020
2024
2021
2016
2021
2028
2030
2027
2024
2019
2013
2016
2016
2018
2024
2029
2035
2046
2045
2051
2057
2057
2071
2071
2069
2073
2070
2067
2067
2067
2073
2069
2068
2068
2046
2039
2035
2032
2025
2019
2016
2011
2013
2001
1999
2004
2002
2003
1992
1992
1987
1991
1991
2002
2012
2027
2029
2032
2034
2033
2048
2053
2058
2064
2074
2080
2083
2093
2096
2097
2099
2105
2097
2094
2095
2090
2076
2070
2062
2062
2058
2046
2044
2044
2040
2030
2025
2024
2018
1991
1990
1985
1989
1995
1998
2003
2012
2004
2003
2004
2000
1995
1993
1995
1994
1992
1986
1979
1984
1992
1993
1984
1845
1557
1586
1627
1705
1807
1879
2106
2110
2063
2049
2067
2037
1996
2035
2121
2126
2127
2108
2093
2075
2102
2139
2143
2146
2132
2122
2119
2021
2015
2011
1989
1973
1959
1939
1918
1907
1927
1961
1964
1813
1786
1750
1711
1575
1584
1594
1604
1601
1507
1467
1432
1406
1379
1362
1351
1353
1644
1727
1798
1861
2055
2127
2200
2277
2375
2683
2791
2915
3044
3175
3301
3416
3537
3873
3909
3938
3961
3929
3890
3855
3820
3617
3549
3476
3399
3306
2989
2862
2739
2630
2533
2438
2349
2250
1777
1663
1554
1466
1165
1088
1004
917
567
496
434
368
310
167
157
152
151
153
151
149
149
155
157
162
180
320
376
444
524
603
903
995
1091
1181
1264
1344
1426
1517
1917
2023
2123
2224
2599
2673
2740
2805
3044
3104
3153
3202
3247
3343
3374
3388
3412
3442
3473
3510
3535
3600
3596
3592
3587
3502
3469
3426
3384
3344
3163
3095
3024
2959
2883
2798
2719
2629
2370
2296
2226
2152
2080
2002
1918
1831
1749
1528
1469
1425
1385
1356
1324
1291
1258
1239
1154
1133
1121
1114
1113
1127
1140
1161
1211
1215
1217
1226
1201
1187
1159
1131
1085
1087
1095
1107
1117
1185
1201
1219
1248
1268
1285
1299
1322
1386
1420
1455
1489
1670
1721
1776
1832
1882
2048
2111
2177
2243
2306
2366
2423
2491
2680
2713
2754
2788
2950
2984
3011
3040
3085
3088
3093
3101
3092
3073
3060
3047
3031
3005
2977
2942
2903
2715
2663
2613
2555
2324
2255
2189
2120
2046
1823
1741
1667
1597
1527
1468
1411
1355
1161
1131
1103
1092
1082
1096
1111
1119
1187
1217
1257
1292
1331
1453
1499
1545
1591
1635
1683
1742
1799
2019
2076
2135
2194
2388
2433
2478
2519
2560
2693
2738
2782
2820
2858
2891
2918
2945
3013
3021
3027
3031
3013
3003
2988
2979
2902
2873
2843
2805
2773
2666
2626
2583
2534
2481
2428
2377
2315
2065
2003
1948
1897
1703
1666
1637
1603
1485
1459
1437
1416
1403
1359
1353
1348
1352
1351
1350
1352
1346
1372
1384
1396
1412
1476
1501
1527
1556
1585
1658
1682
1700
1722
1747
1762
1783
1805
1908
1937
1955
1981
2061
2071
2081
2097
2139
2144
2142
2138
2135
2128
2121
2109
2096
2089
2082
2073
2062
2024
2019
2011
1999
1986
1978
1975
1977
1979
1971
1982
1987
1994
2002
2006
2014
2017
2061
2071
2072
2069
2055
2049
2047
2045
2012
2010
1994
1982
1967
1929
1908
1891
1876
1865
1856
1848
1842
1791
1774
1763
1755
1709
1706
1705
1702
1706
1705
1709
1708
1715
1726
1733
1745
1761
1805
1819
1830
1847
1857
1872
1894
1913
1929
1996
2014
2031
2053
2082
2106
2139
2170
2200
2278
2307
2333
2351
2370
2393
2414
2433
2489
2500
2514
2527
2582
2585
2587
2597
2595
2587
2580
2577
2565
2517
2496
2482
2473
2460
2442
2424
2401
2325
2298
2277
2261
2184
2171
2155
2143
2126
2052
2027
1999
1973
1948
1925
1905
1883
1812
1797
1780
1765
1692
1682
1667
1656
1617
1612
1608
1610
1608
1616
1620
1618
1624
1632
1640
1653
1669
1726
1745
1773
1799
1871
1890
1911
1923
1936
1987
2007
2028
2043
2056
2066
2081
2099
2124
2132
2144
2150
2151
2157
2170
2181
2190
2204
2202
2199
2195
2192
2191
2191
2186
2191
2193
2185
2177
2167
2158
2148
2138
2131
2094
2081
2070
2063
2028
2020
2017
2014
1997
1996
2001
1998
2002
2004
2005
2010
2013
2023
2030
2043
2047
2063
2067
2071
2073
2075
2078
2081
2081
2081
2061
2062
2063
2065
2062
2056
2043
2033
1986
1978
1973
1969
1931
1930
1926
1926
1899
1897
1900
1898
1902
1918
1925
1930
1934
1934
1938
1944
1946
1967
1981
1998
2005
2041
2048
2050
2049
2049
2056
2054
2058
2066
2074
2078
2081
2083
2078
2076
2067
2068
2069
2070
2064
2063
2061
2061
2058
2052
2045
2038
2038
2038
2041
2041
2036
2035
2035
2032
2029
2022
2022
2018
1991
1989
1984
1984
1974
1971
1964
1965
1964
1975
1982
1992
1998
2006
2010
2010
2011
2010
2010
2012
2016
2030
2035
2039
2038
2030
2031
2030
2029
2027
2024
2018
2011
2017
2024
2023
2022
2027
2028
2022
2026
2036
2046
2059
2061
2068
2068
2079
2081
2081
2089
2091
2095
2104
2108
2096
2095
2095
2090
2076
2075
2072
2067
2038
2030
2025
2017
2014
1992
1986
1980
1979
1985
1982
1981
1982
1994
1995
2002
2003
2028
2023
2024
2024
2029
2049
2057
2065
2068
2067
2066
2063
2057
2054
2050
2048
2050
2052
2048
2048
2045
2021
2013
2012
2013
2020
2027
2026
2025
2023
2020
2019
2018
2019
1999
2002
2000
1996
1975
1969
1958
1954
1956
1963
1970
1971
1975
1978
1980
1980
1985
2020
2026
2035
2043
2070
2072
2074
2075
2074
2073
2079
2084
2084
2075
2074
2075
2072
2073
2068
2062
2054
2054
2055
2055
2056
2042
2039
2035
2027
2019
2008
2008
2005
1998
1998
2003
2006
2004
1982
1983
1989
1989
2006
2014
2015
2018
2013
2009
2003
2006
2003
2005
2007
2009
2012
2007
1999
1994
1992
1994
2000
2000
2000
1999
1994
1990
1991
1993
2005
2007
2006
2011
2007
2004
2004
2007
2005
2007
2007
2004
2023
2026
2032
2035
2036
2035
2033
2035
2040
2050
2054
2047
2042
2039
2037
2026
2028
2022
2023
2026
2023
2011
2007
2004
2002
1999
1991
1990
1988
1986
1986
1986
1986
1984
1988
1983
1987
1989
2002
2009
2012
2017
2020
2022
2025
2028
2030
2043
2048
2050
2046
2042
2041
2036
2041
2039
2038
2047
2048
2049
2057
2067
2069
2064
2062
2065
2062
2056
2050
2045
2036
2033
2024
2024
2028
2024
2031
2034
2037
2036
2057
2058
2063
2070
2072
2083
2076
2072
2080
2081
2084
2084
2084
2086
2086
2082
2077
2070
2065
2070
2071
2071
2062
2054
2042
2033
2034
2032
2029
2023
2009
2006
2001
2004
1994
1993
1990
1992
1967
1962
1964
1966
1974
1972
1970
1965
1964
1971
1976
1978
1986
2012
2019
2027
2030
2039
2042
2042
2040
2064
2062
2064
2066
2067
2073
2074
2074
2071
2075
2078
2076
2073
2086
2088
2089
2082
2072
2068
2064
2059
2058
2038
2034
2031
2027
2024
2017
2017
2013
1990
1986
1985
1983
1977
1984
1985
1988
2011
2011
2011
2015
2015
2002
2002
2001
1994
1989
1985
1980
1983
1976
1966
1970
1978
1982
1982
1992
1999
2005
2022
2021
2028
2033
2041
2041
2040
2050
2064
2070
2072
2078
2068
2069
2067
2072
2084
2088
2091
2090
2091
2071
2063
2057
2055
2055
2048
2046
2047
2024
2019
2015
2006
1981
1973
1964
1958
1941
1938
1938
1937
1934
1931
1929
1926
1928
1934
1941
1945
1950
1955
1957
1955
1954
1948
1952
1960
1967
1974
1977
1974
1976
1983
1995
2002
2012
2024
2044
2049
2057
2062
2067
2071
2071
2071
2084
2083
2080
2074
2071
2059
2056
2056
2051
2048
2048
2041
2040
2034
2032
2036
2039
2050
2051
2047
2043
2065
2068
2065
2064
2063
2055
2048
2043
2045
2052
2055
2050
2042
2032
2032
2034
2038
2025
2022
2023
2022
2021
2010
2005
1997
2000
1997
1993
1993
1988
1937
1918
1900
1891
1914
1936
1957
1977
2060
2074
2087
2098
2103
2117
2133
2141
2145
2150
2161
2177
2180
2157
2157
2158
2155
2124
2118
2110
2098
2089
2040
2023
2015
2016
2012
2012
2015
2018
2007
1996
1985
1980
1952
1942
1935
1934
1870
1854
1839
1819
1802
1776
1769
1759
1755
1758
1752
1756
1747
1713
1711
1708
1711
1700
1705
1715
1726
1739
1771
1790
1813
1832
1852
1873
1886
1899
1917
1920
1925
1929
1997
2031
2067
2109
2272
2324
2377
2435
2502
2718
2792
2863
2931
2999
3065
3123
3175
3327
3348
3373
3389
3392
3377
3349
3318
3284
3141
3084
3026
2961
2903
2838
2762
2691
2393
2321
2251
2181
1879
1804
1733
1664
1383
1317
1254
1198
1142
973
917
868
826
787
746
712
687
617
605
594
582
568
583
592
609
625
680
706
735
769
802
841
884
933
1069
1122
1176
1239
1304
1372
1437
1509
1581
1792
1864
1936
2001
2075
2149
2223
2294
2365
2542
2602
2662
2717
2773
2828
2878
2922
3058
3083
3109
3126
3192
3206
3215
3225
3233
3224
3210
3193
3179
3102
3064
3029
2987
2935
2877
2811
2742
2442
2361
2281
2197
1894
1825
1746
1679
1617
1460
1416
1377
1338
1300
1266
1249
1226
1160
1151
1149
1154
1193
1210
1232
1253
1337
1360
1376
1398
1424
1497
1524
1555
1588
1627
1670
1717
1761
1944
1998
2043
2086
2266
2308
2357
2398
2440
2570
2612
2651
2690
2733
2772
2813
2858
2979
3009
3038
3053
3078
3076
3073
3060
2971
2942
2910
2880
2843
2724
2681
2639
2592
2548
2496
2449
2402
2189
2132
2077
2020
1802
1761
1720
1672
1493
1453
1411
1367
1331
1238
1204
1184
1158
1129
1110
1090
1075
1015
1018
1019
1023
1059
1069
1077
1086
1098
1134
1144
1161
1180
1203
1223
1254
1292
1454
1497
1537
1592
1813
1875
1932
1992
2213
2261
2313
2368
2419
2523
2560
2593
2623
2644
2665
2687
2700
2716
2712
2716
2712
2676
2665
2654
2642
2637
2592
2577
2556
2535
2514
2491
2466
2432
2303
2275
2254
2225
2092
2058
2027
1991
1890
1878
1858
1836
1824
1769
1757
1736
1728
1712
1702
1689
1681
1656
1658
1662
1666
1686
1698
1714
1734
1748
1804
1825
1838
1864
1890
1915
1948
1981
2096
2126
2159