2098
2083
2077
2032
2022
2012
1997
1983
1937
1916
1909
1904
1903
1895
1889
1886
1864
1863
1868
1872
1883
1888
1889
1881
1879
1901
1919
1931
1941
1951
1961
1964
1976
2017
2028
2031
2042
2075
2083
2087
2087
2073
2073
2078
2081
2084
2082
2074
2067
2067
2066
2062
2065
2066
2049
2046
2046
2049
2040
2047
2044
2044
2065
2067
2069
2072
2072
2060
2059
2058
2056
2056
2058
2055
2054
2050
2050
2054
2052
2031
2023
2023
2025
2028
2032
2030
2027
2027
2025
2025
2024
2026
2049
2056
2063
2066
2054
2055
2055
2061
2065
2071
2072
2070
2067
2069
2073
2078
2074
2088
2077
2084
2090
2077
2079
2079
2073
2056
2053
2053
2056
2057
2052
2046
2041
2042
2037
2033
2034
2036
2026
2029
2026
2018
2009
2004
1999
1993
1998
2005
2010
2013
2012
2009
2001
2001
1999
2012
2021
2028
2039
2055
2061
2057
2056
2058
2055
2056
2056
2060
2052
2047
2037
2027
2023
2016
2014
2015
1997
1992
1987
1983
1960
1962
1959
1955
1958
1955
1957
1958
1956
1952
1956
1961
1967
1983
1985
1983
1982
1989
1988
1989
1987
1981
1975
1960
1952
1955
1940
1937
1943
1949
1954
1953
1953
1949
1929
1938
1944
1952
1959
1966
1975
1977
2000
2016
2038
2054
2064
2088
2094
2099
2105
2110
2119
2128
2136
2149
2158
2163
2164
2147
2140
2137
2133
2129
2122
2108
2108
2109
2105
2101
2097
2095
2065
2055
2052
2049
2016
2012
2016
2018
2018
2017
2016
2019
2023
2016
2007
1995
1992
1992
1986
1983
1985
1967
1967
1965
1962
1948
1952
1956
1954
1950
1962
1963
1968
1971
1971
1974
1978
1987
2014
2024
2033
2046
2071
2070
2075
2077
2099
2103
2106
2109
2112
2119
2116
2115
2113
2110
2109
2102
2098
2088
2082
2079
2071
2054
2049
2045
2039
2027
2014
2011
2008
2006
2008
2007
2009
2010
2008
2006
2005
2002
1995
1997
1995
1995
1984
1981
1978
1981
1987
1983
1991
1994
1996
1993
1989
1984
1981
1967
1967
1962
1961
1951
1948
1950
1951
1946
1951
1960
1964
1967
1970
1968
1969
1972
1972
1972
1976
1983
1999
2004
2012
2020
2048
2051
2058
2063
2074
2089
2095
2097
2097
2098
2102
2101
2100
2092
2087
2092
2084
2077
2077
2076
2079
2058
2057
2054
2053
2050
2030
2031
2031
2031
2031
2035
2036
2038
2042
2050
2058
2062
2088
2086
2081
2074
2071
2045
2034
2027
2022
2020
2019
2018
2019
2013
2014
2016
2016
2022
2026
2026
2027
2019
2015
2016
2010
2013
2003
1996
1990
1985
1983
1982
1978
1975
1978
1981
1981
1989
2000
2008
2012
2022
2052
2053
2051
2054
2062
2076
2083
2089
2089
2086
2080
2068
2060
2049
2043
2046
2041
2010
2003
2005
2013
2018
2021
2018
2019
2021
2022
2021
2025
2028
2049
2052
2053
2054
2022
2009
2002
1997
1966
1965
1963
1962
1961
1944
1944
1945
1951
1958
1966
1978
1993
2016
2013
2012
2015
2029
2026
2025
2021
2023
1997
1985
1978
1972
1969
1964
1959
1957
1958
1960
1958
1961
1969
1975
1979
1986
1992
2031
2035
2043
2052
2061
2067
2069
2069
2073
2078
2078
2075
2083
2089
2095
2096
2099
2107
2109
2112
2114
2092
2089
2082
2079
2055
2053
2051
2057
2055
2058
2062
2064
2061
2053
2047
2045
2043
2044
2042
2037
2034
2014
2011
2012
2010
2010
1999
1999
2000
2001
2002
2009
2016
2020
2023
2015
2029
2092
1855
1789
1743
1707
1836
1859
1904
1945
1971
2077
2048
2027
2053
2076
2054
2009
1969
1994
2017
2043
2066
2020
2022
2040
2050
2041
2060
2083
2121
2152
2163
2166
2168
2154
1995
1946
1905
1869
1858
1877
1892
1901
1904
1870
1870
1870
1839
1784
1732
1703
1691
1682
1655
1654
1650
1631
1612
1585
1556
1514
1419
1434
1470
1509
1625
1648
1664
1693
1936
2027
2130
2241
2350
2671
2772
2859
2959
3070
3182
3301
3426
3857
3935
4008
4068
4091
4089
4090
4089
4041
4009
3952
3868
3760
3399
3254
3101
2941
2780
2616
2455
2284
1536
1354
1183
1009
353
206
130
117
112
99
96
97
94
93
90
90
89
92
93
95
98
114
124
139
161
192
388
499
635
780
929
1075
1222
1378
1844
1997
2144
2284
2417
2546
2672
2786
2889
3187
3262
3327
3384
3426
3457
3487
3502
3504
3463
3441
3418
3396
3369
3343
3315
3289
3138
3091
3044
3004
2840
2805
2758
2710
2568
2542
2519
2495
2474
2392
2341
2292
2254
2226
2200
2179
2170
2074
2020
1956
1886
1621
1560
1499
1445
1394
1272
1242
1212
1188
1168
1152
1137
1124
1092
1094
1097
1103
1141
1155
1167
1171
1229
1258
1284
1320
1350
1439
1475
1518
1554
1604
1645
1688
1732
1884
1918
1946
1979
2135
2184
2235
2277
2435
2471
2512
2546
2585
2688
2724
2759
2796
2836
2871
2895
2918
2970
2981
2993
3000
3033
3029
3018
3000
2974
2863
2820
2768
2724
2686
2650
2611
2572
2350
2277
2209
2135
1847
1775
1710
1644
1382
1317
1248
1181
1127
995
962
936
909
888
873
863
855
856
875
887
894
972
1000
1032
1063
1102
1235
1280
1332
1387
1439
1501
1561
1624
1867
1920
1985
2053
2342
2409
2481
2551
2807
2859
2905
2952
2995
3117
3144
3166
3189
3203
3215
3225
3237
3211
3201
3189
3172
3059
3021
2982
2934
2881
2710
2635
2561
2493
2424
2351
2278
2199
1902
1832
1762
1692
1440
1380
1319
1257
1075
1048
1029
1009
1000
999
1002
1011
1028
1047
1077
1101
1128
1268
1316
1361
1409
1635
1695
1748
1793
1856
2009
2061
2113
2164
2213
2263
2302
2344
2464
2480
2501
2529
2619
2630
2645
2657
2683
2682
2683
2682
2678
2650
2635
2620
2606
2593
2580
2563
2546
2457
2436
2418
2397
2309
2282
2262
2236
2119
2086
2064
2044
2022
1939
1910
1880
1851
1827
1805
1785
1763
1697
1694
1686
1675
1636
1625
1617
1619
1617
1602
1609
1608
1611
1620
1626
1630
1639
1649
1655
1655
1661
1661
1662
1669
1670
1701
1702
1710
1720
1732
1741
1749
1755
1757
1763
1764
1776
1783
1820
1831
1844
1857
1924
1936
1954
1973
1994
2050
2064
2078
2101
2120
2144
2172
2192
2285
2304
2326
2346
2413
2426
2437
2445
2468
2468
2469
2469
2466
2452
2441
2425
2416
2407
2387
2372
2358
2286
2261
2235
2207
2103
2080
2062
2049
2037
1972
1955
1938
1927
1917
1912
1900
1888
1846
1836
1826
1820
1819
1809
1804
1792
1783
1759
1752
1747
1748
1747
1749
1747
1751
1763
1789
1794
1801
1805
1815
1824
1835
1846
1889
1902
1915
1938
2023
2046
2063
2085
2152
2168
2181
2192
2204
2246
2258
2275
2285
2289
2297
2300
2306
2291
2287
2281
2271
2267
2260
2253
2244
2232
2212
2200
2196
2195
2183
2171
2157
2141
2060
2035
2013
1990
1906
1891
1881
1872
1863
1866
1869
1879
1894
1921
1936
1954
1968
1983
2004
2024
2041
2093
2099
2100
2106
2095
2089
2087
2078
2069
2041
2031
2018
2011
2001
1992
1983
1974
1952
1943
1930
1922
1918
1917
1922
1919
1918
1926
1926
1928
1930
1930
1931
1927
1923
1911
1897
1899
1901
1897
1899
1903
1898
1896
1889
1895
1903
1913
1941
1954
1973
1982
2015
2022
2028
2035
2038
2054
2064
2065
2073
2069
2076
2081
2079
2093
2105
2115
2126
2154
2163
2171
2179
2188
2199
2197
2195
2193
2191
2190
2186
2183
2137
2121
2107
2097
2031
2013
1994
1979
1967
1939
1928
1914
1912
1900
1886
1882
1877
1854
1848
1849
1849
1850
1845
1848
1849
1858
1871
1873
1883
1886
1894
1904
1911
1916
1955
1968
1986
1997
2010
2033
2046
2053
2053
2061
2064
2066
2068
2095
2098
2103
2105
2131
2140
2144
2141
2147
2149
2150
2154
2155
2156
2154
2153
2155
2159
2156
2156
2159
2137
2135
2132
2126
2090
2079
2063
2047
2033
1999
1990
1976
1964
1955
1942
1938
1936
1912
1903
1899
1894
1884
1888
1890
1894
1891
1892
1888
1884
1887
1894
1898
1903
1917
1956
1966
1982
1995
2020
2029
2040
2053
2074
2081
2086
2085
2092
2093
2095
2095
2091
2086
2085
2082
2081
2059
2058
2056
2060
2052
2052
2057
2059
2057
2055
2057
2057
2061
2068
2073
2078
2077
2081
2081
2087
2096
2101
2102
2106
2117
2118
2134
2133
2137
2137
2130
2132
2128
2118
2110
2095
2095
2091
2087
2081
2078
2076
2076
2040
2034
2027
2026
1997
1995
1987
1978
1954
1948
1939
1932
1934
1929
1930
1929
1931
1928
1923
1928
1934
1965
1968
1974
1978
1988
1994
1999
2005
2009
2007
2012
2014
2018
2019
2018
2020
2021
2008
2009
2011
2005
1995
1995
1993
1994
1985
1989
1991
1996
2001
2010
2014
2025
2033
2040
2042
2052
2058
2067
2074
2077
2083
2101
2100
2096
2099
2100
2086
2084
2086
2081
2077
2073
2077
2068
2055
2054
2049
2047
2037
2032
2030
2031
2028
2012
2001
1990
1982
1968
1965
1964
1954
1950
1942
1932
1929
1928
1930
1933
1934
1941
1958
1961
1963
1973
1999
2002
2005
2010
2029
2029
2032
2037
2041
2046
2046
2045
2042
2039
2037
2037
2033
2034
2031
2031
2025
2005
2000
1999
2005
2012
2010
2012
2012
2020
2029
2031
2035
2039
2054
2055
2056
2064
2088
2096
2095
2094
2103
2104
2108
2106
2104
2099
2098
2098
2097
2088
2082
2081
2070
2038
2028
2025
2018
2007
2000
1997
1996
1995
2002
2008
2003
2001
2005
2006
1998
1990
1987
1988
1987
1984
1985
1984
1994
1997
1988
1984
1991
1995
2002
2015
2018
2017
2018
2020
2022
2023
2022
2029
2034
2040
2038
2049
2056
2059
2057
2051
2054
2048
2052
2048
2042
2041
2048
2052
2054
2052
2053
2050
2052
2047
2044
2040
2038
2030
2022
2016
2010
2014
2014
2004
1999
2007
1990
1993
1988
1982
1986
1991
2000
2007
1991
1989
1995
1998
2005
1998
2001
2014
2028
2028
2028
2027
2034
2044
2041
2035
2040
2043
2047
2050
2049
2048
2046
2044
2040
2056
2055
2053
2060
2069
2074
2079
2079
2078
2075
2077
2074
2078
2074
2079
2077
2071
2060
2060
2060
2057
2055
2051
2043
2036
2028
2003
1995
1994
1986
1982
1981
1982
1983
1967
1977
1986
1980
1960
1969
1967
1961
1964
1964
1963
1965
1969
1967
1964
1973
1977
1984
1987
1994
1993
2009
2012
2012
2022
2038
2042
2051
2060
2063
2074
2080
2085
2094
2101
2099
2102
2105
2095
2093
2090
2087
2067
2052
2043
2036
2042
2009
1997
1981
1967
1960
1949
1944
1940
1920
1920
1921
1928
1969
1973
1985
1994
2032
2037
2038
2045
2054
2046
2041
2030
2030
2028
2027
2022
2017
1992
1991
1985
1983
1985
1990
1992
1991
1994
1996
1999
2009
2014
2026
2032
2039
2046
2075
2083
2089
2097
2109
2106
2103
2100
2084
2078
2072
2066
2059
2043
2032
2025
2009
2007
2002
1997
1993
2001
2008
2007
2008
2014
2019
2021
2021
2030
2032
2032
2041
2051
2065
2069
2067
2064
2070
2078
2079
2084
2098
2100
2099
2100
2085
2076
2069
2067
2071
2056
2051
2045
2037
2033
2028
2027
2018
1986
1984
1977
1980
1964
1964
1965
1964
1977
1978
1975
1981
1984
1976
1978
1982
1986
1985
1987
1984
1979
1962
1957
1956
1951
1954
1955
1956
1961
1962
1966
1972
1974
1977
1990
1999
2007
2012
2052
2069
2076
2079
2091
2094
2099
2104
2112
2110
2107
2106
2104
2099
2096
2091
2104
2152
2093
1831
1624
1510
1591
1716
1788
2155
2092
2052
2096
2160
2308
2356
2316
2250
2224
2236
2216
2179
2192
2205
2197
2199
2193
2176
2193
2201
2178
2182
2135
2128
2144
2137
2104
2083
2082
2009
1998
1996
1978
1943
1910
1898
1903
1903
1809
1748
1719
1702
1688
1690
1688
1681
1667
1573
1534
1488
1436
1408
1405
1390
1378
1522
1574
1613
1631
1616
1593
1576
1576
1725
1776
1834
1894
1955
2167
2237
2293
2348
2410
2489
2574
2667
2926
2958
2982
2998
3090
3133
3167
3196
3221
3190
3176
3157
3137
3109
3082
3054
3031
2970
2948
2929
2903
2666
2615
2553
2486
2214
2138
2056
1957
1846
1507
1421
1350
1290
1230
1168
1100
1035
747
674
623
581
532
540
558
582
617
701
724
757
790
835
882
945
1013
1287
1352
1421
1497
1857
1952
2049
2144
2439
2492
2540
2583
2618
2738
2781
2829
2885
2937
2984
3024
3047
3043
3038
3035
3041
3044
3030
3014
2978
2872
2861
2850
2834
2812
2711
2664
2617
2575
2530
2485
2433
2386
2148
2086
2023
1964
1744
1695
1649
1610
1571
1462
1436
1412
1390
1374
1361
1344
1334
1181
1112
1040
972
823
820
823
830
891
904
926
955
992
1124
1166
1196
1234
1266
1288
1309
1335
1485
1545
1605
1664
1917
1970
2027
2078
2125
2261
2297
2336
2368
2399
2428
2463
2499
2600
2625
2648
2674
2752
2764
2778
2792
2833
2846
2860
2868
2866
2856
2849
2832
2821
2818
2808
2803
2803
2814
2813
2800
2781
2646
2606
2564
2521
2481
2362
2321
2277
2237
2193
2157
2114
2069
1848
1796
1750
1703
1505
1457
1400
1343
1172
1138
1118
1096
1076
1056
1051
1053
1064
1076
1097
1125
1156
1315
1361
1408
1460
1704
1779
1848
1921
1999
2224
2289
2355
2408
2464
2514
2555
2609
2783
2824
2859
2885
2924
2922
2918
2912
2860
2851
2841
2828
2813
2734
2698
2664
2630
2586
2541
2505
2467
2318
2286
2251
2215
2069
2040
2006
1973
1838
1805
1776
1747
1713
1614
1583
1560
1540
1523
1502
1493
1480
1422
1410
1400
1403
1430
1436
1445
1450
1463
1493
1508
1520
1536
1556
1572
1589
1611
1709
1733
1756
1785
1893
1924
1952
1978
2091
2122
2138
2159
2176
2241
2258
2276
2289
2305
2318
2331
2346
2379
2384
2391
2388
2359
2341
2324
2308
2288
2234
2215
2195
2183
2174
2156
2141
2130
2064
2043
2022
2002
1951
1941
1931
1924
1894
1886
1878
1871
1865
1845
1840
1836
1835
1832
1833
1839
1840
1845
1845
1843
1841
1850
1858
1864
1863
1862
1843
1839
1839
1839
1835
1838
1834
1832
1819
1824
1830
1841
1889
1897
1906
1916
1962
1983
2005
2023
2041
2086
2100
2123
2144
2161
2169
2178
2190
2242
2257
2280
2298
2350
2356
2364
2373
2384
2398
2396
2392
2396
2403
2403
2395
2396
2379
2367
2358
2352
2310
2300
2287
2277
2194
2170
2154
2139
2122
2070
2050
2026
2012
1999
1990
1980
1959
1906
1892
1878
1868
1843
1831
1820
1809
1804
1793
1795
1798
1795
1794
1796
1807
1817
1830
1831
1837
1838
1866
1866
1869
1867
1892
1901
1909
1914
1918
1932
1939
1952
1966
1970
1977
1996
2008
2044
2063
2078
2089
2144
2155
2165
2169
2176
2197
2198
2201
2213
2216
2213
2205
2204
2208
2193
2190
2188
2155
2150
2144
2140
2133
2100
2083
2072
2067
2058
2040
2026
2009
1967
1960
1945
1933
1921
1918
1921
1915
1911
1899
1893
1895
1891
1884
1882
1887
1893
1894
1884
1892
1896
1903
1907
1905
1910
1919
1924
1926
1926
1925
1931
1940
1941
1940
1937
1937
1945
1951
1949
1958
1959
1958
1958
1959
1963
1960
1964
1971
1961
1963
1966
1964
1969
1975
1981
1976
1985
1973
1973
1977
1975
1979
1985
1992
1990
1997
1998
2004
2007
2015
2018
2032
2043
2080
2090
2086
2087
2104
2109
2115
2110
2107
2118
2129
2146
2155
2162
2163
2159
2155
2150
2142
2139
2136
2120
2112
2105
2100
2093
2072
2062
2048
2039
2026
2012
2001
1996
1973
1973
1970
1969
1957
1959
1964
1963
1962
1975
1978
1988
2004
2013
2024
2029
2037
2046
2055
2060
2054
2071
2065
2067
2078
2091
2092
2093
2087
2089
2073
2076
2075
2066
2059
2061
2073
2077
2082
2078
2077
2078
2076
2082
2087
2090
2113
2123
2126
2126
2130
2128
2125
2117
2108
2105
2100
2097
2099
2090
2091
2087
2072
2068
2030
2023
2016
2002
1993
1987
1980
1969
1957
1953
1946
1941
1933
1927
1920
1907
1895
1883
1885
1886
1890
1896
1903
1904
1912
1918
1932
1934
1936
1939
1942
1943
1943
1954
1984
1996
2001
2009
2016
2022
2035
2040
2041
2055
2057
2055
2051
2052
2060
2066
2066
2066
2070
2064
2058
2056
2052
2050
2051
2055
2045
2038
2030
2023
2016
2017
2018
2021
2019
2011
2003
1998
1997
1998
1992
1986
1985
1991
1985
1987
1986
1990
1991
1995
2002
2005
2005
1996
1993
1991
2013
2012
2014
2013
2014
2019
2020
2014
2021
2021
2015
2010
2010
2003
1997
1993
1996
1979
1975
1972
1973
1975
1976
1982
1984
1983
1976
1972
1974
1973
1978
1988
1994
2000
2007
2012
2022
2028
2037
2048
2053
2055
2059
2058
2064
2068
2068
2071
2073
2063
2063
2065
2072
2076
2079
2086
2074
2073
2078
2078
2075
2072
2074
2081
2087
2087
2086
2086
2089
2090
2085
2082
2079
2076
2075
2077
2075
2083
2086
2079
2069
2074
2075
2076
2071
2075
2079
2078
2079
2085
2089
2091
2088
2088
2079
2078
2078
2075
2069
2069
2069
2064
2060
2041
2040
2039
2037
2039
2040
2038
2033
2026
1997
1990
1980
1970
1958
1941
1927
1916
1887
1886
1889
1892
1896
1901
1898
1901
1934
1947
1957
1966
1975
1990
1991
1998
2007
2015
2019
2030
2036
2056
2064
2062
2066
2064
2059
2060
2058
2057
2057
2053
2049
2042
2045
2046
2049
2053
2051
2048
2047
2052
2049
2052
2050
2051
2057
2060
2058
2050
2047
2047
2050
2051
2050
2039
2035
2036
2040
2033
2032
2026
2026
2029
2020
2019
2018
2021
2019
2019
2009
2009
1997
1989
1981
1977
1963
1955
1950
1947
1930
1928
1932
1930
1929
1931
1935
1941
1947
1953
1958
1956
1959
1966
1970
1980
1986
2008
2014
2023
2025
2046
2041
2038
2039
2045
2065
2061
2062
2068
2072
2077
2077
2078
2063
2061
2062
2060
2053
2049
2049
2052
2050
2038
2030
2023
2021
2023
2025
2026
2021
2015
2019
2017
2024
2018
2016
2015
2017
2015
2028
2028
2033
2040
2044
2046
2054
2059
2066
2074
2085
2087
2089
2092
2096
2097
2102
2093
2092
2087
2084
2070
2074
2071
2068
2082
2084
2079
2071
2070
2072
2074
2070
2069
2069
2068
2067
2064
2082
2081
2080
2079
2086
2084
2086
2087
2090
2085
2081
2073
2066
2065
2066
2068
2064
2048
2039
2026
2015
2008
2013
2007
2003
1970
1968
1966
1966
1966
1967
1971
1971
1972
1977
1981
1985
1985
1989
1991
1990
1992
1992
2000
2005
2010
2010
2011
2013
2013
2017
2014
2014
2012
2012
2002
2000
1994
1985
1969
1967
1964
1962
1945
1938
1936
1933
1929
1924
1918
1912
1914
1921
1925
1927
1937
1976
1989
1993
1999
2031
2034
2043
2052
2056
2063
2059
2054
2056
2049
2041
2044
2044
2050
2057
2063
2073
2105
2113
2117
2124
2145
2147
2149
2138
2132
2105
2091
2080
2069
2057
2046
2036
2022
1971
1967
1959
1950
1921
1917
1914
1909
1909
1909
1912
1921
1930
1940
1943
1948
1955
1987
1996
2003
2004
2011
2010
2012
2011
2007
2009
2010
2006
2010
2016
2023
2024
2035
2043
2055
2064
2075
2092
2099
2099
2101
2095
2091
2088
2085
2083
2083
2077
2075
2071
2064
2066
2066
2071
2074
2074
2068
2067
2059
2062
2063
2060
2066
2062
2057
2053
2050
2027
2018
2016
2012
2012
2006
2008
2010
1998
1993
1996
1995
1993
1997
2002
2001
2003
1997
1995
2001
2005
2013
2012
2013
2017
2023
2022
2020
2019
2009
2005
2005
2004
2020
1886
1607
1380
1335
1554
1658
1784
1903
1998
2063
2087
2084
1940
1902
1960
2060
2266
2293
2310
2349
2165
2140
2165
2195
2221
2293
2317
2311
2283
2240
2191
2156
2114
1979
1968
1971
1986
2038
2054
2024
1958
1891
1830
1824
1802
1790
1787
1794
1817
1846
1804
1735
1685
1650
1572
1568
1594
1669
1997
2015
2001
1970
1957
1983
2024
2077
2143
2203
2245
2277
2309
2553
2614
2674
2751
2880
2894
2891
2869
2838
2740
2742
2742
2744
2765
2778
2763
2702
2465
2402
2358
2322
2309
2311
2301
2273
2061
2030
2018
2024
2046
2067
2051
2013
1955
1890
1835
1792
1761
1647
1617
1586
1550
1384
1348
1324
1309
1309
1302
1300
1290
1285
1280
1285
1296
1304
1367
1403
1443
1479
1516
1548
1569
1578
1590
1633
1667
1714
1765
1823
1875
1924
1971
2011
2078
2097
2122
2147
2182
2220
2269
2314
2435
2450
2472
2484
2508
2515
2526
2538
2585
2578
2570
2566
2556
2511
2486
2460
2433
2392
2362
2326
2292
2124
2080
2034
1990
1820
1779
1743
1712
1678
1559
1518
1482
1451
1437
1428
1432
1441
1455
1452
1447
1437
1483
1517
1557
1600
1702
1722
1733
1742
1751
1785
1799
1812
1832
1852
1866
1880
1886
1885
1882
1881
1882
1861
1847
1830
1821
1808
1808
1822
1831
1847
1868
1892
1911
1936
1994
2012
2033
2062
2183
2220
2253
2284
2371
2398
2427
2459
2487
2540
2552
2567
2577
2577
2579
2579
2584
2574
2571
2565
2555
2483
2455
2432
2407
2301
2279
2259
2239
2213
2133
2105
2076
2043
2017
1989
1960
1934
1826
1808
1786
1772
1737
1725
1718
1717
1714
1718
1721
1733
1748
1759
1774
1785
1800
1895
1915
1932
1950
2021
2043
2062
2083
2141
2161
2173
2173
2176
2180
2188
2193
2196
2208
2211
2213
2219
2243
2254
2266
2281
2352
2368
2392
2413
2431
2469
2467
2466
2469
2471
2465
2458
2456
2419
2406
2396
2383
2293
2262
2233
2204
2085
2056
2032
2010
1981
1904
1882
1858
1832
1804
1776
1755
1728
1624
1601
1588
1579
1531
1529
1534
1542
1550
1589
1613
1638
1670
1698
1722
1751
1779
1842
1869
1898
1922
1944
1963
1985
2006
2026
2078
2102
2129
2144
2160
2179
2193
2209
2219
2233
2230
2239
2234
2235
2236
2231
2225
2202
2191
2170
2156
2109
2091
2079
2069
2056
2010
1990
1979
1963
1952
1938
1923
1913
1885
1878
1866
1865
1866
1861
1861
1861
1862
1865
1865
1860
1853
1848
1845
1839
1835
1833
1835
1838
1840
1848
1854
1861
1866
1875
1895
1895
1897
1904
1918
1920
1926
1935
1945
1943
1940
1940
1943
1948
1945
1939
1940
1935
1936
1934
1940
1970
1978
1988
1994
2012
2020
2028
2035
2040
2052
2055
2051
2045
2042
2041
2039
2039
2030
2028
2022
2019
2013
2006
2007
2009
2014
2021
2020
2027
2029
2034
2036
2038
2044
2051
2058
2063
2067
2087
2095
2107
2123
2152
2161
2175
2194
2207
2229
2235
2247
2255
2264
2265
2269
2270
2266
2258
2254
2250
2199
2184
2170
2155
2089
2071
2054
2034
2011
1967
1948
1929
1919
1909
1897
1881
1871
1845
1843
1848
1852
1859
1868
1881
1892
1907
1951
1959
1966
1976
1989
2003
2018
2028
2086
2100
2116
2132
2171
2185
2195
2202
2197
2198
2194
2194
2198
2192
2195
2192
2190
2187
2182
2176
2169
2137
2124
2110
2093
2050
2039
2034
2024
2021
1990
1985
1978
1968
1955
1947
1945
1936
1922
1916
1919
1925
1928
1931
1937
1947
1966
1971
1980
1991
1997
2010
2011
2013
2018
2018
2021
2027
2026
2036
2029
2027
2025
2019
2022
2020
2017
2009
2005
2004
2005
2004
2001
1999
1996
1995
1995
1993
1992
1993
1979
1981
1977
1977
1977
1979
1978
1973
1980
1974
1974
1965
1964
1959
1952
1951
1949
1929
1923
1928
1935
1912
1917
1925
1927
1935
1954
1955
1953
1956
1953
1956
1959
1961
1982
1990
2007
2022
2043
2043
2056
2061
2083
2086
2093
2097
2096
2104
2106
2109
2109
2106
2109
2115
2118
2124
2122
2123
2126
2110
2106
2106
2094
2088
2063
2060
2057
2049
2045
2039
2035
2033
1985
1977
1967
1965
1942
1938
1938
1936
1923
1926
1926
1927
1929
1944
1956
1968
1984
1996
2010
2024
2035
2059
2070
2074
2075
2104
2107
2113
2116
2125
2141
2146
2149
2154
2158
2162
2159
2157
2135
2132
2132
2133
2103
2102
2099
2094
2066
2062
2056
2046
2039
2027
2022
2021
2008
2008
2006
2007
2008
2002
2001
2003
2005
2007
2013
2014
2018
2017
2012
2011
2014
2010
2011
2010
2016
2021
2014
2012
2012
2017
2021
2018
2021
2024
2024
1999
2000
2002
2000
2004
2011
2013
2013
2014
2009
2011
2003
2003
2005
2001
2005
2005
2017
2019
2024
2027
2034
2031
2024
2026
2025
2020
2024
2022
2028
2027
2025
2024
2026
2024
2021
2017
2021
1994
1987
1980
1969
1941
1940
1942
1943
1942
1942
1940
1934
1933
1935
1943
1945
1947
1959
1965
1972
1981
2001
2003
2005
2006
2022
2024
2034
2049
2054
2069
2075
2077
2080
2082
2079
2076
2077
2077
2077
2070
2063
2046
2040
2034
2029
2024
2021
2013
2004
1997
1997
1994
1993
1989
1981
1979
1977
1977
1982
1984
1987
1992
1999
2003
2012
2015
2026
2043
2050
2053
2063
2068
2082
2085
2085
2101
2105
2110
2119
2141
2136
2135
2135
2133
2125
2120
2110
2107
2097
2093
2079
2067
2017
2008
1995
1975
1929
1924
1915
1915
1911
1906
1898
1892
1896
1901
1906
1915
1926
1946
1962
1985
2015
2126
2148
2167
2187
2227
2238
2246
2254
2257
2247
2236
2228
2218
2211
2199
2180
2163
2086
2073
2063
2055
2001
1984
1974
1964
1950
1921
1909
1898
1889
1881
1879
1881
1886
1890
1889
1891
1894
1896
1904
1901
1899
1905
1900
1898
1904
1906
1913
1916
1923
1934
1943
1976
1979
1990
1998
2001
2012
2017
2026
2023
2022
2018
2018
1993
1990
1991
1987
1977
1981
1986
1990
1998
2003
2004
2005
2014
2016
2023
2035
2044
2091
2100
2107
2120
2176
2175
2176
2182
2192
2192
2189
2181
2174
2173
2169
2166
2170
2160
2156
2153
2149
2121
2119
2112
2106
2058
2039
2021
2001
1987
1939
1929
1919
1913
1907
1896
1886
1883
1859
1863
1862
1859
1882
1885
1897
1910
1928
1961
1970
1978
1984
1993
2001
2009
2016
2046
2056
2059
2068
2069
2063
2060
2059
2033
2024
2019
2019
2018
2001
1999
1999
2002
1996
1997
1994
1995
2002
2000
2000
2009
2035
2031
2036
2047
2055
2064
2070
2077
2080
2089
2089
2099
2105
2103
2106
2109
2114
2103
2096
2095
2083
2048
2036
2027
2017
2008
1988
1978
1972
1965
1956
1945
1943
1937
1903
1898
1897
1901
1899
1902
1903
1911
1916
1923
1930
1934
1936
1941
1949
1965
1974
2010
2022
2034
2043
2063
2065
2067
2069
2059
2060
2066
2073
2075
2079
2074
2066
2056
2054
2050
2052
2055
2064
2057
2060
2059
2062
2064
2068
2077
2083
2082
2084
2087
2093
2103
2107
2107
2108
2114
2117
2117
2115
2122
2131
2133
2137
2127
2115
2110
2109
2100
2078
2075
2071
2063
2059
2050
2041
2038
2019
2011
2007
2001
1981
1981
1977
1973
1957
1955
1952
1952
1958
1963
1959
1959
1966
1962
1972
1984
1986
1990
1997
2002
2013
2041
2055
2061
2068
2070
2073
2072
2073
2074
2064
2056
2045
2036
1976
1962
1956
1948
1936
1930
1932
1934
1943
1989
2010
2033
2048
2067
2083
2101
2120
2130
2147
2156
2161
2165
2162
2153
2141
2127
2036
2017
1994
1976
1903
1888
1877
1872
1836
1837
1840
1851
1866
1918
1936
1957
1980
1998
2020
2036
2062
2114
2118
2118
2118
2118
2107
2092
2077
2060
1986
1969
1949
1925
1907
1890
1880
1872
1845
1852
1860
1872
1909
1922
1934
1944
1950
1948
1943
1932
1925
1900
1900
1904
1908
1916
1924
1936
1942
1963
1963
1971
1979
2002
2002
2000
1992
1938
1923
1907
1892
1888
1879
1881
1884
1883
1882
1884
1893
1895
1891
1887
1880
1875
1867
1876
1877
1885
1892
1931
1955
1990
2021
2057
2097
2148
2204
2431
2486
2552
2610
2840
2886
2927
2966
3090
3109
3126
3141
3148
3138
3123
3105
3076
3051
3022
2990
2950
2773
2721
2678
2635
2409
2348
2289
2228
2161
1962
1907
1852
1797
1740
1682
1623
1574
1377
1330
1284
1251
1126
1100
1078
1060
1013
1002
993
989
988
1005
1020
1035
1041
1047
1058
1076
1101
1175
1200
1226
1256
1399
1440
1479
1520
1568
1684
1730
1782
1833
1882
1934
1984
2034
2187
2240
2293
2347
2403
2460
2513
2571
2624
2769
2808
2843
2880
2907
2934
2960
2980
2999
3023
3027
3021
3020
3012
2999
2985
2965
2845
2801
2753
2708
2487
2431
2382
2331
2097
2045
1992
1934
1869
1692
1643
1593
1546
1498
1449
1406
1362
1208
1176
1150
1129
1092
1095
1099
1109
1129
1164
1180
1201
1227
1258
1289
1317
1352
1470
1498
1528
1567
1728
1774
1823
1870
2032
2066
2104
2139
2173
2268
2297
2327
2352
2384
2411
2433
2456
2546
2564
2584
2600
2626
2631
2632
2631
2633
2591
2575
2564
2551
2543
2528
2513
2497
2441
2415
2391
2380
2364
2353
2349
2337
2320
2264
2239
2215
2193
2171
2144
2121
2092
2060
1955
1914
1873
1837
1805
1782
1755
1733
1645
1626
1613
1597
1558
1551
1550
1545
1555
1564
1573
1586
1598
1609
1610
1616
1626
1636
1645
1660
1680
1776
1799
1823
1849
1985
2019
2056
2093
2138
2240
2269
2303
2333
2362
2390
2418
2438
2494
2507
2524
2541
2559
2570
2570
2563
2555
2558
2561
2553
2550
2532
2523
2506
2490
2481
2469
2459
2449
2419
2412
2399
2384
2315
2292
2273
2258
2203
2182
2169
2159
2142
2104
2089
2070
2046
2037
2030
2031
2017
1973
1962
1948
1931
1869
1851
1842
1833
1815
1789
1779
1771
1763
1747
1739
1739
1740
1748
1755
1757
1765
1786
1800
1804
1812
1856
1863
1874
1890
1905
1950
1966
1985
2007
2025
2041
2054
2060
2107
2115
2118
2117
2109
2099
2091
2078
2068
2021
2007
1990
1974
1956
1943
1928
1913
1857
1839
1824
1817
1779
1768
1766
1766
1767
1768
1773
1780
1788
1796
1797
1799
1804
1805
1800
1797
1799
1816
1823
1825
1831
1833
1835
1832
1828
1833
1843
1849
1850
1852
1861
1865
1863
1861
1847
1848
1849
1849
1848
1849
1851
1842
1846
1853
1860
1868
1876
1908
1925
1941
1957
1973
1983
2005
2026
2088
2105
2115
2127
2183
2195
2204
2216
2227
2241
2245
2248
2256
2262
2264
2272
2280
2290
2290
2293
2296
2298
2295
2296
2296
2300
2296
2290
2295
2291
2284
2283
2272
2262
2245
2220
2217
2212
2208
2202
2192
2192
2186
2162
2159
2153
2152
2116
2106
2107
2105
2078
2068
2052
2042
2033
2019
2010
2005
2003
1998
1985
1971
1963
1920
1918
1911
1908
1896
1903
1901
1898
1900
1914
1914
1920
1937
1953
1960
1965
1984
2028
2037
2051
2063
2106
2113
2122
2128
2161
2170
2179
2188
2201
2230
2234
2238
2243
2250
2254
2261
2264
2261
2256
2252
2243
2209
2199
2195
2189
2182
2151
2133
2115
2101
2088
2074
2058
2046
2007
1998
1988
1972
1954
1943
1929
1910
1897
1864
1858
1849
1849
1850
1847
1842
1837
1835
1844
1844
1845
1847
1851
1853
1858
1866
1888
1896
1910
1915
1932
1941
1947
1950
1964
1971
1975
1980
1972
1975
1984
1990
1996
1996
2000
2003
2005
1980
1979
1977
1979
1987
1988
1994
1993
1988
1992
1991
1993
2001
2001
2010
2006
2007
2002
2005
2002
1998
1991
1991
1994
1996
1995
1992
1994
1991
1996
1993
1991
1989
1989
1989
1990
1988
1994
1994
1989
1984
1986
1976
1977
1975
1971
1962
1963
1965
1967
1967
1959
1962
1965
1967
1973
1972
1971
1975
1989
1989
1993
1997
2014
2027
2034
2036
2045
2062
2062
2058
2054
2055
2053
2054
2055
2043
2040
2037
2037
2041
2040
2043
2042
2057
2068
2071
2068
2076
2088
2096
2094
2097
2090
2090
2093
2098
2106
2108
2112
2116
2121
2120
2121
2126
2126
2133
2135
2134
2141
2143
2139
2140
2141
2130
2127
2126
2123
2105
2103
2098
2095
2065
2058
2061
2059
2065
2047
2051
2050
2051
2050
2047
2039
2039
2022
2022
2016
2018
2008
2009
2009
2011
2013
2007
2010
2016
2020
2022
2018
2017
2020
2019
2015
2020
2020
2017
2023
2020
2017
1993
1992
1984
1982
1982
1979
1973
1970
1965
1961
1957
1956
1954
1950
1948
1947
1955
1968
1972
1981
1992
2006
2026
2027
2027
2034
2033
2031
2032
2032
2060
2068
2072
2071
2085
2085
2092
2092
2087
2089
2093
2087
2086
2084
2076
2070
2064
2059
2049
2043
2047
2005
2002
2002
1995
1984
1984
1980
1979
1969
1969
1970
1963
1963
1954
1958
1961
1960
1963
1965
1964
1971
1961
1964
1965
1964
1965
1964
1965
1970
1975
1978
1978
1979
1981
1985
1984
1982
1982
1979
1987
2000
2006
2015
2015
2022
2027
2047
2056
2061
2055
2061
2069
2071
2073
2076
2080
2082
2080
2081
2056
2051
2053
2048
2047
2040
2032
2028
2025
2021
2015
2013
2006
1991
1985
1977
1970
1966
1964
1964
1965
1968
1966
1971
1966
1962
1958
1965
1964
1962
1956
1952
1951
1951
1951
1941
1940
1944
1953
1958
1959
1961
1959
1966
1982
1984
1994
2011
2016
2027
2036
2068
2076
2086
2094
2102
2130
2135
2141
2145
2152
2155
2162
2163
2165
2164
2168
2168
2178
2178
2173
2167
2156
2126
2118
2117
2119
2113
2099
2091
2091
2071
2071
2063
2061
2049
2053
2052
2047
2024
2019
2017
2019
2014
2007
2005
2007
2008
2008
2002
1996
1995
1981
1977
1978
1980
1976
1975
1975
1964
1966
1960
1959
1960
1960
1965
1967
1975
1979
1986
1992
1993
1991
2015
2019
2022
2018
2024
2024
2023
2028
2036
2053
2055
2061
2067
2069
2075
2080
2089
2099
2093
2097
2102
2092
2090
2088
2085
2083
2071
2064
2067
2065
2063
2057
2049
2045
2029
2025
2017
2005
1997
1988
1984
1981
1979
1953
1947
1941
1944
1949
1951
1950
1957
1964
1955
1956
1967
1969
1969
1972
1976
1981
2001
2005
2014
2019
2022
2024
2022
2024
2031
2026
2026
2027
2027
2030
2031
2034
2040
2043
2048
2049
2047
2052
2050
2051
2050
2069
2072
2076
2078
2079
2083
2077
2074
2074
2074
2074
2075
2073
2065
2068
2068
2068
2046
2037
2036
2032
2029
2022
2018
2014
2009
2000
1992
1989
1987
1983
1980
1982
1980
1975
1969
1963
1957
1949
1955
1955
1948
1854
1817
1772
1731
1699
1657
1677
1714
1753
1804
1851
1892
1934
2035
2065
2100
2134
2302
2324
2342
2354
2354
2299
2265
2220
2178
2130
2087
2047
2010
1921
1918
1920
1929
1927
1921
1906
1897
1911
1922
1936
1952
1964
1971
1968
1951
1933
1925
1928
1955
1991
2207
2258
2281
2282
2116
2066
2033
2019
2014
2033
2050
2062
2076
2088
2090
2101
2114
2172
2164
2146
2120
1979
1955
1939
1931
1930
1933
1926
1917
1903
1862
1865
1883
1914
1957
2002
2044
2093
2217
2228
2234
2236
2245
2251
2252
2251
2247
2171
2140
2115
2097
2081
2075
2082
2095
2129
2137
2137
2130
2111
2080
2057
2037
2017
1961
1947
1927
1906
1887
1861
1843
1823
1807
1792
1787
1781
1777
1777
1769
1763
1765
1836
1876
1915
1956
2074
2090
2106
2117
2099
2091
2086
2089
2087
2108
2126
2151
2179
2197
2214
2217
2211
2152
2120
2090
2063
1966
1949
1932
1918
1905
1888
1884
1886
1886
1888
1890
1895
1900
1951
1971
1990
2011
2081
2101
2119
2137
2220
2245
2264
2284
2305
2356
2365
2378
2388
2391
2389
2391
2396
2389
2383
2370
2355
2211
2174
2140
2118
2111
2096
2100
2110
2118
2126
2134
2138
2136
2107
2101
2092
2078
2007
1998
1986
1966
1911
1898
1889
1875
1858
1811
1789
1770
1755
1735
1718
1697
1678
1600
1576
1555
1541
1461
1446
1430
1412
1404
1399
1400
1411
1428
1445
1466
1477
1488
1534
1548
1567
1589
1683
1701
1722
1743
1852
1885
1923
1962
2011
2131
2171
2205
2239
2275
2303
2332