2098
2103
2098
2110
2128
2142
2145
2140
2130
2113
2075
2094
2119
2153
2286
2319
2346
2375
2398
2457
2494
2533
2567
2611
2650
2681
2702
2744
2737
2724
2718
2681
2677
2659
2632
2605
2487
2441
2388
2343
2308
2273
2244
2233
2168
2149
2123
2092
1958
1935
1913
1906
1901
1884
1862
1847
1831
1768
1749
1725
1703
1688
1677
1663
1651
1610
1598
1595
1595
1610
1619
1622
1632
1647
1707
1726
1747
1775
1805
1823
1847
1872
1948
1961
1970
1974
1999
2006
2010
2027
2108
2117
2122
2124
2130
2136
2144
2155
2161
2172
2187
2199
2210
2217
2205
2191
2173
2153
2158
2160
2140
2123
2052
2020
1988
1963
1935
1902
1874
1861
1800
1791
1782
1762
1699
1693
1687
1682
1681
1689
1689
1691
1686
1684
1686
1689
1709
1721
1720
1723
1735
1753
1771
1782
1788
1850
1880
1904
1926
1945
1987
1992
1995
2003
2011
2018
2025
2031
2039
2038
2042
2042
2045
2045
2054
2063
2073
2099
2116
2131
2145
2154
2170
2192
2212
2256
2272
2282
2291
2306
2314
2315
2314
2313
2297
2303
2300
2287
2279
2267
2252
2244
2223
2218
2215
2212
2208
2207
2205
2207
2200
2196
2200
2202
2202
2200
2202
2204
2204
2197
2198
2188
2179
2175
2173
2165
2162
2155
2118
2106
2093
2089
2048
2036
2025
2007
1933
1912
1899
1884
1868
1813
1807
1795
1786
1778
1773
1762
1755
1723
1720
1718
1719
1762
1770
1781
1792
1803
1837
1846
1860
1874
1888
1899
1911
1928
1959
1963
1971
1983
2024
2038
2053
2067
2079
2109
2120
2132
2138
2139
2142
2152
2156
2190
2196
2201
2206
2202
2201
2200
2198
2183
2172
2164
2162
2157
2152
2147
2138
2135
2127
2127
2127
2127
2120
2114
2110
2111
2102
2098
2088
2090
2082
2072
2064
2059
2058
2055
2050
2043
2036
1986
1980
1979
1971
1955
1946
1942
1939
1944
1941
1940
1938
1938
1943
1944
1948
1953
1956
1961
1965
1964
1975
1986
1992
2000
1998
2005
2005
2003
2003
2002
2003
1998
1992
1986
1978
1972
1969
1941
1937
1935
1932
1921
1925
1927
1929
1932
1938
1941
1948
1958
1978
1989
1999
2010
2018
2025
2037
2042
2074
2075
2076
2080
2093
2092
2093
2092
2087
2068
2068
2060
2051
2037
2031
2022
2016
2001
1990
1985
1984
1988
1993
1991
1992
1994
1992
1995
1998
2003
2001
2004
2004
2003
2001
2000
2001
1993
1974
1968
1961
1957
1949
1941
1943
1940
1949
1969
1969
1974
1982
1989
1994
1990
2000
2022
2029
2037
2043
2059
2060
2068
2082
2083
2100
2109
2112
2107
2113
2118
2126
2133
2151
2155
2160
2164
2172
2171
2168
2172
2154
2147
2146
2136
2130
2117
2109
2104
2099
2088
2081
2072
2067
2042
2045
2042
2040
2025
2024
2026
2022
2015
2001
1997
1992
1985
1982
1985
1983
1990
1996
2000
2004
2007
2017
2020
2026
2024
2027
2028
2034
2036
2039
2045
2052
2050
2050
2048
2042
2041
2045
2030
2031
2029
2030
2018
2018
2016
2016
2016
1992
1987
1991
1993
1993
1994
1990
1989
1988
1987
1991
1995
1983
1976
1975
1972
1975
1976
1976
1982
1981
1977
1973
1970
1972
1973
1969
1968
1967
1963
1965
1972
1974
1978
1974
1973
1974
1975
1986
1984
1980
1975
1971
1972
1980
1981
1986
1990
1997
2003
2011
2015
2022
2025
2026
2020
2018
2018
2015
2015
2016
2016
2019
2007
2003
2008
2012
2012
2016
2020
2024
2037
2043
2050
2060
2058
2064
2068
2072
2080
2086
2092
2099
2104
2120
2119
2125
2129
2133
2140
2142
2140
2145
2138
2140
2141
2138
2135
2131
2136
2134
2124
2114
2109
2104
2085
2077
2072
2071
2053
2046
2041
2036
2029
2014
2006
1997
1992
1987
1982
1985
1982
1985
1981
1977
1979
1976
1972
1970
1972
1977
1971
1967
1974
1972
1973
1975
1970
1968
1959
1958
1960
1960
1946
1948
1949
1950
1945
1951
1950
1958
1970
1981
1979
1986
1982
1985
1999
2004
2018
2047
2054
2057
2060
2069
2069
2072
2076
2078
2066
2060
2050
2047
2045
2039
2034
2026
2013
2012
2008
2007
2002
2004
2003
2006
2001
2008
2011
2013
2015
2011
2008
2007
2009
2008
2010
2008
2009
2023
2032
2076
2097
1907
1872
1829
1835
1868
1879
1905
1923
1929
1961
2003
2008
1974
1976
1955
1977
1992
2045
2056
2076
2105
2141
2154
2142
2141
2166
2191
2224
2256
2270
2275
2287
2294
2283
2187
2151
2141
2158
2182
2192
2193
2191
2185
2092
2063
2053
2046
2031
2021
2033
2045
2008
1991
1974
1956
1925
1949
1965
1971
1912
1894
1883
1880
1879
1901
1919
1933
1954
1972
1991
2004
2004
2007
2006
2014
2028
2070
2081
2084
2071
2063
2020
2013
2012
2014
2019
2024
2030
2042
2021
2006
1992
1980
1956
1961
1966
1964
1965
1952
1955
1956
1955
1959
1960
1968
1979
1988
1980
1978
1978
1982
1995
2009
2019
2022
2014
2012
2007
2009
2020
2028
2033
2034
2028
2020
2009
1992
1951
1943
1939
1933
1943
1939
1941
1943
1944
1934
1941
1949
1954
1959
1961
1959
1961
1939
1933
1932
1928
1928
1928
1928
1920
1885
1870
1862
1859
1858
1816
1789
1756
1713
1668
1623
1583
1539
1416
1397
1398
1404
1462
1492
1519
1536
1553
1575
1579
1577
1578
1584
1596
1623
1659
1901
1982
2062
2150
2530
2623
2717
2810
2902
3160
3244
3322
3405
3484
3564
3640
3715
3988
4051
4088
4090
4089
4091
4088
4091
4088
4088
4091
4087
4088
4077
4025
3956
3879
3797
3704
3603
3492
2959
2806
2647
2483
1796
1583
1397
1208
1016
513
356
219
144
125
110
106
104
92
90
86
87
82
80
80
79
80
81
85
86
86
88
90
92
94
107
112
119
130
151
182
225
293
396
742
871
992
1117
1252
1380
1510
1635
1763
2096
2188
2268
2343
2414
2483
2556
2621
2859
2903
2944
2978
3068
3072
3078
3082
3087
3069
3060
3046
3022
2984
2941
2894
2853
2721
2697
2673
2652
2580
2552
2521
2488
2366
2328
2295
2265
2232
2121
2070
2015
1961
1917
1878
1839
1807
1706
1686
1656
1621
1503
1475
1460
1446
1432
1443
1446
1451
1465
1483
1495
1514
1537
1645
1676
1706
1733
1800
1817
1839
1859
1877
1954
1976
1998
2016
2043
2068
2098
2119
2211
2257
2310
2363
2412
2450
2485
2523
2561
2663
2695
2732
2763
2798
2833
2875
2913
2948
3030
3049
3070
3091
3110
3126
3136
3148
3174
3171
3164
3148
3051
3021
2994
2964
2929
2803
2750
2688
2630
2561
2492
2420
2346
2047
1971
1893
1822
1522
1450
1382
1318
1066
1015
965
917
882
785
762
747
737
725
716
719
712
752
775
802
841
1028
1085
1146
1206
1268
1463
1530
1599
1664
1735
1804
1877
1950
2229
2300
2362
2422
2628
2668
2710
2745
2843
2863
2880
2898
2910
2918
2923
2924
2918
2895
2871
2846
2816
2682
2648
2619
2582
2376
2325
2268
2208
2156
1969
1909
1854
1801
1746
1686
1634
1582
1363
1320
1291
1268
1194
1187
1171
1165
1160
1155
1155
1159
1163
1174
1188
1207
1225
1336
1364
1399
1442
1615
1660
1706
1747
1919
1957
2002
2048
2097
2220
2249
2275
2306
2331
2361
2387
2405
2459
2472
2479
2486
2491
2483
2471
2464
2457
2424
2414
2406
2400
2397
2394
2394
2395
2371
2361
2356
2343
2315
2302
2299
2293
2250
2242
2239
2225
2222
2194
2188
2182
2183
2181
2169
2164
2157
2129
2114
2103
2096
2059
2048
2038
2025
2010
1971
1950
1931
1913
1904
1902
1892
1878
1791
1767
1746
1732
1696
1686
1679
1670
1609
1606
1601
1599
1591
1563
1558
1556
1562
1569
1586
1601
1604
1622
1645
1660
1680
1770
1801
1831
1860
1888
1955
1979
2009
2046
2084
2117
2155
2190
2287
2314
2343
2372
2462
2483
2507
2531
2606
2613
2624
2632
2638
2644
2644
2642
2642
2631
2619
2604
2593
2535
2517
2490
2463
2358
2331
2300
2269
2235
2123
2088
2054
2031
2005
1981
1956
1936
1839
1815
1797
1775
1712
1701
1695
1690
1680
1666
1659
1657
1664
1668
1667
1672
1675
1697
1702
1707
1713
1753
1762
1773
1785
1840
1855
1872
1884
1903
1939
1948
1957
1968
1978
1992
2007
2015
2054
2061
2069
2082
2122
2133
2141
2140
2143
2150
2149
2153
2156
2157
2155
2153
2145
2121
2118
2106
2099
2068
2062
2061
2059
2055
2041
2038
2035
2030
2027
2027
2030
2031
2040
2040
2039
2047
2051
2050
2050
2053
2052
2054
2049
2046
2048
2048
2043
2038
2039
2041
2030
2028
2023
2026
2026
2024
2022
2018
1995
1992
1980
1977
1949
1944
1929
1916
1908
1893
1885
1878
1875
1869
1862
1861
1862
1839
1838
1834
1837
1849
1859
1867
1874
1914
1933
1947
1964
1974
2012
2022
2036
2049
2060
2075
2086
2097
2135
2145
2154
2156
2183
2190
2193
2198
2210
2229
2230
2242
2248
2251
2253
2253
2261
2278
2278
2273
2267
2242
2235
2227
2215
2165
2153
2141
2123
2106
2071
2054
2038
2026
2014
2002
1996
1980
1918
1906
1894
1886
1871
1857
1852
1849
1850
1844
1839
1835
1840
1849
1858
1865
1875
1893
1905
1914
1922
1956
1968
1982
1995
2018
2019
2018
2025
2031
2050
2054
2062
2072
2081
2082
2094
2103
2115
2118
2119
2125
2124
2122
2121
2118
2116
2113
2113
2110
2108
2102
2097
2096
2095
2078
2072
2070
2067
2026
2015
2005
1995
1964
1958
1952
1947
1942
1924
1920
1907
1900
1896
1887
1881
1879
1860
1866
1865
1859
1855
1859
1864
1865
1873
1892
1899
1909
1917
1927
1941
1957
1966
1995
2002
2003
2013
2032
2031
2032
2035
2038
2051
2054
2059
2064
2077
2084
2083
2089
2103
2109
2120
2127
2144
2144
2142
2148
2158
2157
2153
2157
2161
2150
2147
2150
2155
2156
2158
2161
2166
2142
2136
2132
2125
2110
2101
2097
2095
2092
2078
2076
2077
2079
2073
2067
2063
2054
2028
2021
2017
2014
1991
1980
1973
1966
1954
1923
1918
1914
1911
1909
1906
1912
1911
1916
1914
1918
1924
1925
1924
1925
1927
1944
1958
1973
1973
1979
1988
1985
1987
1999
2006
2014
2022
2026
2041
2044
2043
2041
2043
2042
2044
2042
2042
2042
2047
2045
2047
2048
2055
2056
2059
2059
2057
2060
2065
2092
2084
2085
2089
2104
2106
2105
2099
2096
2082
2078
2076
2077
2073
2074
2078
2079
2048
2045
2045
2043
2021
2023
2019
2019
2013
2010
2007
2001
1997
1990
1988
1982
1980
1968
1968
1964
1959
1962
1963
1965
1964
1964
1963
1960
1964
1969
1972
1963
1957
1954
1958
1967
1973
1974
1979
1982
1991
1995
2023
2032
2038
2040
2046
2066
2071
2073
2076
2086
2092
2095
2098
2116
2118
2123
2119
2122
2121
2125
2125
2129
2122
2129
2081
1961
1838
1773
1764
1801
2129
2177
2219
2251
2118
2099
2081
2075
2091
2092
2070
2059
2060
2058
2046
2038
2032
1997
1987
1987
1992
1948
1936
1936
1946
1927
1946
1964
1976
1987
1970
1971
1982
1997
1995
1985
1984
1990
1982
1954
1931
1917
1991
2026
2051
2063
2063
2004
1986
1972
1965
1958
1958
1964
1974
2087
2096
2084
2058
1942
1946
1969
1998
2060
2062
2064
2067
2063
2014
2000
1985
1990
2003
2027
2048
2054
1990
1959
1941
1942
1997
2011
2020
2020
2020
1991
1982
1968
1961
1961
1972
1998
2023
2069
2065
2056
2049
2048
2063
2074
2082
2088
2077
2067
2049
2031
2020
2017
2025
2049
2106
2110
2100
2096
2024
2020
2021
2023
2057
2061
2065
2058
2049
2012
2010
1999
1987
1978
1975
1976
1978
1969
1965
1965
1958
1951
1951
1941
1926
1914
1865
1850
1841
1837
1832
1831
1828
1824
1794
1763
1730
1696
1557
1536
1530
1525
1534
1542
1557
1559
1581
1651
1669
1692
1718
1745
1761
1777
1800
1884
1912
1939
1970
2142
2203
2266
2325
2385
2540
2590
2645
2701
2760
2818
2878
2942
3166
3218
3274
3324
3483
3518
3556
3589
3621
3646
3652
3647
3645
3640
3635
3628
3616
3540
3504
3470
3436
3238
3175
3105
3031
2717
2643
2561
2387
2108
1683
1491
1386
1325
1243
1152
1098
1087
821
772
704
624
525
489
463
437
400
301
291
284
274
275
294
314
319
376
391
420
450
613
659
705
770
836
963
1024
1093
1170
1242
1328
1407
1475
1704
1751
1789
1821
1998
2044
2106
2176
2231
2330
2356
2361
2360
2357
2363
2351
2329
2364
2375
2390
2392
2306
2281
2252
2226
2194
2170
2146
2134
2113
2052
2034
2016
1996
1986
1979
1973
1969
1956
1942
1926
1912
1858
1860
1854
1851
1854
1828
1808
1804
1797
1775
1764
1765
1776
1849
1870
1893
1916
1961
1990
2025
2055
2203
2208
2215
2232
2232
2267
2302
2329
2351
2380
2399
2421
2447
2469
2469
2480
2494
2557
2594
2618
2641
2675
2760
2782
2815
2853
2878
2899
2936
2979
3100
3123
3141
3169
3220
3230
3224
3209
3180
3162
3146
3126
3100
2998
2955
2917
2884
2848
2799
2750
2714
2491
2432
2377
2316
2080
2023
1967
1913
1853
1688
1642
1595
1555
1523
1496
1466
1438
1379
1362
1340
1305
1244
1232
1228
1232
1236
1270
1276
1284
1299
1326
1348
1373
1403
1539
1599
1644
1695
1894
1945
1996
2047
2225
2261
2292
2326
2355
2401
2415
2427
2438
2437
2431
2421
2411
2332
2309
2285
2262
2121
2079
2050
2011
1975
1876
1832
1790
1753
1716
1675
1637
1603
1500
1474
1449
1422
1336
1317
1300
1286
1246
1241
1241
1236
1235
1214
1206
1208
1216
1218
1222
1224
1228
1295
1319
1344
1367
1480
1515
1553
1598
1627
1728
1768
1800
1838
1872
1902
1939
1975
2104
2121
2144
2171
2229
2238
2252
2269
2297
2300
2310
2311
2313
2322
2326
2325
2327
2327
2332
2333
2331
2313
2312
2330
2335
2335
2341
2349
2350
2345
2332
2321
2306
2299
2304
2298
2289
2274
2269
2248
2248
2260
2244
2260
2255
2248
2266
2252
2253
2270
2277
2243
2246
2243
2223
2208
2222
2219
2206
2172
2142
2124
2118
2077
2061
2050
2047
2028
2008
1987
1977
1976
1965
1954
1946
1931
1899
1894
1885
1876
1875
1885
1903
1908
1951
1960
1972
1991
2011
2051
2073
2099
2123
2142
2159
2181
2201
2242
2245
2248
2269
2303
2317
2312
2299
2303
2301
2299
2290
2282
2288
2285
2277
2269
2243
2233
2225
2221
2199
2187
2181
2183
2179
2140
2129
2119
2102
2084
2071
2060
2048
2002
1992
1983
1963
1912
1899
1884
1875
1833
1817
1806
1801
1800
1766
1758
1751
1752
1743
1745
1755
1759
1786
1794
1803
1818
1875
1891
1906
1911
1930
1978
1991
2002
2019
2035
2047
2055
2066
2060
2057
2053
2046
2020
2013
2008
1999
1982
1979
1977
1973
1976
1972
1974
1976
1977
1973
1971
1969
1968
1958
1952
1949
1947
1928
1928
1922
1915
1908
1890
1885
1878
1877
1877
1870
1869
1869
1870
1867
1873
1876
1888
1894
1897
1901
1935
1937
1949
1958
1957
1984
1996
2008
2017
2026
2041
2049
2054
2073
2082
2087
2092
2122
2126
2129
2127
2125
2116
2098
2089
2084
2078
2071
2064
2058
2032
2025
2018
2009
1992
1995
1997
1998
2005
2009
2009
2009
2016
2034
2036
2044
2052
2062
2069
2074
2079
2095
2095
2100
2107
2131
2138
2150
2163
2167
2168
2175
2179
2180
2189
2196
2195
2195
2181
2174
2174
2181
2173
2167
2160
2151
2128
2125
2124
2119
2113
2089
2076
2069
2063
2057
2052
2049
2041
2022
2018
2016
2008
1984
1971
1969
1963
1965
1949
1940
1940
1955
1964
1972
1975
1977
1974
1971
1970
1968
1969
1966
1971
1978
1982
1995
2002
2000
2005
2012
2010
2018
2019
2026
2029
2034
2044
2070
2067
2072
2076
2081
2084
2073
2069
2068
2075
2074
2072
2078
2074
2068
2068
2066
2037
2028
2019
2015
1994
1987
1986
1981
1978
1954
1944
1939
1936
1935
1929
1923
1916
1900
1902
1903
1909
1913
1917
1920
1924
1928
1936
1941
1939
1942
1942
1943
1949
1954
1966
1970
1976
1977
1982
1984
1987
1995
1999
2007
2011
2014
2016
2025
2024
2027
2028
2036
2029
2033
2036
2026
2025
2026
2033
2052
2053
2059
2058
2062
2071
2079
2080
2088
2095
2108
2113
2120
2124
2116
2115
2112
2086
2083
2078
2075
2076
2079
2077
2071
2066
2067
2068
2069
2075
2078
2079
2082
2083
2070
2071
2072
2080
2058
2055
2049
2047
2052
2044
2036
2038
2032
2028
2030
2036
2029
2013
2008
2006
2009
1997
2002
2006
2002
2004
2004
2002
2002
2008
2012
2006
2004
2008
1999
1993
1994
1993
1983
1987
1990
1990
2007
2009
2012
2014
2019
2030
2034
2041
2042
2042
2041
2046
2048
2047
2050
2053
2057
2058
2063
2063
2061
2060
2038
2036
2040
2045
2047
2047
2042
2042
2010
2006
2007
2009
2014
2009
2010
2007
2002
1994
1997
1989
1992
1987
1984
1984
1979
1976
1969
1966
1965
1959
1955
1953
1953
1938
1939
1935
1935
1939
1942
1943
1942
1937
1939
1941
1942
1941
1959
1967
1967
1971
1995
1996
1998
2011
2024
2035
2037
2048
2054
2071
2075
2075
2079
2082
2086
2101
2102
2124
2121
2122
2128
2135
2139
2144
2153
2159
2143
2142
2138
2135
2127
2124
2123
2123
2108
2101
2095
2086
2078
2072
2071
2069
2042
2037
2036
2035
2032
2032
2023
2016
2013
2007
1996
1993
1999
1980
1974
1916
1802
1715
1771
1814
1854
1911
2038
2049
2052
2075
2089
2075
2060
2077
2145
2163
2164
2163
2101
2090
2081
2080
2108
2118
2132
2139
2138
2121
2111
2100
2089
2077
2068
2060
2045
2015
2018
2032
2048
2038
2031
2022
2016
2008
1981
1981
1987
1998
2014
2024
2023
2015
1943
1930
1911
1902
1960
1988
2013
2021
2015
1954
1939
1924
1910
1900
1900
1898
1896
1891
1894
1904
1917
1930
1947
1960
1972
1978
1979
1980
1988
1983
1968
1966
1963
1969
1977
1996
2010
2014
2018
2012
2011
2005
2002
1984
1995
2006
2027
2051
2049
2042
2039
2082
2095
2113
2119
2126
2127
2124
2118
2110
2095
2077
2064
2052
2017
2007
2003
2002
2005
2006
2007
2005
2006
1990
1990
1995
2008
2019
2024
2029
2033
2028
2016
2003
1997
1995
2000
2010
2027
2055
2057
2061
2066
2061
2050
2037
2030
2051
2055
2042
2042
2033
1977
1970
1974
1963
1907
1883
1852
1829
1794
1683
1647
1610
1587
1568
1548
1533
1514
1499
1513
1521
1523
1538
1538
1543
1557
1530
1534
1524
1513
1524
1579
1602
1647
1689
1709
1736
1785
1815
1939
1973
2036
2100
2359
2419
2478
2540
2610
2815
2899
2970
3037
3106
3183
3261
3321
3565
3595
3628
3661
3745
3765
3773
3784
3801
3802
3792
3779
3765
3676
3640
3593
3543
3485
3420
3362
3289
2976
2881
2795
2708
2319
2213
2099
1981
1863
1482
1370
1263
1161
1074
992
914
841
594
546
496
449
331
319
305
297
296
311
321
337
350
364
375
389
414
500
529
565
603
632
664
702
748
799
914
957
1007
1053
1103
1151
1201
1245
1300
1455
1509
1566
1636
1709
1788
1874
1967
2293
2373
2445
2501
2647
2676
2702
2727
2806
2819
2826
2836
2836
2800
2781
2760
2734
2711
2684
2656
2628
2478
2443
2409
2373
2268
2237
2207
2182
2148
2016
1973
1930
1885
1843
1800
1762
1729
1575
1535
1495
1459
1337
1325
1325
1320
1317
1325
1330
1336
1348
1366
1384
1412
1445
1535
1568
1596
1621
1643
1668
1697
1724
1750
1866
1905
1948
1992
2031
2060
2091
2123
2153
2239
2273
2308
2343
2378
2409
2446
2485
2610
2641
2674
2708
2855
2891
2934
2972
3008
3075
3096
3123
3157
3183
3199
3219
3240
3273
3270
3266
3261
3246
3230
3213
3194
3166
3064
3016
2961
2913
2861
2805
2740
2669
2605
2398
2331
2258
2193
2126
2053
1984
1911
1668
1608
1558
1509
1317
1279
1243
1216
1192
1132
1118
1107
1099
1096
1095
1102
1107
1172
1196
1222
1249
1378
1410
1439
1463
1583
1618
1650
1692
1739
1869
1923
1980
2036
2092
2137
2174
2213
2360
2396
2428
2461
2557
2572
2587
2604
2622
2656
2661
2672
2678
2681
2669
2656
2645
2575
2552
2526
2502
2389
2358
2326
2288
2158
2128
2089
2053
2022
1920
1890
1856
1818
1778
1744
1713
1681
1565
1537
1508
1481
1385
1364
1341
1329
1323
1298
1297
1292
1298
1296
1298
1303
1311
1371
1394
1419
1443
1554
1586
1622
1662
1813
1851
1878
1907
1942
2041
2070
2099
2127
2155
2181
2197
2218
2278
2291
2304
2317
2346
2352
2356
2361
2363
2359
2354
2345
2347
2351
2353
2355
2354
2357
2349
2348
2355
2360
2361
2365
2370
2369
2358
2348
2343
2326
2315
2295
2284
2269
2257
2220
2202
2188
2176
2163
2151
2143
2131
2072
2050
2029
2007
1933
1914
1895
1878
1864
1826
1819
1817
1809
1797
1789
1779
1765
1723
1711
1705
1699
1691
1677
1665
1659
1649
1620
1614
1606
1604
1598
1598
1606
1615
1626
1661
1679
1689
1703
1717
1735
1758
1779
1861
1885
1907
1924
2012
2033
2061
2087
2169
2186
2207
2230
2249
2283
2297
2305
2318
2323
2325
2333
2345
2369
2374
2381
2390
2404
2403
2404
2407
2402
2392
2378
2371
2365
2361
2359
2356
2343
2292
2284
2274
2268
2210
2200
2190
2163
2098
2079
2055
2038
2027
1994
1980
1970
1961
1948
1933
1925
1910
1859
1855
1844
1838
1820
1818
1813
1809
1805
1808
1811
1819
1827
1830
1838
1848
1864
1910
1921
1933
1933
1981
1988
1997
2011
2045
2058
2069
2082
2093
2116
2121
2132
2142
2148
2155
2161
2169
2183
2189
2188
2185
2152
2146
2149
2148
2144
2122
2113
2109
2109
2098
2088
2086
2078
2048
2045
2041
2041
2021
2022
2018
2014
1989
1987
1995
2002
2009
1990
1985
1976
1968
1960
1954
1952
1949
1921
1913
1903
1897
1882
1878
1870
1875
1878
1871
1867
1861
1863
1852
1849
1854
1861
1866
1868
1870
1877
1888
1890
1901
1912
1933
1940
1945
1949
1964
1983
1993
1998
2001
2001
2004
2012
2022
2045
2050
2058
2065
2076
2076
2084
2094
2100
2114
2114
2111
2110
2119
2126
2133
2144
2139
2138
2137
2142
2137
2136
2132
2134
2112
2107
2098
2097
2096
2095
2089
2083
2078
2072
2069
2067
2063
2054
2050
2051
2045
2022
2018
2013
2008
2006
1994
1987
1979
1975
1977
1977
1969
1966
1959
1960
1961
1965
1963
1955
1955
1952
1952
1951
1948
1950
1956
1955
1966
1972
1980
1985
1998
2013
2022
2050
2054
2063
2070
2088
2095
2099
2100
2105
2107
2112
2113
2111
2104
2100
2100
2091
2087
2080
2080
2084
2081
2081
2075
2072
2084
2082
2081
2076
2077
2068
2063
2061
2065
2056
2049
2044
2037
2009
2004
2000
1994
1972
1967
1966
1963
1953
1945
1942
1932
1928
1925
1920
1923
1927
1924
1927
1929
1927
1932
1932
1929
1929
1934
1938
1940
1945
1946
1957
1963
1969
1974
1979
1988
1994
1996
2015
2022
2026
2025
2038
2041
2042
2047
2067
2073
2078
2081
2088
2099
2108
2123
2133
2144
2154
2157
2159
2164
2162
2162
2157
2149
2145
2141
2133
2129
2105
2098
2087
2080
2073
2064
2066
2065
2041
2039
2039
2029
2007
2011
2003
2004
2001
2000
2005
2002
2002
2001
1999
1999
1996
1987
1980
1973
1968
1965
1960
1956
1956
1971
1970
1967
1971
1972
1972
1971
1975
1979
1982
1982
1983
1985
1983
1978
1981
1981
1994
1999
2005
2009
2011
2021
2024
2026
2033
2039
2039
2040
2042
2060
2063
2066
2068
2068
2070
2073
2074
2081
2073
2068
2071
2075
2077
2075
2077
2075
2078
2076
2070
2067
2075
2071
2067
2061
2061
2042
2040
2037
2034
2019
2014
2005
1997
1979
1976
1972
1968
1970
1968
1966
1965
1963
1969
1970
1969
1963
1960
1964
1964
1967
1959
1957
1957
1962
1961
1954
1951
1948
1947
1950
1949
1951
1945
1932
1933
1937
1943
1962
1975
1982
1990
1995
2015
2022
2035
2047
2061
2054
2012
1945
1904
1966
2042
2111
2261
2283
2304
2319
2228
2224
2234
2267
2309
2379
2371
2331
2272
2220
2189
2178
2170
2196
2183
2174
2162
2033
1997
1969
1965
1980
2045
2053
2055
2055
2050
2035
2015
1994
1931
1921
1941
1974
1949
1908
1870
1837
1847
1876
1910
1939
1956
1961
1948
1934
1924
1920
1917
1915
1922
1956
1970
1965
1954
1972
1980
1993
2013
2035
2066
2062
2059
2065
2071
2067
2052
2039
1988
1998
2015
2025
2021
2009
2004
2004
2076
2099
2112
2125
2140
2131
2119
2100
2092
2086
2083
2073
2068
2057
2053
2046
2041
2013
1997
1988
1985
1982
1966
1954
1948
1941
1935
1931
1927
1916
1911
1906
1916
1922
1885
1881
1871
1861
1907
1918
1926
1941
1950
1955
1958
1971
1979
1982
1988
2001
2011
2017
2017
2020
2026
2056
2059
2057
2047
2022
2013
2000
1991
1976
1930
1918
1912
1906
1902
1892
1881
1867
1797
1776
1762
1749
1718
1709
1702
1702
1702
1713
1714
1717
1726
1750
1779
1803
1826
1888
1896
1903
1915
1988
2009
2032
2053
2072
2128
2148
2169
2184
2207
2237
2272
2302
2454
2490
2528
2562
2710
2750
2801
2852
3038
3082
3120
3153
3180
3250
3269
3280
3294
3305
3312
3320
3331
3299
3289
3278
3261
3229
3041
2966
2891
2813
2736
2668
2604
2547
2374
2334
2282
2227
2169
2110
2045
1972
1908
1774
1742
1708
1675
1638
1598
1553
1512
1320
1261
1197
1140
1079
902
847
795
753
708
667
631
602
538
538
542
544
612
637
664
691
721
825
859
892
923
957
993
1039
1082
1346
1417
1485
1549
1732
1765
1810
1855
2013
2054
2088
2124
2153
2238
2267
2300
2332
2356
2382
2401
2420
2459
2468
2465
2466
2412
2397
2380
2356
2327
2218
2180
2139
2108
2072
2040
2010
1983
1887
1859
1836
1813
1709
1696
1678
1662
1570
1550
1530
1516
1511
1509
1521
1530
1546
1572
1596
1618
1641
1714
1748
1783
1821
1969
2008
2049
2092
2137
2278
2319
2365
2412
2452
2487
2524
2558
2691
2728
2765
2803
2944
2978
3015
3040
3133
3147
3162
3175
3195
3243
3258
3270
3284
3291
3296
3299
3297
3237
3227
3204
3178
3018
2976
2931
2884
2836
2693
2650
2607
2571
2531
2491
2447
2408
2261
2225
2187
2156
2009
1979
1943
1904
1773
1750
1716
1698
1677
1610
1590
1576
1564
1551
1536
1527
1511
1460
1451
1442
1434
1393
1387
1384
1371
1362
1338
1333
1338
1345
1350
1352
1366
1374
1442
1462
1483
1508
1600
1624
1644
1667
1738
1745
1756
1771
1780
1798
1806
1812
1823
1830
1840
1843
1851
1856
1861
1863
1862
1842
1845
1842
1842
1844
1838
1839
1843
1844
1848
1847
1852
1856
1852
1846
1836
1832
1825
1823
1816
1818
1801
1803
1803
1806
1810
1836
1840
1851
1862
1870
1880
1885
1895
1936
1945
1954
1964
1987
1998
2004
2020
2038
2082
2091
2108
2120
2131
2143
2162
2173
2226
2241
2251
2265
2307
2317
2320
2324
2320
2323
2331
2334
2335
2342
2343
2345
2353
2364
2371
2382
2385
2372
2369
2366
2369
2353
2345
2335
2325
2309
2275
2264
2260
2256
2242
2233
2225
2217
2180
2167
2162
2152
2090
2070
2055
2050
2007
1994
1992
1989
1987
1958
1945
1934
1931
1919
1916
1916
1911
1885
1880
1872
1867
1837
1830
1827
1818
1811
1792
1793
1790
1785
1782
1781
1779
1778
1787
1781
1795
1800
1817
1816
1817
1816
1842
1853
1865
1875
1890
1916
1929
1948
1966
1983
2002
2027
2040
2092
2101
2113
2127
2175
2189
2197
2211
2230
2265
2268
2276
2285
2293
2294
2294
2298
2303
2297
2298
2295
2281
2276
2269
2259
2236
2228
2226
2219
2209
2179
2170
2156
2144
2132
2119
2106
2102
2058
2050
2041
2026
1972
1960
1954
1949
1946
1921
1915
1911
1897
1889
1887
1886
1884
1877
1879
1879
1878
1881
1880
1883
1887
1899
1911
1913
1916
1924
1956
1960
1970
1977
1983
1995
2004
2014
2048
2051
2050
2052
2056
2058
2058
2062
2068
2055
2052
2046
2049
2043
2036
2042
2044
2033
2030
2025
2019
1977
1969
1962
1962
1962
1954
1939
1932
1927
1921
1916
1914
1909
1895
1891
1888
1885
1881
1881
1884
1881
1876
1876
1885
1884
1884
1887
1889
1900
1899
1899
1904
1908
1903
1906
1911
1915
1919
1927
1953
1964
1974
1979
2014
2028
2041
2041
2064
2068
2079
2089
2093
2104
2107
2111
2117
2118
2114
2117
2122
2118
2119
2120
2123
2119
2117
2111
2111
2115
2122
2113
2116
2118
2119
2119
2119
2118
2105
2100
2101
2104
2099
2103
2108
2108
2099
2104
2108
2112
2110
2121
2113
2108
2113
2112
2117
2115
2112
2098
2092
2091
2091
2058
2052
2054
2050
2051
2038
2031
2026
2020
2015
2016
2016
2015
2011
2009
2012
2010
2005
2006
2007
2004
2009
1993
1993
1990
1986
1987
1982
1978
1980
1989
1985
1984
1987
1990
1994
1995
1994
1988
1978
1970
1961
1961
1956
1961
1962
1961
1953
1949
1945
1949
1956
1971
1978
1976
1983
1990
2001
2010
2020
2043
2056
2059
2062
2065
2069
2069
2065
2062
2071
2068
2065
2065
2068
2065
2063
2062
2038
2035
2036
2034
2029
2022
2015
2011
2013
2008
2008
2010
2016
2016
2016
2021
2015
2009
2003
2006
2007
2002
1998
1997
1996
2004
2002
2003
1998
2002
2008
2013
2012
2012
2012
2011
2010
2012
2000
1993
1997
2002
2004
2007
2005
2004
2016
2019
2026
2033
2034
2038
2041
2042
2039
2038
2037
2036
2039
2039
2041
2036
2034
2029
2030
2036
2040
2040
2042
2043
2040
2037
2035
2038
2039
2034
2027
2028
2028
2029
2037
2038
2040
2048
2040
2029
2027
2024
2024
2024
2026
2026
2027
2029
2025
2033
2036
2026
2026
2027
2031
2035
2033
2034
2036
2035
2025
2016
2018
2023
2028
2030
2032
2035
2030
2024
2019
2019
2017
2010
2007
2006
2005
2000
2003
2006
2002
1998
1994
2001
2004
2003
2006
2017
2023
2030
2032
2037
2037
2048
2049
2052
2057
2070
2084
2085
2086
2087
2086
2089
2096
2099
2094
2092
2090
2088
2080
2075
2075
2075
2071
2058
2056
2056
2051
2039
2036
2032
2020
2007
2001
2000
1990
1981
1973
1965
1960
1955
1933
1928
1926
1924
1926
1926
1923
1924
1922
1904
1903
1907
1912
1916
1911
1908
1907
1911
1916
1924
1926
1945
1949
1956
1958
1977
1981
1985
1992
2003
2018
2022
2032
2042
2047
2058
2069
2074
2079
2090
2115
2146
2150
2075
2056
2045
2033
2018
2018
2033
2052
2097
2113
2130
2136
2143
2143
2149
2152
2161
2178
2185
2198
2213
2218
2214
2215
2223
2220
2185
2163
2143
2118
2099
2098
2097
2091
2085
2076
2070
2059
1999
1993
1983
1975
1993
2000
1994
1978
1958
1900
1895
1897
1903
1910
1920
1933
1949
1957
1950
1946
1936
1919
1936
1956
1980
2001
1999
2008
2018
2037
2074
2084
2088
2087
2083
2078
2076
2067
2027
2022
2024
2031
2033
2020
1999
1978
1958
1942
1958
1979
2002
2022
2032
2039
2047
2037
2033
2038
2034
2055
2060
2061
2050
2045
1992
1968
1960
1957
1964
1970
1978
1984
1994
1993
1987
1983
1976
1981
1985
1985
1971
1958
1950
1938
1933
1926
1924
1926
1923
1927
1925
1918
1917
1922
1931
1948
1958
1989
1994
1999
2005
2013
2025
2043
2054
2065
2073
2085
2099
2107
2120
2118
2120
2121
2128
2126
2128
2126
2107
2102
2097
2092
2089
2093
2098
2095
2093
2091
2083
2078
2065
2031
2029
2027
2030
2036
2032
2031
2026
2023
2016
2020
2025
2029
2026
2025
2018
2015
1958
1943
1931
1918
1867
1862
1850
1834
1782
1775
1775
1778
1781
1794
1802
1808
1817
1819
1818
1823
1829
1841
1848
1856
1876
1935
1950
1960
1976
1995
2070
2097
2125
2152
2185
2214
2254
2298
2410
2448
2474
2509
2527
2558
2587
2611
2630
2689
2706
2722
2743
2754
2764
2779
2785
2797
2817
2813
2810
2812
2814
2808
2802
2799
2749
2732
2715
2696
2585
2552
2517
2481
2303
2254
2205
2152
2092
1917
1859
1809
1759
1714
1673
1617
1563
1346
1286
1231
1177
1035
1012
996
982
972
937
931
927
927
930
932
942
954
1045
1078
1108
1141
1272
1311
1350
1395
1598
1646
1698
1754
1802
1927
1968
2010
2052
2089
2133
2177
2221
2342
2361
2377
2398
2448
2461
2483
2499
2515
2548
2546
2545
2543
2542
2533
2527
2521
2465
2452
2429
2405
2269
2243
2215
2188
2057
2016
1971
1932
1880
1716
1665
1622
1583
1545
1511
1476
1443
1330
1308
1290
1272
1286
1299
1320
1350
1377
1478
1516
1555
1598
1644
1695
1744
1800
2001
2051
2091
2134
2291
2335
2377
2418
2562
2596
2638
2671
2695
2777
2802
2825
2849
2874
2895
2909
2918
2941
2940
2940
2943
2922
2915
2908
2891
2869
2795
2766
2738
2707
2673
2647
2614
2579
2437
2402
2378
2351
2214
2183
2155
2125
1995
1968
1946
1918
1893
1817
1784
1760
1742
1716
1699
1678
1662
1576
1561
1552
1543
1530
1513
1506
1504
1501
1504
1505
1496
1495
1505
1506
1507
1512
1510
1515
1518
1529
1534
1566
1579
1596
1619
1638
1657
1677
1699
1776
1798
1824
1849
1875
1924
1940
1955
1974
1991
2001
2011
2024
2030
2030
2027
2035
2049
2057
2067
2074
2085
2119
2128
2135
2136
2143
2153
2162
2168
2203
2203
2207
2219
2214
2216
2217
2216
2189
2183
2179
2181
2177
2140
2129
2115
2102
2091
2083
2074
2068
2022
2009
1997
1981
1935
1930
1929
1925
1921
1903
1907
1905
1906
1904
1906
1907
1911
1916
1922
1929
1931
1948
1955
1962
1970
2003
2012
2024
2036
2041
2073
2074
2077
2083
2085
2086
2098
2113
2147
2152
2163
2176
2202
2207
2218
2219
2223
2226
2221
2215
2217
2214
2209
2210
2206
2156
2147
2138
2127
2087
2075
2066
2057
1993
1972
1960
1952
1941
1884
1869
1855
1841
1827
1817
1811
1805
1792
1786
1781
1785
1781
1786
1789
1786
1788
1789
1790
1793
1797
1799
1801
1805
1807
1826
1836
1847
1862
1898
1907
1917
1925
1963
1974
1979
1988
2000
2013
2014
2022
2029
2031
2037
2049
2055
2082
2095
2097
2104
2143
2150
2158
2169
2189
2200
2201
2204
2211
2207
2211
2211
2216
2219
2222
2218
2223
2214
2218
2219
2218
2230
2229
2233
2237
2244
2245
2242
2242
2240
2237
2235
2233
2227
2215
2216
2213
2208
2185
2174
2163
2153
2130
2120
2107
2101
2090
2041
2026
2013
2003
1999
1990
1977
1970
1931
1920
1905
1894
1855
1844
1835
1832
1831
1815
1811
1805
1806
1808
1803
1807
1809
1839
1843
1848
1854
1882
1890
1902
1914
1932
1958
1967
1972
1980
1990
1994
1997
2001
2025
2035
2044
2050
2057
2062
2066
2066
2071
2067
2056
2047
2039
2032
2026
2019
2014
2013
2011
2011
2003
1973
1974
1975
1971
1961
1956
1947
1947
1954
1944
1937
1938
1945
1954
1961
1961
1958
1960
1967
1967
1970
1970
1978
1987
1992
2003
2009
2018
2028
2035
2038
2036
2049
2062
2073
2074
2078
2083
2108
2114
2122
2128
2150
2152
2157
2156
2161
2158
2161
2165
2167
2171
2171
2173
2165
2149
2145
2138
2132
2105
2101
2090
2087
2080
2056
2044
2030
2019
2013
2012
2003
1998
1978
1970
1965
1968
1953
1947
1946
1947
1951
1955
1956
1965
1962
1963
1966
1973
1978
1980
1983
1983
1983
1987
1989
1997
1999
2023
2027
2026
2027
2027
2019
2020
2021
2021
2019
2019
2015
2016
2015
2016
2017
2021
2016
2008
2005
1997
1991
1988
1986
1989
1992
1985
1987
1988
1988
1989
1989
1990
1992
1984
1987
1996