2034
2042
2046
2053
2053
2061
2065
2073
2074
2074
2078
2092
2095
2094
2091
2095
2093
2093
2097
2110
2105
2108
2104
2104
2112
2109
2105
2102
2097
2092
2087
2083
2064
2057
2052
2048
2029
2022
2023
2026
2025
2017
2004
2001
1994
1990
1991
1991
1988
1977
1970
1964
1961
1954
1961
1964
1966
1961
1967
1964
1962
1967
1971
1975
1979
1974
1988
1994
1999
2006
2023
2023
2019
2024
2028
2024
2029
2029
2039
2071
2102
2101
2080
1932
1919
1915
1911
2012
2029
2038
2052
2034
2031
2032
2022
2013
2026
2041
2062
2079
2094
2100
2109
2130
2132
2142
2153
2168
2237
2228
2213
2193
2165
2047
1997
1959
1934
1918
1911
1915
1921
1938
1932
1924
1912
1820
1819
1827
1847
1870
1936
1942
1943
1947
1955
1965
1978
2001
2094
2116
2123
2129
2087
2069
2056
2041
2056
2069
2078
2079
2076
2044
2036
2024
2015
2007
2003
2003
2006
2028
2027
2021
2014
1957
1971
1986
2008
2023
2073
2073
2072
2067
2059
2047
2037
2030
2031
2050
2055
2057
2048
2046
2046
2047
2044
2041
2037
2029
2030
2029
2020
2017
2009
1990
1989
1990
1991
1988
1979
1971
1969
1978
1973
1972
1965
1959
1945
1936
1925
1908
1867
1864
1871
1874
1877
1873
1869
1877
1881
1864
1846
1818
1779
1738
1699
1660
1618
1503
1493
1492
1494
1549
1566
1583
1597
1608
1631
1638
1644
1665
1691
1725
1762
1808
2019
2089
2163
2237
2507
2567
2621
2676
2730
2857
2908
2950
2989
3030
3062
3100
3140
3282
3327
3382
3429
3553
3571
3582
3586
3545
3523
3502
3481
3458
3434
3457
3400
3297
3222
3143
3030
2894
2449
2342
2282
2216
1886
1813
1734
1646
1562
1262
1148
1043
958
872
795
722
668
467
437
387
331
202
204
210
213
209
252
259
265
291
319
328
342
379
601
685
776
866
1208
1290
1362
1435
1507
1730
1817
1906
1997
2076
2141
2203
2265
2513
2579
2638
2695
2834
2835
2833
2823
2769
2759
2750
2742
2739
2661
2624
2591
2567
2539
2499
2466
2441
2329
2315
2300
2290
2188
2152
2117
2088
2064
2007
1990
1972
1955
1932
1907
1875
1840
1717
1708
1698
1691
1650
1648
1655
1654
1657
1670
1670
1670
1686
1701
1707
1712
1724
1780
1805
1830
1856
1980
2010
2040
2069
2095
2188
2218
2254
2293
2323
2346
2377
2398
2458
2472
2485
2499
2563
2581
2587
2595
2604
2634
2646
2658
2670
2682
2694
2701
2705
2676
2664
2650
2643
2626
2617
2610
2600
2551
2532
2523
2520
2516
2466
2437
2409
2387
2350
2314
2280
2257
2163
2142
2124
2092
1920
1888
1857
1827
1800
1731
1710
1689
1662
1627
1586
1546
1502
1366
1351
1339
1335
1321
1320
1316
1317
1316
1322
1340
1364
1393
1420
1456
1497
1536
1697
1730
1777
1821
1984
2024
2066
2106
2145
2260
2296
2337
2378
2416
2452
2486
2516
2583
2599
2613
2627
2645
2640
2631
2621
2548
2522
2488
2453
2427
2328
2296
2265
2233
2195
2157
2122
2077
1878
1833
1792
1756
1622
1586
1548
1505
1460
1350
1318
1297
1267
1246
1227
1207
1194
1189
1184
1183
1188
1229
1248
1275
1300
1325
1414
1454
1494
1535
1578
1619
1663
1708
1908
1958
2005
2057
2233
2271
2311
2347
2374
2433
2451
2467
2482
2505
2524
2542
2553
2589
2591
2593
2589
2545
2529
2521
2512
2502
2453
2436
2411
2387
2366
2341
2310
2290
2218
2209
2201
2185
2135
2124
2109
2092
2040
2030
2022
2010
2000
1982
1982
1975
1965
1958
1952
1944
1937
1911
1913
1918
1917
1905
1904
1894
1888
1892
1894
1898
1904
1913
1919
1915
1911
1918
1933
1933
1934
1931
1935
1932
1929
1934
1933
1932
1932
1930
1932
1930
1924
1931
1938
1942
1942
1947
1950
1962
1972
1983
1989
1998
2016
2023
2034
2042
2045
2058
2067
2077
2098
2108
2126
2139
2189
2196
2202
2211
2223
2251
2255
2262
2274
2277
2284
2282
2284
2256
2253
2254
2254
2238
2233
2228
2214
2206
2173
2157
2145
2130
2108
2090
2076
2060
1994
1981
1969
1955
1901
1889
1872
1867
1864
1864
1868
1868
1866
1870
1876
1876
1880
1881
1886
1894
1910
1924
1931
1943
1949
1962
1970
1973
1984
1995
2010
2017
2016
2021
2027
2036
2049
2061
2078
2076
2076
2076
2076
2075
2076
2078
2082
2082
2076
2073
2074
2076
2068
2063
2056
2019
2018
2015
2015
1977
1968
1959
1951
1947
1935
1926
1919
1912
1906
1899
1893
1896
1889
1893
1894
1893
1896
1897
1900
1908
1938
1947
1966
1978
1991
2014
2018
2023
2033
2050
2059
2071
2079
2109
2111
2110
2114
2117
2120
2123
2126
2126
2112
2103
2093
2085
2073
2071
2061
2052
2025
2014
2007
2002
1980
1968
1958
1953
1950
1950
1943
1937
1936
1941
1943
1947
1948
1954
1955
1963
1969
2007
2016
2023
2029
2049
2050
2059
2067
2074
2092
2097
2107
2111
2116
2121
2125
2127
2130
2132
2133
2138
2141
2144
2145
2146
2143
2137
2131
2129
2128
2120
2110
2105
2104
2086
2085
2084
2078
2051
2042
2034
2033
2030
2006
2003
1996
1986
1978
1976
1978
1976
1977
1963
1954
1954
1950
1956
1964
1966
1968
1975
1981
1987
1993
1998
1995
1997
2004
2039
2048
2055
2054
2068
2075
2084
2091
2093
2098
2101
2106
2103
2090
2085
2079
2069
2062
2061
2059
2052
2025
2019
2019
2014
1980
1976
1970
1964
1957
1942
1938
1933
1926
1925
1923
1924
1922
1911
1904
1906
1902
1924
1920
1923
1929
1933
1940
1943
1937
1929
1933
1937
1934
1935
1958
1967
1976
1985
1999
2006
2011
2018
2019
2020
2025
2034
2041
2045
2048
2056
2054
2057
2057
2064
2063
2071
2080
2078
2079
2082
2074
2078
2071
2075
2077
2080
2075
2073
2062
2063
2064
2067
2046
2042
2046
2044
2044
2041
2041
2041
2044
2040
2035
2029
2030
2036
2043
2043
2047
2060
2063
2072
2083
2108
2113
2126
2135
2139
2143
2142
2140
2138
2135
2131
2130
2123
2094
2088
2087
2088
2072
2065
2064
2064
2061
2040
2024
2010
2000
1989
1983
1983
1977
1965
1966
1970
1972
1974
1973
1977
1987
2008
2004
2006
2004
2003
1997
1995
1993
1995
1999
2001
2008
2006
1977
1971
1970
1971
1966
1971
1973
1973
1976
1981
1979
1978
1981
1982
1981
1986
1994
2016
2030
2041
2044
2061
2067
2071
2074
2074
2085
2085
2082
2085
2087
2082
2077
2082
2079
2076
2073
2065
2038
2033
2025
2020
2012
1985
1977
1973
1969
1960
1958
1954
1955
1930
1930
1927
1926
1923
1927
1930
1935
1939
1941
1942
1947
1954
1975
1987
1990
1989
1991
1996
2008
2017
2037
2042
2048
2051
2062
2070
2078
2086
2096
2092
2090
2086
2090
2087
2081
2076
2073
2062
2058
2052
2054
2123
2191
2160
1992
1796
1630
1676
1774
1891
1974
2051
2124
2174
2284
2320
2283
2223
1997
1975
1980
1985
2186
2232
2263
2281
2274
2192
2156
2135
2138
2147
2148
2154
2157
2207
2205
2178
2124
1921
1914
1944
1989
2026
2072
2075
2066
2047
2014
1967
1915
1872
1853
1871
1896
1920
1946
1941
1925
1911
1892
1925
1957
1985
1998
1992
1965
1917
1860
1848
1886
1927
1963
2048
2064
2065
2048
2019
1972
1987
2009
2034
2053
2067
2066
2064
2012
2013
2009
1998
1989
1993
2007
2025
2048
2152
2146
2123
2090
2058
2022
2000
1995
2004
2060
2077
2088
2090
2089
2086
2092
2097
2091
2080
2067
2053
2011
1980
1961
1952
1950
2004
2019
2031
2042
2042
2037
2019
1998
1920
1931
1959
1992
2009
1993
1969
1949
1938
1947
1944
1932
1923
1920
1931
1933
1946
1978
1986
2001
2018
2026
2026
2021
2008
1948
1938
1941
1949
1971
2023
2037
2039
2030
2015
2002
1982
1965
1926
1923
1921
1913
1902
1910
1914
1916
1914
1848
1800
1749
1709
1667
1636
1612
1612
1688
1691
1694
1692
1634
1626
1625
1620
1617
1657
1677
1709
1739
1764
1787
1810
1828
1943
1987
2035
2089
2346
2424
2495
2549
2723
2762
2815
2875
2936
3109
3169
3231
3303
3373
3444
3511
3577
3743
3765
3780
3794
3834
3843
3843
3834
3821
3737
3692
3642
3590
3539
3499
3445
3325
2704
2554
2425
2315
1931
1848
1739
1634
1544
1293
1228
1158
1071
982
901
833
756
442
386
335
301
247
231
211
208
215
235
246
262
275
306
347
395
436
596
642
694
745
970
1032
1092
1150
1355
1397
1443
1497
1548
1668
1701
1724
1749
1780
1819
1850
1882
1987
2008
2033
2066
2104
2095
2079
2068
2067
2080
2095
2108
2114
2120
2133
2148
2152
2171
2172
2187
2207
2305
2327
2338
2341
2335
2304
2301
2294
2289
2292
2314
2328
2341
2362
2356
2351
2345
2333
2333
2327
2329
2315
2325
2342
2347
2352
2371
2369
2368
2372
2373
2364
2363
2354
2312
2301
2289
2274
2213
2192
2175
2155
2131
2095
2094
2103
2111
2117
2119
2128
2137
2168
2180
2192
2208
2285
2324
2355
2382
2403
2485
2512
2532
2554
2580
2599
2621
2631
2698
2710
2725
2733
2795
2798
2807
2807
2732
2707
2678
2651
2647
2628
2604
2574
2519
2457
2396
2341
2305
2189
2134
2075
2005
1829
1800
1765
1715
1667
1566
1564
1571
1561
1534
1494
1446
1409
1406
1426
1436
1437
1478
1495
1523
1562
1594
1665
1699
1741
1789
1837
1882
1919
1954
2042
2061
2092
2134
2216
2228
2231
2232
2235
2301
2298
2294
2285
2275
2258
2230
2203
2151
2141
2128
2116
1983
1946
1925
1916
1848
1817
1774
1722
1691
1657
1643
1619
1588
1554
1518
1478
1451
1401
1385
1374
1369
1358
1355
1361
1369
1377
1406
1409
1414
1424
1443
1474
1503
1535
1650
1681
1707
1727
1777
1796
1813
1846
1870
1938
1955
1979
1999
2014
2016
2029
2039
2097
2107
2116
2129
2156
2154
2150
2146
2140
2143
2142
2142
2139
2125
2130
2138
2156
2173
2177
2183
2181
2186
2190
2200
2223
2259
2267
2272
2276
2284
2324
2337
2344
2344
2340
2336
2339
2335
2350
2353
2358
2360
2351
2357
2360
2365
2368
2360
2357
2355
2353
2340
2323
2308
2290
2229
2221
2211
2202
2155
2137
2126
2115
2086
2080
2062
2054
2040
1991
1980
1966
1948
1930
1917
1905
1901
1855
1845
1826
1810
1769
1773
1777
1791
1799
1819
1817
1813
1819
1838
1850
1857
1869
1937
1948
1951
1959
2006
2015
2028
2037
2058
2079
2084
2096
2103
2113
2126
2143
2155
2186
2193
2201
2207
2199
2200
2207
2214
2217
2209
2203
2190
2179
2170
2163
2162
2159
2122
2112
2099
2094
2054
2047
2039
2046
2034
2029
2017
2011
2007
1992
1983
1977
1979
1977
1978
1976
1973
1957
1955
1953
1953
1962
1964
1979
1985
1989
1987
1991
1993
1999
2001
2001
1999
1998
1977
1975
1969
1971
1980
1978
1971
1971
1975
1967
1967
1965
1962
1964
1958
1957
1957
1958
1958
1953
1947
1930
1925
1916
1914
1899
1898
1891
1881
1883
1881
1874
1871
1877
1882
1880
1882
1889
1924
1935
1939
1946
1981
1994
2005
2012
2018
2032
2036
2046
2056
2058
2066
2067
2066
2072
2076
2080
2082
2083
2083
2086
2081
2079
2061
2055
2048
2046
2040
2030
2029
2026
1989
1982
1972
1970
1965
1970
1978
1978
1986
2000
1999
1997
1998
1998
2000
1999
1999
2004
2013
2022
2031
2049
2054
2060
2066
2079
2083
2091
2102
2106
2105
2106
2107
2114
2118
2123
2128
2131
2129
2134
2139
2146
2148
2154
2153
2147
2138
2128
2122
2120
2116
2112
2102
2098
2090
2064
2055
2055
2051
2026
2021
2021
2021
2021
2010
2011
2006
2005
2004
1998
1995
1991
1980
1973
1971
1971
1971
1979
1983
1987
1990
1991
1995
1998
2005
2003
2002
2007
2017
2050
2055
2064
2078
2095
2099
2106
2113
2117
2127
2124
2127
2131
2129
2123
2124
2125
2116
2109
2105
2106
2086
2093
2090
2085
2061
2055
2046
2032
2024
2012
2000
1991
1984
1975
1965
1957
1952
1921
1917
1913
1908
1911
1905
1909
1912
1907
1895
1901
1903
1913
1913
1915
1919
1917
1917
1926
1935
1938
1956
1958
1959
1966
1968
1980
1980
1978
1986
1990
1989
1986
1987
2002
2006
2007
2006
1993
1995
2002
2010
2013
2006
2002
2000
2003
2005
2004
2004
2008
2018
2022
2027
2030
2040
2043
2048
2052
2055
2070
2074
2075
2074
2075
2081
2089
2095
2104
2104
2107
2108
2121
2123
2127
2127
2126
2124
2128
2125
2121
2112
2109
2099
2087
2083
2080
2078
2068
2045
2042
2043
2040
2018
2016
2008
2002
2001
1988
1986
1983
1975
1976
1975
1984
1985
1982
1981
1984
1990
1998
1988
1986
1987
1992
1997
2001
2004
2009
2012
2014
2012
2005
1999
2002
2005
2013
2011
2013
2017
2022
2037
2044
2049
2049
2048
2044
2050
2049
2049
2050
2049
2051
2049
2052
2050
2052
2050
2046
2042
2041
2037
2036
2020
2026
2018
2016
2012
2008
2003
2006
2002
2003
1999
1997
2001
2002
1999
1999
1994
1976
1977
1981
1992
1993
1994
1993
1991
1981
1974
1972
1978
1984
1991
1994
1998
2007
2018
2019
2018
2021
2025
2027
2028
2028
2019
2016
2015
2016
1992
1991
1988
1986
1996
1999
2006
2017
2024
2036
2044
2052
2063
2067
2075
2090
2096
2123
2125
2126
2135
2120
2117
2108
2098
2089
2063
2055
2050
2046
2036
2038
2036
2034
2034
2036
2044
2042
2062
2065
2077
2083
2085
2094
2096
2097
2094
2096
2098
2098
2099
2082
2074
2070
2066
2040
2033
2029
2024
2018
2009
2001
1997
1998
1995
1986
1983
1979
1965
1961
1963
1965
1947
1947
1948
1949
1953
1953
1954
1952
1949
1957
1960
1960
1970
1985
1993
1998
2005
2033
2030
2036
2051
2042
2048
2051
2049
2040
2025
2015
1988
1943
1903
1878
1871
1870
1903
1914
1927
1949
1987
1996
2006
2020
2042
2081
2087
2092
2095
2096
2103
2106
2107
2098
2092
2087
2090
2085
2080
2068
2065
2072
2052
2054
2049
2048
2041
2037
2039
2031
2029
2027
2026
2026
2011
2008
2003
2000
2000
2005
2007
2013
2025
2025
2029
2027
2022
2003
2006
2018
2027
2048
2049
2042
2035
2022
2023
2024
2033
2037
2055
2059
2069
2078
2083
2085
2086
2087
2098
2113
2121
2129
2122
2111
2099
2091
2087
2064
2065
2055
2039
2023
2006
1990
1983
1961
1949
1949
1956
1960
1966
1975
1980
1994
1999
2003
2010
2012
2011
2006
2004
2011
1988
1972
1956
1947
1906
1895
1887
1870
1850
1815
1803
1782
1766
1760
1749
1739
1732
1698
1700
1690
1668
1504
1461
1423
1393
1328
1325
1325
1334
1352
1395
1411
1428
1430
1428
1439
1452
1460
1480
1488
1502
1530
1671
1724
1771
1823
1884
2062
2125
2194
2263
2337
2413
2491
2563
2856
2933
3005
3086
3414
3496
3587
3668
3751
3959
4018
4077
4090
4091
4090
4089
4090
4088
4091
4092
4091
4091
4089
4089
4088
4090
4090
4074
3999
3847
3684
3560
3430
3277
2693
2562
2435
2323
1797
1672
1523
1388
940
825
711
596
476
167
132
123
120
114
108
107
107
100
101
98
98
99
102
102
103
104
106
110
113
120
143
155
176
206
258
324
408
492
571
833
923
1018
1117
1216
1316
1406
1490
1578
1795
1852
1899
1955
2006
2058
2116
2166
2327
2352
2363
2379
2392
2390
2385
2383
2378
2343
2321
2296
2286
2281
2284
2283
2277
2204
2184
2162
2139
2023
1985
1949
1914
1777
1757
1735
1706
1684
1598
1584
1573
1572
1580
1592
1594
1609
1694
1715
1753
1798
1955
1995
2030
2063
2099
2192
2228
2254
2281
2308
2334
2367
2396
2453
2476
2504
2533
2599
2618
2642
2660
2674
2724
2746
2773
2796
2825
2846
2863
2881
2943
2957
2962
2966
3005
3018
3033
3043
3055
3076
3073
3072
3071
3070
3069
3067
3065
3021
3006
2990
2969
2895
2877
2863
2848
2742
2706
2672
2642
2607
2509
2468
2425
2384
2342
2299
2254
2211
1989
1937
1885
1827
1597
1543
1488
1435
1384
1224
1178
1130
1087
1052
1028
1009
992
931
916
911
919
987
1022
1056
1094
1133
1278
1326
1382
1435
1485
1529
1577
1634
1855
1917
1976
2037
2214
2241
2267
2288
2314
2352
2351
2351
2349
2354
2354
2355
2349
2338
2337
2332
2322
2233
2211
2192
2161
2032
1996
1960
1921
1886
1747
1704
1667
1633
1598
1560
1526
1495
1379
1351
1325
1304
1237
1232
1230
1223
1212
1210
1217
1225
1239
1249
1262
1276
1302
1434
1468
1505
1548
1700
1750
1791
1838
1887
2004
2043
2083
2129
2171
2200
2234
2263
2373
2392
2419
2445
2502
2514
2523
2532
2544
2563
2569
2573
2577
2579
2585
2588
2584
2563
2554
2539
2528
2478
2465
2441
2424
2346
2321
2291
2262
2257
2189
2167
2148
2131
2118
2108
2096
2087
2064
2072
2065
2064
2067
2068
2075
2077
2083
2115
2123
2131
2126
2123
2128
2130
2126
2114
2109
2105
2105
2068
2069
2064
2056
2045
2015
2002
1976
1956
1930
1910
1898
1883
1798
1781
1759
1739
1716
1715
1713
1704
1698
1685
1686
1678
1672
1680
1688
1691
1695
1721
1729
1746
1759
1801
1812
1823
1847
1927
1949
1974
1993
2019
2099
2144
2177
2196
2226
2256
2282
2296
2359
2365
2381
2397
2403
2408
2404
2386
2365
2356
2339
2316
2303
2293
2282
2271
2266
2227
2215
2202
2204
2202
2206
2204
2196
2187
2164
2142
2137
2137
2120
2097
2088
2090
2030
2012
1998
1997
1951
1932
1920
1911
1882
1876
1883
1884
1877
1877
1880
1891
1899
1901
1903
1904
1907
1937
1947
1954
1969
1975
1985
1993
2004
2015
2053
2058
2064
2071
2073
2075
2082
2084
2066
2069
2071
2066
2021
2015
2013
1998
1989
1963
1947
1931
1922
1915
1901
1893
1887
1884
1888
1893
1893
1916
1922
1934
1939
1939
1936
1939
1936
1936
1941
1943
1943
1947
1949
1945
1953
1967
1971
1979
1980
1992
2004
2006
2014
2030
2040
2040
2039
2044
2054
2029
2036
2032
2030
2001
2010
2006
1994
1973
1974
1974
1974
1966
1921
1928
1918
1906
1906
1899
1887
1881
1876
1879
1890
1898
1917
1929
1928
1916
1919
1970
1979
1989
2008
2018
2033
2048
2064
2108
2132
2133
2139
2162
2163
2186
2203
2213
2231
2230
2208
2194
2204
2207
2203
2195
2193
2192
2202
2201
2176
2157
2150
2152
2130
2118
2113
2115
2111
2080
2073
2074
2063
2052
2051
2047
2037
2013
2003
2007
2013
2018
1997
1993
1987
1985
1990
1995
1997
2006
1993
1991
1988
1987
1997
2007
2016
2020
2024
2016
2019
2026
2029
2027
2025
2029
2034
2041
2039
2036
2037
2040
2046
2046
2054
2061
2069
2077
2074
2070
2079
2069
2077
2083
2085
2079
2080
2077
2078
2076
2073
2072
2073
2066
2064
2055
2052
2029
2016
2006
1996
1991
1969
1958
1953
1941
1932
1923
1918
1914
1889
1886
1879
1886
1878
1881
1884
1879
1890
1897
1907
1907
1902
1917
1918
1925
1930
1934
1934
1933
1940
1956
1953
1960
1959
1956
1964
1970
1981
1983
1984
1988
1989
1995
2001
2004
2007
2014
2017
2022
2023
2027
2018
2020
2032
2037
2040
2048
2047
2048
2049
2055
2056
2059
2066
2089
2089
2085
2089
2096
2098
2102
2112
2116
2143
2149
2156
2167
2180
2188
2187
2194
2233
2230
2224
2222
2202
2193
2182
2173
2118
2105
2096
2084
2067
2012
1997
1985
1974
1964
1957
1949
1939
1950
1959
1963
1968
1990
2001
2011
2015
2021
2044
2043
2044
2043
2040
2038
2040
2039
2008
2003
1995
1992
1961
1952
1954
1946
1942
1934
1937
1937
1939
1941
1948
1946
1951
1978
1982
1990
1994
2011
2015
2023
2026
2045
2052
2056
2058
2070
2082
2077
2079
2085
2085
2084
2081
2074
2076
2073
2067
2061
2040
2035
2027
2018
2006
1978
1969
1966
1960
1951
1947
1939
1936
1908
1907
1910
1907
1922
1918
1924
1924
1919
1930
1926
1928
1935
1953
1962
1962
1965
1975
1979
1986
1988
2010
2010
2016
2026
2026
2028
2034
2038
2036
2046
2052
2054
2055
2062
2066
2072
2078
2095
2101
2110
2112
2119
2123
2128
2136
2137
2133
2136
2135
2133
2136
2135
2133
2122
2116
2113
2109
2111
2095
2089
2090
2084
2084
2096
2093
2094
2112
2125
2073
1938
1760
1451
1522
1645
1794
2401
2476
2516
2513
2463
2313
2262
2222
2216
2228
2242
2261
2289
2201
2115
2043
1987
1960
2008
2056
2085
2019
1977
1929
1882
1838
1802
1821
1846
1887
1937
1980
2010
2030
1945
1918
1886
1862
1896
1924
1955
1964
1952
1863
1829
1796
1771
1761
1756
1758
1790
2057
2102
2124
2122
1990
1958
1933
1914
1905
1889
1871
1857
1856
1871
1907
1962
2019
2179
2176
2158
2128
1886
1851
1829
1831
1856
1977
1998
2001
1990
1962
1933
1912
1896
2012
2078
2143
2200
2194
2163
2136
2120
2272
2317
2353
2377
2381
2293
2244
2191
2147
2115
2087
2062
2042
1949
1921
1897
1877
1887
1889
1906
1911
1909
1904
1894
1888
1901
1917
1931
1949
1982
2024
2018
2002
1989
1980
2013
2055
2089
2123
2180
2174
2164
2152
2129
2108
2094
2085
2045
2040
2035
2035
1944
1917
1894
1876
1859
1860
1863
1865
1880
1886
1886
1882
1876
1765
1740
1713
1699
1654
1642
1626
1619
1585
1591
1614
1636
1658
1715
1729
1736
1732
1734
1733
1734
1739
1820
1834
1841
1837
1849
1871
1914
1961
2012
2167
2214
2254
2299
2335
2355
2375
2404
2555
2619
2685
2745
2991
3045
3102
3160
3210
3334
3368
3394
3422
3442
3452
3467
3486
3529
3548
3563
3574
3467
3366
3258
3145
2873
2853
2842
2818
2793
2705
2653
2599
2531
2459
2393
2327
2267
2122
2092
2042
1978
1625
1562
1492
1422
1366
1211
1155
1105
1049
993
922
842
753
514
499
489
477
507
502
504
519
523
557
586
645
684
739
817
856
888
1002
1038
1024
1050
1187
1211
1235
1304
1355
1469
1488
1504
1555
1584
1591
1626
1655
1710
1718
1757
1772
1885
1927
1980
2007
2055
2045
2050
2024
1985
1937
1922
1922
1926
1935
1927
1904
1892
1819
1817
1810
1810
1823
1818
1811
1807
1800
1772
1767
1775
1798
1811
1832
1860
1886
1969
1981
1988
2008
2064
2087
2114
2135
2162
2235
2259
2285
2313
2333
2372
2410
2438
2538
2553
2567
2583
2668
2691
2722
2756
2792
2894
2922
2953
2970
2998
3023
3050
3080
3179
3189
3193
3201
3168
3153
3150
3136
3125
3082
3073
3068
3051
3029
3003
2978
2952
2849
2821
2801
2779
2699
2678
2662
2637
2518
2498
2475
2446
2412
2325
2289
2260
2236
2211
2186
2158
2132
2046
2029
2012
1998
1919
1896
1878
1861
1845
1763
1734
1699
1664
1633
1607
1573
1550
1508
1501
1501
1499
1463
1454
1443
1442
1447
1480
1500
1517
1529
1552
1574
1591
1609
1663
1669
1673
1681
1695
1702
1704
1707
1701
1706
1717
1732
1746
1755
1760
1755
1751
1741
1734
1732
1727
1675
1667
1651
1634
1586
1581
1581
1573
1565
1518
1504
1488
1474
1463
1454
1448
1442
1438
1443
1461
1479
1521
1529
1534
1539
1550
1592
1607
1623
1638
1653
1672
1691
1705
1773
1792
1814
1845
1950
1984
2016
2041
2065
2124
2145
2175
2198
2220
2242
2259
2280
2360
2376
2392
2407
2468
2473
2479
2486
2501
2506
2506
2511
2507
2489
2481
2478
2473
2466
2461
2447
2433
2381
2362
2344
2333
2253
2239
2221
2205
2190
2151
2144
2142
2137
2130
2128
2127
2127
2106
2093
2087
2087
2080
2073
2069
2066
2072
2045
2043
2042
2038
2030
2027
2026
2035
2032
2038
2039
2043
2058
2070
2079
2086
2090
2095
2097
2100
2101
2099
2089
2084
2082
2053
2045
2038
2030
1992
1976
1968
1965
1963
1922
1911
1907
1908
1898
1894
1886
1876
1868
1866
1865
1861
1869
1874
1882
1890
1917
1925
1931
1939
1950
1980
1991
1998
2008
2018
2034
2049
2063
2098
2110
2118
2130
2151
2151
2156
2166
2173
2190
2196
2194
2195
2198
2197
2202
2203
2207
2202
2198
2193
2174
2173
2171
2169
2163
2154
2145
2136
2124
2113
2103
2094
2088
2056
2046
2033
2025
2007
2003
2000
1998
1989
1994
1991
1990
1991
1993
1993
1989
1984
1973
1967
1968
1970
1975
1974
1972
1972
1952
1953
1952
1959
1961
1965
1962
1962
1969
1975
1977
1984
1992
1990
1987
1989
1991
1973
1975
1972
1969
1963
1951
1940
1933
1926
1928
1931
1930
1932
1914
1906
1904
1898
1885
1888
1892
1891
1895
1897
1898
1897
1897
1895
1896
1898
1903
1911
1913
1911
1914
1923
1923
1932
1943
1951
1966
1974
1985
1991
1999
2010
2015
2022
2038
2035
2039
2043
2057
2056
2049
2048
2049
2056
2058
2052
2045
2041
2041
2044
2040
2037
2041
2044
2048
2062
2062
2065
2069
2070
2066
2058
2053
2054
2059
2058
2056
2052
2049
2046
2038
2033
2036
2033
2032
2037
2042
2042
2042
2045
2057
2070
2070
2073
2082
2082
2083
2088
2086
2097
2102
2106
2118
2108
2109
2107
2111
2110
2110
2108
2107
2104
2104
2101
2096
2096
2100
2099
2095
2096
2090
2090
2086
2082
2087
2090
2087
2086
2086
2086
2086
2086
2083
2087
2082
2081
2083
2077
2071
2070
2071
2051
2046
2047
2038
2040
2025
2010
1996
1991
1986
1980
1973
1965
1963
1961
1962
1971
1985
1997
2010
2023
2041
2071
2078
2079
2081
2087
2090
2097
2091
2069
2055
2042
2034
1989
1982
1970
1960
1953
1933
1930
1934
1938
1947
1955
1959
1964
1961
1958
1962
1977
1982
1994
1999
1995
1987
2002
2004
2001
1998
1993
1986
1978
1976
1949
1948
1952
1958
1930
1927
1929
1930
1935
1928
1925
1931
1938
1962
1969
1978
1987
1980
1973
1972
1973
1997
1999
1996
1991
1974
1984
1994
2006
2013
2012
2005
2008
2012
2023
2039
2047
2054
2029
2022
2022
2032
2053
2058
2063
2060
2053
2075
2086
2095
2100
2103
2110
2108
2104
2106
2103
2102
2102
2064
2069
2071
2076
2053
2053
2046
2047
2054
2064
2057
2048
2041
2027
2022
2028
2031
2035
2028
2023
2015
2031
2043
2045
2045
2043
2033
2040
2052
2068
2086
2094
2094
2087
2082
2092
2097
2099
2075
2069
2066
2069
2070
2073
2062
2052
2041
2030
2022
2024
2030
2033
2030
2026
2018
2031
2031
2031
2031
2032
2017
2022
2028
2034
2041
2043
2042
2037
2030
2031
2036
2035
1987
1978
1977
1979
1989
1987
1976
1970
1963
1965
1966
1968
1968
1966
1966
1965
1966
1978
1975
1977
1975
1972
1978
1983
1975
1965
1950
1938
1937
1945
1945
1945
1950
1953
1938
1940
1946
1943
1968
1974
1978
1982
1987
1994
1995
2002
2009
2010
2013
2022
2032
2043
2042
2049
2060
2088
2092
2094
2093
2109
2107
2111
2115
2106
2107
2103
2103
2110
2119
2127
2126
2120
2106
2103
2095
2082
2010
2015
2019
2033
2049
2105
2111
2118
2122
2124
2121
2117
2105
2122
2131
2138
2138
2117
2111
2108
2112
2110
2079
2065
2044
2020
1995
1972
1945
1925
1852
1852
1850
1855
1882
1898
1914
1940
1975
2073
2098
2122
2148
2160
2164
2162
2159
2104
2089
2088
2089
2076
2062
2035
2000
1929
1927
1936
1942
1946
1917
1903
1898
1916
1933
1958
1988
2018
2070
2074
2077
2085
2109
2095
2068
2051
2025
1982
1965
1957
1950
1933
1907
1893
1882
1901
1914
1926
1935
1933
1936
1942
1948
1954
1968
1977
1974
1977
1973
1964
1943
1920
1882
1888
1902
1915
1947
1952
1964
1977
2001
2081
2097
2113
2125
2138
2148
2153
2164
2165
2157
2147
2132
2089
2081
2074
2065
2053
2055
2062
2076
2086
2076
2065
2059
2055
2050
2044
2043
2045
2080
2088
2092
2093
2087
2076
2060
2051
2039
2002
2000
1989
1980
1973
1966
1956
1952
1925
1921
1917
1915
1899
1898
1894
1889
1888
1877
1875
1873
1871
1865
1863
1872
1869
1867
1868
1875
1872
1845
1844
1844
1852
1858
1879
1881
1875
1871
1867
1863
1862
1865
1876
1868
1869
1865
1883
1905
1930
1950
2023
2042
2065
2095
2120
2222
2253
2285
2315
2335
2356
2378
2401
2498
2533
2565
2596
2703
2727
2756
2782
2805
2870
2880
2887
2890
2891
2888
2889
2892
2890
2873
2853
2838
2762
2744
2721
2692
2660
2540
2493
2442
2402
2364
2316
2271
2227
2044
2005
1965
1920
1738
1695
1655
1612
1483
1451
1414
1381
1348
1243
1216
1192
1156
1128
1114
1099
1089
1068
1076
1082
1085
1047
1029
1010
995
992
1023
1049
1085
1131
1180
1220
1262
1307
1486
1540
1604
1659
1884
1942
1992
2043
2096
2234
2263
2300
2333
2357
2377
2389
2401
2439
2445
2447
2448
2422
2408
2393
2373
2287
2277
2266
2250
2229
2148
2108
2064
2024
1979
1950
1928
1905
1834
1813
1793
1765
1671
1652
1632
1616
1612
1606
1594
1584
1571
1565
1572
1583
1592
1635
1646
1656
1657
1681
1685
1694
1706
1731
1797
1809
1825
1841
1858
1881
1899
1928
2079
2136
2197
2248
2449
2488
2531
2581
2755
2795
2827
2855
2881
2920
2925
2923
2919
2919
2925
2932
2944
2968
2963
2959
2952
2912
2901
2887
2873
2857
2808
2785
2758
2733
2713
2690
2656
2620
2464
2422
2387
2347
2191
2158
2130
2100
2024
2011
1993
1976
1956
1878
1857
1834
1819
1808
1803
1792
1777
1743
1727
1718
1700
1662
1647
1642
1638
1634
1604
1591
1581
1580
1577
1572
1573
1577
1599
1613
1623
1628
1651
1655
1664
1674
1679
1706
1715
1728
1739
1748
1754
1764
1773
1825
1848
1862
1878
1932
1943
1963
1972
2026
2030
2032
2036
2042
2035
2034
2030
2023
2017
2015
2019
2017
2020
2014
2012
2005
2007
2005
2000
1991
1989
1965
1958
1949
1939
1928
1917
1914
1913
1883
1886
1885
1884
1863
1853
1852
1846
1845
1855
1856
1861
1865
1857
1845
1837
1834
1865
1880
1896
1909
1920
1916
1919
1937
1960
1983
1986
1989
1995
1998
2012
2027
2037
2090
2095
2093
2102
2151
2154
2167
2177
2198
2198
2204
2213
2226
2245
2251
2252
2243
2236
2238
2241
2243
2260
2272
2274
2274
2254
2250
2254
2260
2256
2224
2210
2196
2181
2169
2160
2147
2137
2056
2032
2005
1984
1945
1936
1920
1910
1902
1874
1870
1865
1871
1876
1878
1882
1885
1868
1868
1872
1876
1892
1896
1904
1904
1905
1919
1917
1911
1911
1913
1915
1925
1932
1951
1956
1959
1964
1985
1999
2016
2024
2066
2076
2087
2088
2098
2123
2131
2140
2140
2142
2144
2158
2163
2172
2177
2178
2177
2186
2183
2183
2193
2201
2206
2205
2204
2200
2200
2200
2202
2204
2203
2196
2192
2187
2183
2183
2185
2180
2177
2150
2146
2144
2148
2148
2152
2149
2139
2085
2073
2067
2058
2021
2013
2004
1993
1992
1960
1951
1947
1945
1940
1936
1926
1912
1866
1862
1858
1860
1852
1847
1841
1836
1842
1842
1842
1844
1840
1839
1844
1847
1855
1860
1866
1871
1876
1881
1889
1900
1906
1949
1951
1954
1958
1966
1984
1998
2006
2012
2010
2012
2016
2023
2053
2056
2062
2069
2069
2073
2075
2082
2092
2090
2091
2095
2095
2094
2090
2091
2089
2069
2062
2056
2045
2030
2026
2019
2018
1977
1969
1967
1960
1955
1960
1960
1966
1965
1960
1959
1952
1958
1947
1950
1952
1953
1959
1968
1973
1976
1979
1996
2001
2007
2013
2017
2027
2040
2049
2067
2072
2079
2085
2108
2113
2118
2112
2111
2120
2121
2123
2122
2124
2127
2127
2129
2135
2135
2134
2136
2139
2137
2132
2130
2128
2117
2113
2107
2102
2100
2095
2094
2091
2068
2070
2069
2066
2037
2037
2031
2029
2001
1995
1988
1990
1989
1982
1976
1976
1976
1971
1965
1967
1968
1964
1964
1973
1985
1984
1993
1995
1992
1992
1993
1998
1994
1995
1998
2005
2009
2008
2012
2005
2009
2019
2025
2025
2027
2030
2034
2044
2050
2049
2043
2042
2039
2037
2041
2026
2023
2029
2036
2027
2015
2014
2020
2022
2028
2030
2031
2025
2019
2017
2011
2014
2017
2021
2022
2025
2018
2015
2017
2013
2028
2033
2036
2036
2040
2045
2055
2063
2071
2077
2083
2084
2082
2073
2074
2075
2080
2058
2056
2053
2050
2044
2044
2037
2027
2024
2019
2022
2025
2023
2019
2004
1995
1987
1975
1976
1977
1969
1946
1946
1943
1948
1958
1952
1945
1944
1945
1949
1950
1954
1956
1966
1970
1970
1978
1993
1992
1990
1991
2000
2011
2017
2017
2020
2024
2029
2027
2028
2036
2034
2037
2030
2006
2011
2010
2012
2024
2021
2018
2015
2018
2029
2029
2029
2030
2029
2026
2029
2037
2059
2057
2057
2052
2042
2048
2053
2056
2060
2052
2051
2049
2053
2063
2069
2067
2059
2048
2055
2061
2069
2088
2090
2089
2083
2083
2090
2085
2081
2078
2069
2066
2071
2069
2085
2086
2082
2081
2058
2054
2047
2047
2028
2026
2028
2024
2019
2026
2026
2029
2029
2024
2025
2028
2028
2025
2023
2025
2028
2018
2018
2019
2023
2022
2029
2027
2021
2023
2026
2028
2034
2030
2015
2008
1999
2001
1999
2002
2005
1997
1987
1972
1968
1960
1958
1958
1954
1954
1944
1938
1938
1933
1936
1935
1930
1932
1936
1944
1962
1970
1973
1976
1974
1969
1975
1982
2002
2002
2005
2009
2002
2001
2001
2005
1993
1996
1992
1993
1990
1979
1977
1981
1994
1994
1993
2004
2006
2006
2015
2023
2042
2065
2076
2090
2097
2103
2136
2144
2141
2139
2134
2136
2140
2141
2159
2146
2146
2145
2131
2138
2139
2136
2131
2112
2099
2088
2083
2088
2080
2073
2067
2033
2035
2038
2033
1991
1989
1994
1986
1978
1995
1988
1983
1994
2001
1997
1996
1998
2011
2018
2017
2018
2011
2012
2013
2023
2021
2020
2028
2038
2050
2045
2041
2041
2037
2041
2037
2034
2039
2027
2021
2018
2028
2042
2034
2030
2019
2012
2010
2006
2015
2021
2027
2017
2009
2002
1957
1941
1934
1943
1947
1963
1980
1991
2001
2009
2011
2010
2017
2023
2035
2052
2056
2075
2068
2062
2061
2031
2027
2029
2023
2027
2035
2034
2034
2030
2022
2018
2012
2000
2013
2021
2030
2043
2008
2001
2000
2004
2021
2022
2021
2021
2022
2015
2011
2005
1998
1993
1988
1985
1982
1993
2002
2018
2025
2057
2071
2086
2088
2082
2084
2071
2041
2024
2016
1998
1978
1962
1944
1944
1949
1951
1937
1936
1938
1949
1965
2012
2028
2037
2055
2071
2080
2087
2094
2125
2129
2128
2124
2118
2112
2102
2095
2062
2059
2061
2060
2061
2069
2072
2070
2076
2080
2073
2068
2068
2033
2021
2016
2014
1998
1987
1974
1963
1960
1937
1936
1930
1934
1934
1931
1932
1935
1955
1956
1957
1961
1961
1963
1977
1986
1999
1997
2001
2004
2000
1989
1990
2002
2007
2020
2021
2029
2031
2039
2045
2051
2055
2059
2066
2070
2069
2067
2067
2066
2071
2075
2058
2055
2059
2060
2027
2030
2022
2005
2008
2015
2025
2027
2028
2038
2033
2026
2028
2026
2021
2015
2012
1975
1964
1948
1935
1899
1885
1872
1862
1858
1844
1842
1842
1849
1859
1869
1878
1886
1918
1928
1936
1946
1983
1987
1991
1998
2033
2044
2056
2072
2087
2129
2139
2157
2176
2187
2200
2211
2230
2279
2304
2320
2330
2375
2383
2395
2412
2421
2453
2458
2461
2458
2457
2450
2444
2435
2388
2385
2385
2381
2338
2332
2327
2317
2305
2268
2256
2245
2241
2226
2216
2202
2192
2133
2099
2079
2060
1959
1938
1919
1901
1879
1795
1767
1733
1703
1683
1669
1655
1645
1609
1590
1579
1571
1523
1524
1532
1533
1562
1572
1572
1574
1579
1617
1633
1650
1665
1682
1698
1724
1744
1833
1866
1889
1909
1969
1986
1998
2006
2008
2000
1985
1971