464
544
629
727
829
1195
1318
1440
1562
1675
1779
1879
1980
2258
2342
2422
2502
2584
2660
2735
2802
2853
2952
2963
2976
2993
3003
3008
3014
3011
3000
2980
2957
2927
2893
2757
2705
2654
2602
2556
2507
2466
2419
2237
2205
2171
2154
2147
2146
2157
2174
2188
2207
2213
2228
2249
2268
2293
2315
2334
2362
2354
2341
2320
2187
2148
2113
2072
2033
1918
1888
1853
1816
1766
1718
1679
1642
1592
1586
1581
1574
1580
1585
1587
1596
1601
1584
1569
1551
1540
1532
1523
1510
1502
1505
1484
1473
1457
1437
1417
1402
1392
1390
1401
1419
1436
1464
1609
1658
1710
1763
1821
2009
2069
2132
2196
2252
2302
2358
2414
2569
2625
2678
2737
2794
2848
2897
2939
2979
3056
3071
3081
3088
3083
3067
3050
3031
3005
2901
2857
2798
2735
2668
2599
2533
2467
2195
2130
2070
2013
1777
1715
1650
1597
1435
1405
1380
1361
1334
1278
1261
1250
1243
1233
1231
1229
1224
1242
1253
1265
1287
1389
1424
1457
1494
1534
1669
1715
1756
1796
1830
1872
1911
1946
2066
2087
2106
2117
2147
2155
2161
2170
2263
2301
2335
2367
2400
2515
2547
2580
2611
2642
2671
2698
2727
2787
2792
2795
2791
2730
2705
2681
2642
2498
2460
2422
2382
2343
2221
2178
2138
2063
2024
1978
1937
1892
1740
1689
1645
1604
1557
1507
1465
1417
1300
1263
1238
1219
1208
1203
1208
1223
1248
1339
1374
1431
1481
1539
1595
1651
1703
1920
1967
2010
2058
2099
2210
2241
2265
2285
2298
2309
2322
2332
2324
2324
2322
2317
2305
2290
2276
2260
2250
2200
2182
2168
2160
2157
2154
2155
2155
2157
2167
2183
2191
2207
2228
2248
2258
2269
2280
2295
2301
2317
2350
2355
2359
2364
2326
2309
2286
2266
2251
2191
2160
2133
2102
2076
2051
2031
2009
1918
1895
1881
1864
1815
1812
1806
1804
1793
1790
1793
1795
1804
1815
1814
1814
1814
1812
1811
1803
1798
1766
1756
1744
1731
1714
1708
1711
1705
1707
1712
1720
1728
1741
1748
1760
1768
1780
1826
1838
1846
1855
1908
1916
1936
1950
2016
2044
2063
2089
2116
2180
2195
2220
2237
2254
2266
2278
2294
2337
2347
2350
2350
2352
2350
2345
2341
2335
2333
2330
2324
2313
2283
2274
2261
2257
2250
2239
2223
2211
2198
2157
2141
2132
2116
2107
2099
2085
2068
2011
1995
1987
1978
1972
1946
1943
1939
1938
1940
1941
1938
1935
1913
1910
1907
1898
1881
1873
1865
1856
1836
1833
1829
1829
1828
1837
1835
1836
1840
1845
1852
1861
1871
1920
1941
1960
1976
2039
2058
2073
2091
2110
2151
2159
2170
2181
2196
2203
2205
2212
2225
2222
2216
2210
2178
2162
2144
2124
2071
2048
2027
2006
1987
1945
1929
1918
1916
1910
1902
1901
1897
1914
1922
1932
1943
2003
2017
2035
2049
2070
2098
2109
2115
2119
2127
2142
2146
2148
2144
2135
2129
2123
2099
2094
2081
2074
2044
2039
2033
2025
2014
1977
1963
1957
1949
1939
1930
1925
1918
1888
1890
1890
1886
1892
1901
1901
1913
1917
1940
1946
1953
1958
1967
1978
1987
1995
2020
2017
2025
2028
2049
2056
2057
2060
2071
2070
2067
2068
2072
2090
2094
2100
2105
2107
2109
2114
2123
2142
2143
2148
2155
2151
2154
2157
2157
2163
2153
2151
2143
2140
2135
2125
2116
2111
2081
2070
2062
2053
2017
2000
1986
1980
1941
1928
1916
1903
1890
1867
1863
1857
1853
1854
1846
1843
1841
1849
1849
1857
1867
1902
1908
1912
1925
1939
1977
1989
1999
2007
2013
2016
2020
2029
2055
2066
2075
2095
2100
2092
2086
2083
2143
2148
2149
2129
2111
2062
2064
2073
2084
2101
2109
2106
2090
2035
2031
2039
2052
2092
2095
2095
2088
2089
2086
2083
2069
2051
2013
2002
1993
1983
1975
1962
1951
1943
1937
1940
1942
1937
1943
1948
1957
1971
1978
1984
1980
1975
1973
1968
1972
1976
1985
1997
1994
1985
1981
1974
1993
2010
2027
2030
2033
2032
2040
2055
2100
2118
2129
2130
2129
2125
2117
2113
2110
2107
2106
2103
2048
2035
2026
2018
2016
2017
2011
2013
2019
2040
2044
2055
2061
2068
2076
2090
2107
2144
2142
2135
2125
2101
2101
2106
2102
2098
2084
2075
2068
2058
2059
2066
2066
2063
2045
2041
2034
2029
2000
1986
1974
1962
1918
1907
1898
1900
1899
1884
1878
1879
1889
1893
1902
1909
1915
1951
1967
1983
1991
2012
2021
2029
2038
2040
2054
2055
2053
2050
2047
2040
2034
2033
2010
2002
1996
1989
1971
1969
1972
1975
1984
1986
1992
1996
2000
2014
2022
2025
2031
2041
2056
2062
2065
2069
2079
2087
2083
2077
2075
2072
2070
2066
2068
2069
2068
2064
2057
2054
2053
2047
2037
2038
2029
2028
2026
2019
2013
2011
2002
1997
1997
2000
1999
1999
2005
2009
2009
2009
2004
1997
1992
1986
1984
1989
1999
2006
2003
2001
2004
2012
2014
2013
2016
2026
2039
2036
2030
2031
2035
2035
2028
2024
2023
2029
2040
2040
2025
2021
2027
2039
2041
2040
2033
2043
2048
2044
2039
2040
2038
2062
2057
2057
2062
2091
2097
2099
2102
2100
2101
2105
2113
2121
2122
2108
2099
2099
2092
2081
2080
2076
2060
2060
2049
2046
2017
2008
1999
1990
1987
1994
1992
1988
1984
1978
1975
1975
1971
1985
1989
1992
1991
1968
1964
1965
1967
1979
1981
1977
1973
1973
1971
1972
1978
1988
1992
1997
2004
2005
1997
2002
2007
2007
2020
2018
2021
2025
2023
2020
2021
2027
2036
2051
2051
2061
2075
2077
2083
2076
2067
2066
2073
2074
2072
2048
2040
2031
2021
2014
2018
2018
2013
2000
1985
1977
1972
1970
1939
1937
1943
1949
1970
1973
1978
1980
1977
1970
1975
1993
2018
2041
2052
2061
2057
2041
2036
2037
2040
2073
2076
2079
2083
2061
2057
2061
2063
2068
2084
2085
2088
2090
2086
2080
2076
2071
2044
2035
2025
2023
1995
1970
1948
1938
1946
1952
1950
1954
1957
1949
1955
1961
1959
1969
1979
1989
1998
2025
2035
2050
2054
2051
2053
2063
2064
2079
2092
2095
2094
2096
2097
2090
2087
2088
2095
2108
2107
2108
2092
2089
2087
2078
2074
2084
2094
2090
2084
2079
2071
2063
2061
2047
2050
2054
2053
2047
2043
2050
2054
2047
2027
2018
2022
2034
2048
2054
2056
2054
2042
2022
2017
1999
1986
1978
1973
1975
1984
1975
1958
1947
1935
1934
1939
1956
1962
1976
1975
1978
1981
1980
1972
1984
1996
2016
2024
2018
2004
1992
1996
2016
2020
2008
1988
1973
1968
1971
1973
1979
1986
1989
1989
1985
1981
1990
2012
2030
2045
2060
2057
2055
2051
2054
2071
2073
2066
2063
2055
2053
2052
2052
2557
2421
2048
1840
1616
1712
1686
1656
2096
2005
2031
2134
2055
1944
1955
1890
1849
1860
1934
1956
1963
2020
1996
2067
2130
2102
2128
2208
2332
2443
2257
2173
2132
2054
1944
1875
1801
1719
1813
1884
1950
2018
1978
1977
1951
1869
1726
1779
1813
1825
1842
1686
1611
1578
1564
1579
1627
1703
1774
1932
1935
1906
1901
1945
2011
2105
2224
2364
2701
2760
2805
2864
2939
3018
3109
3214
3507
3563
3604
3642
3716
3649
3569
3454
3224
3213
3184
3131
3056
2667
2512
2337
2167
2017
1880
1741
1609
1096
973
847
694
211
173
154
152
156
155
149
136
131
134
142
149
163
353
434
519
604
870
961
1060
1171
1629
1736
1852
1941
2006
2166
2225
2298
2402
2520
2630
2734
2824
3067
3132
3223
3303
3344
3304
3282
3283
3299
3224
3172
3124
3084
3051
3033
3024
3014
2954
2948
2936
2931
2853
2790
2718
2633
2384
2375
2392
2407
2385
2266
2208
2133
2047
1970
1913
1886
1893
1858
1776
1683
1593
1243
1203
1169
1149
1130
1074
1066
1066
1082
1101
1131
1170
1202
1270
1286
1317
1356
1603
1678
1724
1739
1626
1590
1555
1531
1526
1545
1558
1578
1602
1612
1627
1642
1652
1757
1775
1789
1801
1880
1896
1923
1958
2007
2206
2259
2308
2354
2404
2463
2530
2605
2856
2948
3032
3092
3125
3144
3148
3131
3113
3138
3167
3200
3229
3237
3233
3221
3193
3148
2949
2876
2811
2747
2674
2597
2522
2451
2144
2042
1948
1856
1521
1445
1380
1323
1086
1022
961
899
855
787
788
793
792
790
804
828
849
957
981
1012
1046
1224
1280
1331
1380
1431
1569
1622
1689
1763
1843
1922
2002
2086
2379
2423
2458
2492
2622
2665
2712
2761
2850
2852
2864
2885
2929
3032
3049
3058
3071
3074
3076
3082
3084
3022
2992
2950
2912
2791
2767
2741
2712
2677
2566
2527
2479
2425
2367
2294
2212
2120
1756
1678
1608
1544
1309
1256
1215
1178
1110
1113
1126
1146
1165
1200
1216
1236
1254
1272
1292
1310
1336
1473
1531
1592
1646
1865
1921
1986
2045
2233
2272
2315
2355
2387
2445
2456
2463
2473
2477
2473
2466
2457
2392
2384
2387
2388
2382
2368
2351
2333
2316
2283
2271
2253
2239
2228
2207
2190
2177
2116
2108
2104
2101
2083
2074
2063
2049
2047
2037
2027
2009
1988
1965
1942
1920
1898
1808
1772
1746
1724
1714
1712
1714
1725
1739
1776
1780
1796
1814
1830
1851
1866
1869
1875
1876
1883
1891
1893
1895
1888
1882
1879
1856
1842
1842
1846
1830
1820
1810
1804
1760
1756
1750
1755
1755
1771
1772
1771
1779
1786
1794
1799
1809
1844
1849
1859
1873
1919
1932
1950
1964
1980
2055
2078
2098
2123
2147
2169
2195
2226
2341
2377
2407
2444
2564
2591
2610
2622
2625
2622
2614
2603
2589
2571
2542
2513
2481
2404
2374
2351
2322
2290
2256
2223
2179
2130
1991
1955
1927
1900
1878
1859
1840
1821
1807
1766
1759
1749
1740
1732
1728
1725
1736
1765
1770
1778
1780
1810
1816
1828
1838
1876
1875
1878
1886
1894
1908
1909
1903
1897
1896
1888
1880
1880
1880
1881
1891
1901
1982
2002
2027
2043
2066
2147
2170
2186
2192
2203
2213
2220
2234
2237
2239
2245
2243
2249
2261
2269
2270
2256
2241
2220
2200
2184
2115
2091
2067
2047
2026
1997
1975
1962
1933
1933
1933
1935
1942
1945
1943
1949
1949
1950
1965
1973
1985
1996
2005
2015
2030
2089
2102
2117
2134
2169
2175
2175
2174
2147
2139
2125
2105
2077
2014
1994
1969
1947
1933
1921
1912
1898
1873
1873
1877
1877
1862
1859
1851
1841
1832
1801
1800
1794
1797
1798
1800
1805
1809
1852
1867
1889
1911
1985
1994
1999
2013
2066
2086
2104
2119
2139
2169
2176
2183
2190
2203
2215
2224
2232
2250
2252
2248
2244
2219
2209
2203
2196
2191
2178
2177
2183
2185
2190
2191
2189
2181
2139
2124
2123
2117
2071
2054
2039
2025
1926
1898
1875
1863
1863
1856
1855
1849
1851
1848
1843
1837
1836
1836
1837
1840
1840
1846
1853
1861
1872
1881
1895
1905
1911
1915
1928
1933
1937
1941
1980
1995
2011
2020
2037
2050
2069
2079
2093
2101
2107
2113
2120
2143
2151
2151
2152
2148
2140
2129
2114
2078
2074
2071
2074
2072
2071
2071
2072
2070
2058
2056
2055
2056
2059
2062
2059
2056
2029
2021
2016
2014
1986
1974
1973
1971
1966
1970
1971
1965
1953
1931
1929
1925
1926
1928
1934
1940
1947
1990
1996
2001
2010
2029
2031
2027
2024
2028
2030
2028
2032
2047
2055
2063
2068
2072
2071
2072
2078
2085
2116
2116
2117
2116
2097
2093
2091
2084
2076
2056
2054
2052
2050
2047
2050
2057
2067
2086
2085
2088
2085
2110
2116
2118
2118
2127
2109
2097
2095
2095
2095
2094
2095
2093
2072
2068
2061
2048
2024
2015
2011
2006
1939
1921
1902
1891
1888
1870
1863
1858
1852
1856
1859
1856
1854
1858
1869
1873
1881
1909
1916
1924
1929
1941
1989
2003
2011
2025
2036
2051
2067
2078
2104
2115
2124
2127
2112
2114
2107
2102
2084
2073
2075
2071
2063
2060
2054
2056
2061
2041
2039
2045
2049
2053
2055
2058
2055
2050
2040
2039
2042
2043
2045
2047
2048
2045
2042
2034
2039
2033
2028
2035
2039
2033
2031
2026
2023
2022
2018
1996
1992
1994
1998
1996
1988
1981
1981
1978
1976
1974
1964
1962
1965
1962
1963
1973
1974
1971
1976
1975
1978
1985
1984
1990
1995
1998
2002
2007
2014
2016
2037
2043
2054
2066
2069
2072
2073
2078
2089
2088
2098
2102
2107
2104
2104
2108
2109
2106
2101
2099
2098
2083
2078
2070
2065
2062
2051
2044
2043
2045
2037
2033
2029
2026
2025
2018
2016
2023
2042
2042
2045
2051
2053
2056
2055
2056
2060
2056
2057
2065
2070
2060
2043
2036
2037
2049
2057
2060
2069
2015
1990
1973
1974
1986
1984
1988
1987
1979
1974
1967
1958
1944
1932
1932
1929
1931
1926
1930
1928
1922
1916
1912
1923
1931
1942
1954
1963
1969
1970
1959
1966
1967
1971
1991
2000
2002
2002
2006
2012
2008
2013
2014
2018
2020
2020
2014
2026
2030
2044
2050
2050
2051
2053
2064
2086
2081
2078
2073
2076
2090
2091
2083
2085
2087
2087
2083
2074
2061
2049
2054
2056
2061
2064
2060
2053
2047
2025
2023
2021
2022
2019
2014
2011
2011
1999
1996
1997
1997
2016
2025
2031
2038
2025
2021
2021
2026
2028
2036
2050
2051
2055
2057
2060
2063
2066
2056
2060
2059
2057
2055
2057
2059
2067
2068
2066
2052
2036
2022
2013
2005
2010
2015
2034
2034
2035
2048
2073
2081
2081
2077
2078
2057
2057
2056
2049
2049
2054
2062
2069
2093
2091
2094
2087
2091
2096
2106
2113
2095
2079
2062
2048
2047
2039
2038
2030
2035
2043
2047
2049
2049
2036
2027
2025
2024
2025
2026
2026
2025
1994
1995
1997
1997
1999
1977
1966
1962
1957
1948
1934
1923
1918
1891
1842
1804
1783
1788
1795
1804
1823
1835
1874
1895
1915
1914
1910
1914
1914
1911
1915
1930
1945
1959
2051
2069
2081
2084
2113
2123
2130
2140
2150
2171
2172
2165
2155
2143
2127
2112
2102
2093
2101
2100
2100
2053
2034
2011
1987
1975
1972
1971
1972
1975
1972
1958
1940
1916
1809
1781
1760
1734
1703
1693
1686
1673
1620
1620
1624
1629
1643
1642
1643
1646
1650
1654
1651
1661
1679
1805
1847
1888
1927
2053
2095
2144
2197
2255
2451
2526
2608
2684
2752
2823
2892
2954
3236
3310
3377
3439
3619
3645
3670
3681
3679
3659
3626
3590
3550
3376
3300
3217
3123
3025
2925
2826
2720
2247
2116
1977
1837
1290
1159
1040
930
824
502
389
287
200
151
137
133
130
126
129
129
129
141
153
168
189
218
387
469
563
661
771
871
973
1070
1370
1476
1588
1707
1818
1932
2039
2135
2221
2466
2540
2610
2674
2733
2779
2822
2858
2894
2976
2996
3021
3048
3076
3101
3118
3122
3112
3109
3102
3096
3083
3080
3082
3085
3083
3050
3026
2998
2970
2946
2917
2894
2870
2852
2789
2772
2744
2713
2686
2658
2635
2608
2486
2448
2410
2386
2238
2185
2134
2081
2027
1823
1741
1669
1603
1544
1489
1444
1412
1337
1322
1310
1298
1244
1232
1216
1206
1170
1165
1159
1159
1169
1240
1271
1296
1317
1341
1364
1397
1435
1615
1655
1699
1740
1838
1855
1879
1904
1942
2051
2084
2120
2159
2189
2222
2259
2289
2399
2435
2471
2498
2601
2633
2656
2684
2751
2761
2764
2769
2771
2750
2749
2743
2731
2716
2701
2674
2645
2503
2470
2443
2411
2262
2220
2172
2119
1918
1870
1823
1778
1731
1559
1507
1460
1417
1384
1355
1322
1298
1184
1159
1143
1122
1096
1102
1112
1116
1125
1169
1191
1216
1240
1277
1310
1345
1380
1516
1558
1609
1661
1870
1916
1967
2015
2217
2277
2333
2393
2449
2595
2640
2684
2731
2771
2808
2842
2871
2937
2944
2952
2952
2912
2899
2885
2870
2855
2776
2750
2725
2704
2677
2657
2635
2603
2415
2364
2315
2271
2097
2053
2004
1962
1805
1768
1731
1697
1667
1579
1545
1514
1490
1464
1441
1423
1414
1413
1416
1416
1420
1459
1478
1498
1526
1550
1634
1665
1703
1730
1755
1776
1806
1837
1966
1994
2024
2062
2172
2208
2241
2270
2367
2381
2395
2412
2423
2457
2468
2478
2490
2496
2500
2500
2495
2461
2450
2442
2439
2384
2369
2357
2349
2339
2299
2282
2267
2248
2229
2203
2179
2160
2107
2093
2072
2050
1954
1942
1935
1938
1968
1965
1965
1963
1955
1916
1903
1892
1883
1867
1850
1834
1818
1749
1737
1724
1703
1658
1652
1645
1647
1653
1638
1639
1640
1642
1649
1648
1647
1649
1622
1613
1608
1608
1606
1615
1617
1625
1680
1703
1729
1760
1798
1890
1913
1935
1964
1994
2023
2054
2084
2159
2171
2184
2192
2251
2270
2292
2313
2333
2383
2391
2397
2395
2393
2397
2404
2406
2365
2358
2348
2340
2285
2274
2262
2251
2174
2161
2148
2130
2113
2079
2074
2066
2058
2051
2040
2023
2008
1969
1966
1964
1961
1949
1940
1935
1927
1912
1874
1864
1854
1841
1835
1834
1832
1833
1822
1813
1807
1804
1804
1803
1806
1817
1823
1824
1831
1837
1849
1858
1873
1896
1917
1932
1975
1989
1998
2016
2031
2053
2070
2086
2141
2151
2160
2174
2207
2217
2226
2238
2255
2255
2248
2249
2242
2214
2206
2201
2194
2181
2178
2172
2158
2116
2108
2097
2082
2024
2018
2022
2032
2039
2049
2042
2040
2038
2037
2038
2042
2049
2055
2091
2096
2096
2090
2089
2084
2075
2066
2046
2050
2054
2055
2062
2067
2059
2061
2060
2007
1999
1996
1990
1990
1984
1983
1986
1960
1954
1947
1941
1941
1938
1938
1933
1930
1910
1895
1896
1895
1897
1896
1896
1895
1902
1912
1915
1919
1952
1965
1973
1990
2028
2035
2041
2042
2046
2050
2052
2058
2067
2077
2082
2086
2099
2110
2109
2111
2107
2102
2109
2117
2124
2118
2096
2091
2082
2079
2077
2069
2059
2054
2048
2047
2045
2037
2034
2035
2036
2038
2043
2038
2037
2038
2040
2030
2034
2041
2045
2046
2040
2039
2036
2005
1997
1990
1985
1982
1976
1973
1966
1966
1928
1920
1910
1914
1924
1930
1937
1938
1955
1960
1966
1971
1981
1987
1990
2000
2016
2024
2028
2030
2034
2040
2045
2044
2040
2039
2043
2047
2048
2061
2063
2069
2069
2054
2046
2040
2036
2034
2022
2029
2030
2031
2036
2041
2044
2048
2046
2042
2044
2038
2037
2039
2046
2050
2049
2031
2021
2012
2001
1997
1995
1992
1992
1994
1996
1999
2000
1998
1995
1991
1989
1990
1990
1990
1993
1991
1995
1997
2000
2005
2012
2018
2017
2015
2020
2021
2018
2016
2017
2025
2027
2031
2034
2036
2038
2034
2026
1996
1994
1990
1991
1988
1979
1980
1983
1982
1983
1988
1986
1991
2031
2038
2049
2058
2102
2117
2129
2138
2147
2141
2141
2149
2153
2151
2155
2153
2149
2127
2119
2111
2102
2074
2070
2057
2046
2015
2011
2011
2011
2008
1992
1994
1995
1996
2001
2006
2012
2017
2020
2016
2015
2019
2023
2018
2013
2007
2002
1983
1979
1977
1973
1970
1971
1972
1967
1967
1973
1974
1973
1980
1985
1984
1987
2002
2008
2018
2023
2033
2032
2034
2039
2042
2043
2040
2041
2040
2014
2009
2002
1996
1968
1964
1964
1962
1955
1948
1951
1949
1953
1955
1958
1972
1983
2019
2030
2040
2049
2090
2098
2102
2109
2126
2126
2127
2124
2119
2103
2095
2095
2089
2087
2079
2071
2065
2038
2037
2034
2029
2000
1995
1991
1996
1995
2000
2007
2008
2018
2018
2023
2022
2019
2043
2048
2059
2059
2044
2045
2046
2050
2048
2051
2044
2029
2021
2009
2002
2004
1997
1985
1971
1959
1955
1959
1955
1958
1957
1957
1962
1961
1965
1968
1971
1976
1989
1999
2005
2007
2015
2021
2032
2041
2049
2058
2059
2061
2063
2068
2072
2067
2073
2074
2084
2083
2084
2088
2095
2095
2101
2101
2094
2090
2085
2083
2088
2087
2048
2040
2038
2034
2016
2013
2004
2003
2000
1983
1977
1974
1969
1968
1971
1973
1970
1961
1956
1951
1951
1940
1946
1943
1940
1934
1935
1933
1931
1932
1938
1940
1939
1940
1944
1939
1950
1957
1990
1998
2007
2019
2044
2050
2058
2064
2064
2085
2090
2096
2107
2113
2111
2117
2130
2112
2109
2106
2108
2130
2134
2132
2115
2091
2090
2086
2073
2069
2041
2037
2040
2041
2041
2037
2030
2022
2015
2015
2006
2001
1982
1984
1990
1992
1996
2010
2013
2010
2017
2021
2027
2034
2037
2046
2048
2052
2050
2080
2075
2073
2072
2069
2073
2078
2079
2076
2071
2070
2071
2071
2071
2069
2068
2066
2058
2062
2059
2062
2044
2044
2040
2032
2027
2005
2004
2004
2001
1999
1995
1990
1976
1931
1930
1930
1921
1879
1881
1881
1878
1912
1917
1929
1936
1949
1975
1977
1988
2002
2020
2032
2046
2057
2084
2084
2084
2091
2095
2092
2089
2084
2089
2076
2072
2062
2057
2054
2051
2046
2048
2041
2035
2027
2025
2033
2037
2032
2031
2027
2027
2024
2026
2023
1989
1978
1971
1975
1978
1980
1972
1975
1943
1940
1941
1938
1935
1936
1941
1947
1949
1954
1951
1950
1954
1962
1969
1976
1979
1988
1988
2000
2010
2019
2019
2026
2031
2060
2057
2060
2062
2073
2085
2081
2081
2080
2078
2081
2083
2089
2073
2078
2079
2082
2082
2083
2082
2075
2064
2055
2061
2067
2066
2056
2061
2070
2077
2075
2069
2069
2071
2068
2067
2061
2056
2045
2048
2049
2047
2044
2023
2019
2013
2013
2012
2009
2007
2005
2011
2007
1997
2001
2026
2033
2040
2038
2043
2045
2051
2059
2066
2076
2082
2084
2087
2088
2086
2084
2086
2076
2077
2080
2081
2066
2061
2056
2054
2047
2037
2036
2033
2030
2025
2027
2029
2023
2013
2015
2016
2010
1979
1975
1967
1975
1990
1991
1980
1963
1959
1947
1940
1945
1951
1955
1953
1959
1956
1931
1939
1949
1955
1985
1993
2000
2001
2011
2030
2037
2042
2042
2041
2041
2040
2041
2036
2030
2023
2023
2007
1998
1990
1980
1949
1940
1939
1938
1941
1937
1924
1918
1920
1926
1933
1940
1948
1978
1990
2005
2019
1969
1752
1628
1648
1688
1784
1867
1931
1984
2080
2174
2175
2119
2133
2167
2270
2325
2235
2209
2182
2172
2183
2201
2195
2188
2200
2181
2188
2206
2194
2180
2199
2217
2209
2187
2172
2169
2168
2154
2141
2106
2059
2030
1952
1919
1868
1811
1777
1760
1756
1755
1718
1686
1656
1622
1491
1477
1469
1477
1551
1563
1570
1567
1556
1565
1581
1605
1635
1674
1721
1761
1809
1967
2016
2081
2140
2360
2426
2499
2572
2645
2773
2819
2868
2917
2965
3011
3073
3132
3252
3254
3248
3235
3221
3212
3200
3177
3060
3026
2985
2936
2882
2690
2619
2557
2485
2413
2339
2265
2185
1798
1692
1590
1499
1210
1141
1063
987
914
706
658
614
587
561
544
541
536
558
576
591
616
689
727
774
819
1034
1100
1165
1235
1301
1531
1609
1690
1770
1853
1921
1988
2057
2279
2329
2381
2433
2671
2732
2792
2838
2877
2977
3006
3041
3073
3107
3143
3171
3192
3214
3212
3210
3213
3171
3151
3129
3106
3076
3008
2975
2936
2891
2840
2780
2719
2659
2414
2356
2303
2246
1995
1932
1866
1808
1626
1586
1555
1528
1499
1396
1366
1344
1329
1312
1293
1278
1262
1126
1094
1068
1041
941
926
923
924
927
948
956
964
971
991
1011
1037
1070
1224
1263
1304
1340
1484
1528
1576
1622
1827
1882
1932
1984
2033
2161
2207
2248
2286
2328
2375
2418
2459
2601
2621
2644
2667
2742
2750
2758
2768
2770
2776
2775
2784
2798
2806
2802
2796
2795
2739
2726
2704
2685
2573
2545
2523
2498
2342
2297
2256
2210
2173
2019
1968
1926
1887
1851
1814
1769
1733
1592
1562
1528
1500
1409
1394
1387
1381
1384
1392
1402
1413
1424
1439
1460
1478
1496
1570
1598
1625
1655
1792
1832
1872
1912
2070
2105
2149
2200
2255
2406
2458
2497
2532
2568
2606
2640
2665
2788
2822
2849
2875
2929
2938
2939
2935
2902
2887
2866
2852
2837
2766
2741
2709
2671
2640
2602
2565
2526
2379
2341
2309
2271
2095
2053
2011
1965
1919
1807
1772
1739
1714
1691
1662
1631
1596
1496
1487
1478
1470
1441
1430
1423
1423
1433
1445
1456
1466
1476
1521
1533
1541
1549
1562
1577
1595
1617
1736
1763
1794
1821
1910
1932
1960
1981
2005
2067
2078
2088
2103
2119
2130
2140
2145
2173
2180
2185
2188
2167
2168
2169
2168
2164
2163
2162
2162
2160
2137
2131
2116
2105
2098
2095
2084
2079
2071
2064
2057
2049
2019
2012
2006
2001
1996
1980
1974
1965
1958
1955
1947
1941
1934
1930
1924
1920
1918
1886
1885
1881
1873
1856
1848
1844
1835
1821
1782
1764
1748
1736
1720
1713
1709
1700
1641
1636
1636
1634
1622
1624
1624
1625
1624
1633
1650
1665
1674
1688
1701
1719
1737
1842
1866
1896
1930
2045
2078
2112
2147
2266
2296
2329
2359
2392
2477
2504
2524
2545
2576
2598
2615
2627
2664
2668
2673
2676
2654
2635
2616
2597
2578
2498
2469
2443
2413
2390
2364
2343
2317
2210
2188
2168
2153
2089
2069
2047
2031
1963
1946
1928
1905
1882
1822
1812
1799
1790
1778
1762
1743
1736
1685
1675
1674
1680
1699
1703
1713
1724
1778
1793
1809
1828
1848
1886
1893
1908
1923
1939
1944
1954
1955
1986
1992
1997
2004
2018
2028
2027
2033
2045
2075
2089
2103
2125
2144
2161
2181
2191
2254
2274
2292
2315
2338
2350
2360
2368
2373
2370
2368
2365
2359
2334
2326
2319
2306
2294
2284
2271
2255
2173
2150
2127
2106
2026
2004
1987
1966
1955
1892
1869
1844
1820
1796
1779
1761
1747
1671
1660
1643
1630
1594
1591
1596
1594
1625
1635
1645
1654
1659
1676
1685
1690
1693
1705
1718
1731
1737
1756
1767
1777
1784
1852
1874
1896
1917
2006
2018
2037
2060
2079
2128
2147
2165
2178
2190
2201
2216
2226
2275
2286
2295
2307
2332
2334
2340
2351
2358
2358
2361
2356
2354
2357
2361
2350
2335
2308
2299
2281
2269
2204
2185
2172
2164
2119
2106
2096
2084
2062
2009
1999
1987
1980
1971
1963
1958
1946
1931
1930
1924
1913
1881
1874
1877
1874
1870
1869
1865
1862
1861
1892
1906
1916
1923
1928
1939
1951
1959
1981
1989
1998
2000
2024
2033
2042
2053
2062
2052
2051
2055
2057
2055
2059
2062
2063
2071
2079
2081
2080
2102
2108
2107
2109
2129
2130
2131
2138
2138
2140
2140
2145
2147
2147
2152
2149
2148
2139
2142
2141
2145
2140
2131
2125
2119
2104
2065
2057
2048
2038
2022
2006
1995
1983
1934
1921
1903
1896
1893
1889
1884
1874
1857
1833
1824
1821
1820
1815
1810
1809
1800
1799
1802
1798
1800
1806
1813
1818
1821
1828
1842
1851
1865
1876
1910
1918
1928
1940
1970
1983
1996
2004
2013
2030
2038
2046
2052
2058
2063
2064
2067
2069
2074
2079
2082
2090
2086
2084
2086
2085
2086
2091
2097
2096
2100
2106
2113
2119
2139
2149
2154
2156
2157
2152
2152
2148
2127
2115
2103
2107
2100
2062
2054
2038
2020
2016
2012
2004
1992
1945
1942
1933
1930
1906
1912
1909
1916
1924
1925
1929
1935
1936
1940
1944
1951
1963
1982
1991
2001
2013
2032
2037
2040
2044
2053
2052
2050
2059
2065
2060
2050
2050
2054
2060
2065
2068
2072
2080
2083
2081
2079
2084
2087
2086
2084
2085
2094
2091
2090
2088
2085
2088
2088
2084
2089
2092
2096
2094
2083
2080
2081
2081
2070
2064
2061
2060
2061
2054
2057
2054
2056
2057
2055
2061
2059
2051
2050
2044
2041
2029
2020
2017
2017
2019
2002
1999
1999
1987
1980
1983
1985
1982
1949
1936
1926
1918
1895
1891
1893
1896
1871
1873
1873
1880
1884
1876
1877
1881
1892
1897
1908
1917
1928
1965
1966
1965
1977
2009
2015
2026
2031
2041
2071
2080
2087
2100
2106
2118
2127
2136
2149
2156
2162
2165
2182
2188
2193
2188
2177
2166
2167
2183
2183
2169
2171
2170
2164
2157
2146
2138
2139
2100
2097
2096
2093
2047
2030
2011
2004
2007
1982
1969
1960
1951
1939
1929
1922
1918
1890
1889
1880
1873
1858
1862
1862
1856
1867
1866
1867
1879
1890
1888
1890
1900
1904
1913
1924
1943
1953
1977
1984
1994
2010
2019
2025
2031
2035
2045
2079
2084
2082
2082
2088
2099
2107
2104
2118
2112
2107
2109
2097
2092
2094
2097
2079
2077
2070
2065
2070
2079
2075
2070
2065
2061
2059
2049
2046
2060
2058
2052
2052
2048
2049
2051
2055
2054
2050
2045
2041
2044
2038
2033
2029
2031
2043
2048
2052
2054
2051
2044
2042
2036
2012
2012
2012
2006
2003
1998
2004
2006
2003
2007
2009
2016
2017
2008
2006
2012
2013
2004
2003
2000
2002
2001
1988
1992
1999
2003
2007
2007
1999
1996
2003
2000
2002
2003
2006
2010
2019
2020
2056
2059
2059
2058
2061
2072
2077
2084
2094
2101
2110
2116
2115
2115
2113
2112
2108
2100
2098
2092
2091
2078
2041
2037
2030
2023
2012
2003
1997
1987
1949
1938
1924
1922
1898
1895
1895
1900
1900
1902
1906
1914
1920
1917
1923
1926
1930
1934
1939
1946
1950
1956
1953
1956
1956
1958
1957
1955
1958
1976
1982
1981
1991
2000
2038
2046
2050
2056
2064
2068
2077
2090
2117
2133
2139
2141
2163
2168
2163
2159
2155
2158
2154
2145
2133
2130
2120
2112
2105
2078
2071
2066
2062
2035
2027
2025
2025
2023
2013
2004
1999
1996
1999
2008
2010
2008
2009
2013
2012
2016
2028
2006
1921
1809
1784
1850
1920
1996
2066
2181
2190
2197
2203
2192
2163
2142
2130
2112
2138
2162
2176
2029
1959
1917
1904
1975
2018
2061
2081
2071
2054
2052
2036
2014
2002
2002
2003
2006
2029
2043
2049
2040
1950
1936
1916
1900
1898
1916
1930
1940
1948
1941
1924
1909
1893
1839
1844
1858
1892
2061
2078
2083
2071
2017
2005
1996
1993
1994
1957
1941
1929
1927
1926
1930
1947
1964
1950
1924
1898
1864
1739
1717
1708
1711
1742
1735
1720
1701
1681
1658
1670
1695
1735
1781
1826
1869
1903
1941
1941
1949
1968
2130
2177
2223
2252
2280
2391
2430
2474
2524
2577
2635
2697
2754
2961
3006
3045
3101
3263
3294
3321
3343
3348
3330
3309
3284
3262
3163
3112
3054
2986
2913
2836
2756
2669
2365
2302
2239
2183
1923
1849
1771
1681
1597
1363
1299
1234
1172
1110
1060
1003
954
741
690
647
605
531
527
529
534
568
571
578
594
611
685
714
750
792
834
869
912
959
1169
1232
1301
1371
1647
1718
1785
1849
1917
2125
2195
2263
2334
2400
2458
2515
2567
2736
2780
2826
2865
2980
3002
3016
3020
3029
3035
3044
3060
3084
3114
3119
3120
3121
3112
3098
3081
3061
2936
2892
2846
2806
2586
2525
2472
2422
2365
2207
2157
2108
2065
2025
1978
1931
1893
1735
1703
1672
1643
1568
1551
1535
1525
1497
1502
1509
1507
1510
1505
1505
1501
1492
1492
1494
1504
1513
1551
1560
1580
1599
1667
1684
1708
1729
1754
1834
1859
1879
1898
1921
1949
1977
2003
2127
2159
2204
2247
2416
2450
2476
2501
2549
2554
2564
2569
2570
2549
2537
2527
2515
2499
2479
2461
2438
2345
2322
2299
2271
2142
2109
2078
2053
2026
1937
1907
1873
1843
1814
1778
1740
1710
1606
1584
1563
1549
1484
1470
1458
1449
1419
1412
1411
1414
1419
1421
1425
1433
1434
1439
1446
1462
1474
1541
1553
1571
1594
1687
1713
1743
1781
1917
1959
1999
2035
2077
2185
2213
2242
2269
2307
2339
2370
2397
2485
2503
2519
2532
2589
2605
2622
2645
2655
2656
2652
2656
2650
2644
2644
2631
2620
2555
2529
2505
2480
2363
2333
2305
2281
2255
2166
2138
2107
2084
2058
2028
2005
1985
1917
1898
1887
1872
1826
1820
1821
1821
1822
1819
1822
1819
1822
1836
1840
1849
1862
1871
1876
1885
1897
1931
1942
1952
1966
1992
1994
2006
2010
2016
2028
2032
2041
2048
2055
2062
2073
2083
2106
2121
2136
2148
2164
2176
2186
2199
2210
2248
2270
2279
2291
2300
2300
2310
2312
2318
2320
2321
2322
2325
2328
2321
2315
2316
2271
2255
2241
2228
2172
2153
2133
2125
2044
2026
2009
1990
1975
1935
1919
1897
1889
1881
1872
1864
1856
1824
1817
1805
1792
1766
1765
1759
1759
1760
1749
1746
1743
1740
1737
1736
1741
1743
1737
1733
1731
1730
1737
1738
1746
1752
1807
1816
1827
1836
1842
1853
1856
1861
1866
1876
1880
1890
1897
1924
1929
1939
1943
1970
1986
1993
1999
2014
2061
2074
2089
2099
2121
2139
2157
2170
2244
2256
2265
2276
2293
2294
2296
2304
2293
2286
2274
2263
2249
2205
2186
2169
2155
2141
2122
2112
2101
2030
2018
2005
1998
1939
1920
1907
1889
1876
1855
1843
1833
1826
1826
1823
1821
1816
1814
1814
1807
1811
1819
1828
1830
1832
1834
1829
1838
1850
1857
1861
1868
1879
1891
1899
1910
1916
1924
1942
1953
1963
1968
1974
2022
2033
2045
2061
2088
2090
2094
2098
2140
2151
2158
2167
2173
2180
2178
2179
2188
2194
2198
2207
2212
2214
2214
2223
2230
2229
2229
2230
2229
2230
2233
2234
2236
2230
2220
2215
2211
2205
2168
2148
2137
2124
2075
2058
2045
2034
2021
1985
1975
1964
1959
1946
1936
1930
1921
1901
1901
1904
1907
1909
1915
1914
1914
1913
1922
1927
1934
1937
1941
1945
1946
1948
1955
1975
1983
1994
2002
2006
2006
2010
2015
2014
2015
2022
2024
2023
2019
2017
2016
1993
1989
1991
1991
1991
1996
1999
2004
2003
2006
2011
2015
2019
2025
2025
2033
2041
2044
2044
2047
2049
2058
2059
2050
2048
2049
2043
2048
2048
2052
2064
2064
2065
2062
2057
2055
2053
2052
2045
2046
2044
2046
2044
2037
2027
2018
2011
2007
2003
2005
1999
1970
1968
1965
1965
1954
1956
1955
1956
1959
1966
1967
1972
1979
1984
1983
1987
1986
1993
1998
2000
2002
2016
2023
2027
2028
2031
2039
2043
2046
2049
2046
2054
2059
2056
2053
2052
2054
2055
2057
2057
2055
2050
2041
2042
2040
2041
2041
2040
2033
2030
2043
2047
2054
2055
2063
2072
2071
2069
2067
2060
2057
2050
2048
2050
2031
2024
2019
2016
2017
2014
2007
2013
2002
1993
1995
1995
2004
2003
2003
2004
2008
2004
2003
2002
1999
2004
2000
1995
1985
1981
1988
1990
1985
1981
1975
1970
1966
1970
1958
1952
1953
1955
1971
1971
1972
1975
1997
2003
2006
2011
2019
2034
2037
2044
2042
2045
2045
2047
2053
2053
2053
2057
2062
2081
2084
2091
2094
2101
2105
2114
2114
2114
2115
2112
2108
2104
2101
2093
2092
2088
2078
2076
2079
2078
2068
2064
2059
2059
2052
2044
2042
2040
2043
2042
2043
2042
2038
2029
2028
2027
2025
2011
2007
2003
1994
1993
1976
1981
1985
1988
1987
1985
1986
1985
1977
1980
1979
1984
1978
1978
1987
1986
1974
1971
1971
1970
1964
1958
1965
1969
1976
1976
1975
1983
1991
2003
2006
2016
2025
2044
2044
2044
2045
2052
2063
2060
2056
2060
2062
2067
2070
2067
2057
2053
2055
2063
2049
2043
2045
2044
2030
2021
2019
2015
2014
2006
1998
1994
1996
2000
2001
2005
2005
2008
2008
2017
2026
2036
2035
2041
2048
2047
2057
2058
2048
2043
2043
2040
2033
2032
2031
2022
2015
2009
2004
2009
2008
2002
1974
1976
1982
1983
1983
1973
1968
1968
1966
1966
1969
1968
1973
1971
1974
1974
1977
1985
1988
1992
1998
2002
2011
2020
2024
2027
2033
2037
2037
2041
2065
2068
2066
2065
2085
2096
2099
2098
2098
2100
2109
2108
2102
2098
2094
2092
2094
2094
2097
2099
2100
2075
2060
2051
2037
2014
2009
2011
2015
2015
2023
2026
2032
2036
2039
2045
2048
2048
2052
2054
2056
2056
2041
2042
2040
2041
2033
2035
2031
2033
2036
2024
2020
2013