1949
1973
1991
2005
2018
2014
2005
2012
2036
2061
2083
2121
2221
2233
2231
2228
2225
2229
2239
2260
2396
2438
2463
2473
2484
2482
2488
2489
2498
2490
2488
2483
2461
2432
2403
2369
2341
2255
2234
2222
2207
2108
2078
2056
2038
2017
1951
1943
1929
1912
1884
1868
1845
1818
1756
1747
1740
1732
1709
1702
1685
1671
1659
1655
1664
1675
1689
1698
1705
1708
1704
1703
1704
1702
1714
1808
1829
1851
1874
1888
1946
1977
2004
2034
2064
2092
2121
2147
2205
2227
2255
2272
2290
2318
2323
2321
2331
2332
2325
2322
2319
2343
2339
2330
2318
2292
2279
2255
2239
2222
2170
2165
2142
2109
2082
2069
2051
2014
1880
1857
1841
1828
1749
1744
1734
1720
1714
1682
1682
1683
1686
1684
1690
1697
1709
1754
1771
1781
1778
1780
1813
1816
1816
1812
1817
1820
1826
1839
1862
1869
1869
1877
1912
1918
1928
1944
1961
1992
2008
2027
2046
2062
2075
2092
2105
2132
2142
2150
2163
2211
2220
2234
2241
2240
2257
2262
2268
2269
2274
2273
2279
2284
2295
2299
2301
2302
2271
2262
2254
2248
2241
2218
2212
2211
2207
2193
2184
2173
2158
2114
2095
2081
2081
2075
2038
2031
2022
2007
1988
1979
1978
1973
1945
1941
1939
1939
1932
1937
1942
1941
1941
1941
1941
1945
1941
1940
1935
1932
1929
1884
1880
1870
1869
1840
1831
1827
1822
1813
1805
1807
1811
1810
1812
1816
1819
1831
1857
1870
1881
1892
1901
1945
1963
1979
1996
2010
2021
2034
2048
2092
2111
2129
2138
2174
2184
2192
2196
2200
2221
2220
2221
2222
2218
2223
2219
2216
2198
2193
2186
2181
2143
2133
2133
2126
2116
2081
2075
2070
2064
2055
2049
2050
2049
2033
2030
2033
2035
2028
2026
2021
2023
2028
2028
2025
2019
2014
2013
2015
2023
2018
1970
1958
1961
1964
1956
1946
1943
1951
1956
1941
1942
1959
1972
1979
1979
1974
1976
1986
1991
1996
2012
2020
2034
2037
2034
2035
2037
2034
2030
2039
2030
2032
2031
2026
2015
2007
2000
1998
2002
1982
1987
1991
1994
1999
1998
2001
2003
2032
2035
2033
2034
2025
2027
2027
2026
2020
2010
2008
2017
2024
2027
2025
2025
2028
2037
2034
2039
2039
2045
2041
2044
2049
2043
2048
2048
2042
2033
2033
2035
2038
2032
2023
2024
2021
2011
2002
1996
1999
2004
2005
2009
2019
2014
2004
1997
1992
1991
1987
1974
1967
1965
1966
1960
1952
1951
1951
1949
1940
1942
1953
1961
1962
1972
1982
1990
2015
2020
2025
2026
2032
2054
2058
2068
2079
2084
2080
2081
2086
2091
2100
2095
2103
2115
2119
2115
2113
2119
2118
2111
2106
2108
2106
2112
2107
2096
2091
2083
2075
2065
2060
2065
2063
2053
2041
2043
2047
2038
2033
2042
2049
2044
2035
2034
2016
2019
2012
2011
1998
2006
2001
1995
1999
1988
1991
1990
1993
2000
1998
1997
2000
2015
2013
2007
2008
2034
2037
2043
2048
2057
2080
2079
2079
2084
2084
2073
2076
2085
2079
2078
2081
2077
2055
2054
2060
2060
2059
2066
2049
2046
2051
2050
2048
2044
2032
2017
2016
2013
2016
2015
1997
1996
1997
1996
1987
1985
1982
1976
1957
1959
1979
1986
1964
1958
1957
1956
1958
1969
1963
1958
1960
1959
1957
1960
1959
1958
1962
1963
1961
1968
1971
1982
1989
1995
1990
1993
1994
2007
2015
2023
2015
2020
2021
2019
2006
2009
2017
2020
2022
2019
2023
2022
2024
2025
2023
2023
2030
2040
2046
2056
2054
2057
2056
2066
2071
2073
2075
2075
2077
2079
2071
2061
2056
2055
2064
2063
2046
2042
2042
2046
2047
2042
2036
2039
2041
2047
2051
2056
2060
2057
2063
2062
2063
2061
2064
2074
2080
2080
2053
2050
2048
2059
2064
2065
2058
2054
2037
2042
2034
2025
2016
1999
1994
1987
1977
1976
1976
1968
1971
1973
1977
1969
1965
1968
1985
1998
2008
2017
2023
2031
2035
2034
2034
2045
2059
2066
2065
2064
2062
2062
2063
2061
2053
2044
2044
2027
2016
2014
2007
2008
2008
2009
2013
1991
1985
1988
1989
1979
1981
1987
1974
1966
1980
1984
1987
1992
2000
2006
2007
2010
2033
2038
2039
2048
2060
2062
2067
2066
2075
2085
2095
2103
2105
2095
2087
2083
2079
2064
2056
2050
2052
2055
2038
2022
2013
2011
2003
2001
1999
1996
1967
1964
1957
1954
1948
1936
1935
1933
1937
1945
1952
1951
1953
1961
1966
1967
1973
2016
2019
2022
2026
2028
2050
2061
2071
2082
2082
2096
2100
2093
2090
2085
2086
2085
2079
2075
2077
2076
2074
2063
2058
2053
2048
2035
2025
2029
2030
1976
1981
2042
2080
2075
2055
2019
1995
1982
1930
1937
1955
1980
1992
2005
2039
2051
2103
2085
2093
2116
2090
2093
2081
2068
2063
2060
2059
2065
2064
2063
2065
2069
2083
2063
2054
2043
2028
2025
1995
1978
1970
1965
1964
1961
1949
1944
1953
1965
1970
1960
1943
1941
1933
1935
1940
1948
1955
1956
1962
1966
1970
1970
1970
1994
1995
2005
2009
2028
2034
2043
2052
2049
2062
2057
2050
2049
2053
2050
2053
2049
2049
2057
2065
2073
2079
2058
2055
2045
2022
2014
2012
2006
1993
1998
1996
2002
2006
1988
1983
1976
1972
1969
1977
1994
2003
2010
2014
2017
2023
2027
2071
2087
2107
2119
2134
2125
2121
2123
2122
2119
2113
2114
2100
2086
2078
2073
2071
2064
2060
2061
2048
2034
2020
2017
2010
2008
2001
1991
1991
1997
1993
1993
1982
1975
1945
1946
1954
1959
1967
2005
2009
2013
2029
2032
2032
2033
2036
2015
2008
2002
1994
1995
1998
2004
2006
2015
2039
2042
2047
2049
2043
2043
2040
2034
1993
1981
1964
1961
1948
1949
1951
1950
1945
1958
1963
1964
1971
1975
1976
1989
1990
2022
2032
2049
2064
2078
2124
2137
2147
2163
2181
2187
2197
2204
2240
2250
2259
2270
2261
2253
2254
2252
2239
2204
2218
2230
2234
2230
2217
2194
2158
2024
1984
1949
1937
1906
1900
1882
1870
1873
1874
1869
1856
1846
1840
1827
1815
1802
1812
1822
1832
1845
1871
1920
1941
1955
1959
1968
1972
1970
1971
2005
2016
2021
2009
2002
2006
2008
2008
2015
2023
2022
2023
2019
2024
2022
2009
2003
1979
1968
1956
1954
1951
1945
1941
1943
1946
1958
1955
1970
1982
1985
1984
1987
1996
2026
2031
2024
2014
2036
2027
2014
2012
2016
2051
2059
2061
2063
2069
2070
2079
2084
2036
2041
2048
2055
2058
2064
2070
2072
2077
2083
2083
2075
2075
2074
2068
2057
2047
2044
2040
2039
2041
2033
2039
2043
2040
2032
2026
2022
2023
2019
1957
1952
1957
1957
1940
1940
1942
1948
1947
1963
1976
1990
2001
2002
2005
2014
2017
2056
2063
2075
2094
2152
2170
2182
2181
2177
2161
2160
2168
2177
2185
2186
2188
2190
2175
2176
2176
2173
2168
2135
2122
2120
2121
2118
2107
2105
2101
2060
2058
2045
2042
2038
2025
2008
1993
1988
1981
1982
1981
1980
1986
1975
1959
1952
1955
1950
1946
1944
1942
1948
1949
1948
1951
1956
1956
1957
1961
1961
1971
1975
1985
1976
1983
1988
1999
2022
2037
2060
2077
2092
2114
2121
2130
2136
2132
2127
2127
2125
2118
2104
2103
2098
2093
2090
2095
2100
2093
2087
2079
2074
2064
2006
1993
1984
1981
1935
1924
1920
1912
1898
1887
1883
1879
1878
1870
1867
1869
1873
1870
1873
1868
1876
1910
1924
1936
1938
1938
1964
1963
1958
1966
1979
1990
1994
1989
1986
1996
2013
2014
2012
2014
2019
2028
2036
2030
2040
2049
2043
2039
2046
2050
2050
2057
2048
2044
2051
2059
2046
2043
2048
2055
2064
2069
2069
2071
2072
2078
2088
2089
2085
2086
2086
2087
2085
2090
2087
2075
2072
2067
2061
2053
2052
2043
2043
2032
2023
2025
2032
2043
2057
2070
2052
2056
2056
2068
2081
2094
2100
2105
2099
2106
2112
2119
2137
2150
2147
2138
2127
2117
2112
2103
2097
2089
2078
2070
2064
2032
2025
2017
2006
1995
1959
1954
1944
1930
1920
1902
1895
1889
1855
1853
1855
1867
1876
1879
1870
1869
1879
1912
1923
1941
1952
1958
1956
1969
1980
2016
2025
2037
2047
2050
2075
2082
2086
2080
2078
2080
2088
2090
2078
2082
2086
2079
2070
2068
2069
2071
2070
2061
2050
2047
2051
2044
2042
2042
2044
2044
2050
2056
2056
2066
2057
2053
2058
2058
2053
2055
2053
2047
2043
2047
2049
2044
2037
2036
2035
2041
2022
2031
2040
2044
2043
2025
2027
2023
2025
2035
2040
2036
2026
2030
2034
2033
2033
2076
2077
2072
2066
2062
2080
2084
2082
2080
2083
2078
2079
2081
2054
2059
2068
2059
2048
2022
2020
2013
2005
1999
1997
1991
1981
1955
1954
1948
1949
1940
1937
1931
1928
1918
1932
1935
1927
1928
1923
1920
1924
1934
1938
1942
1964
1981
1989
1986
1997
2017
2033
2043
2040
2049
2061
2068
2066
2072
2072
2089
2083
2072
2067
2077
2070
2072
2066
2056
2050
2050
2061
2063
2061
2056
2049
2039
2040
2034
2035
2036
2015
2009
2009
2016
2015
2006
1993
1988
1990
1990
1992
1994
1989
1984
1981
1985
1980
1977
1990
1997
2000
2000
2000
1996
2005
2011
2029
2025
2030
2035
2041
2042
2038
2042
2053
2067
2058
2052
2058
2072
2072
2070
2072
2093
2096
2097
2098
2100
2107
2102
2095
2089
2068
2068
2062
2056
2056
2052
2050
2051
2023
2026
2027
2026
2023
2023
2023
2024
2023
2019
2019
2011
2005
2002
2004
2007
2009
1978
1985
1991
1980
1973
1966
1974
1982
1984
1986
1992
2003
2005
2028
2029
2033
2035
2046
2049
2058
2062
2059
2061
2050
2045
2046
2043
2042
2041
2040
2024
2020
2025
2029
2018
2016
2019
2020
2026
2012
2005
2004
2008
2012
2006
1994
1990
1990
1990
1992
1994
1977
1972
1966
1966
1968
1979
1981
1974
1962
1956
1965
1969
1973
1976
1974
1968
1974
1984
2005
2005
2009
2013
2012
2006
2013
2028
2056
2061
2057
2056
2076
2081
2083
2098
2107
2090
2082
2077
2080
2081
2082
2088
2095
2062
2052
2039
2039
2032
2014
2005
1998
1995
2012
2012
2009
2008
2016
2011
2002
2002
2020
2021
2029
2027
2034
2039
2047
2061
2067
2064
2058
2053
2050
2048
2054
2060
2066
2065
2068
2063
2065
2068
2082
2082
2086
2089
2080
2070
2072
2073
2059
2052
2054
2049
2036
2037
2043
2041
2039
2024
2020
2021
2025
2026
2031
2033
2025
2006
1996
1988
1987
1990
1990
1984
1977
1973
1968
1971
1973
1970
1969
1967
1963
1958
1967
1973
1986
1991
1983
1978
1978
1981
1988
2001
2003
1999
2001
2002
2002
2013
2023
2036
2036
2034
2030
2052
2055
2060
2059
2056
2040
2031
2033
2041
2044
2046
2047
2045
2034
2041
2042
2043
2042
2032
2029
2027
2035
2034
2033
2031
2033
2003
2000
1998
2004
2003
1997
1989
1985
1987
1999
2005
2005
2009
2010
2013
2022
2020
2030
2037
2046
2049
2053
2055
2049
2044
2050
2076
2072
2072
2063
2052
2055
2052
2051
2047
2035
2024
2014
2003
1997
1991
1985
1980
1962
1961
1964
1973
1972
1974
1979
1980
1983
1984
1976
1978
1988
1984
1994
1995
2001
2002
2009
2016
2027
2040
2044
2049
2063
2068
2076
2076
2083
2091
2096
2091
2085
2079
2086
2092
2088
2090
2077
2079
2082
2078
2059
2051
2054
2064
2066
2068
2065
2062
2054
2048
2047
2043
2032
2038
2034
2030
2027
2018
2031
2033
2034
2031
2026
2025
2025
2026
2022
2030
2048
2071
2061
2036
2021
2014
2011
2015
2016
2012
2012
2007
2005
2009
2006
1991
1974
1966
1958
1941
1957
1960
1960
1971
1964
1968
1974
1977
1977
1982
1998
2006
2039
2046
2051
2056
2057
2059
2054
2056
2066
2085
2084
2076
2076
2074
2070
2071
2069
2061
2062
2064
2058
2054
2033
2029
2020
2021
2022
2017
2009
2013
1985
1984
1975
1967
1961
1959
1966
1976
1982
1989
1997
2005
2010
2008
2008
2006
2004
2027
2028
2033
2038
2032
2029
2028
2031
2033
2026
2025
2030
2032
2038
2051
2060
2061
2051
2043
2040
2037
2024
2025
2027
2029
2027
2028
2021
2023
2028
2021
2013
2009
2004
1990
1991
2001
2002
1997
1995
2001
2001
2001
1993
1997
2001
2004
2004
2010
2018
2018
2029
2028
2036
2039
2049
2058
2053
2056
2062
2063
2061
2060
2067
2063
2065
2061
2057
2053
2051
2058
2060
2060
2054
2043
2037
2036
2001
2007
2017
2018
2006
2000
1994
1993
1997
1997
1998
1998
1986
1984
1993
2000
2001
2021
2012
2008
2010
2003
2005
2005
2010
2008
1981
1980
1983
1986
1990
1997
2000
2002
2001
2004
2005
2007
2005
2012
2011
2004
2006
2028
2026
2038
2037
2033
2034
2039
2039
2065
2063
2060
2054
2052
2063
2065
2068
2067
2065
2066
2065
2064
2068
2074
2089
2097
2093
2095
2105
2118
2139
2135
2129
2123
2121
2121
2122
2118
2103
2084
2065
2058
2060
2101
2107
2104
2094
2075
2020
2011
2008
1999
1995
1994
2008
2013
2003
1994
1991
1989
1940
1930
1927
1932
1939
1937
1946
1958
1964
1965
1960
1950
1942
1956
1957
1966
1971
1978
1977
1970
1963
1969
1978
1983
1993
2011
2019
2016
2017
2022
2002
1999
1996
1998
1999
2000
1996
1991
1991
2011
2019
2020
2018
2012
2004
1999
1999
1992
1992
1996
2004
2011
2021
2031
2039
2046
2045
2047
2055
2061
2068
2071
2069
2067
2083
2084
2087
2090
2093
2093
2100
2098
2089
2082
2079
2079
2080
2080
2074
2079
2078
2002
1997
1999
1994
1992
1975
1968
1971
1976
1970
1961
1957
1956
1953
1967
1969
1959
1945
1941
1946
1951
1955
1974
1984
1997
2001
1999
2005
2011
2016
2002
2011
2013
2017
2036
2039
2049
2057
2063
2071
2080
2080
2081
2085
2091
2092
2085
2076
2067
2055
2053
2065
2080
2086
2084
2067
2065
2068
2076
2079
2089
2090
2088
2089
2060
2060
2059
2055
2060
2048
2049
2041
2038
2041
2043
2043
2047
2045
2043
2046
2048
2055
2064
2063
2057
2057
2070
2064
2060
2066
2070
2071
2064
2060
2046
2042
2042
2044
2046
2048
2044
2043
2047
2040
2031
2030
2032
2027
2019
2022
2026
2013
2002
1998
1995
2001
2009
2009
1997
1995
1992
1988
1985
1973
1964
1968
1968
1961
1947
1949
1955
1968
1979
2003
2015
2021
2028
2030
2037
2043
2045
2013
2000
1992
1986
1982
1959
1953
1941
1934
1939
1943
1948
1964
2011
2021
2021
2023
2050
2064
2065
2056
2058
2052
2058
2056
2058
2059
2067
2068
2065
2047
2055
2052
2049
2018
2017
2018
2024
2019
2011
2006
2006
2007
2004
2004
2002
2001
2013
2013
2023
2036
2036
2030
2035
2034
2033
2040
2041
2035
2022
2007
2017
2022
2012
2003
2007
2011
2018
2051
2062
2065
2077
2085
2085
2087
2087
2075
2062
2052
2044
2040
2034
2031
2026
2020
2022
2029
2039
2044
2043
2044
2037
2027
2021
2024
2034
2032
2023
1999
1994
1996
1995
1985
1980
1980
1967
1959
1951
1958
1965
1963
1960
1957
1951
1954
1956
1960
1962
1970
1978
1979
1981
1985
1991
1995
2008
2018
2025
2025
2024
2030
2032
2038
2041
2043
2027
2027
2029
2030
2024
2023
2027
2023
2011
2017
2019
2025
2028
2037
2046
2057
2064
2080
2089
2094
2092
2101
2108
2110
2113
2113
2102
2094
2095
2098
2102
2107
2107
2101
2093
2082
2080
2081
2081
2083
2088
2092
2100
2097
2087
2073
2072
2077
2049
2048
2049
2055
2052
2049
2045
2039
2024
2014
2015
2024
2001
2005
2008
1998
1997
1994
1992
2001
2003
2002
2012
2010
2010
2005
1999
1985
1985
1995
1990
1996
2003
2006
2002
1999
1991
1991
1988
1987
1991
1982
1952
1960
1971
1971
1989
1997
2000
1994
1997
1992
2001
2016
2012
2010
2010
2011
2007
2001
2006
2012
2027
2036
2032
2033
2038
2048
2061
2057
2062
2063
2062
2064
2063
2063
2044
2035
2029
2032
2032
2033
2035
2030
2024
2027
2030
2031
2029
2040
2034
2035
2036
2017
2013
2006
2000
1992
1992
1989
1986
1992
1995
1992
1994
1998
1986
1995
2009
2010
2026
2016
2014
2020
2030
2037
2041
2042
2038
2035
2038
2046
2046
2052
2058
2063
2062
2047
2060
2068
2076
2077
2081
2077
2080
2085
2085
2093
2103
2107
2102
2097
2090
2094
2102
2102
2098
2103
2099
2086
2075
2075
2074
2082
2074
2060
2044
2039
2037
2025
2016
2014
2005
2002
2009
2012
2009
2002
2002
2004
2007
2001
1996
1985
1978
1978
1978
1974
1979
1974
1972
1971
1976
1982
1990
1994
1999
2005
1994
1998
2004
2002
2005
2005
2003
1994
1978
1975
1977
1992
1998
1980
1974
1975
1980
1982
1987
1985
1986
1985
1989
1993
2003
2017
2018
2011
2008
2008
2015
2011
2008
2020
2029
2020
2015
2019
2023
2012
2010
2017
2013
2011
2011
2018
2019
2028
2024
2024
2025
2028
2027
2027
2026
2046
2043
2041
2048
2048
2043
2042
2035
2039
2046
2054
2049
2042
2040
2038
2041
2042
2029
2027
2028
2033
2031
2033
2037
2038
2039
2046
2051
2051
2048
2029
2033
2039
2045
2037
2037
2045
2044
2037
2034
2042
2048
2046
2045
2052
2055
2056
2038
2043
2047
2044
2026
2030
2033
2035
2032
2041
2050
2051
2053
2050
2046
2053
2061
2073
2067
2057
2063
2072
2063
2055
2053
2052
2054
2052
2046
2040
2028
2021
2019
2026
2027
2019
2009
2011
2010
2007
2007
2000
2005
2006
2006
1996
2000
2009
2005
2004
2010
2008
2005
2003
2005
2001
2007
2005
2004
2003
2007
2007
1998
1995
2001
2005
2009
2014
2011
2008
2008
2008
2010
2005
2007
2010
2015
2013
2004
2006
2009
2012
2009
1997
2007
2014
2008
2012
2013
2006
2006
2017
2015
2014
2019
2022
2027
2034
2033
2047
2043
2050
2057
2047
2044
2049
2056
2058
2060
2062
2069
2073
2077
2083
2085
2083
2073
2066
2068
2062
2060
2058
2051
2041
2030
1993
1986
1982
1975
1967
1937
1939
1939
1933
1933
1926
1922
1919
1918
1931
1944
1951
1980
1979
1986
1988
1996
2026
2027
2026
2036
2042
2045
2042
2049
2088
2095
2102
2107
2086
2086
2083
2088
2097
2090
2086
2076
2069
2070
2067
2061
2066
2038
2033
2018
2013
2007
2005
2003
2000
1998
2000
2000
1998
2001
2004
2000
2009
2019
1986
2005
2029
2046
2082
2081
2077
2071
2067
2071
2070
2069
2070
2076
2078
2081
2082
2084
2070
2056
2048
2038
2016
2021
2033
2031
2029
2030
2033
2023
2007
2010
2017
2022
1984
1987
1991
1992
1993
1994
1995
2001
1997
1999
1994
2000
2009
2017
2019
2027
2034
2056
2052
2043
2040
2043
2041
2046
2050
2054
2056
2050
2047
2052
2014
2020
2013
2006
2003
1992
1993
1992
1995
2000
2004
2017
2020
1994
2000
2004
2005
2007
2012
2014
2015
2022
2043
2043
2047
2052
2060
2062
2058
2058
2076
2077
2083
2086
2074
2060
2047
2042
2043
2039
2030
2023
2018
2020
2027
2020
2018
1985
1973
1973
1971
1951
1941
1942
1937
1927
1940
1943
1947
1956
1959
1961
1961
1962
1956
1957
1968
1972
1980
2017
2027
2036
2046
2040
2042
2054
2067
2085
2088
2091
2100
2091
2083
2070
2071
2077
2059
2057
2063
2063
2051
2040
2031
2032
2019
2026
2030
2025
2035
2040
2043
2042
2036
2042
2035
2034
2046
2061
2069
2070
2066
2045
2045
2051
2058
2061
2091
2093
2090
2093
2094
2084
2072
2069
2049
2048
2050
2051
2035
2024
2017
2015
2010
2006
1994
1990
1993
1965
1963
1960
1948
1939
1934
1928
1919
1901
1900
1892
1884
1882
1876
1886
1894
1886
1884
1890
1900
1898
1907
1924
1939
1949
1951
1963
1973
1987
2025
2112
2113
2115
2122
2122
2125
2128
2134
2191
2219
2231
2239
2228
2235
2235
2224
2207
2179
2173
2166
2168
2176
2179
2177
2179
2157
2168
2169
2157
2112
2091
2077
2073
2068
2037
2031
2016
2003
1996
1998
1992
1986
1968
1956
1951
1958
1964
1963
1956
1952
1951
1955
1956
1954
1952
1953
1955
1956
1963
1935
1929
1922
1918
1917
1905
1910
1913
1915
1912
1911
1912
1906
1914
1908
1894
1890
1888
1896
1905
1910
1914
1951
1958
1967
1982
1997
2003
2013
2021
2063
2072
2081
2095
2123
2123
2126
2132
2143
2141
2144
2143
2139
2136
2133
2131
2129
2103
2112
2113
2121
2083
2065
2051
2044
2048
2054
2065
2074
2065
2056
2045
2033
2021
1990
1979
1972
1971
1975
1977
1975
1970
1964
1952
1940
1938
1938
1912
1907
1905
1904
1902
1895
1901
1901
1899
1906
1914
1918
1928
1933
1933
1939
1940
1953
1957
1962
1974
2007
2009
2014
2023
2033
2070
2073
2078
2093
2103
2110
2119
2120
2143
2141
2142
2154
2168
2190
2200
2205
2217
2218
2214
2214
2207
2211
2215
2231
2248
2228
2229
2236
2232
2182
2177
2171
2163
2149
2115
2098
2081
2070
2061
2045
2024
2007
1986
1973
1956
1942
1933
1915
1910
1906
1917
1915
1908
1905
1894
1880
1893
1900
1905
1927
1935
1946
1952
1955
1963
1972
1972
1967
1971
1980
1980
1985
2003
1993
1987
1984
1989
1995
1995
1998
1997
1981
1977
1978
1981
1984
1982
1989
1994
1993
2005
2012
2013
2030
2034
2034
2034
2034
2033
2032
2038
2040
2033
2028
2033
2049
2056
2056
2049
2038
2053
2049
2052
2059
2066
2085
2074
2058
2056
2065
2062
2058
2059
2015
1998
1988
1978
1959
1955
1960
1962
1959
1946
1951
1961
1959
1961
1959
1960
1955
1968
1973
1974
1981
1987
1982
1990
1996
1993
2008
2025
2029
2027
2045
2046
2058
2072
2089
2096
2090
2092
2096
2100
2102
2105
2103
2095
2084
2082
2084
2073
2074
2073
2065
2068
2066
2071
2075
2076
2077
2065
2067
2078
2080
2078
2078
2089
2102
2092
2088
2085
2060
2054
2050
2041
2036
2027
2028
2031
2036
2032
2023
2011
1997
1965
1960
1955
1954
1928
1924
1925
1927
1931
1923
1919
1916
1913
1909
1907
1915
1917
1940
1941
1942
1947
1956
1978
1994
1999
2000
2007
2013
2023
2031
2060
2058
2064
2069
2079
2077
2079
2092
2100
2088
2078
2066
2059
2070
2078
2084
2083
2066
2068
2067
2069
2073
2075
2066
2059
2061
2056
2062
2056
2045
2040
2034
2041
2050
2040
2041
2048
2061
2056
2057
2056
2061
2069
2056
2060
2062
2068
2062
2048
2048
2058
2045
2040
2031
2033
2012
2008
2014
2014
2012
1997
1998
1989
1976
1969
1970
1975
1966
1949
1948
1946
1949
1950
1946
1954
1957
1951
1954
1953
1965
1970
1954
1964
1972
1979
2021
2023
2039
2053
2055
2063
2064
2065
2074
2082
2086
2080
2075
2091
2097
2099
2099
2101
2066
2065
2068
2068
2070
2069
2067
2063
2046
2039
2036
2038
2030
2024
2028
2029
2020
2007
2002
2011
2022
2025
2032
2032
2027
2022
2002
2010
2020
2022
2022
2023
2028
2024
2025
2023
2016
2014
2014
2011
2000
1996
1987
1989
1990
1992
1990
1977
1973
1972
1971
1967
1964
1969
1972
1977
1979
1974
1972
1985
1989
1993
1993
2001
2023
2029
2035
2038
2038
2038
2048
2056
2055
2068
2062
2061
2063
2073
2083
2085
2097
2103
2106
2108
2110
2089
2093
2095
2095
2093
2075
2069
2063
2061
2064
2062
2055
2050
2038
2045
2046
2034
2021
2015
2012
2007
2003
1998
1996
1994
1996
1998
1994
1994
2004
2002
1995
1986
1984
1988
1995
1994
1998
2003
1994
1993
1994
1994
1988
1990
1985
1981
1972
1973
1978
1985
1991
1978
1983
1987
1994
1998
1994
1994
1995
2007
2016
2014
2012
2029
2028
2021
2019
2024
2043
2052
2054
2052
2049
2043
2037
2035
2048
2050
2052
2056
2062
2061
2064
2063
2060
2055
2057
2057
2061
2036
2035
2040
2041
2028
2025
2027
2028
2020
2019
2016
2016
2022
2018
2015
2012
2020
2032
2029
2024
2025
2020
2017
2009
2009
2017
2019
2026
2026
2019
2022
2028
2031
2030
2029
2031
2035
2036
2039
2024
2020
2024
2037
2038
2032
2025
2034
2044
2043
2041
2045
2045
2041
2041
2042
2042
2062
2054
2045
2052
2058
2068
2073
2072
2082
2077
2082
2078
2067
2060
2064
2063
2064
2058
2055
2056
2049
2033
2025
2027
2027
2021
2022
2014
2017
2014
2021
2029
2028
2021
2019
2016
2016
2023
2028
2022
2011
2010
2003
2004
2008
2006
2007
1987
1984
1974
1973
1985
1986
1977
1970
1959
1961
1967
1964
1961
1965
1970
1970
1978
2004
2008
2007
2006
2013
2013
2009
2014
2042
2052
2054
2047
2038
2047
2048
2045
2044
2037
2037
2029
2019
2014
2007
2008
2005
1981
1966
1959
1965
1981
1988
1985
1973
1972
1978
1983
1994
2006
2018
2027
2027
2017
2022
2030
2042
2054
2056
2059
2058
2060
2066
2069
2073
2082
2086
2060
2049
2056
2063
2047
2041
2039
2026
2009
2011
2004
2005
2008
2006
1996
1981
1975
2006
2017
2023
2025
2029
2041
2049
2063
2071
2068
2071
2075
2068
2067
2071
2084
2093
2079
2076
2075
2081
2094
2090
2084
2082
2080
2063
2066
2062
2067
2073
2072
2066
2055
2035
2027
2033
2040
2042
2026
2014
2007
2017
2023
2018
2021
2025
2024
2030
2024
2024
2013
2011
2010
2016
2016
2044
2046
2041
2039
2038
2033
2021
2023
2023
2016
2009
2002
1975
1977
1975
1977
1978
1966
1961
1953
1953
1957
1961
1956
1957
1954
1959
1964
1973
1992
1997
1997
2001
2011
2029
2046
2053
2057
2055
2053
2055
2062
2072
2074
2080
2080
2076
2080
2079
2080
2083
2082
2084
2084
2085
2073
2074
2069
2062
2041
2037
2032
2023
2021
1999
2003
1998
1992
1980
1971
1969
1973
1953
1950
1944
1942
1937
1943
1947
1946
1948
1966
1968
1979
1989
1996
2009
2018
2018
2038
2037
2043
2043
2051
2049
2055
2056
2052
2066
2060
2065
2067
2060
2051
2047
2042
2027
2028
2030
2029
2027
2018
2015
2019
2023
2027
2033
2043
2043
2034
2028
2028
2027
2026
2020
2020
2019
2018
1994
2001
2006
2008
2011
2007
2010
2021
2021
2026
2024
2024
2029
2037
2032
2031
2040
2041
2045
2045
2043
2044
2049
2053
2051
2053
2046
2041
2038
2047
2044
2048
2053
2060
2060
2058
2051
2050
2048
2057
2063
2065
2051
2053
2057
2061
2059
2065
2071
2072
2073
2063
2064
2063
2064
2068
2066
2062
2067
2062
2060
2061
2060
2041
2032
2022
2021
2032
2023
2017
2010
2005
1998
1998
1997
1995
1992
1993
1996
2000
2007
2012
2010
2010
2012
2010
2009
2014
2019
2033
2036
2035
2034
2040
2041
2037
2029
2030
2028
2019
2016
2011
2002
2000
1994
1987
1966
1957
1947
1940
1910
1903
1894
1890
1883
1883
1879
1871
1869
1865
1867
1868
1872
1862
1868
1881
1885
1934
1944
1936
1919
1915
1944
1968
1993
2032
2067
2085
2101
2112
2144
2140
2151
2182
2210
2278
2280
2274
2267
2269
2287
2304
2311
2276
2264
2263
2260
2227
2222
2212
2185
2163
2122
2114
2112
2107
2095
2096
2083
2065
2030
2024
2020
2013
2031
2036
2043
2047
2036
2037
2041
2035
2030
2031
2046
2052
2049
2042
2032
2018
2004
1984
1974
1968
1964
1947
1862
1847
1838
1828
1806
1790
1785
1768
1730
1734
1737
1738
1747
1748
1754
1760
1760
1792
1802
1824
1856
1869
1873
1886
1902
1959
1982
2003
2018
2025
2081
2094
2117
2145
2165
2172
2176
2186
2210
2215
2216
2215
2228
2232
2230
2224
2223
2202
2198
2192
2186
2185
2188
2189
2185
2154
2146
2145
2151
2142
2130
2122
2114
2107
2086
2079
2071
2065
2056
2051
2046
2035
1998
1993
1984
1968
1927
1919
1913
1904
1898
1853
1844
1835
1827
1823
1826
1817
1816
1819
1820
1818
1811
1807
1804
1819
1831
1847
1853
1860
1871
1880
1921
1938
1958
1974
2037
2057
2077
2088
2104
2122
2129
2135
2138
2153
2170
2183
2200
2220
2250
2258
2262
2270
2278
2295
2313
2322
2328
2327
2325
2325
2325
2326
2331
2329
2320
2276
2259
2254
2250
2236
2221
2209
2193
2176
2110
2087
2065
2046
2031
2008
1986
1973
1908
1896
1889
1882
1837
1840
1832
1823
1819
1805
1807
1809
1810
1807
1809
1813
1820
1842
1851
1857
1865
1893
1901
1903
1903
1900
1899
1900
1894
1887
1877
1877
1881
1885
1871
1884
1889
1894
1921
1951
1974
1991
2004
2053
2072
2091
2117
2140
2162
2181
2189
2237
2235
2242
2254
2259
2254
2254
2252
2254
2209
2199
2196
2198
2187
2168
2164
2165
2122
2112
2099
2091
2037
2029
2024
2024
2012
1981
1968
1954
1948
1944
1935
1934
1932
1923
1916
1910
1907
1913
1912
1915
1923
1926
1917
1913
1915
1917
1928
1927
1930
1932
1946
1943
1948
1960
1971
1972
1980
1986
1994
1999
2004
2014
2013
2019
2023
2037
2051
2071
2076
2071
2065
2059
2062
2066
2070
2072
2082
2093
2103
2106
2118
2127
2131
2137
2177
2181
2176
2177
2187
2178
2178
2185
2183
2173
2161
2150
2148
2122
2115
2107
2097
2042
2041
2023
2001
1992
1955
1938
1919
1913
1904
1898
1890
1876
1843
1843
1837
1834
1842
1845
1850
1860
1865
1910
1913
1909
1911
1921
1930
1935
1935
1970
1978
1989
1991
1991
1999
2002
2009
2016
2026
2025
2019
2018
2019
2024
2035
2049
2087
2091
2101
2107
2108
2119
2123
2128
2133
2138
2147
2164
2185
2178
2175
2181
2189
2176
2179
2180
2183
2175
2160
2156
2158
2157
2149
2138
2129
2119
2078
2077
2066
2046
1985
1978
1977
1974
1970
1935
1935
1927
1920
1922
1931
1929
1928
1911
1907
1905
1905
1908
1923
1928
1922
1921
1916
1917
1922
1925
1938
1932
1932
1940
1951
1953
1965
1975
1980
1969
1970
1975
1980
1995
2005
2015
2015
2017
2025
2037
2044
2044
2036
2025
2028
2038
2054
2059
2059
2057
2050
2048
2057
2063
2077
2070
2074
2077
2072
2073
2077
2079
2076
2064
2067
2071
2074
2073
2073
2078
2078
2075
2063
2058
2063
2075
2073
2067
2066
2060
2049
2033
2033
2031
2017
2015
2007
1998
1974
1974
1972
1967
1960
1949
1941
1936
1935
1942
1942
1936
1942
1969
1968
1978
1994
2022
2026
2036
2047
2051
2067
2073
2065
2060
2063
2069
2063
2062
2077
2078
2076
2075
2069
2074
2075
2080
2079
2056
2054
2051
2049
2049
2053
2057
2056
2042
2047
2050
2056
2064
2063
2063
2053
2045
2040
2051
2061
2064
2054
2044
2040
2036
2037
2037
2029
2029
2026
1999
1994
1997
1997
1998
2000
1995
1980
1968
1968
1976
1973
1971
1990
1978
1984
1987
1986
1986
1994
1999
1997
1994
1995
2003
2008
2013
2025
2022
2008
2001
2005
2023
2036
2042
2028
2022
2031
2039
2040
2036
2041
2034
2030
2029
2042
2051
2049
2052
2051
2059
2053
2046
2051
2056
2069
2061
2054
2043
2048
2052
2053
2055
2058
2036
2028
2023
2023
2023
2025
2029
2027
2000
2003
2008
2017
2020
2012
2007
2008
2001
2001
2004
1999
1990
1992
1996
1997
1993
1994
1999
1998
1995
1976
1974
1973
1982
1986
1984
1980
1971
1971
1973
1985
1995
1995
1992
1995
1999
1996
1995
1991
1990
1997
2004
2005
2008
2018
2022
2042
2043
2041
2040
2049
2055
2064
2068
2073
2079
2075
2070
2079
2088
2093
2094
2089
2106
2099
2097
2098
2091
2091
2091
2083
2079
2047
2040
2038
2030
2029
2025
2021
2014
1991
1990
1986
1979
1958
1956
1955
1951
1947
1955
1957
1961
1973
1982
1987
1996
2011
2037
2057
2075
2085
2102
2126
2131
2130
2129
2124
2122
2125
2126
2096
2096
2096
2094
2066
2049
2037
2033
2030
2008
2002
1995
1989
1984
1969
1965
1973
1970
1966
1968
1976
1988
1986
1983
1988
1998
2001
2000
1994
1995
1996
1996
1993
1991
1987
1981
1980
1981
1978
1985
1991
1993
1988
1981
1982
1984
1989
1988
1990
1989
1987
1999
2006
2010
2007
2003
2019
2014
2021
2022
2020
2016
2025
2028
2043
2047
2044
2048
2059
2071
2075
2072
2072
2081
2081
2080
2090
2093
2091
2087
2084
2078
2080
2082
2083
2072
2067
2052
2040
2040
2017
2025
2029
2022
2021
2025
2036
2035
2020
2018
2012
2010
2025
2027
2021
2024
2034
2043
2038
2032
2023
2022
2019
2016
2016
2012
2014
2017
2016
2021
2026
2026
2017
2019
2027
2027
2027
2029
2048
2046
2042
2037
2032
2037
2041
2043
2034
2037
2026
2018
2022
2033
2035
2025
2022
1999
1995
1994
2001
2011
2009
2003
2003
2010
2016
2021
2022
2010
2007
1998
1994
1993
1996
1993
2002
2013
2018
2016
2021
2025
2028
2029
2031
2026
2024
2036
2025
2034
2048
2008
2008
2004
2006
2014
2008
1999
1998
1997
1994
1979
1980
1982
1988
1988
1990
1998
1987
1992
1987
1979
1980
1976
1981
1998
2010
2013
2006
2013
2016
2030
2031
2043
2047
2055
2073
2073
2076
2073
2071
2073
2081
2087
2101
2095
2088
2090
2089
2088
2102
2111
2087
2079
2079
2082
2072
2066
2064
2065
2060
2060
2061
2060
2052
2042
2029
2025
2019
2021
2018
2025
2032
2029
2028
2027
2020
2016
2031
2031
2037
2036
2044
2057
2061
2066
2072
2042
2031
2025
2024
2017
2018
2019
2017
2010
2016
2004
1988
1984
1979
1975
1971
1969
1959
1955
1952
1949
1945
1945
1945
1940
1933
1932
1935
1925
1930
1932
1934
1927
1925
1942
1936
1934
1938
1930
1926
1926
1927
1926
1929
1938
1948
1951
1951
1939
1933
1928
1962
1983
2015
2050
2068
2082
2084
2086
2111
2124
2138
2147
2162
2210
2213
2216
2227
2245
2260
2265
2265
2238
2237
2230
2220
2217
2219
2230
2245
2251
2241
2234
2219
2202
2193
2189
2188
2187
2168
2168
2158
2144
2117
2107
2099
2089
2086
2069
2066
2058
2052
2051
2041
2029
2013
1954
1946
1934
1916
1864
1851
1833
1813
1798
1740
1726
1705
1689
1678
1663
1658
1646
1619
1618
1633
1647
1670
1684
1685
1684
1691
1704
1731
1761
1783
1797
1813
1836
1857
1952
1980
2012
2037
2065
2151
2170
2192
2218
2245
2262
2283
2298
2362
2377
2386
2392
2383
2370
2364
2353
2346
2343
2343
2346
2354
2346
2332
2327
2325
2277
2274
2273
2270
2214
2196
2182
2166
2141
2068
2049
2027
2011
1994
1978
1959
1938
1867
1842
1820
1801
1723
1708
1691
1673
1653
1637
1627
1618
1611
1613
1612
1619
1614
1622
1628
1643
1660
1728
1757
1785
1811
1841
1922
1951
1982
2018
2041
2069
2092
2119
2152
2217
2229
2252
2261
2275
2295
2321
2341
2387
2402
2419
2429
2434
2440
2452
2463
2472
2478
2483
2473
2461
2448
2437
2422
2403
2355
2329
2300
2276
2253
2191
2166
2145
2110
2072
2047
2025
1999
1912
1899
1893
1887
1873
1816
1803
1794
1789
1790
1785
1769
1762
1727
1726
1713
1720
1746
1757
1768
1774
1782
1807
1819
1825
1832
1846
1856
1868
1883
1947
1955
1953
1957
1984
1987
1985
1984
1996
2023
2021
2033
2045
2051
2058
2073
2084
2128
2141
2153
2165
2201
2207
2204
2203
2195
2191
2190
2180
2180
2183
2185
2180
2174
2144
2145
2143
2137
2122
2109
2102
2103
2095
2057
2053
2043
2029
2027
2017
2008
1998
1946
1935
1926
1922
1886
1890
1896
1895
1883
1861
1858
1863
1874
1881
1882
1885
1895
1916
1921
1926
1929
1926
1930
1926
1931
1944
1949
1956
1966
1973
2002
2006
2011
2021
2046
2038
2040
2044
2042
2053
2067
2086
2099
2101
2102
2111
2115
2123
2133
2142
2149
2154
2156
2170
2186
2189
2192
2191
2188
2190
2194
2200
2197
2190
2176
2168
2144
2126
2124
2106
2081
2066
2061
2042
2031
2016
2006
2001
1993
1975
1965
1936
1935
1939
1942
1932
1903
1908
1903
1901
1895
1893
1889
1885
1871
1866
1869
1876
1899
1909
1915
1916
1918
1938
1941
1948
1950
1954
1954
1958
1968
1990
1994
2010
2023