2014
2015
2020
2023
2032
2029
2021
2019
2022
2024
2024
2032
2038
2033
2030
2025
2023
2024
2022
2016
2017
2017
2012
2008
2006
2004
2008
2005
2007
2010
2015
2019
2016
2020
2023
2030
2029
2031
2029
2027
2020
2021
2028
2036
2041
2040
2037
2044
2044
2045
2048
2048
2049
2049
2045
2051
2051
2040
2039
2033
2035
2039
2036
2035
2033
2023
2022
2024
2026
2034
2032
2029
2030
2034
2035
2031
2032
2032
2034
2034
2038
2044
2033
2032
2036
2036
2035
2036
2043
2047
2029
2034
2041
2048
2049
2047
2059
2058
2055
2053
2054
2055
2059
2053
2051
2054
2058
2047
2040
2033
2026
2019
2022
2015
2015
2015
2011
2009
2010
2010
2006
2007
2004
2007
2000
2001
1999
1996
2000
1998
1993
1992
1990
1988
1991
1993
1996
1990
1993
2005
2012
2017
2022
2029
2030
2038
2043
2045
2047
2053
2051
2055
2052
2048
2041
2038
2034
2033
2029
2030
2034
2033
2033
2031
2032
2033
2039
2038
2034
2030
2026
2011
2011
2010
2012
2012
2009
2008
2007
2004
2010
2019
2022
2020
2012
2012
2017
1997
1982
1977
1979
1987
1988
1990
1994
1993
1991
1992
1986
1993
2007
2015
2020
2021
2023
2020
2018
2018
2026
2022
2021
2019
2012
2017
2023
2020
2024
2025
2025
2021
2013
2012
2012
2018
2019
2029
2030
2035
2044
2054
2064
2068
2076
2084
2086
2079
2075
2077
2059
2052
2048
2043
2035
2035
2033
2023
2020
2012
2008
2008
2014
2022
2025
2017
2020
2012
2011
2014
2021
2032
2038
2043
2044
2039
2038
2039
2040
2046
2034
2035
2034
2037
2037
2043
2043
2048
2039
2031
2034
2035
2031
2027
2026
2026
2027
2026
2021
2018
2017
2016
2021
2022
2027
2025
2022
2022
2025
2029
2036
2039
2039
2040
2044
2043
2045
2044
2036
2041
2037
2040
2039
2035
2037
2037
2035
2036
2039
2040
2038
2035
2040
2041
2038
2034
2034
2040
2041
2049
2041
2042
2038
2033
2034
2032
2030
2021
2013
2006
2003
2003
1993
1990
1989
1993
1992
1986
1978
1980
1981
1988
1989
1994
1999
2003
1999
1995
1995
1994
1995
1996
1999
2000
1999
1999
2002
2014
2012
2010
2013
2023
2020
2015
2007
2007
2014
2020
2025
2026
2030
2029
2031
2033
2039
2035
2038
2038
2043
2047
2048
2049
2051
2053
2054
2059
2056
2040
2036
2034
2031
2022
2026
2023
2018
1997
1995
1992
1993
1997
1994
1996
1998
2002
2004
2004
2004
2010
2016
2012
2014
2016
2014
2009
2013
2017
2015
2020
2026
2024
2021
2025
2031
2036
2035
2037
2031
2036
2044
2046
2047
2047
2047
2044
2049
2052
2052
2048
2058
2054
2059
2055
2054
2058
2065
2063
2062
2059
2065
2069
2069
2064
2064
2064
2064
2061
2061
2057
2055
2053
2042
2035
2035
2023
2020
2014
2006
1995
1990
1994
1994
2006
2007
2003
2003
2010
2012
2014
2018
2019
2026
2029
2031
2030
2039
2036
2035
2039
2032
2029
2034
2037
2038
2037
2033
2029
2032
2029
2031
2029
2031
2019
2023
2020
2016
1999
1998
1995
2000
2000
1996
2003
2005
2004
2007
2009
2009
2016
2014
2018
2016
2021
2021
2024
2026
2027
2019
2019
2018
2020
2024
2019
2021
2018
2017
2017
2022
2019
2025
2033
2030
2033
2038
2047
2045
2041
2042
2044
2037
2033
2032
2033
2026
2024
2023
2027
2024
2021
2020
2021
2012
2011
2009
2004
2017
2020
2021
2015
2009
2004
2003
2000
1997
1997
1996
1991
1990
1990
1991
1993
2000
2003
2001
2003
2007
2019
2023
2027
2029
2034
2045
2054
2051
2056
2057
2060
2062
2061
2054
2055
2056
2053
2043
2043
2038
2030
2031
2032
2036
2036
2042
2044
2045
2046
2046
2035
2037
2036
2035
2034
2034
2033
2031
2036
2038
2035
2036
2041
2041
2036
2034
2029
2014
2009
2003
2011
1997
1998
2001
2004
2004
2003
2008
2012
2018
2030
2028
2033
2039
2041
2046
2046
2048
2051
2048
2052
2053
2052
2051
2052
2058
2057
2047
2050
2044
2042
2041
2033
2032
2034
2025
2023
2019
2015
2015
2011
2010
2013
2017
2009
2009
2008
2004
2004
2001
1998
1992
1992
1989
1988
1988
1993
1996
1995
1995
1999
1990
1988
1998
2001
2008
2012
2013
2015
2012
2013
2016
2019
2019
2034
2029
2034
2034
2035
2038
2041
2042
2044
2050
2055
2055
2057
2061
2056
2047
2045
2048
2048
2047
2045
2040
2038
2031
2027
2019
2017
2014
2010
2010
2009
2001
1999
1994
1994
1996
2002
2003
2006
2006
2003
2003
2003
2003
2005
2013
2021
2021
2026
2020
2012
2016
2022
2026
2029
2029
2027
2025
2024
2029
2032
2035
2039
2051
2058
2059
2059
2057
2057
2064
2069
2076
2073
2071
2072
2070
2068
2069
2065
2064
2061
2061
2063
2064
2035
2032
2027
2018
2023
2023
2020
2014
2011
2009
2008
2011
2014
2006
2006
2007
2013
2011
2012
2013
2009
2003
2009
2014
2010
2009
2003
1999
1998
2004
2002
1996
1998
1996
2002
2004
2010
2010
2012
2017
2010
1999
2020
2022
2026
2028
2032
2028
2027
2022
2029
2033
2034
2036
2043
2058
2057
2058
2060
2067
2062
2064
2067
2059
2052
2052
2055
2057
2045
2047
2046
2042
2039
2036
2026
2020
2003
2002
2008
2008
2002
2003
2005
2006
2006
2014
2012
2014
2017
2013
2013
2008
2008
2002
1996
1999
2008
2001
2002
2004
2010
2012
2014
2017
2020
2021
2025
2023
2029
2037
2039
2038
2038
2040
2044
2047
2049
2049
2035
2031
2032
2032
2034
2032
2027
2025
2017
2013
2009
2010
2019
2026
2022
2020
2021
2034
2033
2033
2033
2034
2022
2022
2025
2028
2032
2032
2042
2043
2036
2036
2036
2036
2031
2032
2033
2032
2035
2027
2022
2020
2019
2018
2020
2018
2010
2008
2000
1995
1992
1992
1989
1986
1983
1982
1980
1986
1987
1991
2018
2018
2019
2025
2029
2031
2033
2036
2049
2055
2053
2049
2047
2045
2046
2043
2044
2051
2051
2043
2043
2038
2038
2036
2028
2029
2021
2018
2015
2014
2011
2013
2017
2016
2020
2023
2024
2018
2015
2016
2022
2027
2034
2022
2025
2026
2030
2034
2033
2039
2038
2028
2032
2037
2037
2038
2039
2036
2033
2034
2037
2041
2037
2037
2035
2032
2036
2035
2035
2037
2037
2036
2043
2043
2044
2046
2043
2046
2047
2052
2046
2047
2043
2038
2036
2039
2032
2036
2037
2026
2031
2029
2036
2032
2032
2032
2030
2012
2014
2017
2020
2018
2019
2019
2020
2015
2013
2015
2018
2016
2018
2018
2019
2019
2010
2012
2009
2005
2004
1998
1997
2002
2004
2004
2001
2004
2005
1995
1995
1990
1988
1992
1993
1998
2003
2033
2033
2031
2033
2033
2042
2048
2052
2050
2050
2047
2051
2051
2050
2045
2039
2041
2023
2024
2022
2016
2010
2005
2002
2003
2006
2003
2006
2007
2008
2013
2019
2023
2028
2017
2018
2018
2018
2023
2024
2025
2026
2023
2022
2031
2037
2036
2033
2034
2039
2038
2034
2034
2040
2037
2032
2034
2033
2028
2023
2020
2024
2025
2024
2025
2027
2028
2025
2008
2008
2006
2004
2005
2007
2011
2012
2013
2008
2008
2009
2013
2016
2020
2027
2027
2027
2025
2028
2029
2034
2039
2041
2040
2043
2042
2049
2051
2049
2034
2033
2035
2038
2035
2034
2033
2034
2040
2038
2039
2048
2050
2057
2059
2061
2063
2065
2062
2059
2067
2066
2062
2066
2068
2055
2048
2044
2043
2038
2035
2032
2025
2002
2002
2001
2004
2000
1980
1980
1976
1975
1971
1966
1964
1965
1980
1979
1984
1984
2013
2014
2017
2024
2033
2050
2050
2053
2055
2060
2073
2073
2074
2062
2056
2050
2056
2059
2060
2060
2062
2041
2037
2037
2040
2044
2044
2041
2036
2031
2028
2027
2028
2036
2025
2024
2028
2027
2010
2004
2004
2004
2004
2009
2005
2004
2005
2006
2003
2002
2003
2001
2004
2004
2003
2002
2006
2011
2015
2005
2005
2009
2011
2017
2017
2012
2008
2008
2007
2010
2012
2014
2017
2020
2020
2021
2033
2030
2034
2036
2040
2035
2038
2043
2039
2045
2044
2044
2048
2033
2034
2039
2040
2044
2042
2037
2038
2009
2009
2003
2003
1997
1992
1993
1995
1991
1987
1988
1989
1989
2006
2009
2011
2015
2013
2016
2023
2024
2019
2020
2023
2022
2020
2023
2029
2035
2033
2031
2029
2028
2030
2035
2037
2036
2037
2038
2040
2046
2047
2050
2056
2054
2057
2058
2056
2056
2057
2057
2047
2049
2040
2043
2026
2021
2022
2019
2021
2013
2006
2008
2011
2006
2004
2004
2001
1996
2005
2006
2004
1995
2001
2005
2009
2015
2020
2016
2020
2028
2035
2036
2040
2044
2048
2048
2052
2052
2055
2055
2055
2055
2052
2053
2056
2058
2066
2059
2055
2052
2055
2054
2055
2060
2060
2034
2038
2033
2027
2009
2002
2001
2005
2009
2007
2007
2002
2000
1997
1992
1988
1992
1996
1993
1994
1995
2010
2015
2015
2011
2011
2007
2003
2003
2004
2010
2012
2015
2015
2017
2013
2014
2018
2020
2021
2024
2021
2031
2032
2032
2038
2042
2037
2035
2039
2051
2051
2049
2056
2059
2068
2068
2064
2058
2066
2062
2065
2059
2051
2038
2032
2029
2027
2022
2020
2026
2023
2003
1999
2002
1997
1998
1996
1994
1995
1993
1994
1996
1994
1994
1993
1997
1998
1999
2005
2007
2006
2011
2016
2022
2028
2033
2034
2036
2029
2033
2036
2029
2033
2028
2021
2025
2022
2025
2026
2030
2032
2034
2041
2042
2035
2036
2035
2035
2022
2019
2015
2014
2014
2014
2017
2015
2008
2010
2008
2003
2007
2005
2006
2004
2011
2013
2015
2021
2026
2033
2035
2033
2033
2039
2040
2041
2039
2044
2045
2042
2046
2051
2053
2048
2050
2048
2046
2046
2045
2045
2039
2042
2040
2040
2038
2038
2036
2032
2035
2047
2050
2048
2049
2037
2031
2036
2041
2034
2032
2029
2029
2034
2036
2038
2031
2028
2025
2026
2025
2024
2018
2017
2013
2011
2010
2006
2000
2005
1994
1991
1993
1989
1988
1999
1999
1999
1998
2000
2005
2010
2009
2004
2007
2014
2017
2024
2023
2030
2033
2031
2024
2017
2021
2018
2016
2015
2016
2017
2013
2013
2018
2025
2033
2034
2035
2029
2023
2027
2025
2023
2030
2026
2025
2021
2023
2029
2032
2039
2042
2040
2040
2035
2033
2027
2028
2034
2028
2026
2026
2021
2022
2022
2026
2032
2030
2026
2009
2001
1989
1980
1941
1933
1929
1935
1940
1942
1941
1942
1948
1955
1961
1970
1981
2027
2040
2052
2065
2072
2075
2071
2077
2074
2072
2068
2067
2063
2052
2052
2057
2061
2063
2063
2068
2064
2069
2068
2075
2074
2097
2095
2100
2105
2113
2122
2125
2123
2125
2124
2124
2128
2129
2108
2107
2103
2100
2094
2091
2089
2080
2079
2067
2064
2057
2045
2031
2017
2008
1999
1954
1946
1936
1930
1891
1881
1880
1878
1885
1887
1889
1893
1896
1916
1923
1930
1938
1949
1959
1963
1970
1994
1999
2010
2018
2026
2027
2036
2035
2040
2041
2056
2066
2073
2085
2093
2106
2111
2126
2127
2131
2129
2097
2095
2097
2092
2083
2067
2061
2053
2051
2041
2028
2025
2023
2019
2021
2019
2019
2007
2000
1999
1995
1990
1986
1982
1977
1980
1976
1964
1962
1953
1951
1950
1943
1942
1933
1930
1934
1938
1941
1942
1945
1947
1951
1956
1964
1966
1967
1970
1967
1976
1980
2003
2010
2021
2029
2037
2051
2066
2075
2098
2107
2119
2124
2130
2132
2137
2146
2153
2150
2150
2145
2140
2121
2117
2111
2108
2080
2072
2073
2064
2060
2047
2047
2043
2038
2034
2030
2029
2027
2027
2028
2025
2037
2050
2049
2045
2044
2038
2032
2036
2034
2027
2019
2015
2015
2015
1997
1994
1994
2000
2002
1999
1993
1995
1982
1981
1984
1991
1992
1981
1989
1982
1982
1976
1972
1978
1986
2001
2001
2002
2002
1992
1989
1988
1995
2002
2016
2020
2016
2015
2018
2018
2019
2016
2020
2022
2026
2028
2035
2031
2028
2028
2054
2060
2066
2069
2078
2086
2083
2083
2084
2084
2082
2085
2088
2072
2072
2071
2063
2044
2041
2032
2022
2020
2018
2009
2005
1997
1992
1988
1988
1990
1980
1977
1975
1968
1963
1967
1967
1965
1972
1976
1983
1988
1996
1999
2000
1999
1998
2001
2009
2011
2009
2036
2039
2042
2039
2038
2043
2046
2046
2048
2034
2033
2035
2037
2031
2029
2030
2031
2029
2032
2033
2037
2049
2051
2050
2050
2056
2065
2064
2072
2073
2073
2074
2076
2077
2075
2078
2081
2079
2068
2058
2049
2041
2040
2040
2039
2034
2031
2002
1996
1994
1993
1991
1991
1989
1992
1987
1992
1991
1990
1976
1979
1979
1983
1988
1997
2004
2002
2009
2007
2006
2004
2009
2025
2028
2033
2034
2031
2030
2036
2039
2046
2049
2053
2054
2054
2065
2070
2074
2082
2084
2086
2086
2085
2083
2083
2075
2069
2059
2059
2055
2048
2046
2026
2025
2021
2014
2006
2000
1998
1993
1988
1988
1987
1988
1990
1991
1992
1994
1998
1998
1999
1997
2002
2010
2016
2016
2013
2011
2007
2010
2010
2014
2014
2009
2002
1991
1985
1990
1989
1985
1993
1997
1998
1997
2002
2007
2014
2015
2020
2019
2025
2031
2034
2031
2041
2042
2040
2033
2035
2039
2048
2054
2045
2044
2049
2035
2030
2027
2029
2030
2032
2036
2042
2036
2034
2031
2035
2039
2032
2027
2027
2028
2024
2024
2024
2029
2028
2029
2031
2027
2025
2024
2022
2022
2022
2020
2025
2021
2019
2015
2015
2013
2014
2011
2004
2003
2004
2017
2019
2019
2020
2030
2033
2030
2033
2036
2039
2043
2044
2046
2040
2033
2030
2041
2052
2054
2053
2047
2048
2051
2052
2048
2049
2040
2033
2031
2034
2034
2034
2037
2043
2038
2037
2043
2045
2032
2029
2032
2033
2029
2021
2018
2020
2024
2023
2020
2022
2016
2013
2012
2015
2022
2022
2019
2015
2014
2008
2007
2010
2010
2015
2006
2004
2007
2012
2014
2019
2021
2018
2017
2014
2012
2015
2019
2020
2024
2027
2023
2028
2031
2030
2029
2032
2029
2024
2029
2033
2035
2038
2040
2038
2037
2035
2035
2027
2029
2029
2030
2026
2022
2021
2021
2023
2014
2013
2015
2016
2003
2001
2000
1996
1979
1974
1971
1977
1986
2000
2007
2014
2015
2014
2019
2024
2025
2036
2038
2044
2049
2049
2054
2057
2057
2063
2058
2050
2046
2047
2053
2050
2054
2061
2067
2064
2063
2065
2049
2053
2052
2056
2057
2049
2045
2053
2058
2048
2046
2041
2045
2039
2042
2043
2044
2028
2030
2026
2027
2013
2010
2012
2013
2018
2012
2004
2005
2004
2001
2004
2005
2003
1995
1997
1993
1992
1980
1976
1981
1986
2002
2003
2000
2003
2005
1993
1993
1995
2001
2010
2006
2011
2019
2017
2015
2021
2033
2026
2026
2023
2019
2020
2019
2026
2031
2039
2036
2044
2042
2039
2042
2042
2041
2048
2039
2037
2040
2044
2044
2036
2030
2027
2032
2028
2027
2028
2031
2026
2026
2030
2027
2017
2018
2025
2030
2022
2017
2010
2012
2016
2015
2014
2020
2025
2024
2020
2024
2023
2015
2014
2018
2022
2015
2018
2021
2025
2024
2035
2039
2046
2049
2053
2058
2062
2076
2072
2069
2067
2067
2054
2053
2052
2052
2045
2040
2032
2031
2033
2021
2019
2018
2019
2012
2007
2005
2003
1993
1987
1983
1982
1982
1986
1996
2002
2001
2014
2021
2025
2034
2039
2037
2032
2032
2027
2027
2026
2033
2047
2047
2049
2050
2052
2039
2041
2039
2041
2036
2032
2031
2031
2018
2016
2017
2014
2009
2003
2002
1997
2002
2006
2002
2005
2002
2000
1999
2000
2001
2006
2003
2006
2017
2016
2014
2015
2011
2011
2019
2014
2019
2019
2032
2029
2031
2035
2042
2038
2041
2042
2044
2042
2037
2035
2030
2041
2041
2048
2050
2055
2052
2048
2045
2036
2029
2029
2035
2038
2032
2032
2036
2036
2033
2032
2031
2032
2026
2029
2034
2035
2036
2041
2038
2044
2049
2042
2036
2041
2044
2040
2037
2036
2041
2043
2044
2038
2035
2028
2026
2031
2031
2026
2024
2021
2024
2023
2007
2014
2015
2013
2011
2010
2007
2008
2000
2001
1997
1996
1991
1988
1986
1986
1995
1998
2004
2003
1998
2002
2006
2007
2005
1997
1996
2001
2000
2003
2002
2005
2007
2014
2013
2011
2015
2018
2020
2019
2015
2013
2029
2025
2028
2033
2038
2043
2042
2043
2043
2043
2042
2040
2039
2040
2037
2035
2036
2041
2038
2043
2043
2040
2043
2044
2049
2043
2042
2043
2046
2051
2055
2056
2054
2047
2041
2038
2036
2034
2032
2039
2037
2038
2028
2023
2030
2029
2030
2025
2018
2019
2019
2012
2003
1993
1993
1993
1993
1993
1994
2007
2006
2016
2023
2019
2020
2020
2027
2034
2032
2033
2036
2039
2039
2043
2042
2042
2046
2044
2048
2049
2058
2060
2058
2058
2061
2062
2067
2066
2055
2053
2049
2044
2042
2031
2026
2023
2022
2016
2012
2014
2008
1990
1988
1986
1981
1980
1976
1969
1969
1969
1970
1966
1966
1963
1970
1975
1980
1983
1985
1989
1995
2004
2006
2011
2010
2008
2009
2011
2017
2020
2019
2015
2014
2009
2002
2017
2022
2023
2026
2023
2023
2036
2042
2048
2053
2059
2067
2074
2076
2081
2090
2097
2103
2102
2104
2102
2102
2102
2101
2098
2104
2097
2090
2084
2080
2082
2081
2072
2070
2038
2036
2031
2029
2011
2008
2006
2005
2006
2000
2001
2003
2013
2021
2022
2023
2015
2012
2011
2015
2016
2014
2014
2014
2020
2015
2018
2017
2012
2002
2010
2016
2024
2026
2026
2024
2020
2024
2025
2015
2015
2014
2005
2008
2011
2017
2015
2010
2004
1997
1998
1997
1995
2003
2006
2010
2009
2003
1995
1995
2001
2002
2000
1988
1992
1999
1998
2003
2002
2006
2005
2009
2008
2012
2017
2023
2023
2023
2023
2023
2018
2022
2019
2012
2012
2011
2015
2015
2017
2016
2021
2028
2023
2017
2022
2026
2027
2032
2033
2037
2036
2026
2037
2041
2040
2040
2053
2043
2045
2048
2045
2041
2038
2036
2026
2023
2024
2022
2020
2021
2021
2025
2027
2041
2041
2040
2041
2037
2032
2031
2028
2038
2035
2032
2033
2034
2030
2034
2033
2049
2049
2054
2055
2052
2062
2063
2060
2062
2054
2052
2054
2053
2060
2065
2065
2060
2058
2055
2056
2060
2057
2054
2047
2043
2040
2042
2043
2042
2038
2028
2023
2018
2012
1999
1992
1999
2001
2004
2012
2010
2001
1998
1997
1999
2004
2004
1990
1984
1988
1992
1984
1977
1980
1976
1973
1977
1981
1987
1994
1987
1981
1984
1991
1992
1999
1999
2000
2016
2027
2030
2028
2045
2046
2047
2045
2038
2044
2039
2040
2047
2046
2050
2048
2053
2039
2044
2044
2043
2045
2044
2043
2042
2037
2035
2034
2035
2035
2031
2028
2025
2019
2017
2013
2014
2020
2021
2022
2024
2022
2028
2026
2023
2024
2027
2019
2019
2019
2024
2031
2031
2029
2029
2031
2033
2043
2043
2031
2033
2035
2034
2029
2019
2022
2021
2022
2024
2026
2027
2029
2035
2035
2034
2033
2033
2032
2031
2030
2035
2035
2041
2046
2048
2046
2041
2046
2051
2053
2052
2051
2052
2047
2045
2044
2045
2041
2044
2043
2039
2037
2031
2031
2032
2037
2038
2042
2043
2035
2011
2007
2003
2004
1992
1996
1997
1994
1983
1980
1976
1977
1977
1971
1972
1980
1988
1989
1988
1988
1991
1989
1989
1991
1992
1998
2005
2013
2019
2025
2026
2027
2029
2027
2032
2037
2039
2037
2030
2039
2039
2044
2045
2048
2039
2039
2030
2022
2020
2023
2029
2034
2035
2035
2035
2028
2029
2034
2031
2042
2042
2045
2046
2048
2051
2052
2057
2062
2057
2051
2045
2042
2036
2030
2027
2024
2025
2025
2023
2023
2010
2010
2014
2018
2021
2025
2026
2026
2029
2036
2034
2035
2039
2040
2048
2048
2041
2034
2029
2028
2027
2024
2024
2027
2035
2032
2039
2040
2041
2036
2035
2036
2038
2038
2042
2041
2039
2042
2052
2053
2054
2054
2055
2047
2050
2057
2064
2065
2061
2058
2056
2040
2035
2029
2020
2022
2019
2020
2025
1999
2007
2007
2002
2001
2037
2045
2060
2064
2064
2058
2053
2045
2027
2023
2019
2018
2020
2019
2015
2016
2015
1992
1984
1977
1969
1967
1966
1959
1960
1949
1946
1952
1949
1959
1965
1968
1973
1996
1996
1997
1993
2003
2000
1998
2002
2016
2021
2025
2028
2037
2046
2042
2047
2053
2062
2068
2070
2075
2078
2059
2060
2059
2061
2065
2062
2068
2064
2042
2037
2032
2029
2020
2018
2016
2020
2022
2019
2020
2014
2003
1992
1993
1998
1995
1993
1989
1989
1984
1975
1979
1983
1989
2006
2009
2016
2022
2024
2021
2028
2031
2025
2021
2017
2013
2008
1995
1999
2003
2003
2021
2022
2028
2032
2035
2026
2021
2020
2018
2026
2039
2052
2061
2070
2061
2058
2063
2063
2061
2065
2075
2078
2077
2082
2081
2080
2077
2081
2088
2084
2078
2078
2077
2076
2062
2059
2056
2063
2062
2041
2043
2042
2035
2037
2035
2033
2035
2028
2018
2014
2011
2007
2011
2014
2019
2019
2030
2029
2028
2029
2030
2031
2030
2027
2013
2006
2002
2000
2002
1999
1999
2007
2004
2003
1995
1992
1994
1991
1992
1999
1999
2007
2011
2018
2026
2029
2028
2027
2021
2024
2026
2023
2023
2021
2020
2019
2019
2015
2002
1997
1988
1987
1994
1991
1987
1991
1993
1994
1993
1995
1992
1989
1987
1996
2007
2005
2003
2000
2004
1987
1987
1992
1999
2007
2007
2005
2005
1996
1987
1985
1987
1980
1957
1947
1937
1923
1873
1864
1858
1848
1777
1759
1738
1725
1710
1647
1630
1611
1601
1592
1589
1578
1573
1596
1597
1609
1621
1672
1697
1717
1736
1750
1794
1809
1822
1846
1870
1893
1912
1936
2043
2079
2113
2155
2357
2415
2474
2533
2596
2763
2809
2861
2909
2945
2982
3020
3064
3220
3266
3313
3361
3483
3519
3541
3564
3627
3628
3629
3623
3618
3548
3515
3478
3446
3408
3363
3306
3258
3029
2965
2907
2833
2510
2419
2322
2215
2110
1755
1635
1522
1418
1320
1227
1142
1069
824
766
705
656
500
471
451
431
418
392
386
377
377
378
369
362
357
374
383
398
411
505
551
591
639
865
927
1000
1070
1140
1338
1400
1467
1536
1605
1670
1731
1793
2013
2057
2101
2150
2342
2394
2442
2491
2525
2610
2629
2636
2644
2647
2641
2642
2638
2572
2544
2522
2503
2360
2323
2282
2245
2022
1971
1913
1853
1792
1634
1578
1526
1478
1433
1381
1340
1294
1151
1135
1128
1121
1135
1154
1182
1212
1239
1345
1388
1434
1479
1527
1576
1626
1683
1925
1996
2071
2149
2482
2559
2634
2707
2972
3029
3079
3129
3174
3291
3326
3351
3373
3395
3416
3433
3453
3499
3512
3514
3511
3531
3534
3537
3538
3540
3513
3495
3475
3461
3439
3416
3388
3355
3195
3156
3118
3075
2895
2853
2807
2763
2553
2493
2432
2374
2310
2124
2062
2002
1942
1884
1832
1775
1723
1528
1474
1425
1385
1241
1214
1192
1172
1155
1101
1096
1090
1091
1086
1088
1096
1110
1157
1168
1180
1194
1253
1266
1295
1322
1340
1395
1411
1426
1441
1459
1473
1485
1498
1548
1563
1581
1595
1650
1671
1689
1706
1776
1799
1816
1831
1850
1901
1911
1933
1950
1963
1975
1983
1993
2025
2033
2042
2046
2065
2064
2064
2069
2073
2061
2060
2060
2059
2050
2035
2019
2007
1947
1939
1931
1919
1878
1867
1857
1853
1827
1816
1803
1796
1795
1771
1764
1756
1752
1747
1747
1750
1757
1774
1785
1800
1816
1888
1909
1932
1951
1982
2046
2078
2107
2132
2154
2173
2198
2224
2310
2332
2347
2365
2442
2459
2474
2486
2503
2547
2560
2574
2582
2585
2585
2589
2587
2585
2577
2567
2554
2516
2506
2495
2477
2398
2384
2367
2348
2331
2254
2223
2192
2160
2132
2106
2077
2051
1962
1937
1911
1887
1813
1798
1782
1764
1750
1712
1698
1686
1675
1659
1644
1626
1618
1578
1574
1569
1565
1557
1562
1566
1570
1577
1588
1594
1604
1618
1631
1637
1642
1655
1691
1709
1731
1745
1812
1822
1841
1858
1942
1963
1987
2013
2041
2107
2127
2143
2159
2179
2199
2220
2236
2294
2306
2314
2323
2352
2365
2372
2375
2383
2405
2408
2412
2416
2413
2412
2413
2413
2396
2385
2372
2366
2337
2333
2323
2313
2304
2274
2267
2259
2251
2236
2224
2213
2204
2163
2164
2161
2157
2123
2108
2106
2102
2068
2062
2054
2049
2039
2012
2001
1993
1990
1987
1980
1967
1952
1916
1910
1903
1898
1859
1854
1855
1856
1849
1851
1854
1855
1863
1869
1873
1887
1897
1915
1922
1930
1937
1952
1959
1964
1969
2006
2018
2028
2041
2052
2064
2068
2068
2072
2070
2063
2064
2063
2035
2032
2021
2016
1970
1964
1954
1944
1930
1888
1875
1866
1852
1839
1830
1822
1825
1790
1784
1772
1773
1767
1768
1768
1766
1765
1782
1787
1788
1792
1796
1805
1813
1825
1856
1865
1880
1897
1934
1945
1953
1964
1992
1996
2003
2008
2018
2046
2056
2066
2080
2092
2097
2100
2101
2130
2137
2144
2152
2180
2181
2180
2184
2194
2211
2222
2228
2230
2235
2242
2247
2248
2261
2261
2263
2261
2243
2243
2241
2231
2187
2186
2183
2176
2167
2140
2136
2126
2113
2101
2093
2085
2075
2037
2034
2037
2034
2005
2000
2000
2000
2003
2002
2001
2002
2001
1999
2001
2009
2010
2024
2022
2024
2024
2030
2029
2032
2031
2032
2030
2029
2035
2034
2026
2025
2021
2017
2012
2008
2004
1998
1964
1962
1968
1970
1948
1943
1945
1949
1954
1952
1951
1955
1959
1960
1962
1967
1971
1977
1974
1975
1982
1992
1993
1995
2000
2002
2003
2004
1998
2006
2011
2007
2011
2016
2024
2030
2033
2029
2022
2020
2024
2025
2019
2020
2014
2015
2014
2011
2006
2005
2001
1998
1998
1997
1997
1974
1971
1976
1975
1978
1978
1978
1980
1985
1975
1974
1975
1976
1980
1983
1983
1987
1986
1985
1989
1996
2005
2005
2008
2016
2029
2042
2043
2044
2045
2050
2061
2061
2069
2085
2089
2092
2093
2088
2092
2092
2094
2090
2088
2091
2090
2083
2073
2075
2071
2073
2080
2081
2084
2087
2083
2088
2092
2095
2091
2087
2091
2091
2090
2097
2093
2092
2089
2091
2094
2097
2096
2097
2091
2084
2076
2077
2074
2068
2063
2062
2041
2036
2030
2027
2008
2002
1993
1982
1978
1967
1963
1962
1970
1970
1971
1971
1974
1980
1978
1980
1977
1985
1984
1988
1987
1988
1994
1994
1997
2002
1998
2006
2011
2013
2013
2012
2007
2005
1994
1990
1988
1985
1987
1989
1994
1996
1996
2001
2004
2011
2013
2014
2008
2009
2015
2012
2012
2014
2018
2021
2024
2023
2028
2038
2046
2049
2049
2047
2046
2046
2042
2040
2027
2023
2021
2023
2024
2015
2007
2004
2004
1998
1996
1995
1994
1991
1991
1989
1989
1971
1972
1977
1972
1961
1961
1964
1958
1959
1957
1961
1958
1956
1955
1959
1969
1980
1987
1994
2005
2010
2015
2017
2019
2023
2057
2064
2068
2078
2087
2088
2091
2089
2090
2093
2096
2106
2108
2117
2127
2132
2138
2150
2151
2154
2150
2152
2147
2145
2149
2147
2143
2139
2137
2135
2115
2098
2095
2090
2068
2066
2066
2062
2038
2031
2022
2017
2016
2002
2001
1999
1999
1995
1992
1993
1995
1985
1983
1976
1981
1973
1968
1966
1965
1967
1963
1962
1961
1970
1975
1972
1968
1970
1970
1972
1970
1971
1977
1974
1974
1971
1985
1980
1982
1987
1983
1982
1982
1981
1974
1981
1981
1983
1984
1990
1992
1995
1999
1991
1998
2003
2002
2003
2004
2008
2010
2013
2011
2008
2003
2006
2011
2002
1987
1968
1936
1947
1959
1966
2027
2033
2039
2044
2049
2023
2024
2026
2029
2037
2046
2054
2058
2023
2029
2027
2017
2028
2040
2047
2059
2070
2072
2076
2073
2076
2080
2074
2072
2081
2120
2121
2116
2111
2108
2103
2111
2120
2141
2139
2140
2138
2141
2121
2125
2125
2128
2124
2125
2124
2125
2111
2111
2106
2099
2089
2081
2072
2069
2068
2046
2036
2037
2031
2027
2026
2029
2028
2026
2024
2015
2009
1986
1986
1979
1983
1974
1971
1967
1962
1949
1936
1941
1942
1949
1957
1962
1965
1970
1963
1964
1968
1970
1976
1976
1977
1974
1971
1958
1950
1946
1955
1954
1957
1958
1956
1954
1954
1961
1964
1973
1971
1973
1976
1985
1981
1979
1976
1974
1973
1977
1980
1979
1973
1971
1965
1957
1975
1980
1985
1990
2007
2016
2020
2019
2014
2007
2010
2005
2004
2004
2005
2005
2003
1983
1981
1975
1971
1957
1958
1960
1964
1966
1959
1949
1938
1938
1935
1929
1923
1920
1907
1898
1899
1895
1875
1873
1872
1871
1859
1853
1852
1851
1847
1815
1804
1794
1793
1804
1816
1832
1844
1874
1881
1887
1901
1972
1994
2021
2049
2081
2183
2225
2261
2307
2348
2392
2433
2477
2620
2656
2686
2714
2802
2821
2841
2850
2880
2884
2892
2896
2897
2894
2895
2887
2879
2870
2867
2860
2849
2788
2765
2739
2713
2616
2582
2551
2522
2492
2377
2335
2288
2247
2204
2153
2105
2060
1871
1826
1782
1731
1561
1522
1494
1462
1322
1293
1262
1237
1213
954
823
708
616
547
505
495
523
745
798
845
885
1005
1043
1086
1140
1192
1369
1438
1499
1550
1579
1608
1653
1713
1904
1929
1943
1964
1975
1954
1945
1930
1900
1877
1878
1914
1991
2065
2137
2210
2300
2609
2681
2741
2788
2911
2924
2929
2922
2744
2685
2630
2577
2534
2475
2476
2479
2483
2486
2469
2457
2435
2297
2260
2226
2195
2027
1967
1913
1868
1833
1768
1752
1745
1743
1737
1713
1682
1639
1401
1344
1289
1244
1157
1149
1145
1135
1116
1131
1164
1205
1253
1365
1385
1397
1412
1422
1447
1476
1518
1799
1885
1973
2060
2380
2455
2528
2601
2662
2812
2851
2881
2902
2912
2917
2923
2929
2948
2957
2974
2983
3010
3017
3024
3039
3095
3095
3095
3093
3086
3026
3003
2979
2962
2945
2924
2905
2878
2714
2657
2602
2546
2294
2228
2161
2094
2028
1846
1783
1722
1672
1620
1569
1524
1482
1304
1260
1216
1169
1023
1001
976
948
930
910
921
942
966
998
1026
1064
1103
1300
1353
1415
1484
1716
1766
1811
1847
2016
2061
2112
2159
2204
2306
2333
2355
2370
2390
2410
2440
2467
2561
2581
2593
2603
2599
2600
2595
2589
2580
2576
2560
2550
2536
2525
2517
2505
2493
2414
2383
2347
2313
2153
2118
2081
2050
2026
1941
1913
1882
1846
1817
1797
1778
1752
1657
1632
1610
1585
1504
1489
1481
1472
1464
1464
1471
1479
1486
1480
1477
1470
1464
1458
1454
1450
1446
1455
1467
1477
1493
1590
1622
1660
1694
1724
1835
1881
1927
1966
2007
2048
2082
2117
2231
2255
2288
2323
2441
2461
2481
2501
2542
2546
2546
2548
2549
2529
2518
2511
2501
2493
2484
2474
2463
2421
2419
2419
2412
2383
2376
2363
2353
2340
2287
2271
2251
2226
2194
2169
2149
2125
2033
2011
1990
1971
1874
1861
1841
1823
1805
1743
1723
1713
1697
1685
1671
1650
1638
1635
1644
1647
1653
1686
1697
1710
1723
1737
1743
1753
1753
1753
1780
1795
1811
1826
1846
1869
1893
1915
2009
2035
2065
2094
2171
2193
2210
2230
2252
2306
2325
2339
2359
2375
2392
2404
2418
2437
2439
2444
2449
2427
2415
2403
2394
2386
2340
2322
2308
2292
2279
2260
2249
2230
2161
2150
2130
2106
2082
2059
2036
2015
1997
1951
1938
1918
1912
1901
1889
1877
1873
1871
1853
1846
1841
1841
1840
1838
1832
1830
1810
1812
1813
1816
1811
1816
1814
1815
1822
1826
1818
1812
1799
1784
1765
1755
1762
1834
1866
1896
1923
2011
2017
2028
2035
2070
2077
2088
2103
2123
2159
2165
2170
2166
2166
2163
2162
2171
2177
2180
2181
2179
2151
2144
2137
2131
2131
2137
2139
2140
2138
2131
2130
2134
2130
2087
2074
2064
2067
2054
2049
2038
2031
1985
1973
1961
1950
1943
1934
1929
1928
1924
1913
1903
1892
1881
1860
1859
1857
1860
1852
1853
1859
1875
1886
1898
1904
1908
1910
1916
1919
1914
1912
1913
1921
1932
1945
1978
1980
1979
1981
1980
1996
2008
2017
2023
2030
2037
2048
2059
2097
2106
2120
2124
2162
2168
2171
2176
2186
2191
2195
2197
2202
2221
2227
2225
2221
2225
2227
2228
2231
2219
2218
2210
2199
2161
2154
2144
2133
2124
2101
2091
2084
2071
2054
2043
2033
2031
2014
2011
2007
2000
1976
1969
1959
1952
1930
1930
1921
1913
1905
1894
1894
1891
1888
1886
1877
1876
1874
1869
1875
1882
1892
1902
1914
1920
1927
1935
1958
1964
1969
1973
1979
1985
1992
2002
2023
2033
2038
2043
2038
2048
2052
2055
2071
2083
2085
2084
2085
2077
2074
2070
2072
2077
2076
2072
2072
2091
2087
2085
2086
2056
2055
2053
2057
2059
2060
2055
2047
2051
2059
2058
2052
2045
2026
2020
2016
2011
1988
1988
1986
1985
1981
1984
1981
1976
1969
1955
1954
1948
1947
1952
1956
1955
1953
1967
1972
1977
1980
1989
1999
2002
2004
2006
1996
1999
2000
2003
2000
2008
2015
2014
2011
2014
2019
2026
2028
2032
2038
2043
2052
2071
2074
2073
2072
2078
2083
2086
2087
2090
2093
2102
2107
2107
2103
2104
2103
2097
2098
2098
2093
2090
2086
2086
2079
2084
2085
2082
2080
2072
2060
2061
2066
2062
2049
2042
2034
2030
2022
2024
2019
2012
1999
1995
1991
1990
1985
1966
1964
1965
1964
1967
1969
1970
1962
1959
1969
1967
1969
1963
1967
1969
1973
1980
1979
1986
1988
1996
2019
2024
2026
2028
2028
2035
2044
2049
2049
2053
2051
2051
2056
2054
2049
2044
2044
2038
2034
2031
2030
2045
2045
2051
2055
2056
2049
2049
2054
2058
2065
2066
2071
2075
2078
2075
2076
2077
2071
2066
2066
2062
2053
2049
2050
2047
2043
2032
2028
2023
2016
2015
2010
2009
2006
1993
1990
1987
1984
1971
1966
1964
1956
1957
1963
1956
1953
1953
1954
1951
1948
1953
1968
1967
1971
1974
1981
1986
1994
1999
2009
2001
2001
2008
1982
1678
1279
1299
1555
2097
2114
2158
2245
2228
2286
2303
2168
2163
2103
2106
2124
2097
2121
2141
2130
2129
2167
2215
2228
2192
2144
2143
2136
2138
2093
2116
2079
2031
2015
2013
2041
2096
2166
2217
2236
2199
2118
2021
1961
1910
1882
1972
2035
2061
2057
2034
1936
1894
1871
1852
1826
1809
1836
1901
2079
2049
2008
1972
1899
1890
1886
1884
1845
1872
1928
1982
2034
2147
2135
2108
2077
2040
2015
2020
2026
1975
1992
2006
2030
2081
2088
2087
2076
2058
1990
2002
2041
2089
2121
2135
2139
2133
2103
2121
2139
2156
2199
2188
2162
2142
2098
2072
2044
2016
1989
1922
1927
1938
1956
1969
1975
1986
1998
1973
1951
1945
1937
1904
1908
1925
1958
1992
2013
2003
1979
1951
1932
1925
1923
1932
1993
2010
2030
2047
2062
2053
2047
2032
2021
2012
2009
2005
2004
2000
2003
2005
2004
2005
2007
2007
2011
1989
1980
1976
1971
1982
1978
1970
1960
1956
1975
1987
2004
2015
2023
2029
2044
2050
2079
2076
2062
2050
1962
1954
1953
1959
1971
1991
1988
1986
1976
1952
1930
1909
1880
1788
1775
1758
1740
1631
1623
1619
1611
1617
1651
1654
1660
1674
1687
1702
1725
1753
1820
1829
1835
1839
1844
1859
1871
1887
2025
2065
2116
2164
2211
2337
2368
2401
2442
2487
2531
2580
2623
2805
2847
2883
2920
3086
3128
3166
3202
3227
3293
3311
3326
3336
3344
3336
3332
3320
3259
3243
3223
3201
3080
3045
3009
2977
2801
2742
2681
2612
2545
2335
2259
2187
2112
2032
1961
1861
1670
1264
1193
1168
1134
1006
954
878
831
808
660
663
685
675
647
648
651
636
622
624
639
663
770
806
836
864
891
973
1006
1050
1082
1109
1149
1194
1235