1980
1983
1993
1994
1993
1994
1996
1996
2001
2007
1999
1990
1996
2004
2011
2007
2002
2010
2016
2015
2012
2017
2018
2010
1991
2003
2016
2023
2023
2023
2026
2030
2031
2025
2011
2012
2026
2055
2058
2055
2055
2061
2088
2082
2078
2068
2067
2070
2069
2062
2036
2026
2019
2014
2010
2011
2014
2021
2017
1995
2005
2011
2021
2027
2042
2048
2050
2051
2047
2044
2055
2065
2075
2065
2056
2052
2059
2070
2068
2066
2055
2054
2064
2068
2067
2061
2068
2070
2065
2073
2073
2070
2071
2062
2047
2046
2048
2041
2031
2030
2031
2030
2017
2010
2002
2003
2013
2017
2013
2007
2009
2011
2009
2006
2008
2008
2003
1997
1994
1992
1989
1965
1971
1982
1989
1989
1984
1972
1971
1971
1964
1961
1951
1958
1967
1974
1973
1959
1973
1976
1986
1982
1977
1985
1994
1998
1984
1982
1987
1988
1993
2036
2037
2028
2028
2036
2040
2041
2038
2039
2030
2029
2040
2035
2037
2036
2037
2033
2020
2023
2014
2008
2012
2013
2010
2008
2022
2039
2047
2052
2055
2069
2074
2067
2062
2070
2076
2086
2101
2080
2066
2066
2072
2074
2063
2059
2045
2042
2031
2019
2008
2004
1994
1980
1971
1965
1961
1958
1957
1963
1980
1979
1982
1991
2000
2010
2010
2004
1998
1994
1998
2000
2006
2006
2020
2031
2034
2035
2024
2019
2024
2031
2041
2043
2048
2049
2071
2075
2068
2062
2079
2079
2082
2093
2117
2168
2179
2183
2191
2196
2193
2197
2200
2182
2178
2181
2185
2182
2177
2169
2154
2137
2119
2104
2092
2077
2022
2024
2021
2017
1998
1997
1991
1994
1995
1978
1966
1952
1946
1939
1935
1934
1938
1894
1891
1886
1883
1878
1880
1873
1862
1862
1860
1867
1870
1887
1895
1893
1890
1890
1901
1913
1926
1943
1958
1971
1975
1984
1988
1984
1987
1993
2000
2025
2031
2035
2046
2120
2116
2128
2140
2140
2153
2169
2180
2186
2193
2196
2196
2187
2166
2161
2160
2158
2163
2138
2128
2116
2118
2132
2136
2126
2112
2090
2093
2085
2075
2031
2023
2009
1993
1984
1980
1976
1966
1955
1923
1903
1901
1906
1892
1887
1886
1895
1896
1899
1903
1904
1910
1892
1883
1887
1900
1908
1893
1879
1869
1844
1836
1838
1848
1863
1867
1872
1878
1884
1913
1925
1939
1950
1955
1963
1967
1975
2052
2067
2085
2110
2129
2157
2169
2181
2203
2226
2237
2248
2260
2270
2279
2285
2295
2299
2299
2307
2311
2312
2291
2278
2265
2265
2264
2251
2239
2231
2181
2168
2163
2151
2137
2099
2082
2067
2050
2034
2018
2000
1982
1928
1916
1904
1900
1853
1853
1848
1836
1826
1808
1803
1794
1784
1779
1790
1805
1811
1804
1812
1822
1840
1902
1910
1910
1915
1928
1964
1974
1993
2008
2025
2037
2045
2052
2095
2108
2116
2124
2140
2144
2151
2166
2175
2182
2185
2193
2200
2194
2191
2194
2202
2197
2202
2195
2184
2178
2161
2150
2141
2125
2113
2101
2089
2067
2018
2006
1992
1979
1963
1923
1910
1899
1895
1885
1873
1866
1856
1847
1851
1846
1837
1832
1819
1829
1842
1852
1864
1867
1860
1860
1860
1862
1868
1882
1900
1898
1905
1918
1963
1974
1986
1994
1992
2008
2010
2014
2022
2033
2043
2052
2054
2063
2067
2073
2084
2094
2120
2117
2117
2115
2128
2146
2151
2151
2179
2188
2194
2202
2199
2203
2203
2203
2191
2192
2187
2181
2175
2165
2157
2147
2144
2132
2133
2128
2127
2107
2103
2095
2088
2086
2069
2069
2055
2042
2041
2032
2020
2007
1977
1973
1975
1974
1972
1945
1947
1942
1940
1935
1931
1918
1912
1912
1901
1891
1891
1902
1897
1887
1887
1893
1901
1891
1885
1891
1895
1907
1924
1930
1938
1949
1960
1960
2000
2023
2032
2027
2020
2035
2040
2049
2054
2056
2060
2068
2068
2063
2062
2068
2076
2078
2064
2065
2072
2086
2094
2094
2100
2105
2121
2130
2143
2144
2114
2113
2118
2112
2103
2083
2065
2056
2053
2041
2034
2034
2030
2002
1995
1989
1987
1986
1974
1979
1986
1993
1986
1986
1978
1973
1984
1980
1980
1983
1971
1965
1966
1971
1973
1975
1976
1980
1987
1998
2007
2011
2017
2029
2038
2046
2051
2064
2060
2059
2066
2079
2089
2088
2086
2086
2093
2105
2110
2115
2108
2107
2103
2109
2112
2106
2110
2099
2082
2074
2081
2081
2079
2063
2061
2065
2069
2048
2041
2036
2029
2024
2020
2017
2016
2014
2007
1998
1994
1991
1978
1976
1975
1970
1950
1945
1941
1934
1933
1934
1931
1924
1925
1927
1925
1916
1909
1903
1906
1908
1904
1902
1913
1920
1927
1932
1939
1949
1955
1955
1978
1978
2000
2015
2026
2031
2038
2043
2052
2053
2056
2065
2071
2076
2077
2080
2078
2098
2097
2096
2088
2070
2073
2076
2072
2064
2058
2060
2057
2058
2053
2045
2040
2044
2042
2044
2045
2040
2040
2031
2035
2044
2048
2046
2044
2042
2043
2047
2042
2035
2033
2053
2050
2045
2050
2055
2055
2063
2066
2071
2073
2077
2075
2073
2076
2079
2093
2099
2087
2090
2086
2086
2091
2092
2090
2090
2089
2084
2077
2081
2076
2074
2069
2061
2059
2038
2033
2028
2015
2005
1999
1992
1990
1990
1991
1976
1964
1964
1947
1950
1950
1942
1918
1914
1925
1936
1941
1944
1943
1941
1941
1939
1940
1950
1954
1961
1972
1983
1980
1995
1993
1994
1997
2004
1994
1995
2002
2006
2005
2011
2018
2020
2026
2021
2025
2028
2027
2021
2018
2015
2004
2002
2005
2008
2016
2019
2017
2025
2031
2038
2043
2044
2047
2048
2031
2033
2032
2042
2042
2046
2046
2044
2022
2019
2019
2021
2012
2008
2016
2016
2020
2029
2034
2042
2051
2054
2046
2044
2037
2041
2042
2040
2041
2051
2053
2051
2053
2050
2062
2064
2057
2046
2047
2057
2061
2056
2055
2067
2073
2067
2067
2073
2072
2062
2068
2077
2070
2058
2051
2057
2058
2058
2052
2042
2043
2045
2044
2042
2036
2037
2034
2029
2029
2038
2047
2051
2040
2036
2037
2041
2034
2039
2026
2020
2020
2019
2014
2012
2018
2026
2024
2027
2038
2032
2035
2035
2032
2010
1995
1996
2000
1994
1994
1990
1979
1973
1970
1968
1967
1963
1943
1940
1936
1939
1938
1930
1933
1949
1955
1952
1956
1964
1971
1962
1977
1984
1982
1989
1989
1995
1995
1996
2030
2036
2040
2043
2050
2052
2046
2036
2062
2072
2086
2093
2099
2103
2103
2107
2110
2120
2126
2125
2126
2113
2117
2119
2118
2121
2121
2123
2123
2120
2116
2112
2103
2101
2101
2103
2093
2076
2064
2038
2040
2043
2040
2037
2033
2035
2037
2015
2004
1994
1993
1968
1965
1972
1982
1995
1989
1990
1990
1986
1987
1984
1979
1980
1976
1972
1972
1973
1972
1977
1986
1990
1989
1984
1983
1981
1986
1999
2008
2015
2014
1917
1941
2045
2137
2090
1997
1915
1920
1992
2032
2017
2010
2020
2033
2048
2070
2076
2014
1995
1992
1985
1971
2007
2015
2010
2008
2016
2035
2058
2071
2010
2023
2029
2019
2045
2034
2004
1989
1996
2023
2036
2047
2033
2003
1990
2005
2019
2002
2002
2015
2030
2030
2015
1993
1990
2003
1999
2005
2014
2025
2030
2031
2027
2030
2041
2042
2035
2023
2009
2026
2046
2073
2107
2134
2123
2100
2067
2047
2040
2032
2023
2012
2029
2048
2062
2060
2010
1993
1977
1986
1995
2003
2006
2018
2078
2082
2083
2072
2060
2055
2049
2050
2054
2065
2058
2049
2034
2015
2011
2021
2041
2076
2060
2039
2022
2035
2040
2040
2036
2031
2023
2019
2025
2026
2019
2003
1979
1960
1950
1965
1970
1970
1968
1982
1983
1986
2000
2014
2008
2004
2006
2011
2007
2007
2016
2024
2013
2022
2035
2047
2045
2047
2040
2039
2046
2045
2041
2036
2044
2047
2044
2045
2049
2059
2062
2057
2054
2049
2035
2038
2043
2041
2034
2034
2037
2015
2011
2006
2013
2026
2036
2050
2053
2050
2042
2043
2051
2064
2068
2065
2063
2065
2063
2063
2056
2052
2050
2024
2008
1991
1986
1980
1977
1974
1980
1964
1959
1966
1967
1958
1963
1965
1963
1964
1973
1971
1963
1965
1969
1972
1968
1968
2003
2008
2009
2010
1996
2000
2013
2024
2028
2007
2002
1997
1990
1986
1986
1988
1989
1948
1951
1962
1969
1941
1939
1930
1928
1945
1992
1992
2003
2008
2007
1999
2001
2015
2052
2058
2064
2062
2062
2076
2073
2077
2082
2087
2094
2098
2095
2074
2084
2089
2089
2099
2102
2107
2113
2121
2146
2152
2163
2177
2175
2174
2179
2188
2217
2210
2205
2198
2195
2183
2166
2153
2136
2128
2122
2102
2093
2086
2083
2082
2074
2030
2032
2032
2029
1991
2000
2002
2000
1982
1953
1948
1943
1945
1942
1934
1932
1939
1951
1958
1964
1970
1964
1949
1945
1940
1939
1943
1943
1937
1931
1883
1883
1895
1899
1903
1904
1912
1919
1927
1941
1946
1956
1966
1975
1987
1991
1987
2010
1998
1995
1996
2036
2048
2058
2059
2066
2063
2064
2073
2079
2077
2083
2093
2100
2086
2088
2092
2089
2063
2057
2048
2051
2054
2047
2046
2048
2045
2048
2050
2053
2053
2040
2038
2033
2025
2018
1998
1989
1984
1983
1985
1987
1982
1968
1956
1962
1965
1963
1938
1933
1927
1923
1920
1922
1919
1926
1931
1930
1931
1936
1950
1971
1974
1982
1985
2004
2007
2000
1994
1996
2015
2024
2025
2025
2021
2025
2031
2038
2046
2057
2068
2079
2105
2100
2114
2128
2137
2139
2138
2139
2145
2148
2155
2155
2149
2153
2148
2148
2153
2157
2143
2144
2153
2154
2157
2158
2156
2153
2142
2119
2108
2098
2080
2073
2062
2052
2046
2033
2026
2021
2018
2012
2014
2018
2017
1991
1987
1976
1965
1938
1943
1942
1937
1929
1923
1923
1922
1922
1929
1925
1930
1936
1944
1949
1957
1964
1964
1983
1979
1981
1986
1990
1991
1998
2011
2033
2036
2041
2046
2065
2070
2072
2078
2085
2059
2057
2058
2066
2081
2083
2073
2063
2049
2055
2064
2070
2078
2084
2076
2073
2082
2078
2078
2074
2065
2051
2052
2056
2047
2025
2015
2008
2010
1999
1998
1998
1995
1993
1981
1969
1966
1963
1953
1953
1961
1960
1962
1954
1948
1947
1946
1959
1953
1947
1946
1948
1951
1952
1955
1973
1968
1976
1976
1987
1977
1982
1988
1985
1997
2003
2002
2005
2001
2004
2018
2028
2025
2028
2028
2031
2057
2059
2058
2059
2060
2074
2078
2071
2077
2082
2087
2085
2085
2091
2100
2100
2095
2098
2095
2093
2084
2087
2089
2081
2068
2062
2046
2049
2045
2033
1995
1991
1994
1996
1996
1990
1996
1995
1992
1987
1984
1982
1984
1966
1961
1959
1970
1979
1979
1987
2000
2006
2009
2008
2007
2008
2004
2003
2007
2010
2006
2006
2014
2019
2021
2009
2012
2014
2014
2017
2015
2008
2008
2034
2041
2050
2049
2059
2066
2068
2071
2078
2080
2075
2074
2075
2076
2083
2087
2094
2097
2096
2098
2100
2089
2085
2080
2075
2079
2072
2071
2068
2072
2067
2063
2057
2061
2063
2065
2069
2071
2067
2052
2052
2048
2046
2046
2036
2026
2027
2024
2029
2027
2021
2005
2006
2007
2002
2002
2012
2016
2022
2023
2019
2019
2011
2009
2005
1999
2001
2001
2009
2009
2019
2027
2025
2010
2005
2014
2015
2015
2013
2013
2012
2013
2015
2017
2009
2004
2001
1999
2004
2008
2004
1993
1990
1996
1981
1993
2000
2000
2003
2005
1995
1994
2000
2017
2019
2006
2003
2009
2009
2002
1996
1981
1979
1972
1961
1950
1955
1955
1960
1960
1951
1962
1962
1962
1969
1969
1971
1981
1983
1992
1994
1999
2005
2007
2017
2016
2017
2018
2019
2021
2020
2021
2023
2019
2023
2021
2029
2036
2046
2050
2042
2042
2042
2045
2045
2051
2055
2058
2050
2050
2042
2048
2046
2041
2046
2056
2071
2070
2067
2066
2065
2066
2067
2076
2077
2072
2078
2077
2066
2064
2075
2081
2079
2072
2061
2059
2062
2062
2061
2058
2053
2054
2057
2059
2068
2078
2083
2087
2087
2089
2087
2080
2083
2087
2091
2076
2072
2078
2081
2074
2064
2060
2053
2045
2037
2038
2038
2041
2034
2031
2034
2033
2026
2028
2025
2028
2023
2019
2007
2009
2012
2019
2020
2017
2011
2012
2015
2016
2010
1995
1990
1994
1993
1996
1965
1967
1970
1971
1974
1970
1962
1959
1944
1949
1953
1963
1968
1973
1965
1962
1972
1991
1983
1990
1990
1986
1985
1992
1998
1997
2005
2008
2014
2010
2008
2004
2008
2010
2008
2005
2008
2013
2015
2020
2015
2007
2000
1997
2002
2008
2009
2028
2025
2020
2016
2010
2009
2010
2016
2017
2010
2006
2012
2019
2022
2022
2022
2027
2038
2042
2056
2063
2067
2068
2068
2067
2070
2073
2072
2072
2061
2063
2066
2066
2068
2072
2064
2062
2059
2057
2052
2054
2059
2054
2051
2046
2041
2035
2041
2042
2036
2035
2033
2025
2020
2019
2023
2025
2023
2023
2024
2020
2030
2038
2040
2027
2022
2019
2020
2033
2045
2050
2042
2023
2034
2042
2044
2034
2019
2008
2012
2016
2022
2015
2011
2014
2014
2012
2014
2025
2039
2041
2037
2044
2046
2034
2037
2034
2033
2028
2030
2031
2027
2019
2025
2027
2036
2029
2028
2023
2019
2020
2009
2013
2011
1996
1993
1991
1993
1991
1966
1964
1972
1977
1962
1955
1955
1967
1974
1960
1959
1963
1980
1999
2003
1996
1988
2016
2023
2025
2021
2018
2039
2048
2056
2057
2051
2048
2062
2066
2041
2045
2045
2053
2052
2051
2056
2056
2058
2051
2053
2065
2071
2073
2069
2071
2067
2080
2070
2059
2056
2069
2063
2058
2053
2051
2056
2058
2061
2058
2053
2054
2061
2067
2052
2047
2042
2042
2031
2029
2035
2038
2037
2039
2038
2029
2016
2028
2027
2019
2005
2006
2012
2012
2005
2001
2018
2007
2000
2005
2012
2018
2024
2020
1995
1988
1981
1987
1974
1973
1979
1974
1969
1969
1974
1986
1995
1987
1973
1970
1982
1998
2006
2016
2025
2021
2022
2021
2022
2026
2031
2039
2044
2040
2018
2028
2043
2052
2055
2052
2053
2064
2077
2077
2083
2083
2078
2080
2081
2072
2075
2072
2067
2063
2063
2061
2056
2050
2047
2034
2005
2007
2013
2011
2008
2002
1999
2001
2003
2017
2027
2029
2009
2014
2006
1996
1991
2014
2009
2001
2005
2009
1997
1991
1994
1992
1993
1990
1983
1989
1981
1982
1993
2004
2011
2016
2016
2016
2033
2033
2036
2045
2052
2064
2068
2064
2071
2106
2101
2099
2102
2109
2117
2120
2122
2109
2116
2120
2118
2089
2080
2078
2066
2052
2032
2027
2021
2008
2006
2011
2009
1998
1982
1969
1963
1961
1961
1953
1956
1961
1968
1977
1983
1991
1989
2002
2005
2004
2005
1988
1984
1987
1987
1990
1992
1993
1983
1983
1983
1987
1990
1989
2017
2014
2013
2013
2018
2023
2029
2028
2028
2020
2006
2005
2019
2032
2033
2040
2052
2053
2059
2062
2066
2060
2053
2056
2061
2071
2067
2063
2067
2066
2050
2038
2034
2035
2039
2040
2036
2031
2033
2035
2035
2032
2036
2038
2040
2036
2045
2030
2029
2029
2037
2043
2035
2039
2047
2051
2052
2050
2054
2058
2055
2054
2054
2050
2048
2042
2037
2038
2023
2022
2020
2014
2021
2019
2017
2009
2003
2007
2007
1998
1984
1982
1970
1967
1959
1957
1943
1934
1928
1918
1916
1922
1915
1906
1895
1889
1883
1882
1862
1854
1853
1850
1851
1834
1835
1840
1844
1848
1856
1864
1873
1911
1924
1945
1969
2028
2042
2061
2086
2125
2220
2219
2227
2241
2256
2267
2283
2296
2326
2337
2344
2346
2333
2328
2319
2309
2288
2248
2239
2223
2209
2207
2202
2190
2173
2168
2166
2166
2168
2166
2155
2145
2143
2136
2137
2137
2138
2133
2116
2102
2093
2083
2047
2028
2019
2004
1986
1945
1937
1927
1911
1877
1845
1821
1799
1729
1726
1735
1731
1698
1697
1702
1712
1720
1747
1740
1737
1741
1754
1764
1772
1789
1840
1862
1891
1910
1920
1982
1986
1987
1987
1997
2003
2010
2016
2003
2012
2022
2028
2032
2033
2038
2054
2064
2080
2100
2117
2122
2135
2143
2139
2137
2189
2192
2187
2192
2241
2242
2231
2227
2243
2274
2268
2263
2263
2264
2268
2267
2269
2255
2242
2227
2214
2200
2131
2108
2098
2087
2063
2027
1997
1984
1961
1949
1928
1914
1855
1846
1841
1819
1804
1768
1759
1745
1741
1737
1731
1729
1723
1711
1719
1719
1730
1751
1763
1773
1778
1775
1799
1811
1827
1843
1840
1853
1868
1888
1971
1995
2025
2044
2133
2153
2179
2215
2249
2317
2340
2356
2375
2387
2402
2417
2433
2458
2463
2474
2479
2472
2444
2443
2430
2415
2407
2393
2369
2341
2260
2234
2210
2185
2086
2054
2027
2010
2001
1944
1925
1915
1906
1896
1879
1863
1850
1820
1812
1803
1793
1756
1760
1760
1739
1728
1707
1701
1705
1719
1723
1717
1712
1725
1751
1762
1768
1768
1765
1775
1800
1823
1847
1885
1899
1920
1951
1983
2016
2048
2075
2192
2210
2225
2250
2267
2324
2336
2341
2343
2352
2357
2362
2362
2324
2328
2325
2319
2248
2241
2234
2223
2201
2157
2148
2135
2123
2104
2088
2080
2072
2024
2008
2002
2002
1987
1972
1960
1961
1960
1939
1935
1930
1925
1924
1927
1927
1924
1916
1926
1923
1915
1902
1908
1915
1914
1906
1895
1897
1892
1889
1878
1868
1869
1878
1872
1870
1871
1871
1913
1924
1926
1931
1937
1949
1962
1977
1998
2011
2021
2027
2036
2064
2072
2088
2105
2115
2124
2127
2133
2144
2157
2169
2180
2185
2198
2193
2189
2187
2188
2184
2177
2169
2158
2129
2120
2112
2107
2109
2099
2085
2068
2061
2054
2050
2047
2045
2046
2047
2044
2042
2032
2020
2005
1992
1986
1983
1973
1964
1932
1918
1907
1904
1858
1853
1846
1845
1847
1831
1828
1817
1811
1815
1820
1825
1827
1849
1865
1864
1870
1882
1921
1932
1949
1976
1997
2010
2018
2039
2111
2136
2157
2187
2246
2253
2260
2266
2267
2276
2278
2284
2278
2273
2269
2263
2265
2231
2221
2203
2194
2150
2139
2130
2116
2111
2088
2074
2070
2067
2065
2055
2047
2033
2002
1995
1993
1989
1963
1959
1955
1950
1946
1932
1929
1922
1921
1919
1915
1907
1911
1880
1878
1892
1903
1881
1884
1879
1889
1898
1884
1889
1894
1897
1898
1901
1913
1923
1950
1957
1964
1976
2000
2030
2034
2042
2059
2068
2070
2076
2097
2124
2124
2117
2116
2137
2131
2129
2135
2140
2115
2108
2101
2097
2095
2093
2091
2094
2061
2060
2055
2044
2011
2008
2003
1998
1997
2001
1996
1988
1981
1974
1966
1964
1965
1969
1968
1966
1961
1975
1984
1994
1993
1993
1965
1966
1977
1984
1984
1984
1986
1982
1990
1997
2001
2009
2022
2029
2038
2039
2045
2050
2047
2046
2045
2040
2038
2036
2038
2044
2052
2055
2049
2042
2036
2042
2049
2053
2061
2068
2071
2071
2084
2086
2085
2084
2096
2100
2101
2099
2093
2087
2088
2078
2073
2071
2072
2072
2074
2056
2056
2049
2044
2034
2031
2026
2029
2038
2021
2022
2023
2025
2036
2034
2024
2018
2022
2021
2015
2015
2026
2011
2006
2005
2013
2026
2026
2030
2030
2023
2027
2029
2023
2023
2037
2034
2018
2012
2016
2007
2000
1997
2014
2016
2006
1992
1979
1970
1977
1989
2008
2008
2003
2001
2016
1999
1994
2000
2008
2009
1998
1989
1991
1997
1992
1992
1999
1987
1997
2005
2009
2004
1995
1996
2000
2006
2007
2004
2005
2014
2028
2014
2008
2017
2022
2014
2011
2011
2011
2004
1995
1993
1999
1999
2002
1997
1998
2006
2001
2000
2005
2009
2016
2014
2010
2014
2019
2016
2018
2018
2022
2029
2033
2035
2020
2021
2019
2035
2041
2044
2037
2038
2046
2049
2050
2047
2056
2075
2070
2059
2056
2065
2056
2047
2041
2034
2036
2038
2039
2037
2026
2028
2042
2046
2039
2033
2044
2048
2051
2043
2039
2036
2039
2043
2048
2048
2036
2055
2055
2048
2048
2057
2056
2052
2049
2046
2029
2030
2044
2057
2056
2052
2053
2058
2057
2049
2050
2050
2049
2042
2044
2047
2049
2046
2047
2040
2039
2038
2043
2045
2049
2046
2042
2042
2042
2040
2040
2041
2043
2041
2034
2022
2019
2024
2027
2033
2036
2030
2004
1997
1996
1996
1979
1980
1980
1975
1972
1966
1970
1976
1972
1971
1960
1954
1957
1935
1932
1925
1923
1924
1937
1939
1938
1939
1947
1956
1950
1947
1978
1977
1978
1990
2023
2030
2034
2046
2059
2069
2073
2077
2085
2088
2087
2087
2085
2087
2090
2086
2082
2086
2090
2098
2102
2107
2092
2093
2094
2096
2097
2098
2094
2094
2070
2080
2088
2090
2087
2083
2077
2071
2062
2058
2051
2048
2044
2047
2053
2051
2044
2026
2030
2034
2036
2026
1991
1997
2007
2005
2004
2002
2005
1999
1972
1974
1981
1993
1966
1950
1942
1944
1968
2022
2017
2000
1980
1965
1969
1976
1982
1990
1992
1996
2000
1965
1970
1968
1962
1942
1958
1969
1973
1983
1987
1982
1984
1993
2011
2020
2026
2034
2029
2037
2047
2037
2023
2020
2034
2036
2039
2041
2036
2029
2026
2058
2070
2072
2072
2076
2079
2084
2078
2069
2066
2049
2026
2020
2022
2026
2039
2041
2034
2037
2037
2039
2041
2015
2005
2002
2002
2009
2017
2016
2015
2020
2016
2019
2016
2026
2025
2018
2023
2031
2034
2017
2006
2000
1991
1986
1992
2009
2066
2080
2081
2070
2067
2082
2102
2113
2107
2088
2081
2074
2071
2068
2056
2052
2054
2049
2056
2064
2073
2069
2044
2043
2050
2064
2073
2075
2079
2084
2060
2058
2060
2058
2042
2046
2051
2050
2050
2041
2038
2031
2031
2031
2036
2042
2048
2051
2055
2054
2044
2016
2007
2000
1994
1995
1986
1990
1988
1991
1998
2003
2005
2008
2026
2030
2036
2043
2052
2051
2050
2056
2064
2057
2054
2053
2046
2036
2023
2016
1999
1960
1945
1931
1923
1913
1894
1884
1876
1875
1866
1861
1864
1864
1835
1836
1836
1843
1847
1851
1854
1855
1857
1852
1859
1867
1882
1881
1875
1873
1882
1895
1899
1912
1911
1945
1954
1969
2012
2048
2086
2109
2123
2133
2138
2149
2164
2179
2236
2241
2239
2250
2262
2260
2267
2271
2283
2291
2297
2295
2290
2290
2288
2295
2296
2239
2221
2213
2220
2233
2232
2234
2231
2231
2227
2230
2245
2249
2219
2206
2192
2181
2135
2121
2105
2090
2074
2043
2030
2011
1988
1970
1954
1937
1915
1844
1829
1829
1830
1793
1792
1787
1773
1768
1743
1738
1743
1747
1750
1750
1754
1761
1776
1786
1793
1799
1808
1838
1854
1870
1870
1863
1860
1862
1860
1877
1879
1886
1904
1953
1954
1951
1967
1978
2009
2018
2025
2042
2047
2057
2066
2068
2091
2093
2104
2118
2159
2181
2197
2216
2234
2256
2267
2277
2290
2298
2302
2309
2315
2278
2267
2264
2254
2197
2181
2171
2166
2157
2123
2111
2097
2091
2091
2089
2081
2067
2014
1995
1982
1968
1952
1904
1889
1872
1858
1850
1838
1821
1801
1758
1759
1756
1746
1733
1733
1728
1721
1721
1721
1718
1716
1716
1714
1729
1752
1771
1826
1850
1879
1904
1986
2015
2042
2068
2091
2142
2158
2178
2206
2223
2234
2244
2264
2330
2340
2354
2362
2396
2405
2411
2412
2414
2414
2416
2414
2406
2394
2385
2381
2368
2284
2265
2252
2241
2236
2179
2151
2136
2129
2120
2099
2081
2068
2006
1993
1976
1960
1890
1878
1868
1852
1838
1806
1802
1793
1786
1775
1764
1767
1779
1780
1771
1771
1762
1755
1759
1761
1763
1765
1797
1811
1829
1843
1850
1867
1880
1892
1953
1972
1985
1996
2017
2057
2065
2067
2068
2081
2105
2113
2115
2129
2131
2137
2150
2145
2149
2150
2148
2149
2149
2142
2145
2145
2137
2134
2128
2122
2099
2097
2088
2079
2042
2038
2045
2055
2058
2035
2026
2018
2014
2007
1993
1978
1974
1941
1938
1944
1947
1957
1960
1956
1960
1972
1978
1979
1983
1989
2001
2000
2002
1996
1980
1971
1974
1981
1974
1969
1967
1970
1970
1984
1989
1982
1982
1977
1978
1983
1991
2021
2025
2020
2019
2024
2039
2034
2033
2035
2048
2063
2075
2078
2101
2107
2111
2113
2110
2114
2124
2125
2127
2135
2144
2149
2148
2140
2139
2147
2149
2148
2145
2144
2147
2138
2133
2120
2114
2108
2104
2098
2096
2089
2075
2065
2062
2057
2006
1987
1985
1982
1973
1939
1924
1909
1901
1896
1883
1871
1858
1839
1829
1824
1823
1839
1838
1835
1835
1834
1853
1858
1857
1866
1876
1888
1898
1912
1938
1955
1981
1990
2015
2024
2040
2050
2077
2098
2112
2128
2140
2144
2148
2152
2159
2198
2192
2183
2184
2200
2192
2197
2193
2196
2192
2185
2181
2178
2167
2160
2157
2161
2138
2128
2123
2126
2123
2091
2081
2067
2056
2043
2032
2023
2009
1979
1977
1968
1958
1921
1921
1923
1928
1932
1946
1939
1933
1927
1925
1925
1934
1940
1929
1927
1928
1932
1952
1966
1966
1967
1973
1978
1977
1989
1998
2001
2005
2001
2015
2055
2068
2070
2071
2085
2096
2101
2103
2108
2096
2090
2088
2079
2073
2063
2057
2058
2038
2031
2025
2024
2003
2007
2009
2012
2010
2003
1998
1998
2003
2008
2014
2017
2010
1977
1978
1983
1993
1999
2002
2001
1994
1994
1996
2001
2008
2018
2012
2009
2006
2005
2002
2002
2008
2000
1985
1986
1988
1990
1985
1977
1959
1947
1951
1963
1957
1964
1971
1987
1987
1993
2002
2011
2019
2021
2016
2017
2023
2025
2029
2024
2022
2024
2019
2020
2039
2035
2034
2035
2033
2044
2041
2052
2062
2070
2073
2071
2074
2080
2086
2088
2086
2098
2116
2115
2113
2105
2105
2104
2111
2114
2128
2132
2132
2126
2120
2111
2105
2105
2111
2099
2094
2087
2085
2082
2074
2071
2066
2043
2039
2037
2032
2010
2010
2014
2009
2003
2008
2011
2009
2011
2010
2012
2006
2004
1999
1995
2002
2013
2014
2018
2020
2016
2018
2012
2014
2011
2012
2016
2018
2023
2021
2018
2022
2030
2028
2023
2014
2008
2007
2007
2009
2007
2010
2011
2005
2003
2000
2005
2004
2007
2006
2004
2001
1989
1989
1983
1983
1983
1977
1980
1983
1971
1967
1966
1968
1960
1958
1968
1973
1972
1972
1968
1972
1973
1972
1976
1985
1986
1988
1978
1970
1971
1966
1991
1991
1994
1998
1993
1984
1991
1999
2025
2035
2040
2038
2066
2074
2075
2083
2091
2098
2102
2102
2105
2111
2112
2118
2114
2077
2074
2068
2069
2053
2050
2044
2033
2032
2019
2020
2020
2022
2026
2027
2023
2023
2025
2017
2013
2017
2020
2024
2025
2019
2017
2008
2006
2012
2012
2012
2014
2025
2030
2017
2018
2030
2029
2036
2046
2042
2046
2049
2048
2048
2053
2052
2050
2054
2052
2051
2050
2044
2049
2053
2050
2039
2031
2028
2032
2036
2030
2036
2037
2026
2016
2016
2013
2011
2014
2002
1994
1987
1980
1976
1978
1984
1989
1987
1987
1990
1985
1991
1995
1993
1993
1989
1994
1996
1992
1994
1995
2001
2008
2012
2029
2038
2028
2031
2046
2052
2046
2046
2049
2051
2047
2043
2046
2044
2042
2049
2050
2045
2042
2042
2046
2048
2050
2053
2052
2041
2037
2037
2047
2049
2053
2057
2055
2058
2058
2057
2059
2061
2062
2059
2057
2053
2054
2050
2049
2048
2045
2046
2044
2044
2042
2030
2026
2030
2034
2039
2028
2022
2025
2020
2023
2055
2083
2074
2056
2019
2002
2038
2049
2048
2038
2026
2040
2029
2026
2031
2020
2000
1985
1970
1950
1940
1937
1937
1974
1975
1971
1962
1969
1962
1958
1965
1972
1982
1979
1973
1967
1994
1998
1996
1996
1985
1997
2007
2007
2007
2019
2036
2041
2045
2045
2042
2042
2043
2020
2016
2022
2043
2057
2058
2066
2068
2068
2064
2061
2051
2042
2044
2050
2054
2059
2071
2071
2076
2081
2074
2050
2047
2050
2051
2053
2059
2065
2072
2056
2056
2053
2050
2016
2019
2015
2010
2012
2007
2004
2000
1994
1990
1983
1976
1971
1972
1972
1968
1959
1988
1976
1969
1962
1958
1985
1986
1980
1971
1963
1966
1990
2012
2028
2032
2038
2052
2067
2058
2048
2045
2052
2053
2061
2070
2064
2065
2051
2035
2030
2059
2065
2064
2059
2060
2048
2046
2051
2048
2043
2042
2045
2043
2037
2023
2007
2001
1985
1972
1974
1989
2008
2018
2018
2014
2010
2006
2005
2002
2008
1998
2002
2014
2018
2044
2047
2045
2052
2064
2063
2063
2064
2064
2073
2080
2081
2075
2058
2059
2063
2062
2065
2059
2055
2042
2029
2022
2017
2010
2003
1991
1991
1989
1982
1976
1971
1959
1944
1932
1922
1924
1923
1919
1914
1915
1921
1930
1942
1953
1961
1970
1949
1947
1961
1967
1974
2000
2002
2001
2004
2008
2022
2042
2053
2091
2094
2096
2104
2133
2153
2170
2176
2173
2180
2194
2206
2222
2233
2240
2232
2218
2226
2223
2230
2243
2254
2264
2264
2254
2253
2260
2261
2253
2239
2135
2122
2119
2107
2021
2012
2005
1997
1991
1956
1951
1938
1933
1932
1919
1908
1906
1906
1909
1909
1916
1915
1903
1879
1855
1846
1858
1855
1851
1850
1850
1847
1845
1839
1824
1817
1807
1799
1791
1794
1805
1814
1827
1862
1870
1877
1882
1882
1890
1909
1923
1973
1982
1987
1995
2022
2035
2050
2047
2041
2075
2076
2078
2092
2103
2107
2113
2116
2134
2136
2142
2154
2157
2153
2143
2135
2140
2140
2136
2129
2130
2120
2119
2118
2123
2123
2130
2131
2132
2136
2122
2121
2115
2107
2095
2090
2083
2075
2064
2069
2073
2075
2070
2072
2063
2060
2058
2040
2040
2038
2023
2016
2012
1999
1985
1939
1925
1912
1903
1894
1880
1874
1865
1863
1865
1866
1860
1850
1865
1879
1885
1888
1897
1899
1914
1924
1932
1969
1984
1995
2007
2007
2019
2036
2048
2076
2085
2101
2109
2133
2139
2145
2149
2156
2181
2184
2194
2205
2208
2201
2203
2212
2207
2203
2204
2204
2187
2185
2183
2183
2177
2145
2133
2128
2127
2122
2119
2124
2123
2079
2070
2054
2037
2003
1989
1970
1962
1959
1931
1928
1920
1919
1918
1920
1919
1918
1919
1918
1921
1930
1927
1941
1936
1927
1925
1929
1933
1939
1931
1934
1936
1938
1939
1919
1918
1928
1939
1945
1960
1967
1979
1987
1996
2008
2022
2024
2039
2041
2049
2065
2105
2119
2115
2114
2122
2139
2142
2150
2151
2155
2155
2151
2152
2122
2117
2116
2110
2104
2071
2066
2060
2059
2047
2038
2026
2024
1985
1979
1978
1980
1940
1934
1936
1933
1931
1935
1930
1936
1935
1925
1917
1915
1907
1930
1936
1937
1937
1943
1943
1952
1953
1943
1946
1956
1965
1967
1973
1982
1988
1981
2005
2003
2010
2023
2038
2025
2010
2014
2019
2038
2044
2043
2043
2044
2046
2050
2054
2062
2071
2078
2077
2076
2089
2092
2102
2115
2116
2116
2119
2123
2136
2134
2130
2137
2132
2135
2138
2133
2139
2136
2129
2126
2114
2103
2093
2088
2086
2054
2039
2022
2006
1985
1978
1967
1966
1960
1957
1958
1957
1960
1962
1959
1953
1954
1942
1951
1955
1961
1965
1962
1961
1960
1961
1980
1984
1979
1976
1976
1970
1964
1967
2003
2009
2010
2016
2014
2024
2030
2036
2043
2041
2041
2044
2045
2045
2048
2056
2061
2074
2076
2081
2073
2077
2084
2083
2086
2095
2101
2108
2123
2125
2119
2117
2119
2107
2091
2089
2089
2086
2073
2058
2059
2052
2039
2032
2031
2028
2021
1994
1996
2003
2003
1956
1952
1957
1957
1955
1940
1941
1950
1952
1944
1944
1942
1938
1956
1965
1958
1943
1946
1949
1950
1954
1968
1975
1981
1985
1988
1996
2005
2009
2015
2022
2021
2024
2024
2039
2043
2045
2044
2046
2044
2050
2058
2066
2083
2080
2079
2080
2070
2065
2057
2056
2062
2060
2052
2045
2043
2042
2054
2052
2044
2038
2030
2024
2028
2028
2014
2013
2021
2024
2018
2021
2017
2018
2018
2015
2014
2013
2005
1999
1992
1991
2005
2015
2017
2014
2015
2030
2032
2030
2039
2050
2054
2049
2049
2038
2036
2037
2040
2038
2030
2025
2024
2034
2035
2031
2026
2025
2014
2018
2019
2020
2018
2019
2020
2028
2032
2021
2017
2022
2024
2016
2015
2024
2026
2015
2018
2018
2022
2015
2031
2047
2041
2036
2031
2036
2043
2046
2044
2047
2052
2049
2054
2052
2045
2035
2039
2030
2027
2026
2034
2026
2036
2043
2041
2038
2045
2046
2051
2058
2058
2058
2059
2060
2067
2063
2052
2045
2040
2039
2049
2053
2047
2040
2043
2048
2041
2042
2051
2052
2042
2019
2020
2020
2023
2017
2002
1993
1988
1997
1986
1975
1969
1987
1980
1977
1979
1987
1999
2007
2017
2022
2025
2033
2033
2028
2035
2045
2052
2053
2049
2051
2051
2047
2052
2049
2049
2047
2043
2029
2029
2026
2018
2026
2026
2026
2025
2030
2012
2004
1994
1990
1987
1991
1994
1988
1953
1946
1949
1951
1955
1961
1971
1972
1977
1995
1998
2007
2010
2011
2012
2017
2025
2017
2018
2024
2031
2040
2037
2036
2035
2034
2029
2031
2028
2025
2021
2010
2012
2014
2016
2017
2014
2015
1998
1993
1985
1987
1991
1989
1992
1993
2005
2009
2009
2011
2020
2042
2052
2054
2062
2068
2099
2109
2117
2122
2119
2115
2110
2107
2094
2100
2090
2089
2058
2050
2049
2050
2045
2019
2020
2019
2022
2033
2034
2023
2014
2013
2027
2036
2041
2037
2036
2041
2048
2045
2027
2033
2034
2036
2034
2031
2034
2034
2022
2016
2018
2018
2003
2007
2017
2022
2020
2004
1998
2001
2010
2017
2013
2009
2005
2004
2008
2003
1998
2019
2009
2002
1999
1997
2021
2024
2017
2021
2021
2028
2024
2030
2038
2039
2035
2032
2031
2045
2039
2039
2044
2042
2047
2053
2045
2050
2058
2061
2062
2038
2037
2037
2041
2040
2034
2030
2028
2021
2017
2017
2018
2015
2016
2012
2011
2012
2015
2016
2018
2020
2022
2009
2013
2019
2021
2021
2025
2035
2044
2050
2046
2041
2044
2049
2047
2044
2041
2029
2027
2028
2037
2043
2045
2029
2026
2031
2019
2025
2029
2025
2025
2018
2012
2016
2023
2024
2016
2016
2017
2012
2007
2012
2010
2012
2010
2013
2011
2017
2024
2023
2014
2016
2013
2014
2002
1990
1961
1965
1979
1986
1984
1992
1992
1988
1986
1990
1992
1988
1985
2001
2001
2009
2016
2026
2039
2044
2044
2040
2033
2034
2030
2029
2039
2040
2039
2042
2043
2047
2054
2056
2054
2047
2042
2048
2048
2027
2031
2025
2023
2028
2036
2043
2038
2007
2006
2004
2004
2011
2005
2007
2009
2020
2030
2035
2036
2040
2025
2017
2020
2022
2033
2031
2029
2022
2019
2025
2016
2011
2001
1999
2006
2010
2012
2005
2001
1997
1999
2014
2011
2021
2021
2023
2049
2053
2058
2053
2045
2049
2055
2052
2061
2066
2071
2075
2061
2064
2074
2075
2063
2059
2059
2059
2061
2060
2056
2052
2051
2048
2045
2046
2040
2050
2046
2033
2024
2022
2010
2011
2013
2013
2019
2028
2033
2041
2028
2025
2021
2026
2032
2022
2027
2030
2029
2027
2022
2015
2010
2005
2011
2008
2009
1996
2002
1997
2003
2009
2004
2010
2014
2016
2013
2010
2017
2026
2005
2003
2000
2003
1978
1967
1958
1950
1948
1941
1943
1947
1959
1961
1960
1956
1956
1964
1961
1965
1976
1991
1994
2003
2012
2009
2015
2023
2034
2045
2049
2056
2069
2067
2097
2092
2099
2102
2098
2111
2105
2093
2097
2105
2113
2120
2120
2128
2122
2115
2115
2119
2118
2117
2118
2131
2130
2131
2128
2133
2136
2134
2134
2134
2138
2138
2135
2132
2115
2107
2108
2119
2126
2091
2078
2061
2046
2026
2016
2018
2021
1994
1998
1992
1984
1989
1997
1996
1984
1973
1953
1947
1945
1941
1944
1939
1936
1936
1943
1943
1938
1938
1941
1909
1910
1906
1898
1900
1904
1909
1908
1908
1903
1905
1903
1918
1915
1921
1920
1923
1943
1958
1965
1960
1957