2119
2151
2183
2213
2217
2207
2202
2197
2200
2208
2226
2251
2275
2287
2266
2242
2216
2195
2182
2184
2193
2217
2209
2192
2172
2109
2111
2121
2138
2143
2119
2087
2047
2004
1918
1910
1908
1917
1925
1931
1927
1922
1858
1849
1849
1863
1894
1893
1888
1872
1838
1744
1718
1707
1705
1719
1735
1749
1759
1765
1762
1763
1772
1838
1868
1888
1908
1922
1952
1960
1973
1988
2000
2014
2027
2037
2049
2040
2025
2022
2000
2000
2016
2028
2093
2125
2167
2212
2253
2367
2389
2410
2419
2411
2391
2362
2336
2198
2163
2125
2086
1936
1896
1866
1840
1811
1727
1702
1686
1674
1666
1655
1643
1645
1719
1745
1767
1793
1825
1832
1835
1836
1856
1862
1866
1877
1882
1914
1939
1961
1997
2037
2079
2119
2158
2277
2292
2304
2311
2349
2367
2381
2396
2416
2465
2482
2502
2528
2547
2576
2599
2622
2713
2737
2759
2776
2837
2844
2848
2843
2779
2749
2710
2673
2634
2507
2464
2423
2380
2330
2282
2236
2181
1965
1924
1890
1861
1746
1722
1701
1670
1632
1503
1467
1424
1387
1355
1331
1302
1265
1192
1188
1196
1197
1162
1142
1131
1126
1124
1158
1192
1241
1292
1346
1398
1451
1498
1675
1719
1763
1800
1922
1947
1973
1994
2103
2122
2150
2173
2195
2250
2266
2281
2288
2308
2320
2324
2328
2248
2213
2189
2165
2118
2099
2088
2080
2061
1989
1950
1910
1874
1841
1816
1807
1809
1759
1746
1726
1707
1667
1668
1663
1672
1687
1685
1681
1675
1670
1678
1693
1703
1713
1728
1748
1757
1771
1866
1900
1939
1974
2137
2180
2222
2265
2305
2391
2414
2444
2483
2521
2564
2613
2649
2759
2766
2769
2778
2784
2789
2792
2797
2807
2801
2795
2789
2782
2778
2763
2760
2753
2723
2711
2696
2680
2541
2500
2469
2443
2339
2311
2292
2272
2242
2180
2159
2141
2131
2122
2109
2091
2079
2009
1997
1985
1985
1947
1934
1915
1894
1874
1797
1766
1750
1734
1727
1729
1724
1716
1666
1645
1634
1630
1612
1605
1605
1600
1598
1601
1602
1600
1603
1618
1618
1614
1612
1602
1589
1582
1571
1533
1531
1530
1532
1556
1570
1586
1599
1684
1708
1731
1754
1771
1817
1831
1847
1863
1884
1900
1916
1937
2014
2035
2061
2080
2158
2184
2203
2221
2238
2295
2308
2320
2333
2348
2359
2364
2361
2343
2333
2327
2315
2260
2249
2233
2213
2199
2137
2115
2091
2069
2044
2014
1984
1962
1893
1882
1878
1866
1826
1813
1805
1803
1814
1820
1829
1844
1862
1897
1907
1922
1937
1931
1923
1936
1982
2191
2224
2241
2241
2185
2165
2155
2146
2137
2190
2207
2217
2219
2229
2234
2229
2236
2249
2254
2252
2243
2239
2250
2267
2279
2327
2345
2355
2350
2344
2326
2314
2311
2321
2322
2305
2285
2264
2136
2105
2072
2048
1993
1984
1968
1941
1915
1806
1771
1754
1743
1734
1716
1700
1679
1632
1620
1613
1609
1606
1613
1624
1629
1633
1638
1651
1669
1692
1736
1736
1739
1748
1745
1737
1739
1743
1775
1794
1809
1830
1912
1921
1926
1923
1926
1952
1975
2005
2036
2063
2078
2097
2113
2114
2115
2118
2133
2184
2195
2215
2231
2293
2310
2329
2351
2363
2422
2436
2443
2454
2463
2466
2464
2466
2457
2456
2456
2446
2383
2363
2344
2330
2315
2267
2254
2235
2223
2201
2176
2155
2127
2064
2067
2065
2066
2033
2014
1998
1983
1926
1917
1910
1910
1904
1860
1842
1824
1807
1802
1803
1804
1802
1815
1814
1817
1822
1851
1865
1880
1892
1903
1943
1950
1958
1971
1987
2005
2019
2034
2089
2104
2115
2121
2142
2151
2161
2172
2185
2206
2203
2205
2203
2198
2187
2180
2165
2105
2092
2083
2071
2012
1995
1975
1959
1891
1877
1865
1857
1849
1823
1818
1812
1797
1785
1773
1763
1749
1713
1711
1710
1712
1745
1756
1760
1766
1771
1793
1801
1810
1823
1838
1845
1851
1864
1907
1913
1921
1928
1947
1951
1960
1971
2042
2057
2068
2079
2095
2124
2137
2144
2156
2167
2188
2209
2230
2271
2273
2277
2285
2269
2264
2260
2254
2252
2243
2238
2231
2227
2218
2217
2217
2212
2189
2185
2189
2185
2165
2163
2159
2156
2121
2115
2099
2088
2072
2033
2018
2001
1990
1986
1975
1961
1953
1932
1926
1922
1925
1952
1959
1964
1964
1967
1970
1978
1983
1985
1997
2003
2011
2015
2007
2004
2003
2001
1980
1981
1988
1990
1980
1976
1976
1980
1976
1962
1963
1958
1955
1954
1945
1938
1937
1936
1938
1941
1947
1962
1972
1985
1991
1998
2014
2023
2028
2037
2042
2049
2062
2069
2085
2086
2082
2080
2074
2071
2070
2072
2063
2066
2067
2063
2053
2053
2047
2048
2048
2042
2047
2046
2052
2053
2054
2049
2053
2044
2046
2045
2047
2046
2042
2036
2030
2024
2015
2011
2008
2005
1998
1999
2001
1998
1983
1985
1980
1981
1974
1969
1967
1964
1959
1951
1954
1954
1956
1955
1964
1967
1965
1978
1978
1984
1990
2006
2008
2014
2020
2023
2022
2017
2019
2022
2029
2027
2029
2035
2034
2041
2044
2037
2029
2036
2046
2055
2061
2077
2075
2073
2074
2074
2077
2084
2087
2077
2076
2079
2084
2081
2082
2079
2078
2058
2056
2055
2048
2045
2034
2034
2044
2042
2039
2042
2048
2055
2048
2047
2045
2046
2040
2036
2031
2031
2031
2030
2031
2031
2034
2038
2036
2035
2034
2033
2030
2022
2024
2019
2019
2023
2023
2020
2012
2010
2014
2012
2009
2003
2002
2001
1988
1987
1983
1984
1968
1962
1961
1963
1964
1968
1973
1976
1979
1989
1992
1993
2001
2006
2008
2021
2024
2041
2043
2046
2046
2075
2082
2088
2094
2108
2110
2107
2108
2102
2086
2080
2073
2073
2067
2061
2061
2050
2023
2015
2007
2005
1990
1989
1989
1989
1988
1972
1971
1969
1972
1968
1969
1968
1970
1955
1958
1964
1972
1983
1980
1979
1985
1998
2000
2003
2006
2011
2013
2013
2016
2027
2033
2039
2042
2047
2052
2054
2050
2050
2052
2049
2041
2039
2040
2035
2040
2044
2044
2047
2049
2054
2056
2060
2055
2052
2053
2067
2064
2065
2069
2063
2061
2063
2062
2060
2056
2055
2056
2056
2064
2059
2055
2053
2038
2038
2038
2035
1999
1988
1979
1975
1972
1953
1944
1938
1937
1939
1937
1941
1945
1922
1929
1934
1943
1973
1988
1988
1990
1996
1999
2003
1998
2006
2011
2015
2026
2028
2049
2047
2047
2048
2047
2053
2047
2041
2044
2049
2054
2056
2055
2062
2061
2057
2056
2060
2061
2068
2085
2090
2079
2066
2061
2061
2052
2046
2048
2057
2042
2031
2037
2038
2039
2041
2043
2053
2072
2075
2076
2074
2052
2043
2041
2037
2022
2020
2009
1999
1996
1974
1969
1965
1964
1965
1965
1967
1965
1959
1954
1960
1971
2019
2023
2029
2038
2038
2042
2049
2056
2062
2073
2088
2099
2116
2157
2164
2175
2190
2228
2247
2250
2258
2272
2284
2275
2270
2266
2257
2245
2235
2225
2169
2148
2132
2111
2029
2012
1998
1981
1913
1894
1879
1865
1848
1804
1792
1777
1768
1756
1751
1740
1732
1685
1686
1682
1679
1690
1690
1689
1695
1694
1702
1713
1719
1730
1740
1753
1768
1782
1828
1839
1846
1854
1893
1903
1916
1927
1987
2006
2026
2025
2037
2082
2088
2105
2126
2140
2163
2188
2201
2263
2279
2294
2307
2346
2351
2359
2366
2369
2358
2348
2339
2335
2330
2323
2312
2304
2253
2237
2223
2206
2123
2099
2078
2053
2028
1968
1950
1936
1923
1906
1894
1883
1870
1831
1822
1812
1801
1794
1793
1794
1794
1800
1828
1843
1855
1872
1887
1904
1924
1945
1959
2014
2033
2057
2079
2094
2112
2132
2150
2218
2236
2248
2255
2285
2290
2297
2298
2310
2313
2314
2315
2313
2310
2299
2293
2286
2244
2235
2223
2219
2177
2165
2150
2137
2089
2076
2066
2058
2050
2015
2012
2005
1988
1969
1954
1944
1933
1906
1895
1887
1882
1864
1859
1858
1850
1849
1828
1821
1810
1798
1793
1788
1787
1782
1774
1770
1766
1759
1744
1748
1754
1757
1786
1793
1795
1802
1812
1837
1842
1850
1863
1877
1888
1901
1917
1956
1969
1983
1988
1991
1934
1937
2000
2049
2162
2148
2124
2100
2073
2031
1978
1932
1896
1929
1986
2016
2084
2134
2178
2207
2198
2140
2119
2097
2075
2078
2097
2117
2140
2192
2196
2204
2227
2269
2265
2255
2256
2220
2205
2185
2158
2148
2140
2128
2114
2109
2107
2109
2113
2107
2016
2005
2001
2006
1986
1983
1981
1978
1986
2015
2023
2030
2034
2039
2047
2045
2053
2055
2042
2037
2040
2055
2055
2055
2047
2002
1998
2003
2012
2022
2052
2063
2072
2078
2077
2082
2087
2076
2024
2019
2026
2029
2065
2067
2064
2060
2060
2028
2021
2012
2004
1994
1986
1983
1973
1981
1982
1994
2004
2022
2021
2020
2015
2008
1962
1946
1938
1938
1929
1923
1915
1900
1843
1836
1838
1844
1866
1882
1882
1885
1890
1890
1893
1894
1901
1942
1958
1972
1980
1977
1975
1975
1987
2007
2017
2028
2034
2055
2069
2069
2077
2089
2097
2102
2097
2099
2110
2119
2125
2124
2133
2131
2130
2130
2115
2114
2111
2109
2103
2101
2103
2112
2118
2125
2120
2113
2108
2106
2106
2099
2093
2094
2090
2089
2090
2073
2071
2061
2051
2046
2032
2030
2028
2035
2035
2040
2043
2047
2043
2031
2017
2008
1976
1972
1967
1972
1970
1980
1991
1990
1989
1986
1985
1986
1990
1998
2000
2005
2007
1984
1980
1986
1994
2061
2069
2072
2059
2053
1998
1985
1976
1973
1965
1974
1980
1983
2018
2032
2037
2032
1997
1990
1987
1988
1988
2008
2014
2020
2033
2039
2037
2039
2040
2029
2032
2035
2046
2070
2083
2083
2089
2096
2091
2090
2083
2078
2079
2066
2050
2043
2025
2012
2006
2004
1977
1971
1962
1957
1941
1936
1933
1931
1929
1932
1934
1937
1941
1940
1935
1930
1933
1954
1964
1968
1966
1969
1970
1973
1981
2015
2031
2044
2060
2067
2064
2065
2062
2056
2054
2054
2053
2050
2069
2072
2079
2080
2064
2058
2057
2050
2061
2061
2062
2065
2067
2074
2078
2086
2094
2121
2131
2136
2133
2123
2122
2119
2110
2110
2094
2081
2065
2055
2051
2039
2024
2011
1985
1985
1977
1968
1936
1937
1932
1929
1932
1930
1932
1932
1931
1927
1928
1926
1925
1929
1934
1935
1945
1969
1980
1989
1997
2010
2018
2024
2023
2025
2017
2021
2026
2033
2040
2049
2050
2055
2039
2032
2033
2030
2016
2022
2024
2023
2031
2038
2041
2044
2044
2051
2051
2055
2055
2054
2049
2049
2045
2033
2032
2038
2037
2028
2033
2038
2042
2053
2048
2046
2055
2055
2049
2049
2047
2046
2042
2039
2040
2037
2040
2043
2040
2039
2032
2036
2038
2040
2036
2039
2042
2043
2044
2037
2042
2044
2044
2034
2035
2043
2046
2052
2049
2047
2050
2047
2049
2049
2054
2063
2062
2060
2068
2074
2070
2065
2066
2066
2062
2058
2059
2060
2059
2042
2035
2032
2033
2033
2030
2028
2032
2024
2020
2022
2023
2026
2031
2040
2037
2038
2046
2054
2059
2058
2041
2038
2044
2042
2043
2047
2045
2040
2028
2033
2035
2037
2032
2030
2021
2018
2014
1992
1986
1982
1976
1974
1975
1972
1971
1958
1954
1951
1947
1955
1956
1959
1966
1963
1967
1960
1956
1954
1959
1961
1970
1980
1986
1997
2000
2004
2022
2023
2027
2035
2056
2055
2060
2060
2064
2063
2064
2071
2075
2076
2078
2077
2073
2050
2044
2045
2046
2034
2025
2018
2012
2011
2000
1995
1992
1988
1987
1990
1993
1996
2004
2000
2004
2002
1990
1986
1987
1984
1965
1958
1962
1966
1965
1979
1981
1987
1998
2007
2013
2016
2024
2040
2047
2050
2054
2061
2065
2066
2068
2069
2067
2064
2058
2058
2053
2047
2045
2040
2010
1999
1998
2001
2009
2010
2019
2022
2027
2034
2040
2036
2036
2039
2043
2048
2045
2049
2053
2055
2057
2046
2045
2044
2056
2049
2048
2055
2056
2053
2054
2055
2048
2047
2040
2041
2041
2037
2044
2047
2044
2047
2025
2018
2007
2005
2011
2013
2016
2022
2026
2030
2035
2035
2038
2052
2052
2061
2066
2065
2064
2068
2061
2054
2038
2040
2046
2052
2050
2047
2049
2047
2044
2035
2032
2026
2024
2027
2031
2034
2037
2033
2020
2016
2017
2018
2024
2020
2019
2019
2009
2005
1999
1999
1998
2004
2003
2004
1989
1993
1998
2000
2002
2002
2003
2004
1977
1979
1980
1986
1992
1984
1977
1972
1975
1976
1983
1989
1994
1995
2001
2001
2006
2008
2011
2012
2018
2032
2043
2038
2043
2050
2053
2050
2056
2060
2064
2060
2059
2059
2060
2058
2060
2053
2052
2048
2050
2045
2041
2043
2043
2049
2056
2047
2048
2054
2059
2028
2023
2014
2006
2006
2007
2003
2009
2008
2001
1998
1990
1983
1976
1977
1982
1986
1993
1996
1993
1991
1999
2002
2002
2001
2004
2014
2017
2025
2032
2040
2040
2041
2039
2045
2045
2049
2051
2069
2072
2072
2076
2080
2081
2080
2081
2078
2068
2070
2066
2062
2056
2058
2055
2054
2038
2038
2040
2040
2029
2026
2021
2017
2015
2001
1997
1990
1990
1991
1991
1982
1973
1963
1962
1964
1957
1956
1960
1961
1966
1971
1977
1972
1972
1971
1975
1978
1975
1982
1984
1985
1987
1998
2023
2025
2033
2035
2049
2045
2044
2047
2049
2050
2057
2059
2064
2067
2066
2066
2071
2053
2057
2049
2052
2061
2062
2061
2055
2056
2050
2047
2043
2048
2047
2047
2046
2050
2052
2049
2045
2043
2041
2042
2044
2045
2049
2037
2035
2031
2027
2020
2015
2010
2000
1998
1992
1985
1986
1984
1988
1989
1987
1986
1973
1970
1974
1974
1988
1986
1987
1986
1992
1999
2002
2010
2027
2047
2046
2048
2048
2049
2048
2051
2052
2069
2069
2071
2077
2083
2084
2085
2081
2086
2090
2088
2096
2096
2094
2087
2083
2086
2072
2067
2067
2064
2053
2048
2044
2041
2032
2037
2036
2030
2029
2019
2015
2013
2007
2007
2009
2007
2005
1997
1995
1994
1993
1984
1984
1989
1995
1992
1994
1995
2003
2005
2009
2009
2005
2002
2004
2008
2005
2004
2003
2010
2020
2024
2026
2018
2016
2016
2018
2013
2014
2017
2022
2030
2027
2024
2029
2034
2038
2040
2042
2037
2034
2030
2027
2028
2021
2022
2025
2025
2022
2021
2029
2029
2024
2021
2023
2028
2027
2034
2032
2037
2034
2038
2037
2042
2042
2042
2044
2051
2056
2053
2051
2046
2042
2029
2028
2028
2026
2011
2005
2003
2001
2006
1984
1983
1979
1969
1967
1968
1971
1970
1976
1980
1985
1991
1978
1981
1978
1980
1981
1988
1991
1998
2001
2003
1999
1996
1993
2000
2002
2006
2012
2009
2015
2016
2019
2032
2040
2043
2042
2052
2062
2062
2065
2069
2080
2087
2092
2088
2085
2089
2088
2086
2081
2079
2072
2069
2070
2066
2062
2057
2047
2046
2049
2049
2051
2035
2035
2030
2030
2026
2026
2030
2028
2030
2026
2019
2021
2024
2022
2020
2022
2021
2006
1994
1988
1991
2003
2007
2005
2009
1995
1992
1987
1989
1987
1999
1997
1997
1998
1999
1995
1998
2005
2033
2039
2049
2056
2054
2066
2074
2073
2075
2071
2075
2080
2080
2079
2076
2072
2067
2055
2052
2050
2046
2026
2024
2017
2011
2013
2002
1996
1990
1992
1990
1985
1982
1974
1962
1959
1956
1958
1953
1945
1939
1944
1941
1940
1947
1948
1954
1962
1951
1945
1956
1971
1987
2006
2021
2016
2006
1996
1988
2000
2008
2018
2032
2042
2086
2092
2095
2097
2092
2079
2074
2064
2060
2066
2082
2092
2093
2092
2086
2089
2090
2086
2084
2084
2082
2083
2082
2084
2086
2058
2051
2048
2053
2053
2051
2055
2049
2037
2033
2037
2034
2029
2014
2016
2021
2024
2030
2032
2031
2029
2028
2032
2035
2033
2029
2022
2029
2026
2032
2047
2054
2051
2055
2054
2042
2041
2045
2049
2060
2062
2066
2054
2049
2044
2040
2034
2010
2007
2007
2011
2012
2009
2009
2010
2001
1999
2004
2001
1976
1972
1967
1968
1953
1958
1959
1970
1974
1975
1975
1979
1982
1979
1974
1978
1977
1976
1983
1987
1993
1999
2006
2001
1999
2006
2016
2016
2016
2020
2023
2019
2013
2015
2016
2015
2022
2026
2026
2025
2020
2012
2006
2008
2011
2008
2007
2008
2009
2007
2010
2014
2015
2023
2028
2045
2047
2048
2050
2062
2067
2073
2072
2074
2069
2067
2066
2067
2070
2072
2074
2077
2078
2079
2087
2085
2063
2056
2048
2041
2035
2030
2021
2023
2030
2036
2040
2044
2048
2040
2037
2030
2025
1998
1998
1999
1997
1998
2005
2003
2007
2008
2011
2013
2016
2020
2018
2023
2024
2028
2012
2006
2009
2014
2027
2033
2036
2037
2036
2036
2030
2026
2019
2009
2004
2012
2026
2067
2064
2066
2061
2028
2022
2021
2013
2039
2044
2049
2056
2058
2045
2046
2044
2036
2034
2032
2037
2044
2063
2069
2066
2065
2056
2048
2035
2034
2028
2007
2002
1996
1999
2001
1994
1986
1987
1987
1987
1993
1992
1980
1978
1977
1976
1975
1972
1973
1978
1977
1986
1993
1993
1994
2013
2016
2019
2018
2010
2018
2020
2028
2030
2021
2025
2033
2038
2042
2049
2051
2057
2055
2060
2061
2062
2060
2058
2053
2053
2048
2037
2042
2040
2044
2046
2054
2054
2052
2053
2054
2060
2062
2064
2061
2056
2060
2066
2065
2060
2063
2065
2036
2029
2022
2025
2021
2022
2017
2017
2013
2000
1993
1989
1987
1989
1990
1989
1989
1982
1979
1984
1985
1971
1970
1975
1978
1981
1973
1971
1967
1966
1968
1963
1960
1958
1964
1968
1974
1978
1966
1972
1974
1974
1979
1983
1981
1980
1979
1982
1989
1981
1978
2005
2010
2015
2012
2014
2019
2027
2032
2070
2075
2083
2090
2094
2106
2101
2103
2100
2102
2100
2095
2099
2096
2091
2089
2089
2075
2073
2077
2086
2085
2093
2096
2097
2096
2094
2094
2094
2092
2100
2098
2089
2093
2096
2101
2101
2099
2092
2072
2070
2060
2056
2054
2054
2054
2052
2045
2038
2038
2032
2012
2007
2004
2001
1987
1981
1977
1979
1980
1975
1975
1982
1986
1984
1990
1999
2008
2014
2010
2008
2014
2020
2019
2018
2024
2021
2014
2008
2007
2001
1996
1991
1988
1985
1997
1998
2000
1997
1986
1985
1985
1988
1984
1987
1989
1993
1993
1994
1992
1985
1987
1986
1984
1978
1975
1971
1974
1977
1975
1992
1992
1991
1993
2001
2001
2004
2009
2008
2006
2004
2008
2011
2006
2005
2007
2004
2003
2002
2003
2010
2019
2022
2033
2034
2040
2047
2044
2049
2055
2067
2069
2067
2066
2067
2074
2079
2082
2084
2082
2087
2091
2093
2090
2092
2092
2097
2093
2088
2086
2087
2070
2068
2068
2070
2049
2043
2036
2026
2015
2008
2009
2013
2013
2013
2012
2012
2016
2014
2017
2019
2015
2015
2015
2019
2023
2016
2011
2006
2003
2000
1983
1979
1973
1967
1967
1972
1970
1965
1968
1975
1980
1978
1981
1976
1976
1977
1986
1992
1995
2000
2009
2013
2015
2016
2016
2030
2029
2027
2031
2036
2036
2036
2041
2037
2036
2039
2039
2043
2044
2046
2052
2053
2056
2060
2061
2063
2057
2055
2045
2053
2037
2035
2035
2030
2029
2022
2020
2031
2039
2047
2047
2046
2045
2048
2049
2051
2049
2047
2053
2062
2064
2057
2058
2061
2060
2066
2067
2066
2065
2068
2072
2071
2065
2060
2046
2042
2043
2045
2045
2043
2038
2029
2021
2010
2007
2007
2013
2015
2018
2020
2018
2019
2018
2022
2029
2023
2024
2027
2029
2020
2018
2025
2026
2024
2025
2020
2016
2018
2021
2015
2012
2015
2006
2007
2009
2015
2003
1994
1994
1993
2000
2000
1993
1986
1994
2000
2003
2002
1995
1997
2001
1995
1995
1999
2003
2005
2013
2011
2013
2013
2012
2013
2011
2004
2002
2003
1998
1991
1988
1995
1995
1998
1996
1994
1994
1999
1994
1994
1990
1999
1998
2000
2006
2001
1996
1991
1992
1994
2009
2005
2005
2013
2023
2031
2032
2030
2023
2017
2015
2013
2014
2012
2016
2010
2008
2011
2021
2026
2017
2026
2029
2031
2038
2046
2047
2048
2050
2057
2076
2078
2081
2081
2081
2083
2086
2090
2094
2090
2087
2085
2079
2076
2075
2067
2064
2062
2060
2059
2060
2079
2077
2077
2078
2073
2074
2071
2069
2067
2068
2071
2074
2070
2063
2057
2059
2053
2039
2033
2032
2032
2026
2025
2023
2024
2022
2019
2023
2022
2022
2014
2011
2006
1994
2000
2001
2001
2004
2000
1995
1996
2001
2001
1999
1995
1988
1970
1965
1962
1958
1956
1951
1948
1941
1944
1939
1934
1923
1924
1920
1922
1929
1932
1929
1932
1940
1945
1959
1961
1966
1964
1977
1979
1983
1990
1997
2006
2015
2017
2018
2016
2016
2020
2019
2025
2028
2031
2031
2050
2055
2057
2062
2066
2067
2068
2069
2073
2078
2083
2086
2085
2091
2098
2107
2108
2092
2098
2097
2101
2091
2089
2084
2088
2092
2095
2091
2081
2082
2079
2082
2082
2083
2082
2088
2086
2078
2062
2062
2061
2051
2043
2041
2037
2037
2042
2046
2043
2045
2048
2049
2037
2036
2039
2035
2040
2043
2049
2035
2025
2020
2024
2024
2023
2018
2018
2019
2020
2018
2008
2011
2007
2007
2005
2007
1994
1996
1992
1994
1992
2001
2002
2005
2002
2005
2007
2000
1997
1991
1992
1993
1991
1973
1971
1968
1964
1961
1954
1952
1951
1951
1952
1951
1946
1944
1946
1946
1952
1959
1972
1972
1971
1969
1978
1977
1982
1987
1986
1994
1995
2003
2017
2024
2026
2033
2040
2045
2046
2055
2058
2052
2059
2062
2066
2061
2066
2067
2071
2075
2068
2071
2067
2064
2066
2066
2065
2063
2076
2077
2080
2084
2090
2093
2097
2095
2093
2084
2078
2074
2078
2083
2086
2080
2078
2073
2076
2074
2077
2085
2081
2077
2075
2063
2056
2048
2050
2051
2035
2032
2028
2020
2021
2019
2019
2013
1990
1983
1982
1977
1964
1964
1972
1975
1977
1974
1974
1971
1968
1969
1967
1962
1964
1962
1964
1971
1978
1976
1982
1971
1970
1981
1979
1977
1984
1990
1992
1993
2000
2001
2003
2006
2019
2024
2030
2031
2032
2032
2045
2050
2053
2055
2059
2058
2051
2047
2043
2042
2040
2051
2051
2055
2056
2054
2054
2051
2049
2045
2042
2030
2022
2019
2014
2008
2005
1999
1992
1992
1988
1987
1989
1986
1988
1983
1986
1982
1988
1992
1990
1989
1993
2000
1992
1989
1990
1995
2009
2016
2024
2038
2044
2051
2059
2092
2095
2100
2099
2112
2116
2121
2131
2137
2131
2126
2124
2123
2125
2132
2122
2122
2095
2091
2083
2085
2070
2064
2049
2038
2035
2018
2013
2010
2003
2003
1995
1990
1984
1972
1973
1978
1970
1951
1943
1941
1938
1934
1931
1937
1940
1944
1952
1951
1947
1949
1943
1935
1931
1935
1985
1990
1996
1991
1960
1968
1976
1984
1990
2024
2030
2038
2048
2054
2056
2057
2058
2041
2039
2045
2051
2066
2065
2061
2058
2053
2040
2042
2040
2034
2037
2036
2034
2030
2039
2038
2033
2034
2039
2044
2047
2046
2024
2018
2020
2020
2022
2020
2020
2020
2028
2029
2028
2031
2030
2030
2035
2044
2047
2047
2053
2052
2056
2052
2048
2046
2050
2051
2047
2049
2057
2061
2057
2057
2060
2056
2064
2068
2068
2075
2081
2077
2071
2075
2082
2070
2061
2055
2054
2050
2061
2073
2078
2040
2025
2010
2005
2000
2001
2002
2004
2019
2008
2006
2007
2005
1999
1998
2003
2006
2000
1999
1993
1989
1977
1975
1978
1979
1972
1968
1966
1963
1958
1942
1948
1959
1973
1985
1991
1995
1999
2007
2013
2012
2018
2036
2033
2033
2029
2026
2019
2016
2015
2019
2022
2020
2021
2024
2018
2017
2019
2021
2018
2015
2013
2017
1990
1993
1997
2005
2012
2008
2016
2019
2024
2024
2025
2026
2024
2025
2037
2041
2047
2053
2056
2054
2052
2051
2046
2049
2052
2054
2062
2063
2064
2064
2046
2045
2048
2052
2051
2054
2059
2064
2066
2061
2062
2066
2066
2049
2042
2039
2040
2037
2031
2032
2038
2049
2054
2053
2054
2035
2032
2026
2032
2041
2060
2064
2066
2065
2074
2069
2068
2069
2071
2073
2074
2073
2046
2040
2040
2040
2034
2034
2031
2027
2023
2018
2014
2015
2014
2005
1996
1993
1990
1976
1973
1966
1966
1951
1946
1948
1948
1953
1951
1952
1951
1957
1961
1962
1968
1972
1982
1991
1993
2000
1999
1995
1996
1996
1996
2001
2007
2004
2001
2003
2009
2010
2008
2008
2009
2007
2011
2018
2017
2023
2027
2037
2039
2041
2043
2047
2042
2036
2033
2033
2031
2028
2031
2027
2002
2004
2008
2009
2012
2004
2006
2013
2012
2021
2024
2019
2024
2031
2031
2033
2037
2051
2051
2056
2062
2046
2047
2049
2045
2029
2031
2028
2030
2037
2029
2026
2027
2032
2029
2019
2021
2033
2037
2038
2042
2038
2046
2052
2060
2063
2065
2070
2069
2071
2076
2081
2081
2083
2085
2092
2088
2088
2088
2064
2053
2044
2034
2015
2013
2008
1997
1992
1976
1975
1984
1982
1979
1984
1986
1988
2001
2002
1999
2003
2010
2017
2019
2019
2022
2017
2013
2020
2022
2027
2028
2032
2036
2040
2039
2039
2039
2032
2035
2035
2032
2022
2021
2022
2020
2017
2013
2014
2014
2012
2012
2012
2015
2011
2016
2021
2020
2018
2037
2037
2035
2038
2042
2042
2040
2048
2049
2053
2050
2055
2054
2048
2045
2043
2047
2027
2023
2018
2022
2023
2020
2017
2016
2017
2018
2015
2009
2006
2003
2002
2002
2005
1987
1987
1992
1992
1987
1990
1988
1993
1998
2005
2009
2009
2007
2005
2004
2009
2014
2024
2022
2024
2020
2024
2026
2035
2037
2049
2050
2052
2054
2052
2048
2051
2056
2060
2061
2061
2058
2059
2042
2040
2040
2043
2037
2039
2039
2037
2031
2015
2012
2011
2017
2025
2027
2026
2029
2034
2029
2024
2022
2016
2011
2008
1999
1988
1988
1989
1985
1985
1990
1988
1993
1996
1999
2002
2004
2003
2003
2007
2007
2007
2018
2014
2017
2017
2019
2016
2020
2022
2023
2024
2026
2033
2032
2034
2038
2045
2052
2046
2046
2040
2039
2039
2040
2043
2047
2048
2038
2036
2036
2035
2039
2037
2036
2035
2028
2023
2023
2027
2034
2038
2036
2035
2039
2043
2042
2040
2037
2038
2038
2038
2038
2035
2031
2025
2026
2028
2027
2021
2022
2023
2013
2009
2009
2004
2006
2005
2008
2011
2014
2017
2019
2019
2019
2028
2030
2027
2020
2026
2028
2027
2024
2020
2028
2028
2024
2021
2020
2017
2015
2009
2013
2019
2018
2015
2009
2007
2005
2010
1997
2006
2008
2013
2018
2019
2024
2031
2017
2017
2029
2041
2052
2058
2064
2068
2070
2052
2042
2038
2034
2031
2029
2032
2036
2026
2018
2016
2010
1989
1988
1991
1995
2006
2009
2015
2021
2020
2038
2040
2041
2037
2040
2044
2050
2055
2062
2060
2059
2058
2063
2054
2049
2048
2044
2033
2040
2033
2035
2034
2036
2032
2032
2033
2032
2037
2036
2037
2034
2033
2033
2032
2033
2030
2031
2029
2038
2039
2040
2042
2046
2043
2044
2042
2032
2026
2020
2018
2007
2006
2006
2005
2003
1990
1991
1991
1994
1993
1994
1994
1999
1997
2000
2003
2001
1984
1985
1991
1996
2000
1993
1990
1987
1986
1983
1983
1989
1990
1979
1980
1986
1991
1991
1995
1997
2004
2014
2023
2023
2033
2032
2042
2046
2044
2043
2045
2049
2055
2057
2040
2039
2044
2047
2048
2043
2040
2039
2036
2031
2028
2027
2030
2031
2031
2035
2043
2041
2045
2041
2045
2051
2050
2053
2048
2047
2041
2046
2049
2049
2054
2055
2057
2055
2041
2038
2040
2036
2034
2039
2038
2039
2032
2017
2022
2021
2019
2018
2017
2026
2024
2024
2026
2023
2022
2026
2032
2034
2036
2035
2037
2038
2043
2045
2052
2050
2053
2053
2049
2048
2044
2043
2047
2044
2040
2039
2038
2038
2038
2035
2037
2043
2044
2047
2054
2055
2047
2041
2037
2035
2027
2024
2023
2024
2023
2019
2024
2023
1999
1994
1996
1996
2000
1995
1995
1997
1988
1990
1988
1981
1980
1971
1967
1971
1972
1964
1959
1963
1960
1948
1949
1952
1955
1956
1953
1957
1958
1967
1973
1973
1976
1983
1992
1998
2005
2009
2019
2013
2013
2015
2027
2032
2039
2040
2066
2070
2071
2072
2069
2070
2074
2075
2079
2079
2077
2076
2077
2077
2081
2084
2081
2087
2082
2075
2070
2072
2072
2066
2065
2058
2058
2054
2059
2063
2062
2060
2060
2058
2051
2050
2053
2048
2049
2039
2035
2029
2027
2025
2024
2025
2025
2032
2029
2029
2031
2035
2033
2033
2030
2028
2032
2037
2039
2041
2043
2045
2042
2044
2041
2036
2037
2040
2041
2039
2035
2035
2032
2051
2055
2056
2053
2047
2049
2049
2051
2027
2026
2029
2029
2033
2023
2018
2015
2014
2014
2014
2010
2005
1992
1988
1985
1987
1983
1978
1976
1974
1970
1971
1971
1979
1979
1982
1980
1974
1966
1942
1943
1947
1952
1951
1949
1948
1950
1952
1956
1958
1959
1959
1956
1956
1952
1961
1961
1954
1947
1945
1947
1939
1945
1952
1970
1973
1977
1986
1989
2000
2002
2008
2021
2026
2033
2040
2052
2070
2077
2083
2089
2104
2107
2108
2111
2106
2117
2123
2124
2121
2116
2110
2117
2113
2111
2107
2103
2101
2094
2095
2080
2074
2055
2051
2051
2058
2060
2060
2060
2059
2059
2059
2057
2053
2053
2051
2054
2059
2064
2071
2070
2068
2070
2069
2049
2047
2045
2044
2039
2039
2038
2035
2016
2014
2012
2007
1995
1987
1987
1992
2000
1998
2000
1999
1997
1998
2002
2007
2007
2006
2003
2008
2017
2016
2019
2017
2014
2013
2009
2005
2012
2015
2014
2018
2015
2011
2012
2016
2019
2020
2021
2016
2012
2006
2007
2003
2005
2008
2012
2011
2014
2009
2004
2001
2000
1998
1996
1996
1998
1995
1991
1994
1989
1989
1990
1983
1981
1984
1983
1977
1986
1995
2000
1999
2004
2005
2006
2007
2030
2040
2043
2046
2050
2055
2052
2051
2053
2049
2044
2041
2043
2044
2042
2039
2035
2041
2034
2037
2041
2047
2045
2051
2054
2061
2061
2056
2056
2051
2052
2055
2056
2058
2058
2059
2053
2049
2046
2053
2060
2058
2059
2047
2050
2052
2056
2056
2053
2057
2057
2063
2062
2065
2063
2057
2056
2056
2055
2056
2046
2042
2036
2028
2022
2025
2028
2031
2033
2023
2018
2016
2015
2014
2022
2023
2022
2017
1999
1999
1997
1994
1989
1988
1997
2003
2000
1992
1990
1989
1987
1984
1986
1995
2000
2004
2003
2010
2016
2017
2016
2019
2026
2030
2036
2038
2041
2035
2035
2036
2031
2019
2012
2009
2006
2007
1997
2000
1999
1998
1996
1997
1993
2000
2007
2009
2016
2016
2029
2026
2032
2030
2032
2030
2028
2030
2033
2039
2042
2049
2047
2037
2039
2042
2041
2026
2024
2020
2018
2008
2007
2007
2007
2006
1992
1995
1992
1994
1996
1997
1998
2000
2010
2010
2014
2016
2025
2025
2024
2025
2039
2038
2045
2048
2054
2053
2049
2046
2043
2043
2037
2033
2034
2025
2026
2024
2023
2012
2016
2020
2023
2021
2015
2012
2004
2009
2015
2019
2021
2024
2015
2019
2025
2020
2027
2028
2030
2033
2043
2050
2051
2043
2042
2048
2047
2043
2039
2041
2043
2043
2042
2045
2044
2044
2049
2050
2049
2052
2052
2058
2058
2055
2053
2049
2048
2046
2046
2051
2031
2026
2022
2019
2008
1997
1997
1994
1992
1982
1987
1983
1983
1984
1988
1994
1991
1996
1992
1995
1998
2010
2013
2012
2012
2032
2039
2042
2046
2052
2048
2052
2051
2050
2052
2055
2059
2066
2062
2055
2059
2058
2041
2042
2038
2036
2024
2018
2018
2021
2020
2027
2031
2032
2031
2034
2031
2031
2037
2033
2035
2042
2050
2043
2041
2042
2043
2038
2016
2005
1996
1999
1996
1991
1987
1991
1979
1974
1979
1981
1986
1983
1985
1991
1998
2004
2006
2010
2009
2014
2017
2016
2019
2017
2018
2023
2028
2027
2029
2027
2026
2017
2019
2022
2021
2025
2024
2013
2012
2016
2015
2016
2019
2026
2037
2044
2041
2042
2041
2037
2036
2033
2025
2028
2024
2023
2028
2039
2033
2029
2032
2033
2034
2039
2035
2025
2028
2028
2022
2022
2022
2027
2030
2026
2035
2038
2037
2039
2043
2046
2056
2060
2042
2034
2034
2033
2039
2042
2042
2041
2027
2024
2031
2026
2027
2043
2040
2038
2037
2040
2042
2045
2044
2052
2056
2057
2065
2073
2066
2063
2063
2065
2054
2049
2043
2042
2040
2036
2036
2031
2007
2002
1994
1990
2005
2011
2009
2008
1988
1989
1985
1980
1981
1997
2001
2007
2008
2008
2011
2011
2016
2010
2008
2014
2020
2015
2013
2017
2019
2018
2017
2009
2004
2001
2002
1999
1997
1998
2015
2021
2028
2032
2020
2022
2024
2026
2046
2049
2051
2047
2046
2037
2032
2033
2036
2035
2029
2027
2031
2017
2014
2012
2010
1999
1991
1987
1986
1988
1993
1999
1999
1993
1997
2000
2002
2004
2011
2016
2024
2034
2033
2040
2048
2051
2061
2074
2071
2055
2039
2025
2016
2006
2003
1999
2002
2014
2018
2017
2024
2028
2028
2027
2006
1996
1983
1968
1965
1967
1971
1975
1984
2009
2007
2013
2021
2021
2023
2031
2034
2038
2043
2041
2046
2045
2044
2037
2039
2049
2055
2062
2062
2060
2072
2072
2066
2065
2059
2057
2047
2044
2028
2032
2029
2030
2046
2051
2055
2057
2059
2063
2069
2072
2072
2078
2077
2073
2075
2083
2084
2079
2080
2064
2065
2069
2071
2076
2081
2084
2094
2096
2058
2053
2042
2031
2024
2022
2020
2023
2038
2044
2045
2046
2026
2022
2011
2006
2002
1983
1978
1978
1977
1974
1972
1973
1977
1980
1978
1975
1979
1961
1965
1970
1968
1975
1972
1974
1976
1987
1990
1993
2001
2002
2005
2009
2010
2021
1997
1994
1993
1999
2013
2017
2017
2020
2024
2025
2026
2025
2025
2020
2022
2023
2024
2014
2010
2008
2006
1999
2000
1997
1995
1997
2001
2008
2004
2002
2004
2003
2002
2001
1982
1983
1984
1987
2002
2008
2012
2013
2003
2002
2000
1996
1995
1995
1996
1991
1993
2003
2009
2009
2014
2016
2017
2019
2020
2039
2042
2043
2046
2044
2043
2046
2039
2038
2038
2036
2045
2052
2045
2043
2042
2041
2037
2038
2035
2030
2028
2027
2035
2042
2041
2048
2055
2059
2060
2059
2061
2058
2054
2053
2051
2048
2045
2056
2065
2076
2075
2076
2077
2072
2066
2061
2057
2059
2068
2072
2075
2077
2076
2078
2068
2064
2063
2067
2069
2072
2074
2063
2064
2063
2060
2058
2056
2055
2053
2062
2067
2063
2062
2059
2065
2058
2052
2042
2043
2041
2022
2022
2015
2013
2013
2009
2010
2009
1993
1995
1990
1989
1981
1985
1986
1983
1967
1961
1961
1958
1954
1959
1957
1956
1961
1965
1969
1963
1967
1978
1985
1989
1995
2007
2009
2008
2014
2022
2030
2029
2023
2027
2032
2032
2030
2032
2034
2036
2031
2027
2024
2024
2029
2032
2037
2035
2034
2032
2035
2041
2046
2050
2049
2049
2044
2041
2038
2024
2023
2025
2028
2014
2012
2017
2023
2026
2025
2026
2027
2031
2029
2030
2033
2037
2031
2023
2021
2025
2014
2007
2011
2015
2001
2003
2011
2014
2017
2022
2021
2020
2024
2018
2017
2016
2018
2022
2022
2024
2029
2035
2038
2040
2041
2043
2052
2052
2050
2050
2046
2045
2040
2042
2045
2046
2047
2045
2039
2038
2036
2029
2028
2013
2015
2013
2008
2006
2008
2004
1997
1975
1975
1974
1977
1963
1970
1975
1983
1982
1981
1992
1996
1997
2008
2011
2011
2009
2009
2007
2011
2014
2018
2022
2023
2020
2023
2022
2024
2030
2032
2030
2035
2039
2041
2040
2041
2042
2051
2056
2060
2065
2064
2065
2064
2063
2065
2055
2059
2060
2053
2051
2048
2052
2053
2055
2053
2052
2046
2047
2049
2053
2060
2065
2047
2047
2050
2050
2054
2053
2047
2050
2058
2067