1836
1837
1847
1845
1847
1850
1848
1854
1858
1872
1882
1923
1928
1932
1951
1983
2008
2021
2022
2028
2063
2072
2089
2100
2105
2106
2113
2122
2113
2125
2134
2141
2164
2164
2168
2172
2173
2190
2193
2200
2208
2216
2222
2214
2209
2187
2176
2163
2148
2147
2134
2127
2125
2116
2101
2091
2085
2075
2027
2022
2022
2016
1972
1975
1973
1956
1947
1919
1903
1897
1893
1882
1874
1864
1861
1838
1836
1836
1839
1868
1874
1881
1887
1884
1897
1910
1919
1924
1925
1931
1929
1927
1956
1961
1962
1966
1980
1989
1990
1995
2010
2037
2052
2068
2074
2070
2070
2081
2098
2111
2116
2117
2119
2122
2121
2126
2129
2130
2128
2134
2140
2140
2134
2134
2137
2132
2123
2104
2096
2097
2103
2101
2092
2079
2075
2067
2066
2061
2057
2024
2008
2000
2000
1979
1969
1956
1951
1939
1929
1928
1922
1923
1921
1915
1913
1909
1898
1899
1904
1908
1906
1913
1919
1928
1933
1946
1943
1942
1951
1960
1961
1965
1977
1994
2005
2009
2013
2020
2049
2055
2056
2068
2076
2081
2086
2102
2129
2136
2141
2154
2172
2172
2178
2182
2189
2191
2199
2205
2205
2206
2213
2218
2217
2188
2181
2168
2165
2144
2131
2123
2116
2109
2064
2051
2043
2035
2029
2025
2021
2008
1977
1969
1964
1960
1938
1936
1931
1927
1926
1912
1914
1914
1916
1908
1904
1903
1908
1919
1927
1930
1932
1925
1921
1921
1917
1918
1921
1927
1935
1938
1972
1977
1984
1987
2001
2003
2003
2009
2014
2008
2010
2012
2026
2044
2048
2049
2047
2051
2061
2077
2084
2085
2085
2084
2081
2083
2093
2089
2085
2085
2086
2093
2092
2079
2065
2057
2055
2048
2047
2050
2056
2057
2051
2035
2037
2030
2023
2023
2022
2024
2027
2016
2006
1998
1995
1991
1986
1982
1969
1959
1959
1956
1958
1959
1947
1953
1957
1954
1930
1932
1930
1930
1929
1933
1940
1940
1937
1941
1945
1946
1955
1976
1980
1989
1995
2033
2034
2035
2034
2043
2048
2054
2063
2068
2068
2068
2075
2085
2100
2105
2105
2111
2125
2134
2134
2146
2159
2174
2176
2176
2173
2164
2159
2152
2151
2137
2135
2134
2131
2104
2093
2092
2089
2080
2048
2049
2041
2030
2019
2024
2016
2004
1971
1965
1965
1967
1951
1940
1933
1923
1929
1913
1909
1912
1918
1926
1930
1934
1933
1955
1957
1963
1967
1972
1977
1985
1987
1984
1991
1989
1993
2003
2009
2009
2005
2009
2035
2030
2026
2032
2038
2038
2040
2049
2060
2071
2077
2067
2067
2069
2070
2065
2061
2070
2067
2059
2063
2066
2036
2036
2037
2032
2029
2031
2031
2021
1989
1987
1990
1996
2001
1994
1991
1985
1977
1989
1998
1995
1988
1987
1986
1995
2008
2026
2035
2049
2066
2065
2064
2072
2084
2099
2101
2101
2101
2102
2106
2109
2104
2104
2087
2089
2077
2068
2060
2058
2056
2047
2038
2027
2024
2018
2009
2010
2005
1993
1988
1978
1969
1962
1954
1947
1946
1951
1957
1956
1951
1952
1956
1961
1964
1974
1986
1995
2018
2015
2018
2021
2034
2059
2066
2067
2056
2057
2061
2060
2057
2074
2068
2063
2060
2030
2038
2036
2022
2016
1991
1980
1975
1981
1988
1992
1996
1996
1993
1996
2006
2020
2048
2049
2055
2063
2064
2087
2093
2089
2086
2083
2088
2095
2097
2091
2090
2088
2077
2037
2027
2015
2005
1998
1961
1956
1954
1948
1941
1943
1943
1941
1939
1941
1940
1944
1970
1974
1976
1975
1980
2014
2029
2031
2037
2042
2041
2039
2036
2047
2056
2072
2074
2071
2074
2071
2071
2074
2083
2086
2086
2090
2076
2080
2089
2095
2067
2059
2056
2053
2060
2050
2038
2032
2032
2026
2016
2005
2001
1989
1986
1985
1986
1987
1985
1985
1989
1984
1979
1977
1979
1983
1976
1970
1972
1985
2009
2017
2028
2039
2058
2060
2067
2076
2086
2101
2097
2088
2078
2073
2067
2067
2067
2064
2057
2049
2045
2040
2039
2028
2021
2013
1992
1983
1990
2000
1994
1997
1998
2001
1995
1998
1997
2000
2010
2011
2013
2013
2015
2022
2027
2027
2032
2042
2044
2043
2040
2034
2029
2034
2037
2040
2031
2033
2030
2026
2026
2026
2026
2025
1994
2003
2006
2004
1976
1981
1985
1990
1994
1986
1988
1994
1998
2000
2009
2018
2030
2054
2058
2070
2078
2097
2108
2112
2113
2108
2105
2112
2112
2111
2098
2091
2080
2078
2059
2046
2035
2024
2002
1991
1978
1969
1963
1935
1936
1932
1927
1924
1929
1934
1935
1920
1923
1930
1936
1936
1948
1959
1969
1980
1989
1992
1995
2004
2013
2014
2021
2031
2067
2076
2079
2087
2100
2092
2092
2089
2080
2084
2088
2095
2102
2102
2103
2098
2089
2065
2067
2066
2064
2069
2056
2043
2038
2039
2036
2023
2021
2020
1995
1993
1995
1999
2007
2004
2003
2007
2010
2023
2031
2035
2034
2037
2046
2051
2049
2055
2055
2057
2068
2068
2061
2058
2060
2056
2046
2042
2035
2032
2026
2019
2019
2015
2004
1986
1977
1977
1955
1958
1962
1962
1966
1957
1955
1961
1967
1960
1959
1966
1977
1993
1991
1990
1993
2019
2017
2025
2037
2044
2044
2048
2051
2052
2059
2061
2058
2048
2039
2040
2040
2041
2042
2037
2034
2035
2033
2028
2028
2023
2026
2035
2041
2047
2050
2023
2023
2032
2040
2047
2057
2051
2049
2050
2052
2060
2058
2061
2046
2043
2050
2055
2040
2036
2038
2043
2043
2036
2040
2038
2037
2040
2040
2031
2019
2010
2002
2007
2009
1984
1987
1991
1987
1988
1994
1993
1993
1994
1995
1989
1991
2005
2018
2026
2024
2025
2023
2013
2014
2022
2021
2037
2039
2040
2037
2041
2045
2045
2045
2056
2048
2048
2053
2061
2048
2059
2050
2038
2030
2036
2041
2044
2032
2031
2030
2029
2015
2015
2016
2012
2007
1997
2000
2009
2019
2018
2014
2007
2007
2007
2018
2033
2043
2052
2050
2047
2052
2061
2051
2051
2054
2056
2051
2052
2040
2036
2027
2027
2026
2015
2012
2011
2008
2002
1996
1978
1976
1972
1980
1973
1968
1964
1971
1971
1968
1967
1973
1983
1986
1996
2006
2016
2016
2018
2021
2027
2036
2040
2045
2051
2065
2067
2071
2090
2092
2095
2096
2097
2090
2081
2079
2083
2080
2073
2065
2066
2065
2069
2060
2053
2054
2057
2035
2035
2033
2032
2041
2048
2050
2046
2046
2043
2043
2043
2034
2032
2028
2020
2016
2020
2017
2016
2009
2007
1997
1991
1985
1978
1968
1963
1960
1971
1968
1974
1977
1981
1955
1965
1972
1973
1964
1966
1976
1977
1973
1972
1973
1979
2001
2003
2001
2006
2019
2034
2035
2043
2049
2042
2037
2042
2044
2031
2037
2043
2052
2055
2057
2060
2063
2061
2053
2047
2055
2068
2069
2061
2060
2069
2045
2040
2039
2042
2038
2020
2008
1997
2000
2001
1999
2002
2001
1996
1997
1999
2003
2008
2008
2008
2011
2014
2018
2028
2028
2026
2031
2039
2044
2046
2046
2045
2052
2063
2062
2056
2057
2057
2067
2044
2051
2054
2059
2056
2060
2065
2065
2054
2049
2044
2043
2040
2046
2049
2048
2043
2047
2048
2050
2055
2050
2051
2064
2059
2032
2022
2018
2016
2015
2012
2011
2010
2002
2003
2005
2003
2005
2010
2015
2019
2016
1998
2002
2010
2018
2017
2017
2019
2013
2016
2021
2024
2017
2016
2028
2027
2024
2023
2014
2012
2010
2010
2016
2007
2002
1998
2001
2004
2007
1999
1993
2002
2005
2011
2019
2016
2016
2011
2009
2021
2021
2018
2017
2026
2032
2037
2041
2049
2048
2041
2036
2032
2022
2024
2027
2026
2017
2006
2001
1998
2002
2001
1997
1995
2004
2001
1996
1992
1991
1999
2002
1999
1993
2000
2012
2014
2014
2016
2038
2040
2038
2034
2051
2050
2056
2058
2055
2044
2044
2045
2045
2044
2043
2037
2033
2018
2017
2024
2027
2018
2014
2013
2011
2023
2018
2016
2015
2019
2018
2010
2005
2006
2003
2008
2013
2011
2004
1999
2000
2013
2024
2032
2034
2022
2019
2027
2043
2047
2042
2052
2058
2064
2072
2073
2079
2094
2096
2086
2079
2084
2093
2101
2101
2095
2098
2109
2099
2095
2095
2097
2095
2088
2082
2083
2075
2066
2060
2056
2056
2011
1998
1994
1993
1971
1967
1972
1969
1959
1947
1952
1947
1947
1951
1956
1958
1958
1960
1965
1976
1978
1999
1993
2002
2002
2003
2005
2006
2007
2013
2017
2025
2032
2038
2038
2033
2035
2039
2027
2034
2044
2051
2051
2044
2036
2032
2027
2025
2024
2031
2045
2045
2047
2049
2058
2067
2068
2059
2057
2059
2064
2070
2074
2068
2047
2042
2033
2030
1997
1999
1993
1985
1982
1972
1969
1975
1974
1973
1971
1971
1961
1941
1940
1947
1953
1945
1941
1940
1944
1952
1975
1975
1972
1972
1978
1988
1995
1997
2026
2032
2037
2041
2051
2059
2066
2074
2079
2075
2081
2085
2088
2091
2090
2098
2101
2086
2082
2069
2064
2064
2062
2059
2058
2058
2052
2054
2042
2039
2038
2036
2035
2030
2022
2018
2015
2021
2015
2015
2016
2020
2027
2024
2024
2027
2037
2042
2051
2057
2057
2062
2056
2057
2058
2058
2059
2064
2055
2044
2036
2036
2041
2039
2016
2008
2008
2015
2006
2009
2006
2007
2010
2003
1998
2001
2006
2012
2015
2017
2020
1998
1998
2002
2007
2022
2015
2014
2014
2012
2027
2043
2050
2045
2030
2025
2031
2036
2040
2040
2035
2026
2012
2020
2024
2027
2015
2003
1996
1993
1998
2003
2004
2005
2006
1996
2009
2016
2011
2016
2017
2020
2015
2010
2015
2024
2037
2041
2042
2034
2034
2035
2042
2047
2044
2044
2045
2050
2047
2050
2055
2054
2054
2046
2039
2035
2028
2026
2032
2002
1988
1983
1988
1993
1975
1966
1955
1946
1940
1938
1937
1936
1955
1957
1960
1961
2000
2002
2011
2026
2041
2046
2047
2050
2059
2064
2073
2083
2089
2094
2098
2099
2096
2098
2087
2087
2087
2087
2082
2080
2082
2089
2058
2043
2032
2033
2020
2013
2006
2000
1995
1992
1992
1983
1983
1990
2001
2005
2002
2018
2017
2015
2013
2013
2026
2024
2025
2029
2043
2042
2042
2038
2033
2032
2028
2029
2017
2015
2026
2033
2031
2025
2024
2019
2027
2013
2014
2022
2019
2016
2009
2006
1993
1990
1992
2001
2016
2006
2016
2022
2031
2036
2048
2054
2059
2056
2050
2048
2055
2069
2086
2082
2077
2083
2105
2109
2109
2101
2088
2078
2073
2076
2080
2082
2072
2066
2061
2035
2033
2039
2040
2032
2008
1999
1994
1993
1990
1992
1991
1993
1972
1966
1971
1976
1971
1972
1971
1969
1978
1993
2002
2013
2019
2023
2026
2021
2012
2029
2030
2040
2042
2038
2038
2042
2042
2041
2033
2039
2040
2032
2012
2001
2006
2014
1989
1972
1963
1962
1960
1954
1954
1956
1957
1967
1966
1964
1963
1974
1986
1986
1979
1993
2008
2022
2031
2032
2041
2044
2050
2064
2078
2074
2075
2077
2084
2086
2091
2088
2092
2084
2076
2070
2067
2066
2062
2057
2060
2053
2051
2045
2043
2041
2031
2028
2017
2002
1992
1988
1990
1991
1987
1984
1984
1985
1991
2001
2001
2005
2014
2022
2027
2022
2020
2042
2047
2048
2049
2058
2061
2066
2065
2061
2068
2071
2067
2061
2055
2044
2041
2039
2018
2017
2018
2021
2019
2002
1996
1998
1997
1993
1998
2009
2018
2021
2019
2026
2033
2052
2049
2052
2059
2058
2064
2068
2074
2079
2085
2088
2089
2086
2080
2081
2085
2085
2076
2071
2068
2069
2073
2035
2027
2018
2013
2008
2004
1993
1980
1970
1966
1954
1950
1932
1933
1937
1941
1948
1951
1955
1958
1960
1962
1968
1976
1976
1981
1984
1996
2006
2011
2010
2012
2016
2025
2021
2024
2028
2032
2053
2052
2043
2041
2056
2052
2049
2048
2046
2016
2015
2008
2000
2003
2007
2010
2008
2010
2016
2019
2029
2034
2037
2039
2040
2042
2064
2061
2066
2078
2088
2083
2086
2086
2073
2076
2088
2088
2076
2067
2063
2065
2056
2036
2023
2013
2014
2013
2008
1999
1999
1979
1976
1975
1973
1973
1984
1980
1972
1969
1973
1974
1980
1993
1990
1980
1975
1978
2004
2004
1999
2009
2015
2005
2018
2026
2029
2031
2034
2036
2035
2035
2042
2046
2050
2055
2046
2040
2043
2047
2059
2048
2039
2046
2057
2067
2065
2060
2051
2050
2048
2041
2056
2064
2064
2063
2060
2062
2054
2050
2054
2056
2058
2057
2057
2048
2054
2050
2050
2056
2038
2031
2027
2032
2033
2030
2024
2022
2009
2003
2001
2002
1977
1981
1977
1964
1964
1979
1979
1981
1984
1976
1976
1984
1988
1988
1990
1993
1987
2012
2013
2018
2023
2030
2044
2052
2055
2048
2040
2041
2046
2048
2059
2057
2051
2058
2057
2061
2066
2063
2069
2070
2059
2055
2053
2055
2062
2072
2077
2062
2060
2054
2051
2052
2055
2063
2059
2053
2044
2041
2037
2040
2045
2037
2026
2021
2005
2007
2005
2003
1997
1989
1986
1985
1984
1992
1992
1991
1984
1987
1982
1986
1987
1982
1984
1982
1979
1982
1978
1979
1977
1979
1981
1978
1975
1972
1956
1962
1975
1984
1984
1996
2002
1996
1991
1989
1997
1992
1981
1990
2002
2022
2032
2022
2011
2013
2020
2019
2023
2039
2050
2052
2055
2063
2071
2068
2055
2054
2052
2046
2050
2037
2025
2020
2022
2015
1999
1996
1994
2000
2008
2012
2016
2016
2014
2015
2018
2038
2037
2037
2045
2055
2070
2070
2083
2097
2116
2119
2119
2125
2141
2139
2146
2150
2150
2178
2179
2159
2144
2142
2146
2157
2162
2125
2116
2109
2111
2081
2074
2061
2054
2053
2037
2034
2029
2031
2024
2006
1996
1991
1958
1964
1968
1969
1947
1950
1949
1942
1937
1925
1921
1923
1923
1933
1943
1944
1949
1920
1912
1902
1894
1916
1922
1932
1934
1927
1917
1912
1904
1914
1922
1922
1923
1931
1962
1967
1973
1978
2010
2010
2016
2025
2038
2067
2075
2072
2077
2088
2097
2106
2113
2146
2152
2154
2147
2149
2154
2153
2150
2148
2149
2152
2146
2139
2120
2107
2093
2090
2065
2063
2060
2056
2057
2023
2005
2000
1992
1992
1998
1993
1979
1962
1952
1951
1946
1945
1956
1960
1955
1952
1951
1957
1961
1964
1960
1962
1958
1954
1939
1941
1944
1942
1943
1935
1934
1942
1945
1942
1942
1934
1932
1936
1939
1943
1951
1986
1981
1980
1982
1996
2038
2044
2051
2054
2064
2071
2079
2086
2125
2143
2152
2154
2152
2159
2169
2180
2186
2197
2202
2204
2208
2209
2210
2209
2211
2194
2182
2176
2174
2164
2161
2146
2133
2126
2114
2111
2113
2105
2100
2084
2065
2050
2028
2029
2026
2033
1991
1985
1982
1982
1984
1956
1955
1938
1924
1921
1907
1893
1879
1863
1861
1853
1842
1839
1864
1867
1872
1878
1881
1877
1866
1867
1883
1896
1908
1914
1913
1919
1925
1934
1946
1973
1976
1977
1978
1983
1994
2010
2022
2067
2068
2074
2082
2120
2128
2131
2127
2122
2127
2140
2152
2161
2156
2154
2159
2166
2159
2152
2151
2151
2147
2141
2129
2122
2124
2124
2113
2102
2088
2081
2084
2084
2080
2043
2029
2021
2013
1979
1970
1968
1960
1955
1923
1919
1911
1912
1911
1905
1900
1896
1887
1888
1891
1891
1892
1913
1915
1912
1906
1909
1915
1919
1918
1929
1929
1932
1941
1975
1988
1997
1997
2002
2033
2043
2051
2060
2069
2076
2087
2102
2117
2124
2134
2145
2150
2164
2164
2169
2183
2185
2181
2184
2188
2189
2185
2185
2188
2144
2132
2114
2098
2081
2066
2061
2053
2042
2006
1996
1989
1991
1992
1989
1988
1982
1952
1953
1952
1951
1933
1931
1932
1935
1936
1935
1933
1934
1933
1931
1935
1941
1945
1938
1930
1930
1930
1926
1926
1927
1929
1932
1934
1935
1940
1938
1963
1970
1979
1996
2016
2021
2024
2028
2037
2058
2065
2075
2082
2089
2091
2097
2110
2121
2131
2134
2139
2145
2152
2157
2159
2158
2141
2141
2137
2131
2127
2124
2112
2108
2085
2081
2076
2074
2061
2056
2046
2041
2038
2021
2026
2028
2022
2010
2009
2013
2004
1991
1991
1985
1988
1973
1976
1977
1978
1977
1972
1966
1970
1972
1970
1958
1959
1964
1977
1967
1970
1979
1981
1972
1974
1974
1969
1970
1972
1969
1971
1974
1966
1964
1967
1990
1984
1982
1993
2003
2005
2006
2008
2020
2029
2036
2050
2068
2086
2085
2086
2091
2113
2120
2127
2135
2137
2123
2125
2116
2107
2108
2107
2104
2100
2089
2076
2076
2075
2075
2064
2056
2045
2039
2028
2016
2009
2003
2002
2000
1992
1981
1963
1956
1951
1941
1939
1946
1950
1951
1953
1959
1958
1957
1963
1969
1967
1972
1978
1988
1996
1994
1992
1994
2008
2011
2012
2014
2014
2010
2011
2012
2016
2019
2012
2005
2010
2011
2011
2005
2008
2012
2012
2008
2004
2006
2011
2013
2015
2023
2035
2050
2055
2083
2101
2109
2123
2131
2145
2153
2159
2160
2152
2153
2158
2164
2160
2158
2153
2146
2116
2107
2099
2099
2091
2037
2013
1998
1997
1992
1993
1981
1968
1931
1916
1907
1900
1895
1886
1880
1875
1871
1889
1897
1890
1888
1894
1906
1922
1934
1936
1947
1967
1988
1990
1990
2002
2015
2026
2045
2060
2068
2073
2073
2071
2080
2093
2093
2093
2087
2087
2080
2057
2055
2054
2051
2039
2027
2016
2011
2000
1982
1972
1973
1967
1966
1971
1984
1996
1993
2002
2016
2029
2035
2044
2057
2070
2084
2093
2094
2107
2140
2137
2134
2129
2129
2110
2109
2104
2103
2101
2091
2076
2067
2032
2029
2012
2001
1972
1966
1968
1970
1966
1950
1950
1952
1954
1950
1945
1941
1945
1967
1972
1978
1983
1993
2029
2033
2030
2034
2043
2053
2064
2068
2086
2087
2097
2111
2108
2105
2108
2105
2101
2103
2103
2102
2105
2109
2100
2092
2088
2060
2056
2061
2067
2034
2026
2022
2023
2024
2004
1998
1994
1985
1977
1975
1972
1968
1964
1974
1973
1973
1972
1986
1996
1995
1993
1997
2003
1998
1997
2008
2014
2021
2028
2028
2028
2028
2028
2012
2008
2014
2020
2020
2006
2002
1996
1990
1992
1995
1993
1995
2002
2001
2005
2009
2007
2021
2020
2013
2009
2017
2028
2041
2041
2022
2024
2025
2029
2026
2026
2026
2034
2033
2039
2027
2027
2028
2023
2010
2016
2027
2020
2009
1994
1985
1979
1982
1980
1981
1978
1977
1974
1978
1985
1990
1985
1977
1982
1969
1975
1976
1980
1984
1987
1990
1993
2002
2005
2006
2006
2010
2017
2034
2046
2053
2082
2072
2072
2078
2085
2111
2114
2111
2112
2103
2104
2101
2092
2090
2091
2100
2095
2076
2085
2090
2087
2076
2067
2057
2049
2053
2058
2053
2054
2052
2043
2040
2034
2029
2022
2019
2025
2032
2034
2038
2040
2041
2038
2033
2038
2038
2025
2020
2006
1988
1983
1989
2020
2030
2028
2025
2020
1995
1997
2009
1996
1983
1994
2016
2022
2025
2033
2036
2043
2026
2022
2018
2014
2018
2027
2027
2020
2024
2033
2036
2040
2041
2033
2032
2025
2016
1997
2013
2018
2003
1990
1999
2007
2009
2034
2025
2027
2035
2046
2058
2055
2034
2024
2026
2008
2009
2039
2048
2035
2012
2010
2010
2021
2036
2031
2006
1994
1985
1990
1995
1981
1985
1987
1985
1980
1983
1985
1987
1977
1971
1960
1946
1970
1968
1964
1962
1971
1965
1972
1977
1983
1989
1994
2002
1995
2010
2015
2021
2036
2051
2050
2054
2047
2044
2049
2056
2057
2067
2087
2096
2103
2107
2105
2099
2086
2081
2079
2075
2081
2085
2086
2090
2086
2082
2075
2053
2053
2053
2049
2048
2040
2037
2035
2033
2034
2026
2016
2016
2018
2021
2023
2027
2022
2021
2025
2024
2013
2010
2011
2010
2004
1981
1989
2001
2005
2002
2002
2004
2009
2011
2016
2017
2020
2014
2001
2002
1999
2004
2011
2021
2017
2008
2002
2009
2019
2027
2035
2033
2034
2038
2042
2051
2053
2053
2055
2054
2056
2050
2047
2040
2052
2071
2076
2015
2006
2008
2017
2029
2048
2059
2055
2045
2037
2019
2008
2001
2000
2004
2005
2001
1999
1994
1996
1983
1971
1962
1945
1934
1925
1906
1897
1890
1898
1877
1878
1880
1880
1886
1897
1894
1903
1909
1906
1914
1928
1941
1961
1970
1995
2023
2095
2115
2131
2146
2159
2197
2200
2213
2227
2237
2246
2258
2276
2287
2297
2296
2291
2305
2308
2311
2310
2300
2257
2242
2234
2219
2204
2193
2184
2171
2130
2120
2119
2095
2056
2050
2053
2051
2038
2005
1987
1965
1956
1956
1955
1944
1933
1898
1889
1889
1875
1864
1842
1831
1818
1802
1780
1760
1740
1723
1681
1673
1667
1671
1708
1722
1721
1721
1734
1739
1740
1741
1741
1746
1763
1787
1803
1865
1887
1896
1914
2002
2027
2041
2056
2086
2147
2175
2193
2208
2228
2252
2270
2287
2349
2363
2382
2393
2403
2400
2398
2406
2412
2396
2393
2388
2379
2372
2371
2371
2362
2324
2316
2311
2300
2280
2233
2208
2186
2172
2153
2130
2097
2067
1954
1928
1908
1885
1799
1781
1761
1740
1719
1672
1661
1648
1629
1609
1595
1584
1576
1528
1518
1517
1520
1528
1544
1563
1574
1596
1629
1647
1673
1704
1727
1763
1802
1837
1932
1962
1994
2025
2153
2178
2220
2257
2284
2362
2382
2395
2417
2442
2456
2446
2446
2498
2518
2541
2545
2545
2550
2549
2548
2545
2546
2543
2531
2515
2453
2437
2415
2396
2297
2268
2235
2213
2194
2115
2086
2061
2042
2025
1998
1967
1949
1864
1847
1826
1800
1728
1719
1705
1689
1673
1634
1632
1629
1629
1629
1630
1627
1626
1626
1621
1627
1645
1683
1694
1701
1712
1724
1780
1791
1805
1819
1832
1859
1879
1899
1953
1969
1987
2000
2017
2051
2059
2075
2094
2109
2128
2139
2151
2192
2201
2214
2226
2267
2272
2279
2282
2284
2302
2311
2313
2302
2295
2288
2287
2287
2270
2268
2275
2275
2238
2226
2227
2225
2218
2151
2140
2140
2135
2127
2117
2104
2091
2031
2009
1980
1957
1925
1898
1871
1845
1831
1811
1800
1787
1764
1748
1742
1735
1736
1701
1710
1712
1717
1729
1721
1732
1749
1761
1776
1787
1808
1819
1876
1901
1911
1922
1998
2025
2034
2040
2048
2116
2132
2138
2149
2160
2176
2195
2214
2264
2272
2280
2292
2311
2323
2329
2336
2340
2342
2339
2331
2320
2310
2317
2318
2314
2243
2230
2223
2205
2130
2110
2096
2086
2071
2019
1989
1971
1960
1939
1910
1890
1883
1816
1799
1793
1784
1764
1725
1710
1713
1725
1719
1716
1709
1716
1725
1729
1732
1748
1760
1755
1757
1773
1792
1824
1838
1849
1856
1857
1873
1888
1909
1986
2005
2022
2036
2083
2101
2120
2136
2150
2194
2207
2215
2229
2249
2268
2281
2285
2303
2305
2316
2329
2329
2338
2335
2334
2331
2322
2315
2302
2291
2265
2257
2242
2231
2180
2165
2155
2144
2132
2085
2064
2045
2041
2028
2009
1999
1991
1937
1929
1924
1928
1900
1901
1899
1883
1870
1856
1854
1848
1850
1850
1846
1847
1844
1850
1845
1842
1844
1868
1877
1886
1898
1904
1908
1924
1928
1926
1927
1936
1944
1941
1961
1960
1965
1976
2016
2013
2011
2011
2025
2068
2073
2077
2090
2098
2100
2105
2120
2144
2155
2171
2178
2174
2177
2182
2200
2205
2197
2191
2190
2194
2171
2160
2141
2131
2106
2105
2098
2081
2074
2051
2027
2012
2002
2001
1991
1978
1985
1933
1929
1927
1922
1893
1889
1876
1876
1890
1871
1869
1874
1872
1870
1876
1873
1869
1869
1883
1897
1903
1914
1921
1932
1938
1952
1989
2004
2009
2001
1999
2014
2027
2039
2081
2073
2082
2090
2120
2132
2148
2155
2157
2169
2173
2181
2185
2187
2190
2196
2200
2188
2174
2167
2169
2180
2169
2167
2165
2156
2145
2138
2136
2137
2115
2099
2090
2084
2063
2062
2059
2052
2035
2021
2013
2010
2014
2016
2005
1989
1983
1948
1948
1942
1935
1938
1927
1915
1910
1908
1890
1898
1904
1893
1882
1880
1882
1880
1889
1896
1901
1908
1914
1924
1936
1938
1951
1956
1954
1951
1960
1977
1994
2012
2022
2040
2049
2062
2081
2090
2093
2096
2101
2100
2101
2111
2119
2118
2098
2092
2091
2095
2084
2088
2087
2081
2073
2065
2065
2063
2063
2070
2069
2068
2064
2049
2044
2044
2038
2030
2032
2034
2030
2023
2020
2018
2018
2011
1999
1995
1997
2003
2004
2006
2007
2011
2019
2029
2042
2046
2042
2018
2023
2034
2042
2039
2042
2047
2049
2058
2058
2066
2071
2064
2056
2053
2044
2046
2035
2026
2023
2021
2012
2007
1994
1992
1975
1974
1973
1976
1973
1971
1975
1977
1983
1992
1996
1992
1989
2001
2004
2011
2025
2039
2048
2056
2060
2061
2087
2090
2086
2087
2082
2072
2067
2078
2072
2076
2071
2070
2062
2053
2043
2038
2033
2010
2010
2012
2006
2000
1996
1988
1977
1956
1958
1961
1966
1964
1947
1940
1941
1944
1949
1952
1954
1956
1984
1996
2010
2010
2028
2022
2023
2028
2030
2026
2029
2028
2032
2038
2037
2042
2048
2064
2058
2055
2059
2043
2049
2055
2046
2044
2043
2034
2027
2023
2026
2028
2026
2026
2037
2040
2046
2045
2033
2037
2043
2038
2042
2046
2044
2046
2046
2036
2035
2043
2042
2020
2028
2028
2022
2015
2035
2028
2031
2032
2035
2034
2025
2020
2006
2003
2002
2004
1986
1985
1976
1979
1982
1975
1973
1985
1987
1975
1967
1982
1996
2020
2024
2023
2029
2058
2060
2069
2080
2093
2096
2100
2106
2112
2114
2114
2129
2143
2138
2140
2126
2112
2104
2126
2138
2144
2143
2130
2110
2103
2097
2037
2039
2035
2029
2011
1996
1992
1988
1972
1930
1919
1903
1887
1886
1894
1898
1897
1898
1898
1906
1904
1902
1918
1928
1927
1930
1951
1946
1954
1955
1956
1955
1955
1967
2005
2018
2029
2035
2067
2076
2088
2102
2111
2090
2089
2091
2095
2091
2099
2115
2121
2097
2097
2097
2096
2097
2067
2064
2057
2056
2051
2039
2028
2026
2034
2042
2038
2028
2025
2010
2003
2010
2012
2014
2024
2026
2019
2025
2035
2044
2048
2025
2010
2014
2025
2004
2005
2006
2003
1994
1961
1935
1926
1939
1935
1932
1936
1936
1959
1958
1962
1964
1998
1999
2005
2007
2009
2022
2023
2022
2030
2032
2040
2048
2060
2084
2086
2083
2090
2105
2128
2129
2128
2129
2128
2125
2120
2124
2104
2100
2097
2094
2104
2098
2099
2105
2099
2069
2062
2047
2033
2032
2031
2031
2032
2058
2063
2064
2064
2065
2060
2061
2059
2058
2039
2035
2031
2023
2014
1999
1979
1955
1900
1893
1889
1888
1892
1903
1905
1895
1899
1889
1871
1856
1855
1848
1829
1808
1798
1818
1833
1845
1863
1927
1934
1933
1951
1974
2021
2037
2053
2070
2083
2091
2099
2101
2095
2090
2083
2090
2090
2083
2090
2097
2103
2122
2137
2136
2122
2098
2095
2110
2127
2154
2153
2161
2167
2172
2178
2190
2195
2196
2197
2198
2211
2216
2240
2241
2249
2254
2258
2245
2233
2224
2228
2217
2204
2190
2179
2164
2155
2146
2118
1997
1974
1952
1935
1870
1856
1843
1834
1836
1817
1809
1803
1796
1793
1780
1777
1772
1785
1801
1805
1816
1854
1870
1883
1886
1890
1903
1915
1927
1937
1939
1953
1970
1994
1982
1968
1954
1943
1949
1958
1969
1973
1970
1974
1986
1992
1996
2011
2030
2039
2042
2070
2073
2079
2087
2093
2108
2111
2119
2118
2111
2104
2102
2113
2109
2104
2108
2120
2114
2104
2106
2108
2118
2133
2137
2143
2150
2152
2148
2155
2154
2123
2113
2103
2087
2046
2035
2029
2025
2020
1987
1980
1973
1976
1973
1969
1962
1969
1954
1938
1922
1911
1900
1866
1854
1837
1823
1808
1802
1802
1805
1810
1813
1805
1805
1845
1864
1878
1889
1908
1928
1935
1950
1965
1968
1984
2004
2022
2055
2075
2077
2087
2129
2146
2165
2188
2198
2230
2249
2257
2261
2266
2267
2271
2273
2288
2290
2284
2279
2249
2239
2226
2226
2229
2202
2198
2197
2193
2189
2185
2174
2168
2152
2148
2143
2153
2155
2135
2125
2112
2106
2096
2082
2077
2071
2019
2006
1987
1975
1930
1929
1916
1899
1883
1848
1837
1825
1819
1812
1803
1792
1780
1772
1766
1766
1771
1768
1771
1782
1792
1807
1866
1866
1877
1894
1912
1931
1952
1967
2014
2016
2022
2027
2062
2058
2059
2065
2063
2061
2060
2061
2053
2045
2043
2039
2038
2030
2024
2025
2030
2020
2021
2022
2026
2034
2047
2050
2048
2057
2067
2076
2082
2081
2097
2092
2093
2098
2113
2115
2118
2122
2127
2129
2128
2129
2129
2098
2102
2106
2106
2080
2071
2060
2046
2036
2008
2001
1990
1984
1980
1976
1974
1973
1967
1960
1960
1956
1957
1959
1954
1949
1946
1941
1941
1943
1951
1958
1962
1966
1981
1998
2005
2021
2035
2057
2055
2064
2075
2084
2086
2087
2083
2083
2079
2080
2081
2084
2077
2085
2089
2096
2098
2113
2113
2114
2113
2105
2106
2119
2123
2132
2132
2135
2125
2118
2113
2108
2101
2096
2072
2062
2047
2036
2025
2014
1998
1981
1953
1943
1929
1922
1900
1898
1900
1893
1887
1865
1863
1864
1861
1859
1860
1867
1870
1872
1880
1889
1890
1902
1916
1919
1916
1923
1937
1952
1957
1963
1984
1992
1996
2004
2007
2013
2020
2020
2023
2040
2047
2048
2053
2066
2075
2081
2086
2130
2149
2164
2173
2179
2188
2197
2210
2216
2213
2215
2207
2199
2201
2199
2201
2204
2183
2177
2165
2156
2151
2140
2136
2130
2124
2111
2097
2092
2089
2066
2063
2049
2031
1995
1987
1982
1973
1952
1948
1942
1928
1926
1930
1925
1928
1926
1922
1918
1926
1943
1943
1939
1936
1930
1931
1941
1943
1935
1927
1921
1913
1912
1910
1931
1929
1930
1935
1945
1949
1944
1947
1951
1969
1980
1990
1998
2010
2017
2026
2030
2042
2057
2071
2080
2100
2107
2104
2108
2113
2124
2124
2126
2124
2116
2116
2114
2112
2099
2093
2091
2086
2083
2080
2071
2063
2051
2041
2031
2021
2013
1981
1983
1978
1984
1957
1954
1950
1943
1939
1959
1966
1967
1967
1965
1963
1956
1967
1976
1961
1963
1971
1966
1967
1976
1991
1998
1996
1989
1996
2012
2025
2031
2025
2018
2036
2049
2063
2066
2074
2087
2100
2100
2099
2091
2103
2113
2114
2110
2111
2116
2118
2139
2139
2136
2134
2139
2152
2151
2144
2134
2133
2131
2132
2130
2110
2112
2109
2089
2046
2037
2029
2022
2015
2003
2000
2000
1992
1987
1981
1973
1971
1966
1965
1956
1960
1937
1933
1929
1925
1927
1944
1938
1935
1933
1930
1931
1941
1951
1952
1946
1938
1939
1941
1941
1937
1938
1945
1944
1946
1946
1946
1950
1948
1946
1950
1934
1936
1944
1957
1970
1966
1973
1985
1998
2014
2026
2029
2038
2084
2088
2094
2094
2114
2119
2119
2114
2111
2111
2118
2119
2124
2115
2108
2117
2119
2109
2104
2101
2104
2094
2091
2090
2085
2078
2061
2058
2056
2058
2058
2062
2063
2066
2048
2046
2049
2049
2056
2054
2045
2037
2042
2042
2038
2029
2031
2020
2018
2019
2022
2016
2013
2015
2017
2019
2004
2003
1995
1992
1996
2002
2004
2012
2009
2011
2010
2009
2017
2020
2023
2027
2029
2016
2021
2022
2028
2029
2030
2020
2016
2014
2016
2017
2019
2025
2041
2051
2051
2052
2053
2045
2042
2042
2047
2050
2048
2044
2024
2017
2020
2024
2028
2011
2014
2006
2006
2007
2011
2011
2007
2005
2009
2001
1996
1989
1990
1987
1983
1977
1979
1979
1979
1979
1982
1990
1988
1987
1986
1989
1995
1998
1996
2002
2011
2018
2016
2001
2002
2002
1997
2001
2008
2012
2013
2017
2026
2028
2022
2030
2024
2024
2031
2033
2040
2046
2045
2036
2031
2038
2044
2043
2047
2032
2029
2044
2053
2032
2037
2040
2041
2038
2036
2043
2044
2040
2039
2036
2039
2041
2043
2045
2044
2046
2061
2050
2043
2040
2052
2055
2052
2044
2026
2018
2021
2025
2032
2033
2035
2040
2040
2040
2032
2029
2036
2041
2035
2030
2034
2038
2044
2044
2046
2043
2035
2038
2044
2045
2044
2045
2036
2035
2034
2033
2029
2036
2035
2035
2033
2031
2040
2030
2035
2041
2045
2046
2039
2032
2025
2015
2037
2067
2094
2070
2052
2040
2030
2031
2031
2023
2028
2037
2046
2058
2064
2059
2013
2003
1999
1993
1953
1973
1997
1994
1987
1969
1963
1973
1991
1999
1997
1987
1980
1975
1988
1998
2008
2012
2000
2004
2024
2039
2040
2027
2025
2040
2049
2045
2056
2078
2062
2065
2067
2068
2074
2060
2048
2048
2057
2066
2069
2069
2069
2051
2037
2024
2014
1982
1978
1978
1990
2002
1965
1966
1959
1956
1951
1934
1920
1909
1938
1944
1949
1955
1985
1983
1977
1986
1992
2010
2011
1998
1985
1999
2024
2042
2041
2039
2035
2042
2050
2046
2036
2022
2016
2027
2042
2057
2060
2050
2062
2054
2034
2020
2003
2003
2010
2010
2013
2011
2018
2020
2008
1996
1990
1997
2003
2007
2012
2035
2051
2087
2104
2107
2106
2113
2109
2114
2118
2118
2106
2099
2093
2095
2100
2090
2084
2080
2052
2046
2042
2034
2031
2038
2035
2019
2009
2006
2002
1999
1993
1980
1975
1965
1954
1950
1951
1948
1952
1961
1966
1964
1974
1983
2004
2016
2018
2015
2058
2067
2087
2091
2093
2084
2077
2069
2067
2066
2061
2061
2057
2058
2039
2027
2036
2026
2031
2037
2043
2045
2025
2011
2006
2001
1990
1984
1992
1997
1974
1976
1983
1988
1984
1979
1961
1931
1925
1898
1929
1988
2028
2041
2028
2012
2003
1969
1983
1989
1987
2001
2054
2057
2051
2059
2079
2101
2100
2090
2051
2051
2061
2073
2063
2059
2068
2075
2074
2089
2103
2107
2105
2108
2110
2108
2103
2116
2113
2095
2078
2128
2125
2109
2099
2097
2085
2088
2090
2087
2078
2080
2074
2073
2057
2065
2068
2069
2050
2045
2042
2039
2036
2015
2000
1992
1990
1985
1972
1948
1930
1932
1947
1956
1956
1954
1921
1914
1916
1919
1910
1907
1917
1937
1941
1946
1945
1942
1942
1950
1946
1933
1930
1946
1956
1970
1981
1972
1961
1952
1945
1962
1973
1976
1975
1969
1986
2007
2013
2020
2027
2034
2027
2018
2016
2031
2035
2036
2062
2076
2096
2113
2140
2135
2134
2137
2139
2147
2161
2178
2182
2174
2172
2170
2174
2166
2156
2138
2122
2060
2054
2042
2034
2027
2002
1992
1979
1976
1970
1970
1959
1959
1957
1949
1940
1931
1927
1899
1897
1895
1904
1902
1893
1883
1883
1865
1877
1876
1881
1886
1895
1901
1911
1922
1949
1945
1943
1956
1971
1971
1973
1985
2031
2035
2034
2042
2065
2075
2086
2101
2118
2146
2149
2147
2152
2151
2159
2168
2174
2221
2220
2220
2233
2245
2239
2248
2256
2250
2242
2243
2252
2261
2249
2234
2227
2225
2191
2181
2173
2155
2146
2116
2098
2091
2083
2067
2048
2033
2029
1985
1985
1981
1964
1917
1908
1910
1906
1888
1866
1870
1871
1864
1863
1862
1866
1873
1870
1870
1874
1870
1875
1879
1882
1889
1895
1901
1905
1904
1900
1900
1910
1921
1922
1931
1937
1934
1937
1941
1948
1964
1976
1989
1994
1997
1998
2000
2035
2028
2026
2034
2056
2050
2045
2049
2060
2045
2053
2054
2055
2054
2059
2072
2083
2084
2079
2079
2081
2076
2079
2077
2079
2077
2086
2087
2087
2090
2093
2088
2078
2080
2094
2098
2101
2094
2085
2078
2074
2071
2061
2039
2031
2016
2008
2006
2008
2014
2012
1992
1977
1967
1966
1968
1967
1962
1960
1972
1979
1980
1979
1979
1997
2009
2018
2021
2023
2023
2026
2034
2045
2070
2074
2077
2074
2072
2084
2090
2100
2092
2084
2079
2085
2084
2086
2086
2084
2077
2060
2054
2052
2048
2041
2036
2037
2042
2017
2013
2003
1998
1995
2000
2002
1999
1986
1998
2000
1994
1992
1991
1983
1972
1971
1955
1969
1966
1959
1960
1969
1959
1956
1961
1966
1960
1956
1954
1959
1969
1970
1966