1899
1915
1950
1961
1972
1991
2002
2005
2006
2021
2055
2066
2081
2095
2137
2146
2151
2163
2167
2179
2178
2182
2185
2190
2192
2186
2189
2207
2203
2202
2196
2195
2193
2192
2192
2197
2194
2186
2179
2186
2171
2170
2164
2152
2122
2111
2101
2087
2079
2050
2037
2027
2019
2012
2000
1988
1975
1951
1943
1946
1949
1934
1928
1924
1924
1918
1918
1910
1904
1904
1907
1911
1917
1918
1936
1939
1942
1944
1941
1939
1945
1950
1956
1975
1963
1968
1973
1985
1994
2001
2012
2010
2011
2009
2008
2013
2034
2039
2038
2045
2047
2042
2046
2054
2074
2075
2071
2078
2083
2092
2098
2096
2091
2083
2077
2079
2087
2084
2082
2077
2074
2031
2035
2033
2023
2019
2014
2005
1996
1998
1977
1978
1976
1970
1961
1955
1958
1953
1939
1935
1939
1937
1918
1923
1931
1938
1934
1933
1940
1946
1951
1962
1971
1975
1987
2006
2007
2014
2024
2031
2043
2045
2046
2058
2061
2063
2070
2087
2090
2095
2097
2104
2130
2127
2117
2116
2119
2116
2112
2118
2128
2123
2119
2112
2111
2115
2118
2122
2124
2102
2095
2087
2073
2065
2051
2046
2047
2041
2031
2023
2028
2025
2014
2008
2000
1992
1980
1974
1959
1952
1954
1958
1960
1960
1956
1948
1946
1944
1945
1968
1974
1985
1995
2002
1994
1999
2002
2007
2012
2013
2010
2009
2007
2007
2008
2009
2034
2031
2034
2040
2034
2051
2049
2043
2044
2044
2038
2044
2050
2063
2065
2070
2066
2054
2055
2062
2060
2065
2047
2034
2030
2026
2014
2009
2012
2013
1993
1977
1974
1979
1981
1960
1947
1947
1949
1950
1956
1965
1968
1954
1945
1950
1967
1971
1972
1972
1975
1976
1978
1982
1988
1999
2007
2005
2005
2009
1996
2008
2014
2021
2041
2032
2038
2054
2065
2084
2087
2082
2076
2082
2085
2086
2090
2107
2099
2089
2090
2100
2126
2135
2137
2130
2127
2133
2133
2138
2139
2139
2134
2133
2111
2096
2098
2112
2129
2111
2096
2087
2077
2081
2078
2071
2060
2028
2029
2032
2034
2007
2001
1996
1989
1975
1975
1977
1983
1982
1977
1976
1980
1975
1969
1958
1950
1942
1943
1943
1934
1938
1947
1941
1938
1943
1949
1948
1952
1963
1965
1966
1979
1984
1993
1997
2009
2010
2023
2021
2011
1998
2005
2016
2068
2079
2086
2092
2083
2086
2097
2101
2106
2092
2084
2078
2073
2065
2062
2068
2080
2054
2048
2042
2037
2021
2010
1998
1988
1979
1970
1971
1970
1967
1966
1958
1948
1934
1926
1929
1945
1950
1936
1931
1934
1940
1945
1950
1943
1937
1938
1940
1954
1964
1964
1966
1963
1960
1954
1955
1994
1994
1992
1996
2000
2003
2003
2003
2047
2051
2054
2061
2087
2101
2109
2115
2114
2134
2143
2150
2150
2148
2150
2163
2170
2165
2166
2165
2172
2156
2148
2144
2138
2132
2118
2108
2112
2110
2100
2091
2094
2094
2055
2058
2053
2047
2010
2011
2011
2001
2001
2007
2013
2008
1999
1997
1995
2001
2002
1963
1959
1959
1964
1974
1965
1965
1961
1964
1956
1948
1945
1944
1955
1955
1952
1946
1967
1973
1975
1974
1971
1985
1982
1981
1988
1992
1983
1977
1975
1957
1961
1967
1977
1988
1986
1988
1994
1998
2007
2016
2019
2022
2008
2007
2004
2000
2028
2026
2027
2032
1999
1999
2002
2001
2000
2022
2036
2049
2065
2070
2080
2093
2100
2108
2119
2125
2131
2133
2148
2151
2152
2145
2145
2154
2156
2154
2172
2173
2164
2157
2157
2154
2154
2155
2152
2143
2140
2146
2146
2136
2127
2124
2115
2068
2065
2054
2046
1990
1975
1959
1944
1940
1927
1921
1918
1918
1911
1893
1883
1873
1854
1847
1843
1839
1813
1805
1791
1794
1793
1792
1783
1782
1786
1796
1801
1803
1806
1825
1823
1833
1838
1848
1894
1903
1911
1919
1934
1941
1956
1976
2050
2073
2092
2104
2165
2174
2194
2205
2215
2248
2260
2275
2286
2296
2309
2324
2335
2341
2339
2336
2333
2319
2310
2298
2294
2284
2252
2246
2244
2234
2214
2192
2173
2157
2102
2080
2066
2054
2036
1964
1949
1928
1904
1883
1868
1851
1825
1737
1716
1695
1685
1643
1636
1626
1618
1628
1640
1650
1660
1670
1675
1675
1689
1703
1786
1799
1809
1830
1904
1927
1951
1967
1989
2050
2061
2075
2092
2120
2146
2166
2181
2241
2257
2276
2287
2336
2343
2351
2365
2372
2385
2387
2389
2391
2389
2384
2375
2375
2356
2353
2352
2342
2289
2271
2261
2251
2237
2189
2169
2155
2143
2118
2092
2075
2065
2014
1990
1965
1955
1940
1902
1907
1893
1876
1861
1856
1845
1829
1758
1729
1710
1683
1596
1592
1587
1586
1590
1614
1634
1664
1699
1730
1763
1812
1855
1959
1983
2003
2030
2074
2080
2088
2093
2095
2101
2105
2119
2132
2139
2145
2147
2150
2167
2173
2180
2183
2210
2213
2207
2199
2202
2219
2222
2223
2216
2214
2209
2203
2198
2149
2137
2125
2116
2036
2022
2008
2000
1990
1946
1944
1938
1944
1957
1973
1976
1973
2003
2005
2013
2027
2032
2015
1999
1978
1957
1932
1911
1892
1866
1781
1762
1749
1748
1770
1781
1796
1810
1829
1876
1888
1898
1916
1930
1932
1933
1932
1940
1952
1966
1970
1985
1999
2009
2021
2045
2103
2116
2122
2141
2153
2169
2187
2210
2254
2260
2264
2273
2283
2290
2290
2287
2280
2239
2234
2223
2215
2206
2195
2181
2169
2111
2096
2086
2074
2031
2018
2004
2007
2016
2029
2032
2034
2030
2028
2024
2036
2039
2049
2040
2034
2018
1998
1959
1954
1946
1934
1930
1924
1914
1892
1863
1862
1863
1867
1860
1853
1856
1865
1869
1868
1862
1860
1862
1865
1871
1883
1897
1932
1936
1945
1955
2028
2052
2063
2072
2082
2098
2097
2105
2126
2142
2145
2143
2140
2165
2165
2169
2177
2188
2205
2208
2198
2191
2192
2209
2227
2231
2156
2150
2151
2153
2086
2083
2075
2059
2043
1969
1966
1973
1972
1955
1935
1917
1908
1884
1886
1877
1863
1856
1845
1849
1854
1864
1887
1878
1870
1878
1891
1903
1912
1919
1948
1942
1946
1959
1962
1967
1980
1995
1999
1995
2007
2015
2028
2039
2043
2046
2042
2066
2074
2080
2091
2099
2081
2079
2077
2085
2094
2097
2090
2088
2088
2079
2078
2092
2117
2120
2124
2126
2131
2165
2168
2167
2164
2157
2154
2158
2160
2141
2137
2133
2125
2084
2074
2062
2056
2061
2056
2038
2021
2011
1998
1992
1992
1997
1968
1973
1970
1965
1962
1955
1952
1960
1970
1967
1978
1984
1995
1995
1992
1981
1976
1983
1989
1989
1990
1992
1987
1987
1980
1980
1985
1996
2001
2012
2014
2018
2025
2040
2023
2024
2011
2003
2007
2006
2008
2005
1991
1983
1987
1986
1983
2003
2009
2009
2008
2041
2056
2068
2079
2092
2089
2094
2110
2110
2114
2121
2126
2128
2107
2102
2108
2110
2107
2093
2082
2073
2069
2064
2057
2047
2032
1985
1978
1970
1960
1914
1906
1897
1891
1885
1866
1865
1862
1868
1872
1869
1872
1875
1886
1888
1891
1899
1910
1941
1947
1948
1951
1958
1971
1981
1983
2033
2049
2055
2063
2098
2104
2111
2123
2128
2133
2130
2126
2128
2139
2139
2136
2130
2118
2117
2125
2120
2119
2115
2119
2118
2115
2106
2104
2097
2094
2086
2076
2075
2073
2052
2048
2057
2052
2047
2031
2027
2031
2033
2031
2028
2030
2022
2002
1995
1989
1985
1963
1961
1956
1952
1954
1963
1963
1960
1957
1963
1977
1987
1991
1995
1994
1996
2001
1999
2008
2012
2015
2022
2035
2047
2049
2048
2054
2060
2067
2066
2081
2082
2081
2084
2082
2088
2087
2095
2095
2091
2083
2082
2081
2070
2072
2069
2062
2053
2051
2050
2049
2042
2018
2006
1995
1995
1991
1985
1989
1990
1950
1949
1956
1956
1953
1949
1951
1958
1960
1970
1976
1981
1975
1968
1970
1983
1996
2012
2005
2006
2012
2018
2027
2038
2034
2030
2029
2032
2039
2046
2046
2045
2045
2047
2051
2054
2057
2056
2058
2053
2056
2049
2044
2046
2047
2046
2048
2027
2027
2033
2023
2011
2012
2014
2016
2017
2018
2011
2012
2022
2028
2038
2038
2043
2047
2044
2043
2050
2043
2037
2033
2028
2025
2013
2010
2003
2000
1993
1982
1986
1989
1985
1988
1986
1983
1975
1978
1982
1981
1987
1989
1991
1996
1996
1986
1981
1983
1985
1991
1983
1987
1994
2002
2005
2005
1998
2001
2010
2017
2020
2030
2024
2028
2036
2046
2082
2084
2092
2098
2102
2116
2119
2117
2113
2117
2124
2123
2127
2116
2120
2122
2118
2110
2112
2114
2113
2112
2107
2094
2081
2078
2078
2069
2064
2061
2030
2036
2028
2016
1981
1978
1975
1979
1983
1953
1939
1935
1936
1936
1933
1938
1944
1943
1942
1938
1943
1942
1936
1939
1946
1948
1943
1941
1950
1957
1977
1981
1990
1991
2016
2017
2019
2020
2025
2045
2044
2046
2055
2064
2070
2067
2074
2083
2090
2097
2103
2095
2094
2101
2109
2120
2113
2110
2106
2108
2105
2090
2075
2066
2054
2045
2038
2037
2032
2028
2019
2015
2011
1980
1970
1964
1965
1968
1965
1969
1978
1957
1951
1942
1928
1922
1917
1913
1921
1926
1926
1934
1942
1941
1941
1932
1932
1939
1960
1963
1969
1988
1994
2008
2015
2023
2027
2024
2023
2028
2040
2060
2068
2082
2089
2123
2129
2125
2119
2123
2115
2114
2114
2117
2118
2121
2117
2107
2101
2100
2103
2098
2090
2088
2076
2072
2067
2060
2056
2044
2035
2024
2028
2025
2028
2010
2008
2015
2017
2021
2019
2020
2019
2024
2022
2022
2022
2018
2005
2004
2005
2010
2007
2004
2006
2008
2009
1982
1976
1984
1990
1993
1991
1991
1983
1983
1976
1970
1971
1971
1976
1980
1989
1993
1978
1982
1983
1982
1994
2006
2021
2032
2044
2048
2059
2070
2086
2086
2079
2075
2090
2107
2110
2112
2117
2125
2128
2120
2117
2131
2132
2133
2125
2118
2103
2106
2109
2106
2100
2101
2104
2105
2074
2068
2071
2070
2028
2030
2026
2012
1999
1972
1963
1951
1942
1929
1924
1928
1929
1903
1903
1904
1912
1926
1932
1941
1949
1950
1943
1943
1938
1940
1945
1952
1948
1944
1955
1957
1962
1960
1987
1984
1985
1992
2006
2002
2006
2005
2001
2004
2013
2002
2001
2015
2018
2005
1982
1984
1993
2005
2006
2001
1963
1951
1942
1941
1953
1964
1968
1980
2009
1999
2003
2012
2026
2017
2016
2028
2041
2058
2076
2089
2093
2087
2083
2080
2077
2122
2140
2149
2156
2164
2220
2239
2267
2298
2319
2336
2349
2368
2404
2403
2397
2400
2312
2286
2264
2244
2216
2111
2069
2022
1981
1951
1923
1894
1860
1793
1767
1752
1742
1733
1744
1753
1763
1779
1794
1806
1810
1816
1822
1828
1840
1845
1821
1819
1819
1817
1790
1793
1793
1794
1784
1786
1801
1816
1834
1841
1845
1865
1900
1994
2017
2040
2062
2089
2117
2119
2123
2131
2146
2161
2170
2177
2210
2216
2219
2226
2288
2308
2322
2333
2358
2404
2405
2418
2420
2418
2415
2415
2415
2390
2377
2369
2351
2269
2243
2214
2196
2181
2105
2071
2042
2017
1991
1971
1950
1926
1844
1824
1802
1780
1703
1677
1654
1645
1633
1590
1581
1558
1544
1535
1529
1526
1514
1553
1559
1572
1591
1615
1680
1705
1733
1768
1799
1826
1859
1898
2039
2070
2098
2123
2214
2239
2254
2271
2288
2321
2330
2338
2334
2338
2349
2363
2371
2362
2364
2375
2382
2385
2388
2380
2366
2358
2339
2337
2334
2322
2308
2287
2278
2265
2216
2210
2198
2176
2149
2093
2074
2050
2029
2007
1985
1963
1939
1858
1839
1827
1814
1742
1731
1723
1713
1712
1685
1680
1671
1668
1667
1661
1661
1665
1662
1660
1665
1678
1739
1747
1754
1776
1798
1834
1849
1871
1899
1919
1938
1958
1982
2040
2053
2067
2090
2155
2176
2197
2222
2244
2283
2305
2314
2322
2333
2346
2347
2351
2342
2339
2333
2332
2295
2285
2269
2262
2260
2224
2221
2206
2208
2207
2199
2187
2181
2152
2134
2112
2102
2102
2086
2077
2061
2043
2031
2013
2000
1993
1943
1931
1915
1904
1862
1859
1855
1846
1843
1820
1812
1809
1804
1801
1799
1806
1807
1795
1801
1805
1803
1782
1792
1799
1806
1807
1831
1837
1845
1856
1865
1881
1893
1922
2009
2032
2054
2069
2085
2143
2153
2166
2181
2202
2221
2236
2244
2269
2280
2278
2276
2276
2278
2282
2274
2263
2240
2230
2228
2215
2210
2220
2222
2210
2151
2151
2147
2133
2061
2045
2032
2015
2002
1967
1959
1947
1931
1910
1894
1879
1866
1831
1826
1817
1812
1800
1804
1803
1802
1803
1800
1807
1797
1794
1801
1811
1821
1827
1845
1847
1851
1859
1876
1901
1907
1921
1934
1940
1943
1957
1978
1999
2009
2013
2018
2060
2070
2080
2093
2102
2113
2123
2142
2158
2172
2185
2197
2203
2221
2229
2234
2237
2269
2275
2284
2279
2276
2284
2274
2268
2264
2262
2253
2252
2251
2202
2183
2169
2157
2107
2089
2075
2063
2050
2000
1981
1956
1946
1938
1924
1909
1901
1871
1865
1861
1860
1861
1866
1866
1863
1860
1865
1879
1885
1884
1884
1887
1895
1901
1923
1925
1924
1927
1935
1937
1947
1953
1949
1944
1951
1956
1951
1967
1976
1983
1983
1999
2004
2019
2031
2046
2066
2073
2081
2089
2087
2097
2107
2122
2138
2147
2153
2157
2167
2174
2175
2181
2184
2178
2165
2155
2157
2158
2148
2138
2132
2105
2096
2087
2075
2016
1999
1983
1973
1963
1920
1909
1901
1896
1897
1883
1877
1877
1867
1864
1856
1849
1851
1861
1869
1874
1884
1890
1890
1889
1891
1945
1958
1972
1977
1999
2006
2012
2025
2039
2049
2054
2056
2057
2064
2075
2083
2097
2089
2090
2105
2111
2126
2127
2129
2126
2130
2145
2150
2156
2160
2156
2158
2161
2152
2163
2163
2168
2167
2164
2151
2144
2139
2132
2118
2109
2101
2099
2101
2103
2101
2091
2063
2054
2048
2046
2004
1999
1985
1970
1957
1934
1930
1923
1921
1916
1906
1902
1898
1884
1889
1884
1879
1871
1866
1870
1882
1885
1912
1914
1917
1925
1932
1932
1937
1951
1962
1966
1962
1966
1970
1993
1997
2001
2008
2012
2011
2012
2018
2024
2032
2037
2031
2036
2038
2041
2050
2054
2048
2040
2044
2043
2043
2048
2057
2061
2082
2076
2082
2089
2096
2095
2092
2097
2099
2092
2095
2093
2091
2096
2091
2092
2092
2078
2070
2071
2073
2065
2030
2023
2014
2011
2005
2002
2004
2007
1979
1977
1976
1972
1978
1981
1986
1983
1986
1995
2005
2011
2015
2015
2018
2024
2025
2032
2040
2049
2057
2057
2063
2076
2087
2091
2092
2094
2101
2101
2095
2087
2087
2094
2070
2065
2066
2064
2052
2053
2056
2062
2058
2049
2047
2053
2070
2070
2068
2068
2069
2058
2064
2061
2059
2050
2035
2021
2018
2017
2002
2001
1994
1992
1984
1976
1962
1954
1959
1953
1952
1954
1939
1946
1947
1947
1955
1958
1958
1957
1958
1964
1966
1966
1976
1985
1985
1980
1984
1991
2000
1999
2001
2008
2019
2030
2037
2047
2065
2066
2063
2059
2062
2069
2067
2056
2052
2051
2040
2032
2028
2029
2029
2026
2018
1997
1992
1997
1986
1980
1996
1991
1982
1982
1983
1986
1985
1985
1973
1972
1968
1967
1964
1961
1961
1960
1947
1946
1953
1969
1988
1994
1996
1996
2001
2009
2018
2030
2040
2052
2049
2050
2054
2080
2093
2096
2098
2097
2105
2108
2104
2105
2117
2117
2119
2122
2113
2123
2122
2119
2117
2098
2092
2088
2096
2103
2113
2114
2123
2116
2106
2099
2102
2117
2117
2109
2093
2090
2090
2079
2075
2071
2066
2057
2048
2044
2038
2035
2033
2022
1993
1991
1992
1993
1990
1964
1965
1965
1949
1935
1937
1937
1936
1891
1881
1870
1861
1832
1827
1827
1830
1830
1841
1841
1854
1879
1905
1930
1962
1991
2102
2126
2159
2191
2257
2264
2274
2279
2271
2231
2205
2172
2148
2121
2093
2062
2033
1933
1916
1901
1885
1871
1869
1875
1882
1890
1902
1914
1931
1940
1996
2016
2038
2053
2090
2090
2096
2101
2103
2077
2059
2048
2040
2036
2029
2027
2023
1997
1991
1994
2000
2019
2027
2033
2026
2020
2035
2044
2050
2053
2043
2033
2029
2026
1955
1946
1935
1928
1904
1899
1903
1910
1920
1948
1957
1976
2011
2047
2074
2093
2117
2179
2191
2199
2199
2196
2189
2183
2176
2168
2146
2136
2122
2113
2106
2106
2099
2094
2073
2060
2057
2058
2050
2033
2035
2037
2033
2029
2026
2020
2007
1980
1971
1970
1977
1967
1964
1958
1954
1958
1974
1975
1979
1980
1991
2002
2013
2015
2049
2057
2060
2066
2068
2065
2062
2052
2043
2013
1997
1989
1976
1963
1953
1942
1932
1881
1870
1865
1856
1829
1835
1838
1848
1864
1910
1926
1942
1953
1963
1979
2000
2022
2079
2092
2105
2114
2128
2148
2153
2163
2169
2169
2172
2177
2177
2168
2171
2169
2157
2122
2117
2113
2104
2097
2072
2064
2053
2043
2036
2033
2035
2034
2015
2016
2013
2013
2009
2011
2006
1999
1993
1981
1976
1968
1966
1966
1964
1947
1928
1923
1936
1948
1960
1963
1959
1948
1937
1928
1933
1944
1944
1953
1994
1986
1985
1988
1988
1989
1990
1995
2000
1995
2009
2030
2043
2048
2061
2063
2058
2075
2065
2061
2072
2056
2056
2051
2041
2048
2055
2072
2080
2084
2081
2082
2086
2089
2080
2083
2109
2110
2108
2098
2096
2098
2094
2092
2110
2120
2130
2130
2136
2134
2141
2150
2151
2150
2154
2153
2144
2115
2116
2112
2099
2036
2019
2000
1980
1963
1932
1932
1927
1917
1906
1901
1898
1893
1867
1870
1867
1864
1889
1899
1911
1917
1925
1948
1952
1949
1951
1953
1959
1962
1963
1974
1970
1973
1978
1976
1974
1979
1979
1980
1960
1961
1961
1967
1968
1974
1982
1990
1971
1978
1983
1985
2009
2012
2020
2027
2045
2090
2100
2113
2141
2156
2163
2170
2184
2237
2253
2259
2260
2264
2272
2272
2273
2271
2259
2245
2232
2216
2133
2128
2107
2092
1996
1983
1967
1950
1939
1914
1902
1896
1882
1870
1863
1859
1856
1847
1847
1848
1849
1884
1885
1886
1898
1904
1909
1915
1926
1932
1939
1945
1952
1952
1952
1951
1956
1974
2002
1994
1998
2014
2026
2053
2065
2067
2073
2074
2080
2087
2093
2108
2105
2108
2117
2122
2133
2136
2135
2144
2149
2152
2154
2155
2159
2163
2160
2166
2174
2162
2147
2152
2154
2128
2118
2100
2099
2088
2075
2066
2054
2007
2006
1999
1990
1953
1951
1963
1968
1966
1956
1955
1954
1951
1951
1954
1962
1967
1960
1955
1960
1962
1967
1962
1951
1939
1940
1939
1947
1953
1950
1942
1927
1920
1921
1935
1938
1937
1942
1959
1971
1971
1981
1990
1997
1998
2010
2020
2031
2038
2048
2045
2045
2038
2037
2047
2054
2063
2063
2069
2072
2066
2056
2058
2063
2044
2039
2042
2040
2048
2050
2060
2060
2063
2074
2069
2068
2074
2081
2077
2080
2086
2090
2087
2088
2090
2103
2102
2106
2105
2104
2113
2104
2090
2088
2085
2083
2077
2076
2064
2070
2067
2055
2034
2034
2031
2029
2036
2003
1993
1984
1967
1952
1949
1952
1947
1904
1903
1899
1900
1897
1899
1903
1892
1889
1920
1926
1934
1935
1939
1948
1960
1978
2027
2044
2052
2062
2073
2087
2098
2111
2127
2138
2141
2147
2155
2154
2154
2155
2157
2136
2128
2121
2120
2118
2103
2094
2079
2063
2058
2055
2059
2059
2037
2025
2021
2019
2009
2003
2000
1997
1994
1993
1992
1990
1998
2005
2002
1999
2002
1986
1976
1963
1955
1934
1934
1927
1919
1909
1887
1886
1884
1878
1872
1869
1862
1855
1875
1885
1885
1886
1913
1922
1932
1940
1939
1951
2010
2021
2023
2026
2039
2073
2086
2095
2105
2109
2129
2137
2142
2154
2156
2154
2163
2164
2157
2158
2154
2149
2147
2148
2147
2144
2124
2119
2128
2129
2120
2112
2107
2101
2092
2093
2084
2084
2079
2071
2059
2054
2054
2052
2030
2031
2027
2025
2024
2017
2016
2017
2023
2021
2018
2022
2023
2024
2024
2030
2038
2052
2049
2040
2033
2031
2041
2040
2045
2050
2023
2014
1997
1979
1965
1950
1924
1908
1903
1880
1873
1866
1858
1866
1881
1891
1902
1963
1983
1998
2016
2030
2087
2100
2107
2117
2125
2128
2126
2123
2110
2106
2102
2089
2072
2057
2041
2026
2009
2004
1985
1980
1974
1964
1960
1963
1959
1961
1981
1986
1984
1992
2004
2009
2012
2016
2053
2061
2064
2061
2052
2056
2057
2062
2059
2049
2037
2028
2027
2004
1995
2004
2004
2001
2000
1998
2003
2010
2028
2031
2036
2036
2036
2038
2035
2031
2006
1994
1988
1983
1959
1957
1953
1955
1959
1966
1975
1984
1993
2004
2015
2025
2030
2074
2075
2075
2078
2073
2076
2084
2089
2088
2090
2086
2088
2088
2094
2091
2088
2092
2102
2114
2119
2111
2104
2109
2114
2117
2118
2106
2094
2088
2091
2100
2104
2102
2096
2070
2066
2057
2043
2012
2001
1994
1991
1986
1981
1975
1961
1957
1958
1952
1962
1971
1976
1981
1984
1990
2001
1963
1963
1970
1971
1967
1952
1936
1931
1916
1903
1894
1889
1917
1921
1918
1917
1926
1960
1962
1961
1960
1969
1987
1999
2003
2024
2031
2037
2039
2038
2035
2039
2050
2044
2048
2051
2051
2048
2039
2043
2043
2045
2033
2023
2023
2024
2021
2026
2025
2027
2036
2039
2039
2039
2042
2038
2065
2063
2069
2068
2069
2061
2068
2074
2078
2077
2075
2071
2061
2060
2057
2056
2049
2039
2034
2035
2037
2005
2001
2004
2001
1988
1988
1985
1993
2003
2009
2015
2017
2021
2029
2036
2043
2054
2074
2086
2091
2094
2101
2112
2118
2122
2121
2099
2104
2103
2104
2102
2101
2097
2093
2065
2065
2058
2059
2066
2054
2052
2047
2041
2033
2031
2028
2024
2019
2011
1998
1991
1981
1988
1986
1983
1988
1984
1994
2005
2023
2030
2035
2046
2048
2054
2064
2069
2067
2048
2045
2035
2027
2022
2032
2028
2016
2001
1993
1995
1990
1980
1952
1953
1954
1947
1929
1930
1934
1940
1950
1946
1947
1948
1954
1962
1970
1972
1974
1983
1995
2004
2001
1999
1983
1968
1973
1977
1984
1987
1991
2003
2012
2006
2009
2014
2051
2056
2057
2057
2052
2045
2036
2037
2046
2048
2047
2052
2054
2031
2033
2038
2040
2023
2020
2029
2030
2025
2028
2034
2039
2036
2033
2036
2033
2037
2064
2053
2051
2054
2049
2050
2059
2063
2061
2050
2039
2038
2039
2042
2042
2042
2038
2030
2027
2022
2015
2015
2025
2019
2011
2011
2008
2004
2011
2015
2029
2030
2023
2021
2042
2049
2049
2050
2053
2051
2054
2060
2069
2080
2088
2090
2089
2099
2099
2109
2111
2089
2086
2075
2074
2084
2078
2073
2068
2066
2056
2046
2041
2031
2022
2015
2014
2002
1992
1996
1995
1998
1997
1972
1962
1957
1953
1956
1969
1969
1965
1955
1950
1952
1960
1982
1986
1983
1988
1991
2000
2003
2000
2003
2002
1998
1998
2000
2015
2013
2011
2010
2016
2037
2037
2037
2045
2051
2045
2043
2036
2024
2029
2024
2022
2002
1999
2004
2005
2011
2007
2007
2005
2001
2001
2003
1996
1995
2012
2005
2001
2009
2011
2020
2023
2023
2028
2040
2042
2048
2058
2066
2067
2064
2065
2053
2056
2058
2055
2057
2063
2064
2059
2052
2055
2053
2051
2050
2037
2031
2022
2020
2006
2005
2015
2029
2033
2006
1997
1991
1990
2001
2010
2014
2020
2010
2013
2017
2022
2021
2023
2023
2026
2033
2040
2046
2044
2042
2031
2018
2018
2028
2049
2043
2038
2035
2042
2040
2038
2040
2036
2022
2021
2018
2020
2027
2036
2027
2022
2020
2021
2026
2039
2036
2045
2043
2048
2054
2071
2076
2079
2080
2080
2082
2085
2084
2070
2081
2077
2068
2081
2057
2050
2040
2030
2031
2039
2036
2027
1987
1987
1981
1977
1980
1973
1966
1963
1955
1947
1958
1955
1951
1947
1957
1965
1967
1983
1991
2000
2003
2035
2033
2042
2044
2047
2063
2076
2079
2084
2081
2087
2101
2113
2120
2121
2121
2125
2113
2096
2092
2094
2097
2086
2071
2067
2065
2071
2066
2062
2055
1981
1968
1963
1970
1979
1978
1971
1958
1952
1941
1928
1925
1939
1923
1915
1917
1917
1969
1983
1991
1992
1998
1996
1999
2006
2025
2037
2036
2030
2031
2055
2058
2055
2060
2036
2043
2058
2066
2050
2026
2020
2021
2030
2030
2026
2025
2031
2014
2000
1991
1985
1995
1987
1989
1995
1999
2016
2023
2029
2047
2057
2071
2084
2083
2053
2047
2045
2042
2025
1986
1977
1959
1953
1952
1943
1939
1935
1953
1949
1946
1952
2029
2061
2080
2102
2128
2146
2165
2176
2181
2189
2191
2199
2196
2161
2158
2154
2142
2106
2099
2092
2080
2071
2057
2053
2055
2055
2053
2043
2027
2024
2016
2010
2005
2002
1996
1995
2001
1995
1987
1948
1932
1928
1924
1920
1922
1913
1906
1888
1884
1884
1900
1912
1919
1935
1948
1962
1972
1988
2012
2031
2045
2045
2041
2038
1990
1981
1970
1962
1953
1956
1960
1959
1959
1964
1971
1981
1993
2034
2042
2054
2071
2119
2127
2128
2128
2131
2143
2139
2134
2135
2131
2128
2120
2115
2108
2121
2123
2119
2103
2102
2107
2102
2104
2079
2074
2074
2069
2066
2058
2052
2046
2021
2011
2000
1983
1972
1966
1959
1951
1947
1929
1923
1923
1925
1923
1920
1923
1931
1950
1954
1956
1958
1964
1976
1987
1995
2003
2001
1997
1995
1994
1993
1988
1976
1976
1968
1969
1970
1975
1983
2002
2024
2032
2040
2045
2053
2058
2067
2111
2115
2123
2135
2142
2150
2155
2151
2151
2145
2134
2126
2116
2113
2102
2090
2077
2052
2055
2057
2056
2014
2005
2006
2005
2010
1998
2000
2009
2018
2019
2017
2019
2020
2031
2040
2049
2054
2054
2053
2054
2051
2058
2059
2054
2048
2045
1996
1995
1994
1987
1951
1942
1931
1933
1933
1916
1918
1915
1913
1909
1907
1909
1921
1951
1958
1958
1968
2021
2031
2037
2043
2049
2055
2065
2059
2056
2058
2067
2064
2058
2056
2057
2058
2060
2058
2063
2068
2063
2065
2053
2047
2045
2051
2052
2054
2050
2044
2026
2016
2012
2013
2028
2027
2028
2026
2028
2051
2057
2060
2062
2066
2077
2084
2092
2094
2100
2103
2096
2089
2067
2063
2061
2051
2040
2030
2025
2020
1969
1971
1978
1976
1935
1938
1940
1945
1948
1926
1946
1956
1953
1950
1944
1955
1963
1979
1971
1969
1983
2023
2021
2016
2020
2035
2050
2052
2049
2047
2056
2076
2084
2081
2084
2094
2102
2106
2110
2107
2101
2102
2108
2078
2069
2065
2070
2065
2058
2049
2037
2022
2010
2009
2006
2008
2009
2012
2017
2019
2038
2034
2033
2038
2041
2041
2042
2035
2027
2031
2031
2028
2032
2023
2015
2020
2021
2005
1988
1978
1980
1976
1972
1970
1970
1951
1947
1942
1941
1949
1950
1952
1955
1964
1970
1978
1982
1985
2001
2018
2028
2030
2035
2039
2049
2053
2048
2050
2053
2050
2051
2047
2051
2050
2050
2061
2063
2068
2067
2065
2061
2055
2050
2051
2054
2055
2055
2058
2062
2057
2055
2059
2053
2054
2049
2047
2057
2062
2064
2068
2066
2061
2061
2061
2066
2065
2060
2062
2066
2035
2034
2029
2020
2015
2015
2008
2001
1998
1994
1987
1977
1976
1968
1966
1973
1979
1970
1961
1961
1962
1965
1971
1980
1976
1981
1984
1993
1999
2004
2006
2008
2016
2022
2008
2008
2017
2013
2014
2021
2025
2025
2025
2015
2011
2013
2018
2022
2015
2017
2020
2022
2016
2016
2024
2032
2039
2042
2041
2043
2043
2045
2044
2040
2040
2040
2042
2032
2028
2026
2024
2017
2020
2015
2016
2022
2023
2019
2019
2025
2018
2023
2027
2035
2049
2051
2049
2045
2036
2038
2040
2048
2054
2054
2058
2058
2063
2072
2078
2075
2067
2064
2070
2084
2094
2094
2091
2086
2081
2082
2081
2080
2082
2081
2077
2054
2051
2044
2037
2034
2022
2012
2010
2007
1998
1999
2003
2011
2019
2022
2020
2019
2017
2021
2026
2034
2031
2040
2048
2052
2059
2060
2058
2057
2059
2060
2060
2055
2058
2067
2059
2051
2046
2048
2054
2051
2047
2038
2030
2024
2021
2019
2009
1999
1987
1988
1991
1972
1966
1964
1957
1951
1955
1959
1950
1936
1935
1941
1942
1925
1922
1926
1932
1933
1949
1948
1946
1947
1946
1950
1958
1967
1974
1971
1972
1970
1994
1991
1992
1998
2003
2016
2023
2017
2027
2033
2035
2037
2044
2042
2037
2041
2053
2050
2047
2048
2052
2046
2070
2064
2062
2065
2060
2058
2062
2068
2058
2061
2066
2067
2066
2061
2067
2067
2069
2067
2063
2060
2059
2031
2040
2042
2038
2024
2018
2022
2029
2025
2021
2028
2024
2027
2037
2044
2040
2037
2056
2061
2067
2073
2072
2079
2077
2083
2088
2091
2093
2089
2092
2097
2090
2081
2083
2085
2083
2074
2068
2057
2054
2050
2051
2050
2021
2023
2029
2032
2031
2029
2022
2019
2015
2008
1999
1999
1998
1995
1994
1999
2004
1985
1978
1975
1974
1972
1969
1959
1960
1951
1947
1934
1925
1928
1922
1923
1923
1931
1921
1916
1922
1930
1968
1990
2012
2026
2112
2130
2144
2165
2183
2216
2214
2210
2206
2202
2195
2178
2153
2076
2050
2024
1992
1918
1905
1887
1879
1866
1852
1854
1856
1864
1871
1883
1895
1900
1951
1970
2003
2021
2046
2058
2067
2067
2075
2085
2072
2062
2062
2052
2036
2024
2027
2010
2008
2008
1998
1994
1998
2005
2018
2027
2039
2036
2037
2034
2056
2063
2059
2057
2016
2021
2025
2019
2015
2003
2002
2006
1997
1994
1999
2014
2021
2072
2084
2105
2122
2148
2162
2167
2171
2178
2144
2133
2124
2123
2113
2100
2084
2072
2043
2033
2020
2010
1991
1977
1966
1966
1962
1950
1958
1949
1946
1950
1957
1949
1949
1967
1966
1975
1990
2000
2005
1999
2005
2017
2025
2028
2030
2040
2050
2049
2051
2057
2072
2077
2080
2079
2086
2091
2096
2096
2095
2087
2077
2076
2084
2046
2027
2002
1988
1961
1953
1950
1941
1936
1916
1906
1910
1919
1930
1945
1947
1957
1979
1994
2010
2023
2044
2036
2040
2045
2051
2086
2092
2092
2093
2089
2092
2095
2094
2058
2059
2069
2066
2021
2021
2026
2022
2023
2006
2009
2016
2016
2013
2009
2012
2017
2013
2010
2005
2013
2009
2007
2010
2003
1999
1998
2002
1999
2004
2001
1999
1992
1989
2001
2014
2014
2015
2016
2022
2027
2035
2038
2059
2063
2060
2059
2065
2066
2068
2074
2068
2071
2068
2069
2081
2074
2076
2072
2061
2051
2035
2022
2023
2030
2024
2025
2033
2015
2014
2020
2023
2026
2031
2040
2044
2046
2053
2054
2058
2064
2065
2064
2059
2052
2052
2047
2044
2040
2046
2026
2015
2014
2009
2014
2009
2007
1996
2000
2007
2005
1995
1972
1969
1968
1957
1943
1956
1950
1948
1939
1929
1924
1924
1931
1955
1963
1972
1979
2013
2027
2044
2051
2058
2097
2106
2110
2113
2115
2118
2116
2120
2104
2101
2098
2106
2114
2070
2057
2049
2050
2052
2051
2035
2020
2015
2010
2001
1996
1983
1990
1988
1978
1969
1977
1989
1984
1978
1974
1977
1978
1988
1999
2007
2004
2000
2030
2036
2035
2036
2043
2054
2062
2062
2063
2069
2077
2076
2076
2074
2077
2081
2081
2065
2060
2054
2051
2045
2025
2026
2018
2017
2015
2000
1995
1992
1976
1976
1981
1985
1991
2005
1998
1996
2004
2013
2018
2023
2032
2044
2051
2050
2051
2069
2063
2062
2069
2073
2050
2052
2049
2044
2039
2044
2042
2036
2017
2018
2022
2027
2012
2019
2020
2024
2026
2024
2030
2033
2038
2036
2035
2036
2041
2049
2050
2050
2050
2054
2058
2060
2066
2062
2056
2052
2055
2052
2048
2044
2048
2048
2017
2000
1984
1973
1959
1929
1931
1925
1916
1905
1915
1924
1917
1882
1872
1873
1882
1903
1911
1908
1904
1919
1941
1945
1962
1968
1974
1971
1983
1993
2030
2045
2055
2064
2090
2086
2091
2096
2105
2120
2123
2128
2137
2136
2138
2143
2150
2137
2131
2135
2144
2144
2147
2153
2160
2159
2145
2142
2143
2143
2144
2144
2152
2151
2137
2134
2136
2135
2116
2101
2092
2083
2074
2005
2001
1999
1996
1985
1968
1953
1937
1898
1873
1859
1849
1845
1852
1849
1842
1841
1847
1854
1858
1851
1838
1849
1861
1873
1883
1905
1914
1924
1931
1965
1973
1985
1998
2006
2017
2032
2046
2071
2070
2072
2086
2104
2112
2119
2112
2108
2118
2126
2138
2149
2160
2166
2178
2175
2152
2160
2161
2160
2158
2158
2161
2172
2170
2160
2155
2159
2156
2108
2106
2106
2096
2072
2059
2046
2028
2010
1970
1961
1952
1945
1932
1927
1926
1915
1862
1857
1857
1848
1821
1819
1821
1810
1801
1793
1792
1805
1813
1817
1819
1823
1826
1846
1843
1845
1852
1871
1875
1884
1890
1905
1925
1925
1928
1932
1944
1957
1972
1992
2044
2057
2064
2085
2155
2180
2193
2201
2224
2264
2289
2309
2321
2334
2344
2346
2346
2361
2365
2362
2359
2360
2338
2326
2315
2310
2299
2284
2266
2253
2196
2185
2161
2144
2112
2108
2095
2083
2069
2047
2036
2019
2008
1994
1989
1981
1968
1918
1916
1916
1914
1880
1883
1884
1877
1873
1859
1854
1850
1849
1841
1838
1840
1844
1853
1848
1849
1855
1881
1883
1878
1874
1876
1873
1881
1883
1882
1887
1905
1921
1928
1953
1962
1985
2004
2011
2024
2043
2059
2074
2080
2096
2106
2105
2131
2138
2151
2155
2186
2185
2185
2179
2176
2214
2212
2196
2187
2177
2177
2168
2163
2112
2111
2104
2091
2023
2017
2016
2006
2000
1960
1952
1938
1929
1925
1920
1924
1926
1910
1906
1904
1906
1906
1910
1895
1887
1900
1907
1906
1908
1907
1904
1900
1904
1904
1925
1925
1918
1921
1938
1948
1954
1964
1972
1980
1988
1998
2011
2026
2031
2041
2060
2110
2111
2124
2139
2144
2176
2189
2188
2200
2206
2208
2215
2224
2241
2240
2232
2227
2196
2196
2198
2195
2187
2164
2143
2127
2129
2130
2129
2123
2116
2070
2059
2053
2049
2035
2027
2012
2001
1989
1949
1945
1950
1945
1932
1913
1906
1897
1870
1871
1874
1867
1854
1852
1851
1856
1864
1868
1870
1873
1873
1873
1885
1897
1896
1899
1885
1879
1874
1879
1902
1906
1908
1913
1915
1919
1921
1924
1991
2006
2024
2036
2109
2131
2151
2165
2182
2230
2243
2252
2254
2258
2263
2264
2275
2260
2242
2221
2208
2165
2155
2145
2130
2112
2071
2062
2051
2055
2058
2051
2039
2027
2011
2007
2008
2015
2038
2037
2035
2045
2051
2045
2047
2048
2041
2030
2029
2019
2007
2001
2000
1998
1987
1955
1960
1959
1957
1955
1950
1943
1934
1930
1928
1929
1941
1943
1934
1926
1923
1928
1934
1926
1925
1930
1935
1933
1935
1943
1963
1990
2004
2019
2025
2077
2095
2103
2107
2113
2118
2121
2128
2132
2128
2128
2134
2142
2113
2107
2097
2093
2072
2067
2057
2050
2053
2037
2032
2026
2025
2019
2013
2004
1994
1966
1964
1962
1960
1964
1945
1943
1938
1935
1924
1925
1936
1938
1939
1943
1947
1956
1977
1982
1985
1986
1990
2015
2016
2024
2037
2036
2030
2034
2036
2046
2050
2048
2040
2029
2027
2033
2030
2027
2019
2017
2009
2014
2020
2033
2040
2041
2047
2048
2053
2054
2063
2079
2086
2085
2086
2093
2090
2090
2107
2120
2126
2134
2138
2133
2127
2123
2121
2125
2111
2112
2104
2096
2095
2087
2081
2081
2084
2074
2067
2062
2063
2058
2045
2042
2041
2010
2006
1996
1991
2001
1997
1989
1975
1962
1942
1938
1935
1937
1931
1923
1920
1914
1904
1901
1916
1921
1939
1936
1941
1959
1978
2002
2003
2001
2007
2011
2018
2028
2029
2050
2050
2053
2057
2057
2037
2051
2060
2055
2055
2052
2050
2047
2035
2030
2023
2016
1997
1993
1989