2172
2198
2238
2345
2320
2314
2312
2401
2446
2495
2557
2629
2712
2714
2687
2642
2601
2569
2545
2531
2454
2440
2418
2371
2308
2256
2209
2174
2179
2269
2302
2329
2335
2319
2294
2253
2185
2085
1871
1848
1845
1867
1902
1938
1972
1976
1903
1886
1864
1845
1842
1862
1890
1919
1962
2117
2148
2178
2192
2188
2176
2183
2193
2196
2209
2193
2165
2141
2116
2088
2050
2006
1840
1831
1846
1873
1896
1871
1835
1795
1752
1698
1706
1710
1699
1672
1625
1554
1461
1035
968
915
883
1006
1078
1158
1238
1556
1663
1785
1922
2071
2443
2540
2608
2653
2672
2676
2666
2645
2560
2526
2494
2454
2325
2300
2284
2273
2272
2283
2298
2308
2311
2308
2314
2311
2310
2331
2310
2275
2235
1957
1878
1795
1725
1586
1579
1577
1569
1557
1542
1543
1557
1592
1643
1711
1785
1857
2132
2180
2226
2267
2302
2371
2384
2395
2401
2398
2379
2352
2310
2197
2164
2149
2133
2122
2111
2109
2112
2120
2139
2144
2157
2169
2188
2201
2218
2235
2243
2195
2161
2118
2067
2016
1963
1914
1874
1753
1737
1730
1723
1700
1700
1711
1730
1863
1891
1921
1954
1981
2035
2050
2061
2068
2069
2068
2072
2076
2090
2096
2124
2156
2263
2291
2316
2331
2353
2393
2405
2418
2425
2428
2427
2425
2409
2275
2224
2168
2109
1949
1929
1919
1919
1933
1964
1977
1993
2006
2027
2056
2080
2107
2167
2182
2192
2198
2195
2186
2148
2139
2242
2146
2022
1901
1777
1637
1534
1488
1441
1423
1623
1723
1844
1936
1993
1993
1980
1984
1914
1955
1984
2019
2130
2131
2135
2112
2102
2049
2037
2054
2087
2136
2178
2202
2192
2073
2012
1941
1885
1869
1860
1844
1848
1884
2020
2057
2096
2135
2173
2207
2222
2208
2185
2075
2027
1980
1941
1920
1898
1868
1834
1736
1724
1724
1728
1766
1790
1803
1803
1800
1753
1728
1703
1698
1697
1698
1706
1723
1802
1809
1811
1811
1798
1783
1803
1827
1858
1904
1955
1999
2034
2058
2038
2017
2019
2025
2043
2090
2156
2231
2446
2491
2509
2504
2474
2435
2384
2331
2192
2195
2205
2216
2221
2209
2192
2177
2166
2161
2165
2181
2200
2305
2314
2311
2289
2197
2190
2179
2170
2170
2166
2144
2123
2099
2075
2063
2048
2042
2058
2063
2054
2035
1937
1932
1942
1967
2099
2124
2129
2119
2106
2009
1973
1951
1930
1911
1890
1870
1855
1787
1762
1735
1715
1703
1728
1757
1790
1806
1830
1815
1787
1770
1766
1771
1783
1798
1939
1966
1982
1996
1997
1995
2002
2018
2091
2099
2097
2096
2084
2045
2040
2041
2042
2044
2051
2059
2065
2064
2064
2058
2054
2014
2001
1999
2002
2000
2019
2028
2036
2047
2058
2067
2076
2089
2082
2074
2067
2059
1980
1969
1962
1970
1984
2032
2055
2072
2086
2107
2126
2134
2132
2132
2127
2126
2129
2127
2128
2127
2123
2123
2129
2137
2152
2162
2178
2213
2241
2261
2288
2343
2360
2369
2378
2382
2387
2392
2391
2439
2457
2480
2510
2576
2572
2540
2492
2462
2367
2349
2317
2297
2296
2276
2240
2223
2089
2078
2055
2014
1886
1843
1819
1805
1707
1687
1660
1653
1660
1648
1657
1661
1639
1612
1603
1586
1564
1502
1482
1467
1472
1467
1471
1476
1482
1494
1495
1493
1497
1494
1484
1486
1507
1524
1578
1595
1619
1644
1761
1800
1846
1891
1921
2028
2050
2074
2091
2101
2118
2134
2149
2201
2235
2270
2297
2312
2322
2337
2341
2326
2278
2263
2259
2274
2294
2301
2307
2318
2326
2298
2283
2265
2252
2252
2258
2264
2276
2327
2337
2344
2344
2330
2323
2310
2313
2320
2267
2239
2201
2159
2120
2082
2043
2002
1906
1889
1882
1870
1785
1766
1743
1726
1716
1721
1728
1728
1725
1698
1680
1664
1658
1661
1657
1652
1659
1670
1675
1678
1690
1794
1839
1875
1919
1967
2090
2136
2182
2229
2275
2313
2357
2396
2495
2507
2519
2525
2530
2508
2496
2489
2485
2474
2461
2446
2433
2412
2404
2391
2386
2390
2384
2373
2370
2367
2351
2342
2333
2313
2286
2266
2251
2231
2145
2134
2119
2097
2077
2025
2012
1997
1985
1968
1956
1946
1939
1881
1870
1853
1845
1797
1777
1763
1747
1662
1645
1634
1619
1603
1562
1550
1545
1548
1551
1575
1602
1629
1741
1780
1810
1838
1864
1952
1970
1996
2032
2058
2086
2111
2138
2164
2168
2168
2162
2158
2155
2162
2159
2172
2205
2215
2223
2231
2233
2239
2242
2247
2249
2266
2265
2267
2266
2267
2262
2254
2244
2201
2191
2178
2165
2131
2115
2103
2091
2086
2058
2054
2048
2039
2032
2031
2029
2031
2031
2030
2029
2027
2025
2029
2026
2022
2017
1993
1990
1987
1976
1969
1961
1953
1947
1943
1907
1896
1890
1876
1857
1848
1845
1840
1802
1802
1803
1800
1812
1824
1837
1848
1897
1911
1926
1937
1948
1983
1994
2005
2017
2023
2032
2043
2059
2083
2089
2095
2093
2109
2117
2119
2116
2118
2104
2101
2097
2096
2091
2083
2083
2079
2083
2085
2088
2091
2081
2084
2087
2082
2078
2064
2059
2061
2057
2056
2053
2051
2046
2046
2046
2043
2042
2043
2044
2048
2048
2050
2050
2050
2049
2048
2046
2036
2023
2017
2015
1992
1983
1975
1973
1960
1950
1944
1932
1889
1887
1889
1887
1872
1872
1872
1876
1879
1890
1894
1901
1905
1926
1935
1943
1950
1951
1955
1960
1968
1994
2002
2012
2022
2056
2063
2076
2079
2090
2097
2098
2096
2094
2094
2091
2092
2091
2072
2068
2067
2068
2073
2084
2088
2090
2086
2091
2102
2108
2110
2122
2133
2139
2140
2135
2133
2127
2122
2121
2096
2089
2086
2089
2083
2075
2064
2058
2044
2014
2003
1992
1983
1974
1973
1976
1980
1994
2004
2010
2008
2013
2014
2022
2027
2043
2045
2048
2053
2053
2050
2051
2052
2060
2063
2064
2066
2061
2056
2056
2058
2068
2078
2075
2074
2074
2057
2053
2052
2052
2050
2028
2030
2028
2022
2015
2009
1996
1987
1971
1969
1968
1967
1974
1976
1982
1989
1998
2005
2014
2017
2021
2023
2034
2038
2042
2052
2053
2058
2054
2064
2064
2059
2058
2060
2062
2064
2063
2057
2054
2056
2053
2049
2044
2046
2044
2047
2041
2045
2039
2036
2016
2016
2016
2016
2013
1990
1987
1985
1989
1987
1979
1973
1974
1972
1966
1961
1959
1952
1944
1939
1943
1939
1938
1936
1935
1938
1935
1931
1933
1941
1937
1932
1936
1939
1957
1964
1971
1976
2012
2017
2019
2026
2034
2061
2063
2064
2070
2073
2079
2087
2088
2108
2114
2115
2109
2120
2124
2125
2123
2118
2120
2118
2115
2109
2111
2108
2102
2100
2082
2079
2089
2092
2098
2094
2090
2087
2065
2063
2061
2057
2051
2047
2045
2041
2043
2041
2036
2039
2039
2047
2047
2043
2042
2036
2038
2036
2028
2032
2022
2016
2005
2002
2002
2000
1998
1999
1982
1977
1976
1975
1908
1898
1986
2095
2168
2027
1957
1866
1776
1739
1721
1705
1764
1963
1909
1896
1882
1830
1859
1846
1840
1976
2004
1960
1914
1925
2048
2091
2141
2185
2206
2212
2227
2256
2303
2306
2275
2246
2133
2132
2102
2061
2025
1967
1929
1903
1920
1952
1958
1949
1940
1850
1831
1807
1801
1853
1813
1785
1791
1834
1834
1832
1843
1849
1892
1921
1952
1966
1964
1953
1955
1964
2071
2078
2076
2071
2161
2217
2273
2322
2352
2435
2451
2488
2526
2570
2622
2677
2723
2938
2998
3044
3081
3030
2998
2959
2909
2568
2455
2348
2239
2136
1840
1760
1675
1586
1500
1418
1342
1273
1083
1053
1033
1017
893
861
840
836
847
852
853
863
886
918
958
1008
1067
1319
1382
1452
1514
1818
1908
1995
2086
2183
2407
2470
2529
2574
2607
2633
2656
2685
2754
2766
2769
2759
2726
2710
2689
2669
2571
2546
2524
2496
2466
2395
2377
2360
2359
2394
2442
2487
2492
2153
2041
1940
1847
1868
1926
1969
1983
1963
1829
1796
1777
1785
1809
1846
1890
1918
1997
1981
1957
1949
2035
2083
2120
2154
2263
2281
2305
2325
2337
2366
2365
2370
2370
2358
2346
2331
2304
2187
2165
2148
2122
1863
1779
1691
1603
1527
1383
1353
1315
1271
1221
1181
1158
1139
1156
1185
1227
1279
1589
1678
1756
1831
2133
2222
2308
2379
2436
2536
2568
2611
2659
2712
2765
2814
2853
2883
2876
2871
2864
2743
2717
2697
2690
2679
2599
2537
2460
2375
2274
2165
2047
1921
1402
1289
1185
1090
810
773
749
732
725
789
843
915
995
1089
1185
1273
1353
1609
1673
1739
1811
1971
1988
2004
2018
2147
2187
2219
2241
2249
2265
2263
2271
2287
2319
2354
2398
2441
2556
2558
2553
2545
2489
2530
2590
2636
2637
2439
2363
2298
2251
2234
2241
2265
2274
2269
2275
2280
2276
2278
2263
2239
2228
2176
2156
2138
2109
2076
2001
1986
1974
1949
1916
1879
1841
1804
1655
1651
1658
1672
1747
1775
1812
1849
1886
1925
1912
1890
1869
1859
1859
1859
1866
1912
1900
1882
1851
1819
1851
1893
1937
2157
2183
2186
2182
2178
2165
2163
2167
2181
2207
2243
2270
2303
2365
2362
2359
2353
2343
2342
2353
2369
2376
2343
2332
2317
2299
2290
2288
2283
2284
2326
2321
2300
2273
2075
2015
1965
1926
1902
1844
1823
1811
1798
1786
1779
1780
1802
1970
2015
2053
2081
2075
2042
1999
1960
1893
1887
1880
1867
1847
1755
1718
1676
1629
1594
1576
1572
1581
1636
1643
1647
1650
1727
1762
1805
1847
1879
1904
1895
1880
1862
1843
1825
1804
1784
1725
1716
1712
1714
1714
1728
1754
1781
1985
2042
2099
2148
2187
2271
2290
2311
2334
2357
2383
2399
2412
2409
2404
2393
2374
2321
2315
2306
2296
2287
2217
2180
2141
2101
2057
2022
1994
1974
1923
1907
1896
1886
1847
1837
1837
1842
1892
1914
1941
1968
1994
2045
2055
2067
2082
2095
2118
2135
2153
2188
2184
2176
2170
2136
2128
2123
2120
2122
2128
2133
2136
2135
2130
2127
2123
2116
2089
2084
2078
2072
2062
2063
2070
2067
2078
2079
2087
2103
2118
2136
2139
2140
2152
2153
2156
2160
2165
2166
2169
2168
2159
2109
2086
2058
2028
2001
1916
1887
1864
1844
1821
1805
1789
1779
1773
1780
1786
1794
1832
1846
1865
1883
1931
1939
1944
1954
1961
1980
1981
1982
1975
1969
1975
1983
1980
1959
1955
1958
1958
1968
1978
1980
1986
1995
1994
1997
1998
1993
1989
1985
1971
1955
1923
1914
1915
1914
1932
1935
1943
1955
1965
2006
2015
2027
2042
2059
2073
2088
2104
2169
2179
2194
2206
2238
2249
2263
2272
2280
2281
2283
2286
2293
2293
2296
2299
2303
2294
2293
2294
2296
2255
2257
2293
2340
2321
2293
2265
2258
2247
2091
2071
2062
2043
2013
1998
1986
1972
1908
1872
1851
1842
1800
1806
1808
1815
1829
1840
1848
1851
1852
1902
1904
1899
1893
1899
1896
1896
1893
1847
1840
1845
1852
1839
1823
1815
1809
1801
1794
1796
1802
1813
1816
1804
1793
1793
1786
1795
1810
1837
1945
1972
1991
2010
2023
2051
2055
2063
2075
2092
2109
2131
2153
2193
2189
2184
2188
2165
2159
2156
2147
2099
2092
2077
2059
2041
2026
2024
2019
2010
2009
2007
2003
2000
1969
1959
1954
1951
1923
1905
1884
1860
1836
1786
1769
1768
1763
1755
1757
1764
1775
1814
1824
1832
1845
1945
1978
2012
2041
2076
2147
2161
2174
2182
2197
2204
2203
2190
2163
2141
2119
2105
2093
2090
2082
2074
2064
2063
2076
2091
2098
2101
2111
2131
2150
2160
2197
2217
2237
2256
2271
2285
2297
2304
2327
2333
2329
2332
2290
2285
2276
2266
2229
2222
2216
2213
2209
2202
2198
2197
2195
2188
2190
2186
2187
2191
2188
2190
2189
2152
2130
2113
2092
2068
2003
1991
1975
1960
1946
1929
1918
1906
1854
1840
1827
1823
1805
1809
1816
1826
1839
1838
1839
1845
1851
1878
1891
1903
1920
1931
1944
1954
1963
1991
1993
2000
2008
2042
2052
2064
2073
2086
2091
2095
2095
2103
2104
2104
2096
2087
2058
2053
2050
2044
2015
2002
1991
1986
1975
1960
1957
1952
1946
1944
1946
1939
1933
1929
1932
1933
1936
1933
1933
1940
1943
1946
1946
1944
1949
1946
1922
1911
1907
1901
1905
1907
1906
1899
1894
1887
1884
1887
1886
1889
1889
1894
1898
1914
1924
1934
1941
1948
1954
1966
1978
2005
2003
2007
2012
2034
2044
2058
2071
2082
2084
2085
2092
2101
2116
2121
2126
2133
2141
2144
2152
2156
2178
2189
2198
2208
2225
2228
2225
2219
2217
2199
2189
2184
2181
2177
2157
2144
2131
2097
2091
2088
2081
2075
2073
2072
2067
2055
2052
2057
2059
2055
2060
2062
2064
2064
2074
2075
2072
2067
2058
2050
2046
2037
2002
1994
1984
1971
1930
1926
1916
1898
1888
1859
1864
1871
1877
1881
1882
1881
1876
1876
1882
1888
1898
1919
1921
1928
1940
1956
1964
1963
1969
1984
1998
2007
2016
2023
2071
2079
2077
2081
2096
2106
2112
2115
2123
2120
2121
2119
2113
2107
2106
2097
2094
2087
2083
2080
2074
2057
2054
2053
2059
2053
2054
2053
2050
2048
2041
2031
2027
2024
2016
2009
2000
1996
1976
1968
1958
1954
1935
1935
1932
1932
1935
1936
1933
1938
1944
1945
1950
1955
1961
1980
1985
1989
2001
2024
2025
2024
2020
2031
2029
2032
2036
2040
2025
2025
2030
2033
2034
2037
2042
2045
2066
2074
2084
2099
2119
2122
2121
2123
2124
2114
2109
2114
2115
2110
2102
2117
2154
2085
2054
2025
1991
1943
1965
2006
2041
2106
2081
2054
2023
2012
1999
1972
1966
1968
1979
2005
2032
2041
2051
2076
2109
2142
2145
2138
2138
2134
2140
2159
2141
2126
2111
2092
2075
2049
2027
1946
1929
1916
1925
1965
1942
1910
1874
1809
1815
1832
1852
1873
1898
1894
1886
1873
1850
1832
1820
1828
1960
1977
1992
1997
2008
2001
1996
1993
1993
2009
2028
2041
2053
2059
2071
2076
2070
2105
2103
2109
2111
2111
2104
2092
2078
2075
2110
2134
2157
2179
2189
2181
2164
2132
2015
1991
1979
1976
2020
2009
2002
1994
1938
1942
1955
1972
1999
2085
2109
2121
2125
2116
2100
2082
2069
2006
1999
1997
2006
2001
1997
1996
2006
2012
2012
2011
2014
2017
2022
2022
2033
2047
2094
2104
2117
2116
2049
2038
2032
2031
2091
2105
2116
2114
2098
2010
1979
1945
1926
1919
1917
1917
1918
1900
1888
1885
1887
1901
1908
1908
1907
1911
1863
1843
1832
1831
1828
1825
1827
1829
1834
1829
1828
1834
1930
1958
1987
2016
2042
2111
2122
2127
2130
2137
2148
2166
2191
2290
2336
2377
2417
2445
2469
2485
2501
2515
2578
2611
2650
2697
2739
2786
2826
2863
2891
2934
2938
2938
2937
2932
2919
2907
2897
2811
2778
2737
2677
2344
2245
2147
2048
1940
1621
1521
1427
1340
1249
1165
1086
1000
672
602
533
477
347
341
353
376
494
529
572
619
672
875
951
1039
1123
1214
1301
1380
1459
1741
1820
1895
1976
2274
2339
2405
2472
2532
2726
2785
2825
2862
2894
2917
2931
2943
3111
3134
3092
3007
2473
2331
2202
2130
2114
2262
2311
2385
2482
2574
2629
2644
2640
2450
2374
2316
2273
2255
2273
2325
2379
2698
2783
2849
2889
2908
2898
2909
2932
2962
2982
2979
2960
2929
2583
2474
2370
2252
1930
1931
1957
1971
1957
1718
1596
1481
1386
1311
1262
1243
1244
1380
1406
1401
1365
1170
1178
1230
1306
1407
1701
1762
1814
1861
1900
1930
1952
1975
2108
2182
2260
2332
2504
2532
2557
2586
2647
2640
2634
2619
2585
2399
2319
2246
2192
2154
2129
2120
2124
1961
1843
1695
1525
928
835
776
738
712
684
691
702
710
714
722
746
791
1098
1200
1300
1390
1584
1622
1654
1677
1826
1876
1927
1972
2010
2106
2141
2166
2197
2226
2258
2294
2327
2417
2423
2438
2454
2525
2514
2487
2449
2406
2244
2214
2195
2182
2191
2208
2236
2261
2245
2231
2230
2237
2298
2324
2350
2381
2409
2484
2521
2563
2610
2662
2714
2762
2802
2826
2802
2773
2736
2567
2512
2440
2359
1976
1916
1902
1876
1868
2031
2022
2010
1977
1888
1753
1623
1500
1191
1212
1256
1298
1434
1432
1451
1459
1446
1450
1454
1479
1545
1647
1761
1864
1946
2066
2075
2099
2139
2373
2431
2486
2536
2652
2661
2646
2620
2592
2527
2522
2527
2531
2526
2523
2523
2518
2471
2451
2434
2425
2357
2316
2266
2220
2187
2139
2138
2139
2137
2131
2113
2096
2079
2071
2086
2112
2143
2296
2322
2335
2329
2310
2176
2122
2066
2013
1966
1916
1872
1835
1778
1767
1743
1702
1491
1438
1412
1398
1436
1454
1465
1476
1477
1444
1449
1458
1469
1480
1482
1492
1506
1622
1654
1688
1724
1838
1866
1885
1905
1929
2053
2101
2153
2203
2252
2296
2336
2369
2399
2401
2403
2395
2271
2242
2216
2193
2080
2039
2000
1959
1923
1857
1837
1830
1838
1847
1858
1868
1873
1844
1834
1817
1798
1755
1761
1768
1775
1773
1792
1809
1822
1837
1852
1870
1887
1916
2036
2050
2058
2071
2078
2083
2086
2095
2171
2179
2181
2174
2171
2131
2118
2106
2088
2082
2086
2092
2097
2086
2086
2088
2089
2103
2110
2114
2126
2142
2159
2165
2179
2188
2201
2210
2217
2223
2235
2237
2242
2251
2284
2296
2309
2315
2289
2272
2254
2226
2198
2110
2088
2065
2050
2033
2016
1995
1976
1915
1901
1886
1874
1806
1796
1786
1771
1767
1751
1754
1758
1760
1751
1746
1760
1777
1854
1880
1899
1913
1971
1980
1991
2007
2113
2140
2160
2188
2209
2260
2275
2279
2285
2282
2283
2288
2286
2253
2247
2227
2206
2113
2097
2081
2074
2068
2045
2032
2031
2026
2020
2019
2016
2007
1995
2005
2006
1990
2028
2103
2188
2224
2117
2066
2035
2019
1990
1976
2004
2025
2035
2033
2024
1998
1986
2009
2000
1985
1973
2043
2056
2065
2054
2025
1961
1951
1942
1934
1937
1951
1974
2005
2003
1999
1985
1976
1861
1864
1869
1892
1927
1931
1932
1934
1931
1925
1933
1955
1989
2027
2049
2056
2052
2030
2044
2058
2069
2097
2088
2076
2069
2059
1994
1974
1952
1931
1921
1919
1926
1938
1919
1909
1898
1893
1835
1826
1823
1826
1848
1896
1907
1903
1874
1848
1832
1824
1822
1878
1907
1932
1947
1954
1958
1971
1986
2060
2076
2083
2095
2101
2141
2156
2169
2185
2201
2209
2223
2233
2218
2204
2187
2174
2160
2156
2149
2136
2113
2077
2064
2047
2033
2008
1980
1962
1968
1985
1985
1973
1963
1949
1955
1971
1986
2004
2012
2026
2044
2054
2084
2093
2088
2091
2094
2094
2095
2099
2094
2075
2065
2057
2006
2007
2003
1998
1996
1992
1971
1957
1959
1962
1953
1946
1936
1987
2001
2029
2056
2106
2117
2116
2117
2158
2149
2155
2182
2201
2195
2208
2213
2199
2196
2212
2221
2216
2256
2246
2241
2257
2245
2249
2252
2234
2211
2200
2171
2149
2155
2155
2136
2103
2084
2044
2028
2016
2000
1927
1917
1890
1881
1880
1894
1913
1909
1905
1912
1900
1887
1893
1904
1904
1890
1895
1891
1900
1909
1899
1886
1877
1874
1890
1909
1902
1920
1932
1925
1901
1893
1905
1905
1925
1925
1911
1913
1937
1951
1970
1970
1968
2004
1998
1998
2012
2022
2012
2005
2006
2033
2039
2057
2058
2057
2055
2051
2055
2015
2002
2000
2005
2004
1986
1969
1962
1960
1962
1968
1964
1958
1938
1926
1929
1928
1950
1953
1948
1956
1963
1978
1982
1987
2002
2005
2010
2009
2016
2050
2060
2075
2086
2138
2138
2141
2147
2153
2166
2168
2170
2178
2172
2165
2164
2160
2148
2142
2128
2113
2104
2099
2093
2076
2074
2054
2040
2032
2026
2020
2016
2014
2019
2018
2018
2021
2020
2017
2014
2014
2019
2014
2012
2015
2011
2014
2009
2012
2013
2010
2010
2010
2005
1998
1996
2002
2007
2009
2013
2026
2029
2037
2043
2044
2043
2044
2049
2048
2050
2049
2054
2053
2048
2045
2046
2050
2048
2043
2045
2047
2027
2023
2019
2016
2007
2005
2002
2006
2007
2013
2017
2006
2001
2003
2006
2004
2001
2009
2005
2007
2013
2005
2009
2008
2012
2018
2007
2012
2019
2027
2027
2035
2046
2045
2053
2064
2065
2062
2073
2071
2067
2064
2055
2059
2062
2063
2058
2025
2021
2015
2013
2022
2023
2013
2008
1971
1971
1972
1979
1981
1983
1976
1983
1993
1999
1995
1997
1999
1997
1990
1992
1998
2002
2005
2008
2007
2014
2017
2024
2033
2041
2046
2046
2053
2063
2056
2053
2052
2062
2064
2062
2069
2077
2172
2201
2147
2041
1747
1727
1731
1747
1790
2063
2144
2164
2157
2170
2189
2166
2149
2257
2260
2256
2258
2121
2088
2068
2090
2174
2219
2266
2270
2256
2191
2149
2130
2140
2140
2117
2112
2124
2020
1970
1914
1855
1651
1661
1700
1753
1799
1802
1766
1730
1678
1621
1589
1614
1655
1917
1965
1998
1998
1804
1782
1797
1820
1864
2145
2195
2219
2221
2202
2171
2135
2108
2032
2029
2050
2082
2233
2229
2203
2166
2078
2100
2130
2159
2176
2178
2151
2123
2093
2069
2049
2044
2058
2183
2204
2196
2148
1830
1785
1775
1788
1817
1912
1938
1943
1927
1916
1904
1894
1899
2059
2100
2135
2149
2095
2084
2072
2072
2087
2097
2111
2120
2122
2114
2100
2088
2080
2078
2070
2055
2043
2051
2047
2031
2009
1997
2003
2001
1996
1981
1933
1925
1923
1920
1928
1940
1966
1987
2018
2015
1998
1980
1946
1954
1959
1952
1959
1949
1946
1938
1937
1997
2038
2077
2103
2117
2111
2085
2048
1844
1806
1771
1747
1662
1642
1620
1617
1631
1691
1716
1723
1729
1743
1757
1762
1769
1756
1770
1789
1814
2000
2057
2115
2171
2222
2374
2437
2498
2573
2655
2747
2844
2948
3265
3303
3336
3363
3475
3499
3521
3538
3505
3476
3441
3397
3357
3139
3044
2945
2851
2761
2674
2575
2463
1950
1814
1688
1560
1085
977
866
748
634
331
259
201
166
146
140
136
135
137
134
143
150
252
304
362
434
790
870
958
1052
1154
1502
1623
1737
1860
1985
2116
2233
2337
2647
2714
2784
2849
3045
3098
3146
3194
3232
3295
3315
3330
3336
3334
3327
3322
3318
3268
3231
3187
3134
2916
2853
2800
2748
2530
2483
2433
2388
2349
2236
2206
2184
2182
2190
2196
2156
2057
1594
1523
1467
1420
1466
1474
1451
1409
1369
1240
1245
1274
1314
1362
1404
1431
1447
1400
1373
1342
1324
1472
1496
1527
1573
1615
1699
1733
1760
1794
1843
1914
1981
2034
2192
2200
2196
2183
2106
2116
2146
2176
2198
2202
2204
2195
2179
2167
2169
2179
2188
2334
2390
2423
2455
2479
2485
2475
2445
2400
2382
2399
2438
2491
2551
2604
2641
2661
2660
2620
2593
2571
2570
2572
2554
2540
2549
2531
2520
2495
2444
2221
2184
2159
2146
2120
1965
1924
1867
1796
1726
1684
1634
1561
1399
1353
1318
1281
999
953
916
883
871
864
858
857
842
799
820
851
904
981
1065
1133
1180
1388
1440
1510
1584
1866
1944
2008
2065
2147
2387
2455
2547
2640
2708
2773
2859
2950
3206
3265
3313
3358
3439
3434
3425
3416
3393
3303
3267
3207
3150
3117
3079
3021
2956
2748
2673
2613
2548
2192
2118
2039
1949
1649
1593
1505
1394
1377
1414
1383
1378
1361
1307
1248
1206
1140
1122
1148
1152
1170
1270
1343
1402
1403
1399
1502
1490
1510
1561
1611
1635
1649
1687
1855
1921
1968
1998
2207
2229
2265
2310
2368
2381
2379
2387
2402
2502
2537
2569
2607
2634
2648
2664
2658
2623
2630
2638
2637
2596
2572
2545
2529
2514
2487
2476
2453
2423
2400
2377
2347
2316
2183
2138
2108
2078
1995
1982
1963
1945
1816
1786
1752
1724
1702
1669
1672
1678
1674
1649
1625
1612
1597
1567
1567
1573
1594
1648
1647
1654
1665
1677
1700
1707
1703
1707
1725
1744
1763
1774
1795
1803
1816
1825
1848
1854
1852
1857
1854
1824
1817
1818
1828
1832
1836
1849
1858
1894
1902
1910
1922
2003
2038
2070
2090
2153
2167
2172
2176
2192
2251
2271
2299
2329
2349
2359
2369
2390
2423
2431
2433
2427
2379
2366
2351
2336
2314
2245
2220
2195
2179
2159
2149
2129
2115
2049
2030
2008
1988
1899
1882
1861
1849
1841
1802
1790
1778
1768
1761
1754
1752
1753
1752
1762
1767
1769
1776
1777
1781
1791
1804
1818
1842
1866
1886
1959
1985
2013
2042
2061
2080
2096
2111
2138
2138
2139
2134
2171
2192
2204
2208
2224
2249
2248
2244
2247
2243
2239
2234
2232
2214
2211
2215
2211
2203
2198
2191
2184
2182
2166
2153
2146
2141
2132
2115
2108
2092
2051
2038
2028
2031
2089
2099
2109
2105
2026
2000
1983
1970
1954
1938
1939
1933
1934
1945
1961
1966
1975
1963
1963
1962
1960
1978
1987
1994
1997
2004
2019
2027
2040
2050
2058
2061
2056
2058
2041
2037
2035
2029
2021
2013
2016
2005
1984
1941
1927
1917
1905
1896
1890
1883
1886
1865
1861
1855
1854
1855
1857
1869
1880
1924
1934
1942
1949
1957
1984
2001
2012
2026
2045
2066
2085
2103
2156
2163
2164
2171
2230
2235
2245
2246
2241
2222
2217
2209
2206
2198
2192
2179
2170
2119
2107
2099
2097
2075
2071
2066
2053
2031
1962
1947
1930
1911
1893
1880
1872
1868
1843
1831
1820
1805
1796
1788
1779
1773
1775
1754
1750
1754
1758
1757
1764
1772
1772
1773
1798
1803
1810
1824
1836
1850
1861
1871
1921
1938
1960
1985
2054
2070
2079
2094
2115
2147
2164
2177
2193
2202
2207
2209
2219
2235
2243
2251
2262
2299
2299
2298
2295
2258
2256
2257
2267
2275
2257
2242
2226
2209
2191
2176
2162
2154
2109
2100
2085
2075
2016
2001
1988
1978
1969
1943
1931
1917
1905
1892
1880
1874
1869
1860
1866
1867
1863
1849
1842
1838
1841
1856
1885
1896
1902
1907
1904
1903
1910
1918
1947
1963
1981
2005
2049
2050
2060
2076
2106
2112
2120
2122
2123
2114
2115
2123
2136
2150
2163
2175
2177
2169
2176
2172
2175
2156
2148
2142
2144
2146
2124
2117
2109
2103
2097
2087
2081
2087
2095
2085
2073
2064
2022
2019
2024
2032
2025
2015
2002
2002
2000
1973
1969
1957
1944
1933
1924
1921
1920
1908
1900
1894
1887
1888
1888
1887
1880
1873
1862
1863
1861
1866
1880
1888
1896
1898
1893
1902
1906
1915
1967
1980
1991
2000
2008
2016
2017
2027
2035
2045
2053
2063
2069
2069
2075
2083
2094
2118
2121
2125
2133
2132
2131
2135
2125
2119
2132
2140
2145
2147
2144
2132
2122
2112
2113
2108
2104
2102
2069
2059
2055
2051
2040
2015
2004
1997
1996
1989
1985
1981
1972
1921
1916
1916
1914
1887
1890
1891
1888
1883
1870
1869
1869
1877
1876
1871
1876
1888
1907
1909
1914
1921
1972
1974
1977
1979
1974
1989
2003
2010
2017
2051
2056
2067
2078
2083
2083
2091
2095
2120
2135
2151
2159
2165
2161
2162
2162
2176
2187
2190
2192
2193
2194
2191
2191
2190
2166
2156
2151
2146
2113
2110
2097
2087
2080
2083
2081
2072
2065
2057
2050
2047
2045
2025
2027
2028
2022
2000
1992
1993
1984
1970
1979
1983
1988
1992
1985
1977
1971
1970
1967
1972
1977
1981
1967
1973
1973
1975
1966
1965
1971
1974
1977
1977
1973
1970
1965
1966
1960
1956
1956
1962
1965
1969
1970
1963
1967
1964
1966
1969
1986
1993
1995
1997
2006
2013
2018
2021
2041
2043
2050
2051
2044
2049
2057
2063
2086
2092
2095
2097
2095
2103
2096
2089
2080
2079
2080
2083
2088
2076
2072
2065
2056
2320
2277
2053
1803
1647
1363
1420
1526
1669
1809
1890
1923
1963
1850
1861
1917
2018
2619
2718
2781
2760
2658
2346
2279
2224
2192
2182
2209
2219
2162
1999
1961
1936
1922
1890
1838
1816
1821
1826
1921
1910
1921
1924
1893
1862
1837
1828
1822
1918
1935
1968
2006
2035
2028
1983
1915
1815
1846
1892
1951
2187
2160
2126
2082
2003
1753
1765
1808
1886
2003
2106
2153
2157
1965
1925
1914
1916
2038
2069
2094
2105
2101
2056
1995
1951
1952
2095
2176
2258
2319
2349
2381
2407
2413
2267
2216
2186
2173
2103
2057
2008
1961
1914
1842
1837
1836
1841
1837
1820
1800
1774
1739
1769
1824
1896
2133
2143
2139
2124
2090
2012
2019
2032
2041
2051
2060
2073
2085
2070
2053
2048
2053
2090
2104
2112
2098
2119
2096
2077
2066
2030
1863
1840
1820
1806
1795
1805
1825
1829
1915
1920
1933
1979
2096
2129
2144
2155
2155
2141
2129
2134
2141
2137
2123
2115
2127
2155
2194
2212
2213
2174
2140
2109
2089
2057
1946
1927
1894
1857
1835
1836
1839
1839
1839
1814
1780
1748
1636
1639
1658
1663
1666
1731
1734
1734
1750
1764
1777
1772
1778
1758
1747
1741
1722
1712
1722
1735
1768
1813
1942
2004
2066
2137
2215
2305
2392
2476
2851
2944
3026
3115
3469
3558
3649
3730
3931
3934
3932
3914
3885
3722
3657
3579
3498
3406
3307
3198
3093
2613
2473
2340
2207
1714
1602
1490
1369
1252
907
795
685
589
499
421
347
287
153
146
139
135
134
139
146
145
147
169
181
191
210
248
295
339
383
580
642
710
788
1194
1298
1411
1524
1642
2014
2146
2271
2396
2515
2626
2726
2818
3071
3112
3144
3186
3280
3283
3272
3254
3207
3212
3249
3310
3372
3311
3143
2900
2620
2357
2133
1968
1874
1851
1864
1870
1881
2052
2167
2316
2496
2691
3235
3335
3384
3378
3328
3250
3160
3064
2687
2599
2506
2422
2238
2222
2210
2204
2193
2153
2140
2121
2095
2056
2009
1953
1898
1700
1654
1611
1552
1265
1187
1114
1063
1156
1248
1359
1478
1597
1850
1881
1881
1865
1841
1842
1875
1935
2384
2485
2565
2627
2882
2978
3086
3181
3271
3448
3475
3477
3468
3437
3391
3326
3244
2920
2873
2842
2821
2836
2838
2826
2801
2760
2507
2398
2273
2137
1987
1830
1664
1506
932
823
717
619
228
149
125
123
121
128
137
143
153
158
165
165
165
143
143
150
157
224
262
308
357
644
745
858
986
1130
1545
1685
1827
1967
2108
2259
2403
2530
2784
2792
2784
2784
2851
2899
2954
3014
3079
3252
3310
3362
3414
3465
3509
3535
3547
3452
3390
3330
3270
3057
3009
2960
2913
2859
2740
2715
2706
2700
2679
2651
2618
2570
2288
2199
2108
2020
1764
1732
1722
1722
1657
1621
1579
1539
1502
1439
1429
1422
1417
1412
1398
1389
1382
1383
1379
1371
1366
1318
1306
1305
1298
1303
1377
1423
1471
1531
1585
1654
1717
1783
2102
2183
2257
2327
2491
2513
2526
2531
2551
2623
2664
2712
2764
2814
2856
2894
2923
2939
2940
2932
2931
2909
2907
2898
2884
2869
2830
2816
2802
2791
2785
2782
2787
2793
2753
2732
2706
2674
2526
2496
2462
2419
2202
2145
2091
2035
1985
1834
1789
1747
1710
1671
1629
1588
1541
1360
1312
1276
1234
1048
1003
973
946
929
902
908
927
952
983
1015
1058
1111
1349
1407
1471
1524
1710
1745
1776
1805
1821
1851
1854
1852
1852
1860
1870
1890
1916
2101
2157
2217
2263
2379
2399
2408
2413
2418
2408
2402
2390
2373
2359
2347
2329
2309
2233
2216
2204
2207
2174
2159
2150
2134
2086
2074
2059
2042
2028
1975
1956
1936
1919
1901
1885
1874
1857
1775
1759
1746
1742
1724
1726
1723
1721
1719
1721
1713
1702
1696
1698
1696
1694
1695
1724
1739
1759
1779
1884
1909
1930
1940
1986
1996
2016
2031
2056
2113
2134
2157
2181
2207
2234
2259
2283
2387
2408
2423
2429
2410
2395
2383
2365
2340
2267
2246
2231
2216
2207
2192
2178
2168
2141
2132
2133
2141
2155
2161
2170
2168
2165
2145
2126
2105
2087
2072
2055
2024
2005
1963
1974
1994
2017
2052
2059
2057
2064
2067
2057
2056
2053
2056
2062
2059
2052
2041
1980
1961
1960
1957
1897
1905
1906
1913
1945
1949
1956
1959
1959
1938
1933
1929
1924
1923
1927
1932
1929
1925
1917
1917
1921
1955
1960
1965
1969
1965
1942
1946
1946
1951
1956
1959
1970
1986
2066
2079
2099
2133
2177
2192
2201
2206
2221
2249
2247
2247
2242
2237
2243
2252
2243
2234
2221
2210
2205
2159
2150
2145
2136
2131
2132
2138
2136
2132
2127
2121
2100
2080
2044
2037
2029
2022
1989
1986
1984
1981
1963
1954
1948
1950
1955
1956
1948
1940
1939
1931
1924
1915
1910
1864
1851
1842
1838
1820
1820
1805
1802
1803
1820
1823
1831
1840
1848
1856
1866
1875
1886
1889
1899
1905
1942
1957
1964
1977
2025
2038
2050
2057
2071
2090
2100
2104
2115
2117
2118
2126
2132
2137
2139
2146
2143
2130
2127
2131
2130
2128
2116
2112
2110
2111
2100
2086
2070
2061
2007
2001
1994
1990
1966
1967
1966
1963
1965
1967
1969
1966
1973
1981
1990
1998
2007
2016
2017
2006
2003
1985
1983
1988
1990
1959
1953
1952
1953
1954
1946
1943
1943
1937
1930
1931
1932
1930
1920
1922
1917
1908
1907
1916
1925
1938
1947
1973
1980
1993
2006
2019
2036
2054
2077
2122
2128
2145
2168
2245
2260
2272
2279
2287
2300
2302
2303
2310
2312
2310
2315
2314
2296
2281
2269
2260
2210
2204
2194
2183
2157
2151
2143
2134
2127
2083
2070
2055
2049
2029
2006
1994
1976
1945
1939
1932
1926
1887
1884
1882
1880
1878
1875
1868
1864
1871
1884
1892
1905
1911
1907
1905
1903
1899
1898
1896
1894
1887
1892
1913
1924
1930
1936
1938
1950
1959
1973
1996
2001
2014
2016
2034
2041
2050
2053
2065
2069
2071
2078
2085
2086
2086
2086
2083
2084
2081
2082
2080
2081
2083
2081
2070
2056
2050
2046
2041
2040
2019
2009
2000
1991
1988
1990
1992
1993
1973
1967
1963
1963
1942
1946
1949
1948
1943
1954
1953
1952
1957
1965
1968
1979
1985
1988
1993
1994
1993
1987
1987
1991
1995
1985
1991
1986
1985
1986
1987
1994
1996
1988
1977
1984
1989
1988
1994
1998
1991
1991
1996
2008
2013
2011
2007
2032
2038
2050
2057
2062
2066
2073
2070
2069
2078
2095
2098
2092
2098
2095
2103
2120
2133
2137
2145
2150
2133
2122
2134
2146
2139
2132
2136
2129
2121
2120
2125
2132
2134
2123
2129
2121
2110
2095
2098
2080
2051
2037
2011
2002
1994
1992
1991
1989
1982
1966
1953
1932
1931
1935
1929
1908
1902
1912
1914
1923
1929
1940
1943
1955
1967
1964
1959
1964
1978
1975
1969
1976
1982
1988
1991
2015
2025
2030
2027
2018
2042
2032
2027
2034
2032
2029
2033
2041
2046
2050
2046
2047
2056
2056
2054
2057
2059
2041
2043
2046
2046
2042
2046
2045
2042
2033
2041
2050
2052
2059
2056
2055
2048
2038
2031
2025
2016
2019
2021
2013
2006
2000
1997
1998
1988
1981
1977
1976
1968
1960
1937
1934
1928
1932
1923
1924
1929
1938
1941
1943
1944
1959
1972
1981
1993
2020
2018
2022
2019
2015
2026
2033
2041
2044
2063
2073
2082
2084
2088
2090
2099
2110
2129
2133
2134
2130
2130
2139
2134
2134
2133
2136
2138
2144
2140
2124
2125
2126
2124
2116
2102
2101
2100
2105
2098
2096
2095
2090
2083
2088
2084
2114
2164
2161
2165
2140
2034
1773
1750
1745
1767
1836
1866
1862
1896
1955
2008
2083
2108
2106
2346
2384
2421
2465
2443
2356
2281
2207
2130
1970
1939
1895
1823
1766
1762
1795
1778
1790
1781
1800
1863
1907
1891
1855
1843
1838
1793
1777
1789
1831
1873
1905
1955
2001
1956
1920
1884
1863
1930
1959
1994
2034
2051
2090
2096
2110
2127
2123
2105
2075
2053
2059
2066
2052
2038
1998
2045
2096
2130
2155
2191
2165
2139
2114
2092
2071
2052
2035