2048
2055
2056
2053
2054
2055
2048
2047
2040
2041
2041
2037
2044
2047
2044
2047
2025
2018
2007
2005
2011
2013
2016
2022
2026
2030
2035
2035
2038
2052
2052
2061
2066
2065
2064
2068
2061
2054
2038
2040
2046
2052
2050
2047
2049
2047
2044
2035
2032
2026
2024
2027
2031
2034
2037
2033
2020
2016
2017
2018
2024
2020
2019
2019
2009
2005
1999
1999
1998
2004
2003
2004
1989
1993
1998
2000
2002
2002
2003
2004
1977
1979
1980
1986
1992
1984
1977
1972
1975
1976
1983
1989
1994
1995
2001
2001
2006
2008
2011
2012
2018
2032
2043
2038
2043
2050
2053
2050
2056
2060
2064
2060
2059
2059
2060
2058
2060
2053
2052
2048
2050
2045
2041
2043
2043
2049
2056
2047
2048
2054
2059
2028
2023
2014
2006
2006
2007
2003
2009
2008
2001
1998
1990
1983
1976
1977
1982
1986
1993
1996
1993
1991
1999
2002
2002
2001
2004
2014
2017
2025
2032
2040
2040
2041
2039
2045
2045
2049
2051
2069
2072
2072
2076
2080
2081
2080
2081
2078
2068
2070
2066
2062
2056
2058
2055
2054
2038
2038
2040
2040
2029
2026
2021
2017
2015
2001
1997
1990
1990
1991
1991
1982
1973
1963
1962
1964
1957
1956
1960
1961
1966
1971
1977
1972
1972
1971
1975
1978
1975
1982
1984
1985
1987
1998
2023
2025
2033
2035
2049
2045
2044
2047
2049
2050
2057
2059
2064
2067
2066
2066
2071
2053
2057
2049
2052
2061
2062
2061
2055
2056
2050
2047
2043
2048
2047
2047
2046
2050
2052
2049
2045
2043
2041
2042
2044
2045
2049
2037
2035
2031
2027
2020
2015
2010
2000
1998
1992
1985
1986
1984
1988
1989
1987
1986
1973
1970
1974
1974
1988
1986
1987
1986
1992
1999
2002
2010
2027
2047
2046
2048
2048
2049
2048
2051
2052
2069
2069
2071
2077
2083
2084
2085
2081
2086
2090
2088
2096
2096
2094
2087
2083
2086
2072
2067
2067
2064
2053
2048
2044
2041
2032
2037
2036
2030
2029
2019
2015
2013
2007
2007
2009
2007
2005
1997
1995
1994
1993
1984
1984
1989
1995
1992
1994
1995
2003
2005
2009
2009
2005
2002
2004
2008
2005
2004
2003
2010
2020
2024
2026
2018
2016
2016
2018
2013
2014
2017
2022
2030
2027
2024
2029
2034
2038
2040
2042
2037
2034
2030
2027
2028
2021
2022
2025
2025
2022
2021
2029
2029
2024
2021
2023
2028
2027
2034
2032
2037
2034
2038
2037
2042
2042
2042
2044
2051
2056
2053
2051
2046
2042
2029
2028
2028
2026
2011
2005
2003
2001
2006
1984
1983
1979
1969
1967
1968
1971
1970
1976
1980
1985
1991
1978
1981
1978
1980
1981
1988
1991
1998
2001
2003
1999
1996
1993
2000
2002
2006
2012
2009
2015
2016
2019
2032
2040
2043
2042
2052
2062
2062
2065
2069
2080
2087
2092
2088
2085
2089
2088
2086
2081
2079
2072
2069
2070
2066
2062
2057
2047
2046
2049
2049
2051
2035
2035
2030
2030
2026
2026
2030
2028
2030
2026
2019
2021
2024
2022
2020
2022
2021
2006
1994
1988
1991
2003
2007
2005
2009
1995
1992
1987
1989
1987
1999
1997
1997
1998
1999
1995
1998
2005
2033
2039
2049
2056
2054
2066
2074
2073
2075
2071
2075
2080
2080
2079
2076
2072
2067
2055
2052
2050
2046
2026
2024
2017
2011
2013
2002
1996
1990
1992
1990
1985
1982
1974
1962
1959
1956
1958
1953
1945
1939
1944
1941
1940
1947
1948
1954
1962
1951
1945
1956
1971
1987
2006
2021
2016
2006
1996
1988
2000
2008
2018
2032
2042
2086
2092
2095
2097
2092
2079
2074
2064
2060
2066
2082
2092
2093
2092
2086
2089
2090
2086
2084
2084
2082
2083
2082
2084
2086
2058
2051
2048
2053
2053
2051
2055
2049
2037
2033
2037
2034
2029
2014
2016
2021
2024
2030
2032
2031
2029
2028
2032
2035
2033
2029
2022
2029
2026
2032
2047
2054
2051
2055
2054
2042
2041
2045
2049
2060
2062
2066
2054
2049
2044
2040
2034
2010
2007
2007
2011
2012
2009
2009
2010
2001
1999
2004
2001
1976
1972
1967
1968
1953
1958
1959
1970
1974
1975
1975
1979
1982
1979
1974
1978
1977
1976
1983
1987
1993
1999
2006
2001
1999
2006
2016
2016
2016
2020
2023
2019
2013
2015
2016
2015
2022
2026
2026
2025
2020
2012
2006
2008
2011
2008
2007
2008
2009
2007
2010
2014
2015
2023
2028
2045
2047
2048
2050
2062
2067
2073
2072
2074
2069
2067
2066
2067
2070
2072
2074
2077
2078
2079
2087
2085
2063
2056
2048
2041
2035
2030
2021
2023
2030
2036
2040
2044
2048
2040
2037
2030
2025
1998
1998
1999
1997
1998
2005
2003
2007
2008
2011
2013
2016
2020
2018
2023
2024
2028
2012
2006
2009
2014
2027
2033
2036
2037
2036
2036
2030
2026
2019
2009
2004
2012
2026
2067
2064
2066
2061
2028
2022
2021
2013
2039
2044
2049
2056
2058
2045
2046
2044
2036
2034
2032
2037
2044
2063
2069
2066
2065
2056
2048
2035
2034
2028
2007
2002
1996
1999
2001
1994
1986
1987
1987
1987
1993
1992
1980
1978
1977
1976
1975
1972
1973
1978
1977
1986
1993
1993
1994
2013
2016
2019
2018
2010
2018
2020
2028
2030
2021
2025
2033
2038
2042
2049
2051
2057
2055
2060
2061
2062
2060
2058
2053
2053
2048
2037
2042
2040
2044
2046
2054
2054
2052
2053
2054
2060
2062
2064
2061
2056
2060
2066
2065
2060
2063
2065
2036
2029
2022
2025
2021
2022
2017
2017
2013
2000
1993
1989
1987
1989
1990
1989
1989
1982
1979
1984
1985
1971
1970
1975
1978
1981
1973
1971
1967
1966
1968
1963
1960
1958
1964
1968
1974
1978
1966
1972
1974
1974
1979
1983
1981
1980
1979
1982
1989
1981
1978
2005
2010
2015
2012
2014
2019
2027
2032
2070
2075
2083
2090
2094
2106
2101
2103
2100
2102
2100
2095
2099
2096
2091
2089
2089
2075
2073
2077
2086
2085
2093
2096
2097
2096
2094
2094
2094
2092
2100
2098
2089
2093
2096
2101
2101
2099
2092
2072
2070
2060
2056
2054
2054
2054
2052
2045
2038
2038
2032
2012
2007
2004
2001
1987
1981
1977
1979
1980
1975
1975
1982
1986
1984
1990
1999
2008
2014
2010
2008
2014
2020
2019
2018
2024
2021
2014
2008
2007
2001
1996
1991
1988
1985
1997
1998
2000
1997
1986
1985
1985
1988
1984
1987
1989
1993
1993
1994
1992
1985
1987
1986
1984
1978
1975
1971
1974
1977
1975
1992
1992
1991
1993
2001
2001
2004
2009
2008
2006
2004
2008
2011
2006
2005
2007
2004
2003
2002
2003
2010
2019
2022
2033
2034
2040
2047
2044
2049
2055
2067
2069
2067
2066
2067
2074
2079
2082
2084
2082
2087
2091
2093
2090
2092
2092
2097
2093
2088
2086
2087
2070
2068
2068
2070
2049
2043
2036
2026
2015
2008
2009
2013
2013
2013
2012
2012
2016
2014
2017
2019
2015
2015
2015
2019
2023
2016
2011
2006
2003
2000
1983
1979
1973
1967
1967
1972
1970
1965
1968
1975
1980
1978
1981
1976
1976
1977
1986
1992
1995
2000
2009
2013
2015
2016
2016
2030
2029
2027
2031
2036
2036
2036
2041
2037
2036
2039
2039
2043
2044
2046
2052
2053
2056
2060
2061
2063
2057
2055
2045
2053
2037
2035
2035
2030
2029
2022
2020
2031
2039
2047
2047
2046
2045
2048
2049
2051
2049
2047
2053
2062
2064
2057
2058
2061
2060
2066
2067
2066
2065
2068
2072
2071
2065
2060
2046
2042
2043
2045
2045
2043
2038
2029
2021
2010
2007
2007
2013
2015
2018
2020
2018
2019
2018
2022
2029
2023
2024
2027
2029
2020
2018
2025
2026
2024
2025
2020
2016
2018
2021
2015
2012
2015
2006
2007
2009
2015
2003
1994
1994
1993
2000
2000
1993
1986
1994
2000
2003
2002
1995
1997
2001
1995
1995
1999
2003
2005
2013
2011
2013
2013
2012
2013
2011
2004
2002
2003
1998
1991
1988
1995
1995
1998
1996
1994
1994
1999
1994
1994
1990
1999
1998
2000
2006
2001
1996
1991
1992
1994
2009
2005
2005
2013
2023
2031
2032
2030
2023
2017
2015
2013
2014
2012
2016
2010
2008
2011
2021
2026
2017
2026
2029
2031
2038
2046
2047
2048
2050
2057
2076
2078
2081
2081
2081
2083
2086
2090
2094
2090
2087
2085
2079
2076
2075
2067
2064
2062
2060
2059
2060
2079
2077
2077
2078
2073
2074
2071
2069
2067
2068
2071
2074
2070
2063
2057
2059
2053
2039
2033
2032
2032
2026
2025
2023
2024
2022
2019
2023
2022
2022
2014
2011
2006
1994
2000
2001
2001
2004
2000
1995
1996
2001
2001
1999
1995
1988
1970
1965
1962
1958
1956
1951
1948
1941
1944
1939
1934
1923
1924
1920
1922
1929
1932
1929
1932
1940
1945
1959
1961
1966
1964
1977
1979
1983
1990
1997
2006
2015
2017
2018
2016
2016
2020
2019
2025
2028
2031
2031
2050
2055
2057
2062
2066
2067
2068
2069
2073
2078
2083
2086
2085
2091
2098
2107
2108
2092
2098
2097
2101
2091
2089
2084
2088
2092
2095
2091
2081
2082
2079
2082
2082
2083
2082
2088
2086
2078
2062
2062
2061
2051
2043
2041
2037
2037
2042
2046
2043
2045
2048
2049
2037
2036
2039
2035
2040
2043
2049
2035
2025
2020
2024
2024
2023
2018
2018
2019
2020
2018
2008
2011
2007
2007
2005
2007
1994
1996
1992
1994
1992
2001
2002
2005
2002
2005
2007
2000
1997
1991
1992
1993
1991
1973
1971
1968
1964
1961
1954
1952
1951
1951
1952
1951
1946
1944
1946
1946
1952
1959
1972
1972
1971
1969
1978
1977
1982
1987
1986
1994
1995
2003
2017
2024
2026
2033
2040
2045
2046
2055
2058
2052
2059
2062
2066
2061
2066
2067
2071
2075
2068
2071
2067
2064
2066
2066
2065
2063
2076
2077
2080
2084
2090
2093
2097
2095
2093
2084
2078
2074
2078
2083
2086
2080
2078
2073
2076
2074
2077
2085
2081
2077
2075
2063
2056
2048
2050
2051
2035
2032
2028
2020
2021
2019
2019
2013
1990
1983
1982
1977
1964
1964
1972
1975
1977
1974
1974
1971
1968
1969
1967
1962
1964
1962
1964
1971
1978
1976
1982
1971
1970
1981
1979
1977
1984
1990
1992
1993
2000
2001
2003
2006
2019
2024
2030
2031
2032
2032
2045
2050
2053
2055
2059
2058
2051
2047
2043
2042
2040
2051
2051
2055
2056
2054
2054
2051
2049
2045
2042
2030
2022
2019
2014
2008
2005
1999
1992
1992
1988
1987
1989
1986
1988
1983
1986
1982
1988
1992
1990
1989
1993
2000
1992
1989
1990
1995
2009
2016
2024
2038
2044
2051
2059
2092
2095
2100
2099
2112
2116
2121
2131
2137
2131
2126
2124
2123
2125
2132
2122
2122
2095
2091
2083
2085
2070
2064
2049
2038
2035
2018
2013
2010
2003
2003
1995
1990
1984
1972
1973
1978
1970
1951
1943
1941
1938
1934
1931
1937
1940
1944
1952
1951
1947
1949
1943
1935
1931
1935
1985
1990
1996
1991
1960
1968
1976
1984
1990
2024
2030
2038
2048
2054
2056
2057
2058
2041
2039
2045
2051
2066
2065
2061
2058
2053
2040
2042
2040
2034
2037
2036
2034
2030
2039
2038
2033
2034
2039
2044
2047
2046
2024
2018
2020
2020
2022
2020
2020
2020
2028
2029
2028
2031
2030
2030
2035
2044
2047
2047
2053
2052
2056
2052
2048
2046
2050
2051
2047
2049
2057
2061
2057
2057
2060
2056
2064
2068
2068
2075
2081
2077
2071
2075
2082
2070
2061
2055
2054
2050
2061
2073
2078
2040
2025
2010
2005
2000
2001
2002
2004
2019
2008
2006
2007
2005
1999
1998
2003
2006
2000
1999
1993
1989
1977
1975
1978
1979
1972
1968
1966
1963
1958
1942
1948
1959
1973
1985
1991
1995
1999
2007
2013
2012
2018
2036
2033
2033
2029
2026
2019
2016
2015
2019
2022
2020
2021
2024
2018
2017
2019
2021
2018
2015
2013
2017
1990
1993
1997
2005
2012
2008
2016
2019
2024
2024
2025
2026
2024
2025
2037
2041
2047
2053
2056
2054
2052
2051
2046
2049
2052
2054
2062
2063
2064
2064
2046
2045
2048
2052
2051
2054
2059
2064
2066
2061
2062
2066
2066
2049
2042
2039
2040
2037
2031
2032
2038
2049
2054
2053
2054
2035
2032
2026
2032
2041
2060
2064
2066
2065
2074
2069
2068
2069
2071
2073
2074
2073
2046
2040
2040
2040
2034
2034
2031
2027
2023
2018
2014
2015
2014
2005
1996
1993
1990
1976
1973
1966
1966
1951
1946
1948
1948
1953
1951
1952
1951
1957
1961
1962
1968
1972
1982
1991
1993
2000
1999
1995
1996
1996
1996
2001
2007
2004
2001
2003
2009
2010
2008
2008
2009
2007
2011
2018
2017
2023
2027
2037
2039
2041
2043
2047
2042
2036
2033
2033
2031
2028
2031
2027
2002
2004
2008
2009
2012
2004
2006
2013
2012
2021
2024
2019
2024
2031
2031
2033
2037
2051
2051
2056
2062
2046
2047
2049
2045
2029
2031
2028
2030
2037
2029
2026
2027
2032
2029
2019
2021
2033
2037
2038
2042
2038
2046
2052
2060
2063
2065
2070
2069
2071
2076
2081
2081
2083
2085
2092
2088
2088
2088
2064
2053
2044
2034
2015
2013
2008
1997
1992
1976
1975
1984
1982
1979
1984
1986
1988
2001
2002
1999
2003
2010
2017
2019
2019
2022
2017
2013
2020
2022
2027
2028
2032
2036
2040
2039
2039
2039
2032
2035
2035
2032
2022
2021
2022
2020
2017
2013
2014
2014
2012
2012
2012
2015
2011
2016
2021
2020
2018
2037
2037
2035
2038
2042
2042
2040
2048
2049
2053
2050
2055
2054
2048
2045
2043
2047
2027
2023
2018
2022
2023
2020
2017
2016
2017
2018
2015
2009
2006
2003
2002
2002
2005
1987
1987
1992
1992
1987
1990
1988
1993
1998
2005
2009
2009
2007
2005
2004
2009
2014
2024
2022
2024
2020
2024
2026
2035
2037
2049
2050
2052
2054
2052
2048
2051
2056
2060
2061
2061
2058
2059
2042
2040
2040
2043
2037
2039
2039
2037
2031
2015
2012
2011
2017
2025
2027
2026
2029
2034
2029
2024
2022
2016
2011
2008
1999
1988
1988
1989
1985
1985
1990
1988
1993
1996
1999
2002
2004
2003
2003
2007
2007
2007
2018
2014
2017
2017
2019
2016
2020
2022
2023
2024
2026
2033
2032
2034
2038
2045
2052
2046
2046
2040
2039
2039
2040
2043
2047
2048
2038
2036
2036
2035
2039
2037
2036
2035
2028
2023
2023
2027
2034
2038
2036
2035
2039
2043
2042
2040
2037
2038
2038
2038
2038
2035
2031
2025
2026
2028
2027
2021
2022
2023
2013
2009
2009
2004
2006
2005
2008
2011
2014
2017
2019
2019
2019
2028
2030
2027
2020
2026
2028
2027
2024
2020
2028
2028
2024
2021
2020
2017
2015
2009
2013
2019
2018
2015
2009
2007
2005
2010
1997
2006
2008
2013
2018
2019
2024
2031
2017
2017
2029
2041
2052
2058
2064
2068
2070
2052
2042
2038
2034
2031
2029
2032
2036
2026
2018
2016
2010
1989
1988
1991
1995
2006
2009
2015
2021
2020
2038
2040
2041
2037
2040
2044
2050
2055
2062
2060
2059
2058
2063
2054
2049
2048
2044
2033
2040
2033
2035
2034
2036
2032
2032
2033
2032
2037
2036
2037
2034
2033
2033
2032
2033
2030
2031
2029
2038
2039
2040
2042
2046
2043
2044
2042
2032
2026
2020
2018
2007
2006
2006
2005
2003
1990
1991
1991
1994
1993
1994
1994
1999
1997
2000
2003
2001
1984
1985
1991
1996
2000
1993
1990
1987
1986
1983
1983
1989
1990
1979
1980
1986
1991
1991
1995
1997
2004
2014
2023
2023
2033
2032
2042
2046
2044
2043
2045
2049
2055
2057
2040
2039
2044
2047
2048
2043
2040
2039
2036
2031
2028
2027
2030
2031
2031
2035
2043
2041
2045
2041
2045
2051
2050
2053
2048
2047
2041
2046
2049
2049
2054
2055
2057
2055
2041
2038
2040
2036
2034
2039
2038
2039
2032
2017
2022
2021
2019
2018
2017
2026
2024
2024
2026
2023
2022
2026
2032
2034
2036
2035
2037
2038
2043
2045
2052
2050
2053
2053
2049
2048
2044
2043
2047
2044
2040
2039
2038
2038
2038
2035
2037
2043
2044
2047
2054
2055
2047
2041
2037
2035
2027
2024
2023
2024
2023
2019
2024
2023
1999
1994
1996
1996
2000
1995
1995
1997
1988
1990
1988
1981
1980
1971
1967
1971
1972
1964
1959
1963
1960
1948
1949
1952
1955
1956
1953
1957
1958
1967
1973
1973
1976
1983
1992
1998
2005
2009
2019
2013
2013
2015
2027
2032
2039
2040
2066
2070
2071
2072
2069
2070
2074
2075
2079
2079
2077
2076
2077
2077
2081
2084
2081
2087
2082
2075
2070
2072
2072
2066
2065
2058
2058
2054
2059
2063
2062
2060
2060
2058
2051
2050
2053
2048
2049
2039
2035
2029
2027
2025
2024
2025
2025
2032
2029
2029
2031
2035
2033
2033
2030
2028
2032
2037
2039
2041
2043
2045
2042
2044
2041
2036
2037
2040
2041
2039
2035
2035
2032
2051
2055
2056
2053
2047
2049
2049
2051
2027
2026
2029
2029
2033
2023
2018
2015
2014
2014
2014
2010
2005
1992
1988
1985
1987
1983
1978
1976
1974
1970
1971
1971
1979
1979
1982
1980
1974
1966
1942
1943
1947
1952
1951
1949
1948
1950
1952
1956
1958
1959
1959
1956
1956
1952
1961
1961
1954
1947
1945
1947
1939
1945
1952
1970
1973
1977
1986
1989
2000
2002
2008
2021
2026
2033
2040
2052
2070
2077
2083
2089
2104
2107
2108
2111
2106
2117
2123
2124
2121
2116
2110
2117
2113
2111
2107
2103
2101
2094
2095
2080
2074
2055
2051
2051
2058
2060
2060
2060
2059
2059
2059
2057
2053
2053
2051
2054
2059
2064
2071
2070
2068
2070
2069
2049
2047
2045
2044
2039
2039
2038
2035
2016
2014
2012
2007
1995
1987
1987
1992
2000
1998
2000
1999
1997
1998
2002
2007
2007
2006
2003
2008
2017
2016
2019
2017
2014
2013
2009
2005
2012
2015
2014
2018
2015
2011
2012
2016
2019
2020
2021
2016
2012
2006
2007
2003
2005
2008
2012
2011
2014
2009
2004
2001
2000
1998
1996
1996
1998
1995
1991
1994
1989
1989
1990
1983
1981
1984
1983
1977
1986
1995
2000
1999
2004
2005
2006
2007
2030
2040
2043
2046
2050
2055
2052
2051
2053
2049
2044
2041
2043
2044
2042
2039
2035
2041
2034
2037
2041
2047
2045
2051
2054
2061
2061
2056
2056
2051
2052
2055
2056
2058
2058
2059
2053
2049
2046
2053
2060
2058
2059
2047
2050
2052
2056
2056
2053
2057
2057
2063
2062
2065
2063
2057
2056
2056
2055
2056
2046
2042
2036
2028
2022
2025
2028
2031
2033
2023
2018
2016
2015
2014
2022
2023
2022
2017
1999
1999
1997
1994
1989
1988
1997
2003
2000
1992
1990
1989
1987
1984
1986
1995
2000
2004
2003
2010
2016
2017
2016
2019
2026
2030
2036
2038
2041
2035
2035
2036
2031
2019
2012
2009
2006
2007
1997
2000
1999
1998
1996
1997
1993
2000
2007
2009
2016
2016
2029
2026
2032
2030
2032
2030
2028
2030
2033
2039
2042
2049
2047
2037
2039
2042
2041
2026
2024
2020
2018
2008
2007
2007
2007
2006
1992
1995
1992
1994
1996
1997
1998
2000
2010
2010
2014
2016
2025
2025
2024
2025
2039
2038
2045
2048
2054
2053
2049
2046
2043
2043
2037
2033
2034
2025
2026
2024
2023
2012
2016
2020
2023
2021
2015
2012
2004
2009
2015
2019
2021
2024
2015
2019
2025
2020
2027
2028
2030
2033
2043
2050
2051
2043
2042
2048
2047
2043
2039
2041
2043
2043
2042
2045
2044
2044
2049
2050
2049
2052
2052
2058
2058
2055
2053
2049
2048
2046
2046
2051
2031
2026
2022
2019
2008
1997
1997
1994
1992
1982
1987
1983
1983
1984
1988
1994
1991
1996
1992
1995
1998
2010
2013
2012
2012
2032
2039
2042
2046
2052
2048
2052
2051
2050
2052
2055
2059
2066
2062
2055
2059
2058
2041
2042
2038
2036
2024
2018
2018
2021
2020
2027
2031
2032
2031
2034
2031
2031
2037
2033
2035
2042
2050
2043
2041
2042
2043
2038
2016
2005
1996
1999
1996
1991
1987
1991
1979
1974
1979
1981
1986
1983
1985
1991
1998
2004
2006
2010
2009
2014
2017
2016
2019
2017
2018
2023
2028
2027
2029
2027
2026
2017
2019
2022
2021
2025
2024
2013
2012
2016
2015
2016
2019
2026
2037
2044
2041
2042
2041
2037
2036
2033
2025
2028
2024
2023
2028
2039
2033
2029
2032
2033
2034
2039
2035
2025
2028
2028
2022
2022
2022
2027
2030
2026
2035
2038
2037
2039
2043
2046
2056
2060
2042
2034
2034
2033
2039
2042
2042
2041
2027
2024
2031
2026
2027
2043
2040
2038
2037
2040
2042
2045
2044
2052
2056
2057
2065
2073
2066
2063
2063
2065
2054
2049
2043
2042
2040
2036
2036
2031
2007
2002
1994
1990
2005
2011
2009
2008
1988
1989
1985
1980
1981
1997
2001
2007
2008
2008
2011
2011
2016
2010
2008
2014
2020
2015
2013
2017
2019
2018
2017
2009
2004
2001
2002
1999
1997
1998
2015
2021
2028
2032
2020
2022
2024
2026
2046
2049
2051
2047
2046
2037
2032
2033
2036
2035
2029
2027
2031
2017
2014
2012
2010
1999
1991
1987
1986
1988
1993
1999
1999
1993
1997
2000
2002
2004
2011
2016
2024
2034
2033
2040
2048
2051
2061
2074
2071
2055
2039
2025
2016
2006
2003
1999
2002
2014
2018
2017
2024
2028
2028
2027
2006
1996
1983
1968
1965
1967
1971
1975
1984
2009
2007
2013
2021
2021
2023
2031
2034
2038
2043
2041
2046
2045
2044
2037
2039
2049
2055
2062
2062
2060
2072
2072
2066
2065
2059
2057
2047
2044
2028
2032
2029
2030
2046
2051
2055
2057
2059
2063
2069
2072
2072
2078
2077
2073
2075
2083
2084
2079
2080
2064
2065
2069
2071
2076
2081
2084
2094
2096
2058
2053
2042
2031
2024
2022
2020
2023
2038
2044
2045
2046
2026
2022
2011
2006
2002
1983
1978
1978
1977
1974
1972
1973
1977
1980
1978
1975
1979
1961
1965
1970
1968
1975
1972
1974
1976
1987
1990
1993
2001
2002
2005
2009
2010
2021
1997
1994
1993
1999
2013
2017
2017
2020
2024
2025
2026
2025
2025
2020
2022
2023
2024
2014
2010
2008
2006
1999
2000
1997
1995
1997
2001
2008
2004
2002
2004
2003
2002
2001
1982
1983
1984
1987
2002
2008
2012
2013
2003
2002
2000
1996
1995
1995
1996
1991
1993
2003
2009
2009
2014
2016
2017
2019
2020
2039
2042
2043
2046
2044
2043
2046
2039
2038
2038
2036
2045
2052
2045
2043
2042
2041
2037
2038
2035
2030
2028
2027
2035
2042
2041
2048
2055
2059
2060
2059
2061
2058
2054
2053
2051
2048
2045
2056
2065
2076
2075
2076
2077
2072
2066
2061
2057
2059
2068
2072
2075
2077
2076
2078
2068
2064
2063
2067
2069
2072
2074
2063
2064
2063
2060
2058
2056
2055
2053
2062
2067
2063
2062
2059
2065
2058
2052
2042
2043
2041
2022
2022
2015
2013
2013
2009
2010
2009
1993
1995
1990
1989
1981
1985
1986
1983
1967
1961
1961
1958
1954
1959
1957
1956
1961
1965
1969
1963
1967
1978
1985
1989
1995
2007
2009
2008
2014
2022
2030
2029
2023
2027
2032
2032
2030
2032
2034
2036
2031
2027
2024
2024
2029
2032
2037
2035
2034
2032
2035
2041
2046
2050
2049
2049
2044
2041
2038
2024
2023
2025
2028
2014
2012
2017
2023
2026
2025
2026
2027
2031
2029
2030
2033
2037
2031
2023
2021
2025
2014
2007
2011
2015
2001
2003
2011
2014
2017
2022
2021
2020
2024
2018
2017
2016
2018
2022
2022
2024
2029
2035
2038
2040
2041
2043
2052
2052
2050
2050
2046
2045
2040
2042
2045
2046
2047
2045
2039
2038
2036
2029
2028
2013
2015
2013
2008
2006
2008
2004
1997
1975
1975
1974
1977
1963
1970
1975
1983
1982
1981
1992
1996
1997
2008
2011
2011
2009
2009
2007
2011
2014
2018
2022
2023
2020
2023
2022
2024
2030
2032
2030
2035
2039
2041
2040
2041
2042
2051
2056
2060
2065
2064
2065
2064
2063
2065
2055
2059
2060
2053
2051
2048
2052
2053
2055
2053
2052
2046
2047
2049
2053
2060
2065
2047
2047
2050
2050
2054
2053
2047
2050
2058
2067
2071
2070
2067
2065
2066
2063
2063
2055
2054
2052
2050
2047
2039
2044
2041
2032
2024
2025
2025
2025
2022
2022
2015
2012
2010
2002
1995
1998
2000
2006
2004
2002
1998
1998
2001
2003
2007
2006
2001
2001
1995
1990
1996
1997
1999
1996
1979
1983
1989
1993
1998
2005
2013
2018
2048
2052
2048
2057
2060
2050
2049
2043
2037
2028
2018
2014
2010
1989
1986
1983
1976
1975
1974
1971
1972
1978
1966
1967
1966
1965
1967
1972
1973
1973
1982
1989
1996
2002
2009
2014
2015
2020
2024
2024
2030
2027
2022
2023
2024
2019
2017
2023
2022
2023
2023
2019
2011
2004
2003
1988
1988
1989
1993
1990
1979
1984
1981
1983
1984
1989
1990
1997
2017
2018
2024
2037
2042
2044
2049
2052
2062
2065
2063
2062
2063
2062
2055
2050
2054
2068
2070
2073
2082
2064
2062
2062
2064
2066
2066
2059
2057
2062
2054
2049
2047
2046
2034
2031
2031
2031
2030
2033
2033
2033
2031
2029
2026
2030
2035
2035
2041
2044
2046
2048
2043
2045
2048
2044
2041
2037
2034
2036
2030
2029
2027
2028
2006
2007
2016
2020
2021
2037
2048
2051
2053
2051
2050
2056
2057
2065
2063
2069
2069
2056
2052
2054
2059
2063
2068
2071
2076
2082
2084
2082
2084
2091
2110
2113
2122
2128
2139
2143
2146
2146
2148
2152
2151
2148
2149
2135
2125
2124
2122
2120
2112
2103
2097
2067
2062
2059
2045
2021
2018
2012
2000
1994
1976
1964
1954
1955
1948
1929
1918
1912
1898
1894
1887
1882
1888
1897
1904
1911
1932
1934
1941
1953
1961
1966
1961
1970
1971
1971
1970
1973
1976
1977
1980
1979
1978
1975
1976
1980
1984
1990
1994
1993
1994
1995
1997
1994
1986
1990
1979
1976
1974
1970
1957
1953
1952
1954
1943
1929
1923
1921
1918
1912
1907
1903
1901
1892
1893
1890
1886
1882
1875
1874
1879
1868
1873
1884
1887
1884
1902
1905
1909
1917
1920
1927
1930
1940
1958
1966
1975
1987
2012
2018
2030
2037
2044
2072
2075
2082
2081
2079
2083
2088
2100
2140
2154
2160
2164
2172
2183
2197
2200
2225
2227
2234
2241
2245
2245
2244
2246
2242
2235
2230
2223
2221
2192
2180
2170
2155
2112
2113
2110
2102
2097
2069
2067
2062
2059
2049
2040
2036
2035
2015
2014
2011
2011
2002
2011
2015
2015
2007
2005
2010
2018
2023
2041
2044
2048
2052
2056
2061
2064
2070
2074
2078
2086
2086
2088
2091
2087
2088
2091
2086
2078
2072
2063
2057
2052
2054
2054
2027
2019
2014
2015
2006
2000
2003
2000
1990
1985
1982
1984
1985
1976
1970
1967
1968
1967
1965
1965
1964
1959
1959
1958
1959
1966
1969
1964
1964
1962
1954
1950
1948
1952
1958
1964
1965
1967
1969
1965
1967
1966
1976
1978
1982
1985
1989
1989
1989
1991
1989
1991
1993
1997
2007
2029
2026
2028
2032
2041
2040
2043
2051
2067
2067
2068
2061
2060
2065
2069
2069
2068
2061
2064
2068
2070
2063
2061
2063
2063
2066
2065
2064
2060
2056
2058
2062
2057
2054
2053
2057
2059
2055
2047
2044
2048
2049
2055
2062
2057
2050
2048
2047
2043
2040
2040
2031
2030
2027
2024
2016
2011
2009
2004
1989
1985
1982
1979
1968
1961
1959
1957
1962
1958
1953
1953
1954
1958
1959
1958
1957
1953
1953
1960
1964
1967
1977
1971
1962
1957
1961
1969
1974
1982
1994
2000
2006
2014
2019
2023
2029
2035
2062
2070
2078
2086
2085
2082
2080
2082
2080
2068
2073
2072
2070
2069
2070
2070
2067
2052
2049
2049
2042
2032
2028
2024
2030
2013
2012
2015
2014
2022
2022
2016
2008
2004
1992
1979
1972
1970
1983
1991
2001
1998
2020
2020
2017
2012
2009
2004
2004
2000
2000
2003
2003
2006
2011
2020
2024
2032
2046
2059
2057
2057
2061
2066
2071
2080
2076
2081
2078
2072
2078
2077
2082
2081
2078
2083
2078
2074
2073
2075
2060
2056
2059
2060
2065
2065
2060
2055
2050
2048
2046
2044
2044
2033
2027
2030
2027
2012
2012
2005
2002
2000
1989
1982
1984
1989
1985
1983
1987
1991
1990
1985
1979
1980
1992
2000
2000
2000
2018
2032
2037
2037
2045
2044
2041
2038
2038
2040
2042
2046
2051
2048
2050
2051
2052
2051
2046
2045
2039
2038
2031
2028
2028
2033
2032
2028
2025
2020
2006
2003
1997
2000
2024
2026
2027
2030
2041
2043
2041
2042
2046
2039
2045
2048
2048
2046
2037
2042
2040
2044
2037
2035
2035
2016
2016
2016
2023
2027
2012
2011
2008
2007
2003
1997
1996
2000
1994
1998
2000
1995
1985
1987
1989
1992
1988
1993
1995
1995
1999
1990
1984
1988
1987
1989
1995
2003
2006
2018
2018
2026
2030
2022
2020
2027
2027
2032
2025
2018
2016
2020
2024
2022
2024
2023
2006
2002
2007
2007
1993
1991
1989
1984
1983
1983
1979
1977
1976
1976
1973
1976
1979
1975
1976
1977
1979
1989
1996
2005
2003
1999
2011
2015
2011
2010
2009
2014
2019
2022
2023
2034
2037
2036
2027
2021
2014
2017
2017
2017
2016
2017
2019
2042
2048
2052
2051
2050
2056
2063
2070
2080
2089
2092
2091
2097
2077
2067
2059
2057
2048
2047
2048
2052
2051
2053
2057
2054
2051
2055
2055
2053
2054
2050
2045
2048
2050
2063
2073
2057
2063
2087
2155
2121
2064
2079
2051
2031
2023
1998
1972
1964
1970
1975
1965
1963
1935
1942
1974
2005
2024
2015
2021
2021
2013
2021
2047
2074
2088
2089
2094
2115
2138
2143
2137
2173
2161
2143
2143
2119
2116
2109
2107
2103
2085
2077
2068
2059
2047
2042
2049
2050
2037
2021
2006
2000
2002
2000
1998
2007
1998
2007
2015
2014
2016
1990
1980
1978
1985
1992
1995
2000
1991
1999
1993
1988
1990
1967
1962
1964
1969
1976
1971
1962
1948
1938
1936
1929
1929
1925
1928
1928
1928
1935
1946
1942
1942
1947
1945
1950
1955
1955
1951
1968
1968
1973
1984
1992
2005
2011
2014
2043
2048
2053
2060
2081
2083
2088
2092
2094
2093
2094
2093
2089
2086
2079
2079
2080
2061
2055
2045
2031
2016
2015
2014
2011
2015
2018
2019
2019
2019
2007
2009
2016
2021
2019
2017
2021
2018
2014
2013
2012
2014
2014
2016
2017
2023
2028
2013
2010
2010
2012
2014
2017
2020
2015
2005
2011
2018
2019
2014
2020
2022
2028
2030
2030
2022
2016
2017
2019
2022
2022
2021
2035
2038
2031
2032
2054
2057
2064
2072
2085
2076
2067
2060
2065
2057
2056
2052
2042
2035
2037
2039
2036
2029
2032
2034
2035
2031
2029
2031
2035
2043
2047
2046
2049
2054
2054
2057
2054
2062
2065
2065
2067
2069
2069
2070
2080
2080
2062
2060
2056
2055
2061
2067
2058
2054
2054
2050
2045
2047
2046
2038
2037
2039
2043
2056
2059
2058
2051
2056
2050
2051
2055
2057
2051
2052
2054
2047
2029
2025
2024
2029
2025
2020
2013
2010
1994
1992
1995
1999
1998
1993
1987
1992
1990
1993
1999
2007
2014
2011
2008
2012
2018
2008
2010
2013
2013
2016
2012
2013
2014
2015
2012
2011
2012
2013
2009
2010
2006
2016
2008
2006
2005
1999
1997
1993
1983
1985
1988
1983
1983
1978
1970
1954
1942
1939
1935
1947
1955
1960
1966
1967
1970
1975
1982
1987
1985
1988
1997
2011
2016
2023
2033
2034
2056
2055
2059
2064
2081
2082
2088
2084
2084
2076
2068
2062
2060
2055
2053
2050
2050
2034
2032
2034
2034
2031
2031
2031
2029
2006
2004
2007
2010
2006
1995
1997
1997
1992
1991
1990
1992
1990
1980
1982
1979
1984
1980
1977
1975
1976
1973
1978
1977
1969
1965
1966
1969
1971
1979
1973
1979
1985
1995
2019
2020
2027
2036
2055
2061
2065
2064
2067
2067
2062
2066
2065
2064
2062
2066
2070
2061
2058
2058
2063
2071
2069
2069
2068
2069
2079
2075
2076
2078
2079
2079
2069
2068
2068
2064
2064
2061
2043
2040
2038
2037
2033
2035
2041
2042
2041
2041
2044
2047
2047
2049
2050
2050
2045
2046
2042
2045
2052
2070
2072
2068
2067
2059
2048
2046
2053
2051
2049
2044
2045
2046
2035
2034
2031
2029
2002
2002
2006
2001
2003
2012
2012
2011
2010
2008
2009
2006
1999
2016
2008
2005
2008
2021
2022
2027
2032
2017
2019
2014
2010
2007
2001
2005
2001
2001
2006
2005
2004
2004
2002
2005
2005
2008
2017
2023
2024
2032
2027
2044
2042
2048
2051
2047
2048
2049
2058
2044
2043
2042
2042
2034
2035
2040
2041
2019
2014
2012
2022
2022
2017
2012
2003
1994
1990
1991
1990
1987
1983
1975
1980
1982
1971
1979
1979
1981
1982
1986
1982
1983
1986
1991
1997
2003
2009
2016
2028
2042
2043
2042
2043
2046
2052
2049
2038
2035
2033
2026
2029
2023
2018
2010
2020
2021
2020
2022
2019
2022
2021
2023
2014
2015
2016
2014
2006
1959
1938
1918
1902
1887
1876
1875
1880
1932
1958
1979
1992
2047
2055
2066
2079
2097
2147
2160
2174
2187
2194
2196
2199
2200
2167
2149
2136
2121
2063
2056
2045
2035
2028
2032
2033
2038
2044
2035
2035
2029
2030
2028
2030
2034
2034
2013
2009
2005
2001
2028
2046
2066
2077
2091
2100
2100
2097
2080
2066
2054
2046
2041
2021
2017
2014
2012
2028
2026
2023
2012
1997
1970
1961
1958
1958
1951
1953
1951
1949
1932
1932
1928
1925
1915
1920
1932
1943
1998
2018
2036
2055
2069
2091
2097
2094
2090
2090
2088
2085
2081
2046
2037
2031
2024
2007
2001
2000
1998
1996
1982
1974
1961
1951
1943
1934
1917
1903
1878
1867
1856
1847
1797
1774
1755
1738
1679
1671
1665
1667
1668
1679
1683
1684
1691
1700
1707
1715
1728
1767
1778
1797
1820
1903
1925
1943
1964
1988
2044
2064
2090
2114
2144
2168
2200
2231
2384
2423
2467
2512
2687
2736
2789
2838
3008
3043
3077
3113
3142
3200
3211
3218
3225
3228
3220
3217
3209
3114
3082
3045
3010
2829
2781
2731
2676
2622
2436
2369
2296
2228
2163
2089
2017
1949
1675
1606
1539
1479
1246
1201
1154
1114
966
938
910
886
870
836
829
828
826
827
833
843
848
882
897
916
929
1000
1023
1048
1068
1085
1172
1203
1240
1279
1328
1376
1432
1495
1739
1810
1879
1951
2243
2310
2378
2445
2683
2735
2783
2824
2860
2974
2993
3006
3016
3026
3030
3029
3026
2976
2962
2939
2917
2768
2730
2696
2649
2596
2412
2353
2283
2218
2149
2082
2009
1939
1678
1620
1566
1513
1334
1296
1257
1225
1159
1151
1149
1148
1156
1190
1205
1219
1238
1262
1286
1325
1365
1522
1566
1617
1664
1859
1910
1956
1993
2039
2161
2198
2238
2279
2319
2355
2392
2421
2520
2547
2572
2594
2672
2680
2696
2715
2780
2791
2800
2809
2819
2823
2820
2818
2818
2814
2815
2811
2803
2749
2735
2717
2698
2596
2557
2519
2478
2443
2312
2262
2209
2157
2104
2053
2004
1956
1769
1721
1672
1634
1492
1456
1423
1397
1330
1321
1316
1311
1305
1307
1311
1319
1333
1346
1360
1376
1392
1469
1493
1519
1544
1643
1664
1687
1709
1732
1809
1827
1840
1861
1885
1906
1921
1940
1996
2013
2030
2046
2097
2100
2105
2123
2180
2190
2203
2217
2235
2281
2290
2297
2310
2317
2323
2335
2349
2374
2387
2396
2402
2413
2412
2411
2411
2405
2376
2366
2355
2345
2333
2313
2295
2282
2218
2207
2191
2177
2119
2109
2094
2074
2060
2013
1997
1987
1973
1951
1926
1904
1890
1931
1924
1905
1882
1779
1760
1748
1740
1794
1803
1820
1839
1853
1907
1924
1944
1967
1989
2007
2024
2041
2092
2105
2120
2133
2187
2194
2207
2223
2231
2251
2257
2265
2265
2264
2257
2244
2237
2216
2202
2188
2180
2144
2141
2137
2124
2103
2049
2032
2020
2002
1990
1970
1959
1955
1911
1907
1898
1886
1828
1822
1816
1815
1775
1764
1752
1747
1751
1768
1767
1764
1755
1745
1739
1732
1728
1716
1719
1730
1740
1756
1755
1757
1756
1755
1785
1797
1810
1819