2068
2066
2042
2046
2051
2050
2050
2043
2039
2043
2048
2036
2033
2033
2031
2034
2030
2024
2022
1991
1985
1971
1969
1948
1941
1937
1934
1929
1921
1920
1914
1915
1921
1920
1916
1918
1943
1953
1962
1967
1970
1979
1985
1983
1995
1999
2011
2012
2012
2024
2026
2029
2032
2033
2036
2046
2051
2056
2059
2063
2065
2054
2058
2055
2051
2053
2028
2012
2006
2001
1996
1991
1984
1989
1986
1984
1981
1987
1992
1997
1997
2000
2008
2004
2004
2008
2008
2012
2015
2020
2024
2013
2007
2006
2001
2000
1997
1997
2002
1995
2009
2096
2217
2309
2114
1968
1850
1682
1390
1104
936
870
1442
1757
2095
2364
2829
2818
2815
2850
2870
3035
3055
3001
2920
2820
2681
2488
2265
1740
1686
1732
1802
1989
1960
1913
1843
1442
1394
1383
1400
1464
1751
1818
1917
2023
2093
2123
2124
2104
2264
2266
2253
2206
2104
2113
2116
2140
2190
2309
2362
2378
2314
2201
2070
1908
1728
1480
1552
1656
1773
2163
2210
2220
2200
2165
2003
1948
1900
1874
1870
1865
1854
1833
1768
1833
1918
2025
2457
2557
2641
2712
2648
2548
2417
2273
2117
1727
1655
1614
1603
1615
1657
1711
1757
1864
1878
1900
1912
1877
1861
1850
1857
1886
2014
2054
2080
2082
2077
2060
2032
2005
1933
1953
2007
2077
2286
2295
2275
2239
2171
2179
2196
2213
2229
2204
2166
2124
2077
2003
1924
1850
1788
1674
1685
1711
1744
1894
1919
1931
1929
1927
1919
1926
1933
1944
1951
1948
1947
1946
2009
2043
2072
2113
2288
2318
2313
2288
2248
2016
1922
1827
1724
1616
1515
1424
1351
1204
1213
1232
1268
1579
1677
1772
1861
2098
2148
2203
2261
2321
2530
2603
2678
2747
2810
2864
2915
2964
3213
3294
3380
3458
3657
3685
3713
3736
3754
3736
3684
3608
3510
3392
3245
3093
2928
2249
2093
1953
1822
1415
1345
1278
1219
1175
1070
1029
980
925
869
805
739
674
486
470
465
475
630
678
723
772
856
866
881
890
897
912
918
930
950
969
991
1019
1062
1356
1459
1567
1667
1966
2003
2026
2042
2060
2116
2161
2214
2265
2328
2394
2462
2528
2792
2855
2922
2992
3276
3340
3401
3456
3510
3640
3661
3646
3612
3540
3415
3253
3051
2106
1925
1796
1708
1751
1813
1873
1939
2245
2347
2445
2531
2597
2674
2630
2561
2462
2337
2209
2094
1992
1858
1888
1909
1931
1962
1951
1941
1940
1949
1996
2013
2027
2024
1997
1959
1906
1839
1556
1507
1470
1450
1390
1383
1377
1377
1399
1567
1668
1790
1920
2052
2177
2282
2358
2412
2396
2388
2388
2548
2616
2677
2726
2840
2843
2832
2819
2800
2698
2647
2573
2485
2389
2290
2182
2077
1813
1800
1810
1835
2001
2031
2053
2067
2072
2016
1982
1944
1897
1836
1762
1686
1607
1309
1259
1220
1195
1205
1210
1221
1234
1244
1255
1257
1258
1257
1254
1249
1232
1205
980
917
855
804
794
836
889
961
1041
1310
1406
1514
1617
1720
1833
1942
2052
2345
2422
2488
2545
2597
2632
2670
2706
2737
2804
2837
2863
2895
2929
2962
2993
3021
3048
3107
3120
3128
3135
3133
3124
3105
3071
2832
2763
2688
2624
2424
2396
2368
2341
2325
2270
2259
2237
2216
2206
2194
2176
2158
2024
1976
1920
1858
1635
1602
1586
1588
1625
1636
1641
1644
1652
1675
1686
1693
1703
1710
1712
1709
1698
1614
1587
1561
1542
1536
1551
1573
1594
1629
1780
1843
1915
1994
2076
2152
2212
2270
2409
2431
2441
2452
2489
2498
2512
2529
2591
2609
2628
2651
2672
2727
2740
2748
2745
2734
2716
2691
2662
2497
2457
2419
2388
2285
2264
2245
2220
2203
2150
2135
2120
2105
2088
2070
2046
2016
1897
1868
1850
1832
1782
1784
1780
1782
1780
1785
1776
1770
1766
1755
1740
1722
1703
1611
1580
1554
1519
1406
1390
1377
1379
1428
1450
1476
1509
1543
1646
1691
1735
1778
1814
1847
1872
1890
1914
1914
1907
1909
1913
1921
1934
1949
1970
2043
2072
2099
2132
2162
2191
2219
2236
2249
2237
2218
2199
2121
2096
2079
2063
2056
2040
2046
2042
2039
2049
2059
2079
2101
2160
2176
2185
2186
2149
2133
2113
2089
1992
1969
1946
1917
1902
1856
1845
1837
1833
1837
1837
1837
1840
1833
1823
1814
1813
1802
1808
1814
1827
1840
1877
1888
1910
1939
1963
1989
2019
2047
2133
2145
2159
2168
2183
2193
2207
2220
2231
2265
2285
2301
2317
2332
2345
2354
2364
2383
2378
2373
2363
2267
2233
2201
2170
2058
2041
2025
2021
2027
2036
2044
2052
2063
2073
2075
2083
2088
2082
2065
2053
2039
1965
1951
1944
1936
1927
1923
1926
1927
1939
1944
1942
1953
1966
2010
2017
2022
2022
1990
1976
1965
1954
1892
1888
1887
1890
1882
1892
1899
1906
1919
1934
1950
1965
1979
2022
2034
2043
2058
2097
2105
2113
2114
2119
2136
2141
2153
2158
2160
2169
2172
2170
2146
2141
2135
2126
2070
2058
2048
2037
2008
2002
1996
1992
1992
1982
1985
1991
1991
1995
2002
2012
2019
2025
2026
2027
2026
2036
2036
2034
2034
2040
2043
2053
2060
2072
2078
2079
2080
2082
2079
2078
2077
2074
2033
2025
2012
2000
1987
1956
1944
1934
1925
1921
1922
1929
1936
1956
1967
1974
1977
1979
1972
1965
1960
1954
1940
1942
1943
1937
1932
1932
1936
1944
1956
1967
1975
1984
1989
1985
1990
1994
1993
1996
1993
1988
1996
1993
1997
2002
2003
2003
2004
2007
2014
2024
2026
2033
2035
2038
2042
2039
2043
2046
2050
2052
2051
2052
2060
2065
2067
2068
2064
2062
2065
2064
2060
2055
2052
2047
2043
2025
2022
2017
2018
2017
2014
2011
2008
2005
2008
2012
2018
2019
2022
2025
2018
1999
1995
1994
1994
1989
1973
1972
1969
1968
1964
1962
1970
1967
1990
1991
1997
2006
2011
2012
2013
2014
2015
2011
2013
2010
2017
2021
2019
2017
2016
2035
2039
2042
2048
2070
2075
2082
2084
2086
2095
2099
2106
2110
2114
2121
2127
2130
2131
2130
2130
2137
2146
2142
2144
2143
2141
2129
2122
2121
2118
2109
2103
2094
2090
2070
2068
2066
2067
2057
2059
2057
2048
2045
2056
2057
2056
2049
2042
2037
2033
2030
2012
2009
2004
2003
2004
2005
2005
1999
1994
1989
1988
1991
1992
1989
1988
1985
1978
1983
1975
1965
1955
1942
1938
1931
1927
1928
1913
1914
1927
1929
1932
1939
1950
1962
1976
1988
2002
2011
2011
2017
2030
2043
2043
2046
2043
2046
2048
2061
2058
2049
2048
2050
2052
2054
2059
2056
2047
2036
2034
2029
2015
2007
2007
2005
2004
2003
2007
2006
2006
1995
1994
1994
2001
2004
2001
2003
2005
2011
2015
2007
2005
2009
2014
2012
2019
2021
2035
2036
2035
2041
2053
2053
2048
2048
2047
2035
2032
2026
2024
2016
2006
2001
1997
1967
1964
1963
1957
1954
1948
1944
1938
1944
1944
1949
1955
1964
1976
1978
1985
1991
1995
1999
2002
2009
2007
2006
2013
2019
2021
2029
2032
2044
2054
2069
2080
2094
2106
2123
2117
2119
2127
2128
2124
2121
2122
2130
2115
2111
2108
2112
2108
2101
2103
2100
2084
2076
2078
2080
2073
2070
2069
2064
2062
2058
2053
2041
2039
2000
1993
1989
1984
1969
1967
1965
1961
1956
1929
1923
1914
1911
1906
1903
1904
1905
1896
1903
1907
1912
1934
1946
1956
1960
1968
1996
2006
2015
2021
2028
2037
2045
2055
2066
2069
2073
2083
2110
2110
2118
2119
2107
2109
2111
2114
2119
2113
2107
2106
2108
2103
2101
2095
2094
2077
2084
2088
2085
2055
2054
2054
2064
2072
2063
2059
2056
2052
2048
2047
2041
2032
2006
2002
2003
1999
1965
1953
1947
1946
1949
1971
1975
1967
1960
1955
1941
1933
1926
1917
1917
1921
1924
1949
1955
1963
1970
1964
1969
1972
1978
1991
2016
2022
2027
2025
2024
2029
2034
2035
2057
2050
2059
2070
2070
2064
2065
2071
2071
2054
2061
2067
2068
2069
2067
2064
2064
2048
2050
2049
2041
2017
2007
2003
2004
2006
2007
2011
2015
2014
2014
2021
2027
2026
2028
2024
2021
2018
2016
2018
2018
2018
2023
2031
2035
2039
2039
2043
2036
2024
2023
2026
2029
2035
2039
2041
2031
2046
2081
2114
2076
1971
1865
1811
1796
1870
1938
1990
2030
2153
2164
2169
2184
2194
2175
2157
2142
2092
2093
2095
2097
2052
2030
2018
2022
2051
2051
2044
2041
2028
1963
1944
1926
1925
1933
1945
1965
1996
2062
2050
2040
2029
2090
2098
2099
2093
2091
2082
2062
2039
2021
2013
2010
2018
2048
2195
2197
2170
2127
1879
1846
1847
1867
2019
2044
2065
2067
2051
1997
1985
1981
1974
1975
1972
1962
1951
1926
1936
1940
1945
2003
2017
2040
2062
2083
2105
2102
2097
2087
2079
2070
2061
2057
1992
1973
1955
1941
1963
1982
2004
2021
2036
2035
2014
2002
1995
1986
1984
1984
1990
2061
2081
2098
2100
2041
2023
2001
1993
2049
2064
2080
2080
2087
2063
2050
2039
2037
2033
2034
2036
2039
2036
2018
2007
2006
1969
1970
1973
1961
1949
1858
1821
1773
1738
1709
1696
1690
1701
1837
1871
1902
1928
1968
1973
1976
1989
2016
2079
2098
2115
2121
2117
2110
2099
2084
2056
2063
2065
2076
2073
2054
2034
2017
2018
2069
2113
2158
2208
2257
2308
2349
2383
2492
2520
2558
2595
2727
2739
2734
2718
2633
2622
2613
2607
2595
2505
2460
2401
2337
2259
2180
2111
2047
1853
1819
1786
1753
1590
1547
1508
1474
1442
1380
1374
1367
1363
1360
1358
1360
1363
1424
1445
1463
1487
1585
1594
1601
1611
1639
1644
1650
1651
1654
1660
1661
1663
1669
1678
1689
1709
1735
1830
1848
1861
1876
1943
1969
2000
2042
2092
2224
2270
2309
2341
2373
2399
2425
2449
2520
2541
2559
2574
2593
2583
2577
2570
2532
2522
2510
2494
2476
2416
2387
2370
2383
2441
2525
2600
2628
1913
1705
1540
1426
1569
1655
1749
1849
1947
2132
2178
2206
2217
2221
2226
2236
2246
2231
2209
2186
2157
2009
2016
2036
2059
2073
2056
2012
1971
1923
1868
1813
1762
1725
1711
1738
1781
1806
1697
1681
1700
1739
1861
1860
1872
1890
1900
1831
1793
1782
1812
1887
1998
2145
2301
2621
2585
2508
2420
2198
2241
2303
2381
2458
2556
2533
2492
2432
2389
2355
2329
2311
2151
2090
2016
1949
1751
1712
1687
1670
1749
1791
1830
1855
1870
1880
1868
1858
1858
1850
1840
1816
1773
1520
1466
1429
1415
1521
1566
1601
1612
1519
1513
1512
1521
1535
1643
1689
1732
1772
1803
1805
1789
1768
1668
1673
1697
1734
1952
1999
2042
2080
2119
2207
2242
2283
2323
2375
2426
2473
2519
2583
2590
2591
2586
2529
2519
2504
2490
2476
2408
2395
2383
2368
2354
2337
2316
2295
2229
2211
2190
2166
2073
2050
2039
2034
2025
2014
2001
1983
1956
1913
1905
1904
1915
1926
1946
1968
1988
1946
1918
1893
1877
1969
2009
2046
2074
2093
2080
2072
2063
2052
2051
2050
2055
2058
2017
1995
1975
1961
1911
1912
1912
1921
1959
1994
2034
2075
2116
2225
2259
2281
2302
2315
2323
2325
2322
2297
2296
2293
2292
2255
2240
2227
2216
2204
2170
2165
2161
2159
2161
2153
2140
2129
2065
2046
2030
2021
1997
1994
1987
1983
1950
1942
1935
1935
1933
1969
1984
1992
1995
1991
1986
1982
1973
1933
1926
1914
1907
1863
1849
1836
1817
1802
1758
1749
1738
1735
1728
1718
1700
1689
1641
1634
1632
1636
1659
1678
1702
1724
1746
1809
1833
1867
1895
1923
1957
1988
2017
2080
2089
2106
2114
2127
2129
2135
2142
2150
2150
2145
2142
2153
2168
2164
2168
2168
2163
2163
2157
2149
2098
2090
2091
2081
2085
2082
2080
2074
2068
2034
2026
2025
2027
2032
2030
2033
2043
2038
2032
2033
2032
2024
2021
2010
2002
1963
1953
1947
1945
1948
1949
1953
1954
1948
1946
1944
1940
1934
1941
1944
1952
1961
2007
2019
2031
2045
2058
2095
2109
2125
2147
2172
2191
2204
2212
2202
2189
2182
2180
2181
2178
2173
2175
2175
2162
2158
2152
2142
2132
2126
2117
2110
2060
2044
2032
2020
1954
1942
1934
1932
1930
1932
1932
1933
1937
1974
1985
1999
2013
2019
2026
2037
2045
2053
2045
2040
2040
2039
2037
2032
2025
2020
2003
1997
1993
1994
1991
1992
1999
2004
2009
2006
2002
1998
1977
1982
1986
1994
2006
2011
2010
2013
2018
2030
2034
2037
2034
2040
2048
2049
2053
2057
2064
2068
2072
2076
2074
2079
2080
2074
2067
2062
2055
2046
2037
2025
2023
2016
1983
1979
1976
1977
1967
1976
1979
1987
1995
2000
2000
1995
2011
2035
2038
2044
2052
2056
2064
2067
2073
2080
2083
2080
2081
2083
2077
2073
2069
2067
2062
2055
2050
2053
2049
2043
2037
2034
2005
1996
1991
1984
1958
1949
1958
1954
1954
1962
1965
1960
1965
1974
1979
1991
2001
2010
2015
2017
2023
2040
2043
2045
2048
2035
2033
2036
2032
2026
2020
2022
2023
2026
2024
2018
2013
2011
2005
2004
1997
1993
1976
1974
1970
1969
1972
1960
1962
1965
1967
1969
1975
1975
1981
1979
1983
1987
1997
2012
2015
2017
2018
2022
2026
2026
2029
2035
2041
2041
2038
2039
2037
2030
2025
2024
2023
2024
2027
2028
2033
2033
2036
2038
2046
2051
2059
2065
2068
2073
2079
2084
2084
2072
2067
2062
2062
2071
2077
2075
2072
2056
2045
2040
2029
2024
2020
2011
2010
2006
2000
1996
1990
1985
1982
1984
1984
1985
1998
2000
2004
2007
2016
2037
2042
2047
2054
2059
2062
2067
2071
2081
2081
2089
2094
2090
2089
2088
2087
2095
2090
2083
2081
2082
2087
2087
2085
2082
2077
2072
2064
2055
2044
2049
2053
2049
2043
2039
2039
2034
2023
2023
2028
2038
2053
2066
2059
2053
2049
2044
2043
2043
2043
2024
2014
2010
2003
1984
1979
1981
1979
1969
1948
1942
1941
1941
1940
1941
1934
1927
1933
1943
1943
1951
1951
1959
1961
1962
1963
1972
1978
1985
1993
2013
2021
2022
2028
2034
2033
2034
2035
2045
2046
2047
2048
2033
2030
2026
2027
2025
2024
2026
2019
2011
2007
2000
1997
2000
1991
1995
1996
2008
2019
2021
2016
2021
2026
2034
2037
2040
2049
2066
2067
2065
2070
2075
2081
2088
2102
2137
2136
2117
2091
2005
1990
1982
1992
2007
2042
2059
2067
2074
2072
2061
2050
2028
1946
1932
1929
1938
1963
1972
1983
1990
2011
2011
2017
2022
2025
2031
2031
2038
2045
2050
2048
2046
2047
2053
2067
2077
2083
2090
2091
2092
2088
2084
2069
2063
2061
2063
2065
2065
2060
2061
2067
2065
2064
2060
2043
2041
2044
2048
2046
2036
2031
2030
2030
2027
2026
2027
2025
2025
2019
2009
2005
2004
2001
2000
1999
2001
1991
1991
1992
1984
1977
1972
1963
1952
1943
1957
1958
1962
1967
1972
1974
1979
1981
1963
1954
1949
1950
1964
1971
1981
1993
2003
2035
2043
2045
2052
2061
2068
2074
2073
2071
2068
2077
2076
2080
2082
2084
2089
2079
2073
2072
2067
2057
2043
2037
2029
2021
2016
2012
2013
2012
2001
1996
1993
1993
1995
1995
1993
1995
1998
1982
1988
1990
1993
1997
2006
2009
2011
2017
2022
2024
2025
2017
2018
2017
2019
1968
1973
2058
2186
2214
2027
1936
1837
1783
1768
1786
1824
1860
2044
2064
2112
2159
2240
2237
2195
2191
2212
2138
2147
2164
2152
2122
2111
2104
2063
2028
1999
1988
1999
1942
1930
1914
1909
1922
1962
1973
1998
2017
2015
2012
2001
1986
2048
2071
2078
2081
2086
2079
2076
2054
1966
1998
2039
2071
2090
2102
2088
2061
2033
2003
1981
1957
1941
1985
2012
2037
2053
2038
2034
2019
2009
2011
2017
2015
2002
1987
1986
1995
1988
1975
1969
1975
1990
2010
2048
2044
2039
2040
2042
2052
2062
2065
2059
2053
2031
2001
1967
1900
1909
1933
1965
2020
2016
2005
1998
2001
2022
2033
2048
2065
2078
2079
2071
2055
2030
2012
1998
1985
1992
2005
2022
2037
2099
2104
2108
2111
2108
2087
2085
2089
2083
2076
2070
2068
2070
2050
2037
2029
2028
2006
2006
2002
1998
1998
1981
1981
1980
1976
1971
1965
1967
1970
1987
1988
1991
2004
2015
2020
2025
2027
2024
2019
2022
2029
2031
2048
2051
2058
2065
2063
2057
2047
2043
2074
2089
2100
2112
2007
1972
1935
1897
1871
1874
1899
1932
1956
1969
1983
1999
2004
2002
1998
1995
1995
1987
1997
2006
2019
2035
2084
2099
2122
2143
2147
2149
2145
2147
2104
2101
2101
2107
2159
2180
2195
2218
2266
2267
2274
2277
2289
2339
2345
2345
2334
2311
2281
2251
2223
2173
2166
2162
2159
2092
2059
2025
1997
1961
1876
1863
1859
1861
1864
1861
1852
1847
1831
1822
1821
1817
1792
1786
1783
1788
1781
1769
1767
1764
1774
1777
1779
1784
1786
1769
1763
1760
1758
1773
1782
1785
1791
1799
1810
1822
1834
1846
1901
1919
1942
1959
1969
1981
1994
2012
2073
2089
2108
2129
2171
2173
2165
2165
2160
2153
2162
2173
2178
2186
2200
2212
2217
2213
2207
2199
2176
2168
2299
2457
2472
2360
1912
1691
1590
1588
1608
1669
1786
1931
2313
2357
2373
2345
2279
2222
2192
2175
2018
2005
1979
1960
1969
2007
2043
2091
2117
2098
2072
2053
2007
1820
1783
1778
1808
1954
1993
2015
2009
1985
1912
1919
1961
2021
2073
2099
2105
2108
2011
1989
1952
1907
1926
2006
2096
2174
2268
2234
2188
2132
2085
2048
2084
2141
2209
2264
2311
2345
2366
2346
2330
2323
2328
2303
2268
2229
2194
2167
2098
2097
2097
2101
2108
2125
2143
2157
2149
2118
2082
2052
1985
1968
1941
1902
1856
1680
1647
1629
1632
1656
1700
1753
1807
1854
1824
1783
1739
1703
1720
1752
1793
1814
1787
1756
1726
1711
1724
1745
1770
1799
1824
1849
1868
1887
1930
1940
1946
1959
2005
2024
2041
2061
2087
2143
2154
2168
2180
2177
2174
2165
2157
2144
2141
2144
2152
2183
2191
2183
2176
2170
2153
2142
2131
2120
2110
2102
2087
2072
2031
2027
2034
2036
1990
1969
1954
1946
1963
1965
1968
1967
1963
1885
1866
1855
1857
1875
1906
1941
1961
1999
1989
1981
1973
1984
1996
2006
2018
2018
1989
1982
1976
1978
1984
1987
1992
2003
2016
2024
2034
2039
2099
2116
2136
2149
2143
2137
2123
2108
2107
2108
2118
2126
2130
2132
2134
2140
2138
2128
2120
2123
2129
2171
2177
2174
2167
2157
2104
2093
2083
2090
2101
2110
2120
2125
2118
2124
2122
2121
2105
2101
2107
2113
2116
2103
2095
2093
2088
2068
2064
2064
2065
2065
2068
2066
2064
2016
2004
1991
1977
1938
1923
1907
1894
1882
1846
1841
1846
1852
1859
1867
1872
1877
1877
1878
1885
1888
1946
1965
1971
1980
1987
1987
1986
1978
1977
1992
2006
2021
2031
2039
2046
2051
2053
2066
2074
2079
2089
2100
2106
2105
2102
2100
2084
2083
2083
2080
2083
2088
2095
2105
2099
2092
2081
2067
2049
2044
2040
2038
2030
2032
2028
2025
2022
2016
2016
2009
2003
1966
1963
1952
1946
1924
1923
1929
1932
1934
1925
1919
1914
1915
1901
1913
1915
1917
1920
1931
1938
1953
1968
1972
1981
1983
2010
2010
2009
2018
2018
2014
2016
2018
2025
2035
2048
2057
2063
2103
2109
2118
2121
2105
2100
2090
2086
2044
2031
2018
2011
2000
1979
1971
1964
1956
1949
1950
1953
1956
1979
1988
1997
2011
2029
2031
2027
2025
2023
2013
2013
2011
2009
2008
2003
2010
2023
2031
2027
2031
2036
2041
2050
2058
2064
2057
2053
2051
2049
2045
2033
2032
2033
2033
2037
2037
2036
2033
2025
2023
2019
2022
2025
2026
2027
2020
2028
2038
2036
2034
2034
2037
2038
2042
2041
2041
2042
2040
2039
2028
2024
2020
2014
1998
1998
2003
2011
2022
2042
2056
2063
2066
2075
2079
2080
2082
2109
2111
2119
2124
2124
2127
2125
2116
2114
2124
2128
2124
2115
2109
2102
2099
2099
2095
2098
2100
2092
2064
2059
2056
2048
2035
2005
1994
1987
1982
1977
1971
1966
1968
1962
1961
1969
1974
1993
1996
1997
1999
2002
2001
1994
1996
1997
2004
2002
2008
2005
2007
2012
2010
2013
2013
2013
2015
2014
2020
2020
2019
2020
2028
2028
2027
2026
2023
2020
2023
2025
2032
2041
2034
2026
2022
2004
2014
2017
2016
1998
1994
1990
1986
1989
1984
1987
1981
1977
1979
1977
1973
1968
1963
1967
1968
1966
1960
1956
1950
1949
1945
1937
1936
1925
1927
1938
1946
1944
1947
1976
1977
1986
1993
2010
2012
2015
2025
2033
2038
2041
2047
2056
2060
2059
2061
2065
2069
2073
2072
2070
2074
2069
2068
2064
2052
2047
2044
2044
2041
2025
2020
2017
2016
2015
2012
2013
2012
2017
2022
2025
2028
2040
2041
2045
2044
2058
2057
2059
2065
2073
2085
2090
2082
2078
2078
2081
2085
2088
2097
2100
2101
2101
2079
2065
2061
2057
2054
2037
2035
2039
2035
2035
2037
2039
2034
2022
2022
2026
2025
2024
2022
2013
2017
2021
2022
2024
2022
2021
2021
2019
2020
2022
2030
2032
2026
2028
2034
2034
2032
2034
2036
2037
2031
2023
2022
2024
2028
2031
2030
2033
2026
2027
2027
2026
2018
2002
1998
2000
2014
2017
2018
2015
2035
2039
2038
2043
2047
2057
2051
2043
2038
2039
2051
2048
2047
2035
2029
2025
2015
1980
1979
1985
1988
1953
1951
1953
1950
1948
1935
1932
1935
1938
1939
1940
1941
1945
1954
1956
1959
1965
2004
2005
2011
2013
2025
2041
2037
2037
2042
2051
2058
2056
2053
2061
2072
2078
2083
2077
2079
2081
2080
2055
2054
2056
2055
2053
2054
2051
2060
2068
2068
2067
2065
2066
2059
2053
2057
2056
2041
2034
2035
2039
2036
2035
2033
2032
2024
2020
2018
2019
2015
2016
2017
2020
2020
2018
2019
2021
2023
2018
2014
2018
2016
2022
2046
2045
2044
2044
2043
2043
2047
2047
2048
2056
2057
2053
2054
2054
2053
2050
2049
2051
2045
2038
2031
2022
2024
2021
2021
2007
2001
1994
1996
1982
1987
1995
1998
1990
1985
1984
1990
1997
2001
1994
1991
1993
1999
1999
1998
1994
1999
2004
2023
2023
2019
2022
2019
2017
2020
2023
2037
2014
2013
2017
2023
2029
2029
2030
2026
2031
2028
2025
2018
2015
2022
2026
2024
2013
1999
2002
2013
2024
2017
2017
2020
2041
2059
2048
2040
2036
2032
1980
1965
1964
1972
1979
1991
2001
2010
2028
2033
2034
2038
2029
2047
2051
2043
2024
2025
2025
2022
2023
2024
2034
2035
2037
2032
2030
2028
2028
2027
2017
2011
2010
2030
2033
2030
2027
2024
2030
2036
2040
2044
2050
2049
2045
2047
2039
2040
2039
2041
2035
2037
2038
2040
2043
2041
2041
2042
2045
2050
2041
2031
2028
2043
2046
2043
2037
2035
2039
2040
2032
2035
2041
2037
2037
2032
2014
2014
2012
2012
2010
2007
2013
2020
2024
2022
2024
2030
2024
2023
2023
2031
2037
2043
2034
2027
2023
2024
2024
2021
2017
2016
2017
2014
2015
2008
2015
2018
2017
2011
1990
1985
1985
1988
1984
1977
1979
1987
1998
1999
2004
2008
2028
2025
2027
2024
2029
2034
2049
2058
2066
2070
2061
2063
2059
2058
2053
2059
2056
2053
2051
2050
2052
2065
2037
2024
2016
1996
2030
2049
2055
2058
2066
2062
2060
2071
2066
2067
2067
2067
2022
2016
2017
2022
2018
2024
2024
2024
2012
1999
1996
1981
1971
1961
1951
1941
1940
1916
1923
1938
1951
1959
1949
1948
1961
1970
1992
1994
1993
1992
1995
2000
2004
2002
2010
2019
2035
2038
2077
2074
2076
2074
2068
2056
2046
2044
2043
2043
2037
2031
2027
2046
2049
2044
2040
2005
2005
2005
2002
1977
1974
1972
1974
1984
1991
1991
1995
1995
1999
2002
2004
2013
2033
2037
2039
2038
2050
2052
2056
2058
2064
2063
2067
2064
2064
2063
2065
2069
2075
2089
2098
2098
2099
2116
2121
2127
2135
2146
2144
2148
2152
2154
2122
2088
2067
2069
2123
2228
2336
2398
2204
2133
2014
1925
1836
1894
1911
1893
1890
1894
1916
1936
1936
1924
1918
1924
1952
2002
1995
1964
1938
2001
2033
2061
2075
2117
2109
2091
2086
2100
2063
2020
1997
1982
1968
1955
1954
1959
1918
1927
1942
1951
1888
1876
1876
1885
1901
1910
1919
1932
1947
1955
1966
1989
2022
2055
2054
2070
2104
2128
2117
2098
2097
2111
2126
2141
2144
2138
2087
2059
2043
2025
2007
1985
1975
1979
2041
2032
2011
1990
1942
1938
1943
1948
1961
2020
2021
2019
2015
2008
1992
1979
1971
1888
1875
1867
1864
1849
1853
1858
1873
1911
1929
1952
1973
1986
2027
2025
2029
2035
2038
2046
2050
2053
2067
2058
2044
2021
1980
1990
2005
2019
2023
1997
1988
1975
1980
1987
2000
2022
2045
2113
2127
2140
2144
2154
2162
2177
2194
2192
2186
2183
2172
2162
2134
2129
2115
2116
2114
2123
2124
2124
2094
2088
2084
2085
2087
2074
2054
2041
2027
1996
2007
2024
2043
2062
2088
2104
2113
2097
2087
2081
2073
2026
2012
1995
1973
1926
1924
1932
1939
1947
1977
1975
1965
1965
1965
1957
1947
1943
1933
1938
1944
1952
1987
1998
2013
2034
2044
2071
2070
2068
2074
2068
2060
2059
2055
2062
2069
2068
2069
2102
2111
2122
2128
2133
2129
2128
2116
2100
2080
2074
2063
2058
2055
2052
2049
2041
2003
2000
1998
1997
1957
1946
1945
1946
1948
1954
1960
1972
1977
1983
1985
1988
1992
1982
1976
1977
1976
1928
1922
1922
1921
1923
1921
1928
1933
1936
1934
1921
1922
1933
1940
1945
1945
1951
1968
1973
1973
1974
1986
2001
2012
2023
2035
2037
2029
2024
2023
2020
2023
2028
2036
2051
2040
2035
2036
2048
2058
2073
2086
2086
2076
2069
2062
2054
2034
2029
2028
2034
2044
2046
2050
2050
2024
2022
2019
2018
2037
2035
2029
2021
2019
1994
1999
2007
2013
2021
2028
2035
2036
2051
2050
2059
2062
2055
2053
2055
2065
2076
2081
2085
2090
2088
2077
2069
2066
2063
2056
2044
2039
2030
1997
1999
2001
2006
2002
2000
2002
1998
1995
1998
2000
2009
2018
2023
2026
2038
2046
2048
2048
2047
2050
2064
2076
2088
2103
2109
2105
2100
2099
2100
2104
2107
2110
2111
2098
2088
2082
2080
2075
2068
2069
2062
2065
2062
2055
2051
2051
2051
2053
2055
2055
2035
2035
2042
2042
2039
2045
2044
2044
2039
2032
2022
2015
2017
2018
2019
2012
2008
2001
1984
1978
1978
1974
1969
1966
1970
1973
1974
1974
1968
1968
1961
1960
1955
1954
1968
1975
1987
1996
2000
1998
2000
2008
2006
2008
2006
2004
2006
1993
1992
1998
2007
2004
2004
2006
2001
2000
2008
2007
2012
2016
2009
2006
2003
2007
2000
2004
2009
2017
2014
2022
2025
2022
2031
2027
2021
2013
2011
2003
2003
2006
2004
1995
1991
1993
1996
2018
2019
2019
2024
2028
2028
2026
2029
2033
2021
2019
2025
2029
2022
2025
2027
2029
2030
2023
2020
2010
2004
2003
2004
2003
2020
2018
2013
2014
2022
2018
2016
2016
2017
2014
2008
2010
2015
2013
2006
2008
2009
2012
2015
2017
2018
2015
2007
2010
2016
2021
2022
2031
2037
2041
2048
2054
2057
2060
2063
2071
2077
2077
2073
2071
2079
2084
2081
2089
2091
2086
2082
2080
2079
2078
2077
2082
2084
2081
2078
2077
2075
2076
2072
2075
2069
2056
2047
2041
2041
2044
2038
2034
2008
2008
2009
2009
2003
2004
1997
1996
1979
1988
1999
2003
2001
2003
1998
1995
2000
2003
2012
2022
2030
2024
2028
2020
2019
2035
2033
2026
2022
2017
2013
2013
2014
2024
2030
2032
2031
2029
2037
2035
2032
2032
2027
2029
2031
2036
2033
2032
2034
2032
2030
2039
2042
2030
2021
2019
2016
2011
2004
2001
2005
2010
2004
1995
1994
1996
1999
2007
2009
1999
1996
1997
1998
2001
2004
2009
2009
2009
2016
2014
2007
2006
2005
2014
2020
2006
2004
1994
1994
1997
2001
2004
2002
2002
2012
2019
2021
2013
2016
2026
2029
2029
2026
2025
2026
2030
2039
2034
2033
2032
2030
2022
2016
2014
2011
2013
2013
2014
1990
1994
2002
2006
2016
2015
2022
2027
2028
2023
2018
2023
2028
2051
2051
2050
2053
2043
2047
2047
2050
2056
2064
2061
2056
2056
2059
2058
2054
2051
2047
2039
2041
2045
2051
2050
2049
2053
2050
2041
2037
2034
2030
2032
2026
2030
2030
2031
2030
2021
2018
2007
2006
2012
2020
2012
2013
2015
2020
2020
2030
2028
2024
2020
2017
2013
2013
2014
2020
2027
2029
2027
2006
2010
2015
2022
2028
2025
2029
2035
2033
2035
2039
2046
2052
2059
2064
2068
2069
2069
2070
2071
2068
2067
2058
2057
2063
2062
2046
2047
2050
2064
2065
2069
2062
2063
2026
2017
2011
2010
2001
2002
1998
1996
1978
1975
1974
1977
1980
1987
1982
1982
1981
1979
1977
1979
1988
1994
1999
2006
2012
2016
2018
2021
2025
2023
2031
2023
2016
2015
2011
2009
2004
2003
2010
2016
2023
2025
2028
2032
2041
2045
2035
2032
2034
2030
2031
2025
2015
2016
2022
2024
2025
2025
2025
2031
2034
2032
2037
2026
2021
2019
2025
2029
2025
2020
2016
2019
2025
2028
2029
2031
2025
2026
2030
2031
2026
2025
2021
2029
2030
2032
2035
2030
2024
2026
2065
2129
2175
2179
2166
2151
2115
1847
1800
1774
1772
1933
1992
2037
2052
2059
2112
2102
2094
2097
2094
2086
2088
2113
2162
2154
2123
2088
2014
2011
2024
2039
2048
2057
2060
2053
2041
2025
2009
1981
1948
1914
1934
1958
1966
2015
2015
2013
2014
1992
2000
1996
1985
1981
1988
1992
2002
2011
2019
2036
2054
2061
2042
2043
2043
2039
2071
2080
2088
2102
2111
2119
2115
2105
2094
2079
2070
2059
2041
1961
1969
1981
1993
2023
2015
2001
1984
1973
1965
1976
1989
2002
2017
2035
2039
2038
2001
1992
1980
1970
1927
1940
1946
1959
2023
2030
2036
2047
2052
2054
2058
2063
2070
2079
2087
2089
2093
2090
2070
2052
2040
1997
1979
1959
1949
1947
1973
1992
2007
2024
2029
2037
2046
2057
2084
2101
2113
2121
2133
2131
2116
2103
2086
2028
2014
2007
2001
1999
1993
1991
1995
1981
1986
1993
1990
2001
2014
2024
2033
2028
2020
2011
2006
2007
2011
2020
2026
2036
2052
2054
2054
2053
2032
2030
2027
2030
2037
2041
2042
2046
2045
2056
2057
2052
2040
2036
2032
2030
2030
2028
2036
2049
2055
2038
2028
2008
1981
1978
1979
1977
1969
1943
1887
1889
1895
1908
1913
1917
1921
1931
1971
1997
2015
2021
1943
1915
1912
1918
1914
1915
1933
1949
1966
1984
2001
2013
2030
2043
2042
2038
2028
1949
1965
1996
2030
2063
2138
2139
2135
2125
2108
2091
2086
2098
2179
2198
2214
2225
2249
2249
2237
2231
2235
2232
2223
2219
2219
2207
2213
2220
2227
2221
2214
2208
2209
2214
2208
2203
2201
2116
2115
2144
2179
2176
2053
2016
1974
1943
1915
1860
1803
1775
1700
1694
1701
1693
1654
1636
1652
1684
1689
1707
1735
1764
1807
1850
1896
1938
1991
2089
2109
2134
2160
2201
2220
2228
2217
2149
2123
2104
2093
2078
2040
2032
2009
1991
1984
1986
1975
1945
1864
1843
1837
1833
1817
1824
1844
1874
1897
1964
2003
2010
2006
2033
2067
2082
2067
2082
2068
2087
2125
2193
2205
2199
2197
2200
2166
2159
2141
2109
2083
2070
2061
2037
1993
1964
1951
1945
1843
1850
1841
1835
1867
1869
1871
1872
1861
1859
1849
1849
1850
1839
1820
1821
1840
1892
1911
1917
1927
1974
1994
2014
2020
2022
2041
2050
2078
2120
2148
2152
2163
2182
2153
2140
2115
2079
2022
2014
2012
2012
2007
2005
2023
2047
2067
2118
2139
2153
2164
2179
2196
2205
2215
2248
2256
2256
2263
2228
2222
2209
2191
2180
2149
2133
2123
2123
2121
2115
2112
2107
2094
2080
2072
2075
2049
2045
2035
2032
2046
2063
2071
2075
2074
2062
2063
2070
2076
2082
2088
2090
2085
2046
2038
2027
2023
1985
1984
1984
1982
1982
1969
1963
1963
1966
1976
1977
1979
1980
1975
1971
1974
1969
1973
1973
1980
1992
2003
2003
2001
1995
1985
1988
1993
1995
1998
2005
2004
2007
2005
1996
2000
2005
2008
2039
2036
2041
2038
2026
1992
1974
1959
1943
1928
1918
1910
1898
1865
1854
1842
1842
1843
1852
1866
1880
1892
1948
1961
1978
2002
2021
2037
2050
2071
2091
2097
2105
2117
2106
2113
2111
2114
2101
2097
2100
2099
2103
2100
2087
2073
2062
2050
2040
2024
2012
1946
1935
1926
1928
1936
1944
1951
1959
1965
1976
1980
1984
1995
2000
2013
2024
2033
2069
2073
2082
2096
2109
2110
2111
2113
2112
2093
2095
2092
2091
2085
2076
2071
2063
2043
2038
2036
2036
2022
2015
2004
1980
1951
1948
1947
1944
1936
1927
1929
1931
1937
1943
1948
1951
1959
1993
2009
2024
2038
2086
2099
2115
2136
2150
2151
2154
2163
2164
2160
2151
2142
2131
2109
2104
2096
2090
2051
2047
2044
2047
2046
2041
2042
2041
2039
2040
2040
2039
2043
2026
2027
2031
2032
2016
2012
2017
2021
2031
2030
2029
2026
2031
2028
2019
2018
2009
1996
1977
1963
1960
1914
1903
1896
1895
1892
1901
1911
1916
1921
1935
1937
1945
1957
1959
1964
1969
1980
2002
2000
2006
2017
2036
2037
2042
2049
2052
2054
2062
2061
2062
2062
2066
2067
2072
2084
2083
2078
2077
2082
2081
2080
2081
2058
2062
2070
2069
2070
2058
2048
2041
2042
2046
2049
2049
2037
2025
2023
2024
2026
2038
2037
2038
2039
2038
2012
2009
2009
2007
1999
1988
1983
1976
1963
1958
1959
1957
1976
1979
1975
1973
1973
1995
2008
2022
2030
2043
2057
2064
2066
2078
2076
2074
2071
2081
2093
2099
2100
2105
2103
2097
2103
2105
2107
2113
2109
2091
2079
2083
2079
2065
2027
2027
2026
2025
2007
1998
1993
1989
1991
1986
1987
1992
2001
2014
2017
2013
2007
2007
2004
2014
2018
2021
2014
2006
2006
1990
1999
1998
1996
2000
1986
1979
1981
1971
1961
1961
1968
1968
1977
1968
1963
1973
1960
1966
1965
1961
1972
1979
1980
1968
1957
1955
1956
1961
1960
1993
2002
2008
2021
2041
2061
2068
2069
2098
2091
2101
2115
2108
2104
2103
2096
2088
2082
2081
2077
2076
2053
2051
2047
2043
2044
2042
2043
2050
2060
2040
2048
2057
2061
2064
2071
2074
2067
2081
2076
2076
2079
2078
2080
2074
2072
2074
2066
2070
2072
2064
2059
2063
2067
2057
2036
2022
2010
2008
1987
1984
1978
1968
1953
1947
1951
1956
1954
1948
1951
1950
1949
1951
1963
1963
1955
1958
1960
1968
1976
1999
2003
1999
2008
2011
2019
2021
2027
2031
2035
2033
2038
2043
2043
2046
2049
2053
2041
2032
2030
2026
2030
2028
2029
2034
2034
2023
2019
2019
2023
2028
2027
2032
2039
2044
2041
2038
2039
2046
2052
2055
2056
2048
2058
2049
2041
2044
2056
2051
2042
2037
2019
2015
2020
2019
2013
2002
1997
1994
1981
1984
1986
1985
1983
1978
1983
1983
1978
1981
1983
1987
1987
1997
2003
2006
2005
2009
2011
2012
2016
2021
2039
2047
2040
2048
2048
2051
2049
2051
2054
2052
2061
2064
2064
2064
2065
2067
2084
2087
2089
2093
2093
2082
2083
2079
2074
2071
2068
2068
2067
2052
2059
2053
2052
2036
2033
2038
2039
2038
2041
2036
2029
2028
2035
2035
2036
2039
2022
2023
2020
2019
2005
2005
1998
1992
1992
1998
1991
1992
1990
1988
1990
1994
2000
1997
1996
1998
1994
1995
1996
1995
1997
2015
2019
2023
2029
2031
2017
2021
2026
2032
2038
2037
2044
2047
2028
2033
2033
2033
2022
2016
2014
2018
2016
2016
2012
2008
2007
2007
2004
2003
1996
1989
1994
2000
2007