1981
1963
1954
1949
1950
1964
1971
1981
1993
2003
2035
2043
2045
2052
2061
2068
2074
2073
2071
2068
2077
2076
2080
2082
2084
2089
2079
2073
2072
2067
2057
2043
2037
2029
2021
2016
2012
2013
2012
2001
1996
1993
1993
1995
1995
1993
1995
1998
1982
1988
1990
1993
1997
2006
2009
2011
2017
2022
2024
2025
2017
2018
2017
2019
1968
1973
2058
2186
2214
2027
1936
1837
1783
1768
1786
1824
1860
2044
2064
2112
2159
2240
2237
2195
2191
2212
2138
2147
2164
2152
2122
2111
2104
2063
2028
1999
1988
1999
1942
1930
1914
1909
1922
1962
1973
1998
2017
2015
2012
2001
1986
2048
2071
2078
2081
2086
2079
2076
2054
1966
1998
2039
2071
2090
2102
2088
2061
2033
2003
1981
1957
1941
1985
2012
2037
2053
2038
2034
2019
2009
2011
2017
2015
2002
1987
1986
1995
1988
1975
1969
1975
1990
2010
2048
2044
2039
2040
2042
2052
2062
2065
2059
2053
2031
2001
1967
1900
1909
1933
1965
2020
2016
2005
1998
2001
2022
2033
2048
2065
2078
2079
2071
2055
2030
2012
1998
1985
1992
2005
2022
2037
2099
2104
2108
2111
2108
2087
2085
2089
2083
2076
2070
2068
2070
2050
2037
2029
2028
2006
2006
2002
1998
1998
1981
1981
1980
1976
1971
1965
1967
1970
1987
1988
1991
2004
2015
2020
2025
2027
2024
2019
2022
2029
2031
2048
2051
2058
2065
2063
2057
2047
2043
2074
2089
2100
2112
2007
1972
1935
1897
1871
1874
1899
1932
1956
1969
1983
1999
2004
2002
1998
1995
1995
1987
1997
2006
2019
2035
2084
2099
2122
2143
2147
2149
2145
2147
2104
2101
2101
2107
2159
2180
2195
2218
2266
2267
2274
2277
2289
2339
2345
2345
2334
2311
2281
2251
2223
2173
2166
2162
2159
2092
2059
2025
1997
1961
1876
1863
1859
1861
1864
1861
1852
1847
1831
1822
1821
1817
1792
1786
1783
1788
1781
1769
1767
1764
1774
1777
1779
1784
1786
1769
1763
1760
1758
1773
1782
1785
1791
1799
1810
1822
1834
1846
1901
1919
1942
1959
1969
1981
1994
2012
2073
2089
2108
2129
2171
2173
2165
2165
2160
2153
2162
2173
2178
2186
2200
2212
2217
2213
2207
2199
2176
2168
2299
2457
2472
2360
1912
1691
1590
1588
1608
1669
1786
1931
2313
2357
2373
2345
2279
2222
2192
2175
2018
2005
1979
1960
1969
2007
2043
2091
2117
2098
2072
2053
2007
1820
1783
1778
1808
1954
1993
2015
2009
1985
1912
1919
1961
2021
2073
2099
2105
2108
2011
1989
1952
1907
1926
2006
2096
2174
2268
2234
2188
2132
2085
2048
2084
2141
2209
2264
2311
2345
2366
2346
2330
2323
2328
2303
2268
2229
2194
2167
2098
2097
2097
2101
2108
2125
2143
2157
2149
2118
2082
2052
1985
1968
1941
1902
1856
1680
1647
1629
1632
1656
1700
1753
1807
1854
1824
1783
1739
1703
1720
1752
1793
1814
1787
1756
1726
1711
1724
1745
1770
1799
1824
1849
1868
1887
1930
1940
1946
1959
2005
2024
2041
2061
2087
2143
2154
2168
2180
2177
2174
2165
2157
2144
2141
2144
2152
2183
2191
2183
2176
2170
2153
2142
2131
2120
2110
2102
2087
2072
2031
2027
2034
2036
1990
1969
1954
1946
1963
1965
1968
1967
1963
1885
1866
1855
1857
1875
1906
1941
1961
1999
1989
1981
1973
1984
1996
2006
2018
2018
1989
1982
1976
1978
1984
1987
1992
2003
2016
2024
2034
2039
2099
2116
2136
2149
2143
2137
2123
2108
2107
2108
2118
2126
2130
2132
2134
2140
2138
2128
2120
2123
2129
2171
2177
2174
2167
2157
2104
2093
2083
2090
2101
2110
2120
2125
2118
2124
2122
2121
2105
2101
2107
2113
2116
2103
2095
2093
2088
2068
2064
2064
2065
2065
2068
2066
2064
2016
2004
1991
1977
1938
1923
1907
1894
1882
1846
1841
1846
1852
1859
1867
1872
1877
1877
1878
1885
1888
1946
1965
1971
1980
1987
1987
1986
1978
1977
1992
2006
2021
2031
2039
2046
2051
2053
2066
2074
2079
2089
2100
2106
2105
2102
2100
2084
2083
2083
2080
2083
2088
2095
2105
2099
2092
2081
2067
2049
2044
2040
2038
2030
2032
2028
2025
2022
2016
2016
2009
2003
1966
1963
1952
1946
1924
1923
1929
1932
1934
1925
1919
1914
1915
1901
1913
1915
1917
1920
1931
1938
1953
1968
1972
1981
1983
2010
2010
2009
2018
2018
2014
2016
2018
2025
2035
2048
2057
2063
2103
2109
2118
2121
2105
2100
2090
2086
2044
2031
2018
2011
2000
1979
1971
1964
1956
1949
1950
1953
1956
1979
1988
1997
2011
2029
2031
2027
2025
2023
2013
2013
2011
2009
2008
2003
2010
2023
2031
2027
2031
2036
2041
2050
2058
2064
2057
2053
2051
2049
2045
2033
2032
2033
2033
2037
2037
2036
2033
2025
2023
2019
2022
2025
2026
2027
2020
2028
2038
2036
2034
2034
2037
2038
2042
2041
2041
2042
2040
2039
2028
2024
2020
2014
1998
1998
2003
2011
2022
2042
2056
2063
2066
2075
2079
2080
2082
2109
2111
2119
2124
2124
2127
2125
2116
2114
2124
2128
2124
2115
2109
2102
2099
2099
2095
2098
2100
2092
2064
2059
2056
2048
2035
2005
1994
1987
1982
1977
1971
1966
1968
1962
1961
1969
1974
1993
1996
1997
1999
2002
2001
1994
1996
1997
2004
2002
2008
2005
2007
2012
2010
2013
2013
2013
2015
2014
2020
2020
2019
2020
2028
2028
2027
2026
2023
2020
2023
2025
2032
2041
2034
2026
2022
2004
2014
2017
2016
1998
1994
1990
1986
1989
1984
1987
1981
1977
1979
1977
1973
1968
1963
1967
1968
1966
1960
1956
1950
1949
1945
1937
1936
1925
1927
1938
1946
1944
1947
1976
1977
1986
1993
2010
2012
2015
2025
2033
2038
2041
2047
2056
2060
2059
2061
2065
2069
2073
2072
2070
2074
2069
2068
2064
2052
2047
2044
2044
2041
2025
2020
2017
2016
2015
2012
2013
2012
2017
2022
2025
2028
2040
2041
2045
2044
2058
2057
2059
2065
2073
2085
2090
2082
2078
2078
2081
2085
2088
2097
2100
2101
2101
2079
2065
2061
2057
2054
2037
2035
2039
2035
2035
2037
2039
2034
2022
2022
2026
2025
2024
2022
2013
2017
2021
2022
2024
2022
2021
2021
2019
2020
2022
2030
2032
2026
2028
2034
2034
2032
2034
2036
2037
2031
2023
2022
2024
2028
2031
2030
2033
2026
2027
2027
2026
2018
2002
1998
2000
2014
2017
2018
2015
2035
2039
2038
2043
2047
2057
2051
2043
2038
2039
2051
2048
2047
2035
2029
2025
2015
1980
1979
1985
1988
1953
1951
1953
1950
1948
1935
1932
1935
1938
1939
1940
1941
1945
1954
1956
1959
1965
2004
2005
2011
2013
2025
2041
2037
2037
2042
2051
2058
2056
2053
2061
2072
2078
2083
2077
2079
2081
2080
2055
2054
2056
2055
2053
2054
2051
2060
2068
2068
2067
2065
2066
2059
2053
2057
2056
2041
2034
2035
2039
2036
2035
2033
2032
2024
2020
2018
2019
2015
2016
2017
2020
2020
2018
2019
2021
2023
2018
2014
2018
2016
2022
2046
2045
2044
2044
2043
2043
2047
2047
2048
2056
2057
2053
2054
2054
2053
2050
2049
2051
2045
2038
2031
2022
2024
2021
2021
2007
2001
1994
1996
1982
1987
1995
1998
1990
1985
1984
1990
1997
2001
1994
1991
1993
1999
1999
1998
1994
1999
2004
2023
2023
2019
2022
2019
2017
2020
2023
2037
2014
2013
2017
2023
2029
2029
2030
2026
2031
2028
2025
2018
2015
2022
2026
2024
2013
1999
2002
2013
2024
2017
2017
2020
2041
2059
2048
2040
2036
2032
1980
1965
1964
1972
1979
1991
2001
2010
2028
2033
2034
2038
2029
2047
2051
2043
2024
2025
2025
2022
2023
2024
2034
2035
2037
2032
2030
2028
2028
2027
2017
2011
2010
2030
2033
2030
2027
2024
2030
2036
2040
2044
2050
2049
2045
2047
2039
2040
2039
2041
2035
2037
2038
2040
2043
2041
2041
2042
2045
2050
2041
2031
2028
2043
2046
2043
2037
2035
2039
2040
2032
2035
2041
2037
2037
2032
2014
2014
2012
2012
2010
2007
2013
2020
2024
2022
2024
2030
2024
2023
2023
2031
2037
2043
2034
2027
2023
2024
2024
2021
2017
2016
2017
2014
2015
2008
2015
2018
2017
2011
1990
1985
1985
1988
1984
1977
1979
1987
1998
1999
2004
2008
2028
2025
2027
2024
2029
2034
2049
2058
2066
2070
2061
2063
2059
2058
2053
2059
2056
2053
2051
2050
2052
2065
2037
2024
2016
1996
2030
2049
2055
2058
2066
2062
2060
2071
2066
2067
2067
2067
2022
2016
2017
2022
2018
2024
2024
2024
2012
1999
1996
1981
1971
1961
1951
1941
1940
1916
1923
1938
1951
1959
1949
1948
1961
1970
1992
1994
1993
1992
1995
2000
2004
2002
2010
2019
2035
2038
2077
2074
2076
2074
2068
2056
2046
2044
2043
2043
2037
2031
2027
2046
2049
2044
2040
2005
2005
2005
2002
1977
1974
1972
1974
1984
1991
1991
1995
1995
1999
2002
2004
2013
2033
2037
2039
2038
2050
2052
2056
2058
2064
2063
2067
2064
2064
2063
2065
2069
2075
2089
2098
2098
2099
2116
2121
2127
2135
2146
2144
2148
2152
2154
2122
2088
2067
2069
2123
2228
2336
2398
2204
2133
2014
1925
1836
1894
1911
1893
1890
1894
1916
1936
1936
1924
1918
1924
1952
2002
1995
1964
1938
2001
2033
2061
2075
2117
2109
2091
2086
2100
2063
2020
1997
1982
1968
1955
1954
1959
1918
1927
1942
1951
1888
1876
1876
1885
1901
1910
1919
1932
1947
1955
1966
1989
2022
2055
2054
2070
2104
2128
2117
2098
2097
2111
2126
2141
2144
2138
2087
2059
2043
2025
2007
1985
1975
1979
2041
2032
2011
1990
1942
1938
1943
1948
1961
2020
2021
2019
2015
2008
1992
1979
1971
1888
1875
1867
1864
1849
1853
1858
1873
1911
1929
1952
1973
1986
2027
2025
2029
2035
2038
2046
2050
2053
2067
2058
2044
2021
1980
1990
2005
2019
2023
1997
1988
1975
1980
1987
2000
2022
2045
2113
2127
2140
2144
2154
2162
2177
2194
2192
2186
2183
2172
2162
2134
2129
2115
2116
2114
2123
2124
2124
2094
2088
2084
2085
2087
2074
2054
2041
2027
1996
2007
2024
2043
2062
2088
2104
2113
2097
2087
2081
2073
2026
2012
1995
1973
1926
1924
1932
1939
1947
1977
1975
1965
1965
1965
1957
1947
1943
1933
1938
1944
1952
1987
1998
2013
2034
2044
2071
2070
2068
2074
2068
2060
2059
2055
2062
2069
2068
2069
2102
2111
2122
2128
2133
2129
2128
2116
2100
2080
2074
2063
2058
2055
2052
2049
2041
2003
2000
1998
1997
1957
1946
1945
1946
1948
1954
1960
1972
1977
1983
1985
1988
1992
1982
1976
1977
1976
1928
1922
1922
1921
1923
1921
1928
1933
1936
1934
1921
1922
1933
1940
1945
1945
1951
1968
1973
1973
1974
1986
2001
2012
2023
2035
2037
2029
2024
2023
2020
2023
2028
2036
2051
2040
2035
2036
2048
2058
2073
2086
2086
2076
2069
2062
2054
2034
2029
2028
2034
2044
2046
2050
2050
2024
2022
2019
2018
2037
2035
2029
2021
2019
1994
1999
2007
2013
2021
2028
2035
2036
2051
2050
2059
2062
2055
2053
2055
2065
2076
2081
2085
2090
2088
2077
2069
2066
2063
2056
2044
2039
2030
1997
1999
2001
2006
2002
2000
2002
1998
1995
1998
2000
2009
2018
2023
2026
2038
2046
2048
2048
2047
2050
2064
2076
2088
2103
2109
2105
2100
2099
2100
2104
2107
2110
2111
2098
2088
2082
2080
2075
2068
2069
2062
2065
2062
2055
2051
2051
2051
2053
2055
2055
2035
2035
2042
2042
2039
2045
2044
2044
2039
2032
2022
2015
2017
2018
2019
2012
2008
2001
1984
1978
1978
1974
1969
1966
1970
1973
1974
1974
1968
1968
1961
1960
1955
1954
1968
1975
1987
1996
2000
1998
2000
2008
2006
2008
2006
2004
2006
1993
1992
1998
2007
2004
2004
2006
2001
2000
2008
2007
2012
2016
2009
2006
2003
2007
2000
2004
2009
2017
2014
2022
2025
2022
2031
2027
2021
2013
2011
2003
2003
2006
2004
1995
1991
1993
1996
2018
2019
2019
2024
2028
2028
2026
2029
2033
2021
2019
2025
2029
2022
2025
2027
2029
2030
2023
2020
2010
2004
2003
2004
2003
2020
2018
2013
2014
2022
2018
2016
2016
2017
2014
2008
2010
2015
2013
2006
2008
2009
2012
2015
2017
2018
2015
2007
2010
2016
2021
2022
2031
2037
2041
2048
2054
2057
2060
2063
2071
2077
2077
2073
2071
2079
2084
2081
2089
2091
2086
2082
2080
2079
2078
2077
2082
2084
2081
2078
2077
2075
2076
2072
2075
2069
2056
2047
2041
2041
2044
2038
2034
2008
2008
2009
2009
2003
2004
1997
1996
1979
1988
1999
2003
2001
2003
1998
1995
2000
2003
2012
2022
2030
2024
2028
2020
2019
2035
2033
2026
2022
2017
2013
2013
2014
2024
2030
2032
2031
2029
2037
2035
2032
2032
2027
2029
2031
2036
2033
2032
2034
2032
2030
2039
2042
2030
2021
2019
2016
2011
2004
2001
2005
2010
2004
1995
1994
1996
1999
2007
2009
1999
1996
1997
1998
2001
2004
2009
2009
2009
2016
2014
2007
2006
2005
2014
2020
2006
2004
1994
1994
1997
2001
2004
2002
2002
2012
2019
2021
2013
2016
2026
2029
2029
2026
2025
2026
2030
2039
2034
2033
2032
2030
2022
2016
2014
2011
2013
2013
2014
1990
1994
2002
2006
2016
2015
2022
2027
2028
2023
2018
2023
2028
2051
2051
2050
2053
2043
2047
2047
2050
2056
2064
2061
2056
2056
2059
2058
2054
2051
2047
2039
2041
2045
2051
2050
2049
2053
2050
2041
2037
2034
2030
2032
2026
2030
2030
2031
2030
2021
2018
2007
2006
2012
2020
2012
2013
2015
2020
2020
2030
2028
2024
2020
2017
2013
2013
2014
2020
2027
2029
2027
2006
2010
2015
2022
2028
2025
2029
2035
2033
2035
2039
2046
2052
2059
2064
2068
2069
2069
2070
2071
2068
2067
2058
2057
2063
2062
2046
2047
2050
2064
2065
2069
2062
2063
2026
2017
2011
2010
2001
2002
1998
1996
1978
1975
1974
1977
1980
1987
1982
1982
1981
1979
1977
1979
1988
1994
1999
2006
2012
2016
2018
2021
2025
2023
2031
2023
2016
2015
2011
2009
2004
2003
2010
2016
2023
2025
2028
2032
2041
2045
2035
2032
2034
2030
2031
2025
2015
2016
2022
2024
2025
2025
2025
2031
2034
2032
2037
2026
2021
2019
2025
2029
2025
2020
2016
2019
2025
2028
2029
2031
2025
2026
2030
2031
2026
2025
2021
2029
2030
2032
2035
2030
2024
2026
2065
2129
2175
2179
2166
2151
2115
1847
1800
1774
1772
1933
1992
2037
2052
2059
2112
2102
2094
2097
2094
2086
2088
2113
2162
2154
2123
2088
2014
2011
2024
2039
2048
2057
2060
2053
2041
2025
2009
1981
1948
1914
1934
1958
1966
2015
2015
2013
2014
1992
2000
1996
1985
1981
1988
1992
2002
2011
2019
2036
2054
2061
2042
2043
2043
2039
2071
2080
2088
2102
2111
2119
2115
2105
2094
2079
2070
2059
2041
1961
1969
1981
1993
2023
2015
2001
1984
1973
1965
1976
1989
2002
2017
2035
2039
2038
2001
1992
1980
1970
1927
1940
1946
1959
2023
2030
2036
2047
2052
2054
2058
2063
2070
2079
2087
2089
2093
2090
2070
2052
2040
1997
1979
1959
1949
1947
1973
1992
2007
2024
2029
2037
2046
2057
2084
2101
2113
2121
2133
2131
2116
2103
2086
2028
2014
2007
2001
1999
1993
1991
1995
1981
1986
1993
1990
2001
2014
2024
2033
2028
2020
2011
2006
2007
2011
2020
2026
2036
2052
2054
2054
2053
2032
2030
2027
2030
2037
2041
2042
2046
2045
2056
2057
2052
2040
2036
2032
2030
2030
2028
2036
2049
2055
2038
2028
2008
1981
1978
1979
1977
1969
1943
1887
1889
1895
1908
1913
1917
1921
1931
1971
1997
2015
2021
1943
1915
1912
1918
1914
1915
1933
1949
1966
1984
2001
2013
2030
2043
2042
2038
2028
1949
1965
1996
2030
2063
2138
2139
2135
2125
2108
2091
2086
2098
2179
2198
2214
2225
2249
2249
2237
2231
2235
2232
2223
2219
2219
2207
2213
2220
2227
2221
2214
2208
2209
2214
2208
2203
2201
2116
2115
2144
2179
2176
2053
2016
1974
1943
1915
1860
1803
1775
1700
1694
1701
1693
1654
1636
1652
1684
1689
1707
1735
1764
1807
1850
1896
1938
1991
2089
2109
2134
2160
2201
2220
2228
2217
2149
2123
2104
2093
2078
2040
2032
2009
1991
1984
1986
1975
1945
1864
1843
1837
1833
1817
1824
1844
1874
1897
1964
2003
2010
2006
2033
2067
2082
2067
2082
2068
2087
2125
2193
2205
2199
2197
2200
2166
2159
2141
2109
2083
2070
2061
2037
1993
1964
1951
1945
1843
1850
1841
1835
1867
1869
1871
1872
1861
1859
1849
1849
1850
1839
1820
1821
1840
1892
1911
1917
1927
1974
1994
2014
2020
2022
2041
2050
2078
2120
2148
2152
2163
2182
2153
2140
2115
2079
2022
2014
2012
2012
2007
2005
2023
2047
2067
2118
2139
2153
2164
2179
2196
2205
2215
2248
2256
2256
2263
2228
2222
2209
2191
2180
2149
2133
2123
2123
2121
2115
2112
2107
2094
2080
2072
2075
2049
2045
2035
2032
2046
2063
2071
2075
2074
2062
2063
2070
2076
2082
2088
2090
2085
2046
2038
2027
2023
1985
1984
1984
1982
1982
1969
1963
1963
1966
1976
1977
1979
1980
1975
1971
1974
1969
1973
1973
1980
1992
2003
2003
2001
1995
1985
1988
1993
1995
1998
2005
2004
2007
2005
1996
2000
2005
2008
2039
2036
2041
2038
2026
1992
1974
1959
1943
1928
1918
1910
1898
1865
1854
1842
1842
1843
1852
1866
1880
1892
1948
1961
1978
2002
2021
2037
2050
2071
2091
2097
2105
2117
2106
2113
2111
2114
2101
2097
2100
2099
2103
2100
2087
2073
2062
2050
2040
2024
2012
1946
1935
1926
1928
1936
1944
1951
1959
1965
1976
1980
1984
1995
2000
2013
2024
2033
2069
2073
2082
2096
2109
2110
2111
2113
2112
2093
2095
2092
2091
2085
2076
2071
2063
2043
2038
2036
2036
2022
2015
2004
1980
1951
1948
1947
1944
1936
1927
1929
1931
1937
1943
1948
1951
1959
1993
2009
2024
2038
2086
2099
2115
2136
2150
2151
2154
2163
2164
2160
2151
2142
2131
2109
2104
2096
2090
2051
2047
2044
2047
2046
2041
2042
2041
2039
2040
2040
2039
2043
2026
2027
2031
2032
2016
2012
2017
2021
2031
2030
2029
2026
2031
2028
2019
2018
2009
1996
1977
1963
1960
1914
1903
1896
1895
1892
1901
1911
1916
1921
1935
1937
1945
1957
1959
1964
1969
1980
2002
2000
2006
2017
2036
2037
2042
2049
2052
2054
2062
2061
2062
2062
2066
2067
2072
2084
2083
2078
2077
2082
2081
2080
2081
2058
2062
2070
2069
2070
2058
2048
2041
2042
2046
2049
2049
2037
2025
2023
2024
2026
2038
2037
2038
2039
2038
2012
2009
2009
2007
1999
1988
1983
1976
1963
1958
1959
1957
1976
1979
1975
1973
1973
1995
2008
2022
2030
2043
2057
2064
2066
2078
2076
2074
2071
2081
2093
2099
2100
2105
2103
2097
2103
2105
2107
2113
2109
2091
2079
2083
2079
2065
2027
2027
2026
2025
2007
1998
1993
1989
1991
1986
1987
1992
2001
2014
2017
2013
2007
2007
2004
2014
2018
2021
2014
2006
2006
1990
1999
1998
1996
2000
1986
1979
1981
1971
1961
1961
1968
1968
1977
1968
1963
1973
1960
1966
1965
1961
1972
1979
1980
1968
1957
1955
1956
1961
1960
1993
2002
2008
2021
2041
2061
2068
2069
2098
2091
2101
2115
2108
2104
2103
2096
2088
2082
2081
2077
2076
2053
2051
2047
2043
2044
2042
2043
2050
2060
2040
2048
2057
2061
2064
2071
2074
2067
2081
2076
2076
2079
2078
2080
2074
2072
2074
2066
2070
2072
2064
2059
2063
2067
2057
2036
2022
2010
2008
1987
1984
1978
1968
1953
1947
1951
1956
1954
1948
1951
1950
1949
1951
1963
1963
1955
1958
1960
1968
1976
1999
2003
1999
2008
2011
2019
2021
2027
2031
2035
2033
2038
2043
2043
2046
2049
2053
2041
2032
2030
2026
2030
2028
2029
2034
2034
2023
2019
2019
2023
2028
2027
2032
2039
2044
2041
2038
2039
2046
2052
2055
2056
2048
2058
2049
2041
2044
2056
2051
2042
2037
2019
2015
2020
2019
2013
2002
1997
1994
1981
1984
1986
1985
1983
1978
1983
1983
1978
1981
1983
1987
1987
1997
2003
2006
2005
2009
2011
2012
2016
2021
2039
2047
2040
2048
2048
2051
2049
2051
2054
2052
2061
2064
2064
2064
2065
2067
2084
2087
2089
2093
2093
2082
2083
2079
2074
2071
2068
2068
2067
2052
2059
2053
2052
2036
2033
2038
2039
2038
2041
2036
2029
2028
2035
2035
2036
2039
2022
2023
2020
2019
2005
2005
1998
1992
1992
1998
1991
1992
1990
1988
1990
1994
2000
1997
1996
1998
1994
1995
1996
1995
1997
2015
2019
2023
2029
2031
2017
2021
2026
2032
2038
2037
2044
2047
2028
2033
2033
2033
2022
2016
2014
2018
2016
2016
2012
2008
2007
2007
2004
2003
1996
1989
1994
2000
2007
2000
1997
1999
2001
1996
1996
2001
2010
2012
2029
2023
2020
2014
2014
2013
2007
2001
2016
2012
2014
2023
2014
2014
2016
2008
2014
2012
2014
2026
2030
2027
2024
2031
2042
2052
2052
2052
2055
2055
2062
2065
2068
2073
2069
2066
2066
2067
2069
2069
2074
2079
2075
2070
2067
2067
2058
2051
2046
2046
2035
2038
2037
2034
2039
2036
2038
2038
2033
2029
2027
2030
2029
2028
2030
2028
2026
2033
2038
2042
2037
2040
2040
2049
2052
2046
2045
2037
2043
2052
2047
2043
2043
2034
2017
2018
2020
2011
2009
2008
2010
2012
2012
2001
2007
2009
2015
2012
2012
2007
2000
1971
1959
1979
2023
2084
2054
2005
1959
1918
1849
1866
1877
1896
1914
1928
1944
1947
1978
1990
1999
2016
2080
2095
2112
2128
2131
2131
2138
2146
2162
2174
2178
2178
2158
2133
2116
2098
2075
1996
1985
1981
1979
1983
1984
1979
1967
1961
1942
1945
1954
1960
1966
1970
1974
1973
1912
1904
1906
1911
1980
2002
2019
2023
1997
1986
1978
1976
1974
2003
2027
2055
2078
2091
2099
2101
2095
2046
2043
2051
2059
2073
2055
2042
2039
2027
1999
2010
2021
2034
2059
2089
2124
2153
2168
2151
2131
2111
2051
2039
2025
2011
1996
1941
1924
1920
1931
1940
1955
1986
2008
2093
2104
2104
2102
2088
2087
2089
2092
2089
2071
2047
2022
2001
1928
1918
1917
1910
1912
1912
1910
1900
1890
1894
1906
1930
2055
2076
2093
2114
2123
2129
2127
2114
2103
2096
2087
2076
2074
2026
2011
1991
1985
1974
1980
1984
1994
2031
2034
2039
2043
2043
2044
2047
2056
2056
2062
2073
2083
2078
2056
2050
2043
2043
2032
2030
2026
2019
2018
2006
2004
2008
2013
2019
2028
2034
2036
2025
2023
2019
2015
1991
1989
1987
1985
1985
1980
1983
1980
1978
1964
1962
1961
1968
1973
1975
1980
1982
1952
1944
1931
1924
1928
1936
1943
1945
1950
1955
1952
1950
1942
1939
1939
1942
1947
1955
1960
1967
1968
1951
1947
1950
1949
1951
1968
1976
1979
1981
1992
2005
2016
2035
2102
2127
2155
2184
2270
2289
2307
2318
2336
2344
2343
2342
2342
2325
2315
2307
2304
2298
2287
2279
2264
2214
2210
2211
2207
2182
2178
2171
2166
2165
2134
2127
2119
2115
2099
2094
2080
2032
2166
2119
2107
2088
1926
1863
1824
1840
1894
1896
1892
1856
1827
1754
1736
1744
1757
1750
1744
1751
1751
1794
1801
1837
1863
1997
2048
2114
2172
2191
2166
2153
2140
2122
2112
2108
2087
2069
2012
1990
1970
1958
1826
1790
1749
1716
1635
1631
1632
1636
1648
1724
1751
1790
1829
1849
1863
1878
1902
2002
2023
2047
2068
2119
2119
2130
2132
2154
2223
2241
2241
2225
2206
2184
2163
2155
2160
2155
2147
2131
2036
2011
1977
1931
1914
1947
1981
2021
2051
2068
2082
2086
2075
1983
1968
1946
1935
1889
1862
1843
1812
1721
1714
1726
1742
1761
1819
1831
1845
1856
1870
1891
1913
1932
2050
2079
2106
2127
2156
2148
2145
2143
2145
2176
2178
2175
2152
2124
2091
2065
2055
2080
2106
2125
2143
2193
2195
2209
2225
2323
2351
2380
2408
2434
2434
2422
2404
2383
2367
2347
2324
2301
2227
2212
2176
2136
2006
1984
1965
1951
1938
1891
1883
1875
1861
1854
1850
1852
1855
1875
1883
1891
1904
1940
1952
1966
1976
2041
2050
2064
2071
2072
2078
2075
2074
2076
2069
2066
2063
2062
2077
2086
2090
2085
2094
2104
2114
2119
2126
2125
2116
2101
2089
2083
2067
2049
2039
1971
1967
1954
1934
1874
1869
1862
1858
1838
1834
1830
1830
1838
1863
1869
1868
1867
1874
1886
1888
1900
1938
1956
1981
2016
2114
2120
2111
2095
2076
2065
2082
2108
2140
2169
2195
2221
2239
2279
2276
2270
2261
2195
2179
2166
2148
2128
2069
2050
2034
2015
1996
1982
1959
1932
1827
1804
1788
1774
1814
1827
1844
1856
1913
1933
1958
1972
1991
2033
2042
2048
2062
2065
2055
2044
2031
1979
1966
1957
1940
1913
1913
1916
1915
1917
1918
1918
1915
1909
1903
1900
1899
1912
1974
1999
2012
2028
2069
2080
2086
2090
2127
2135
2142
2143
2145
2124
2116
2116
2117
2124
2116
2106
2098
2057
2053
2055
2065
2051
2050
2053
2058
2063
2040
2023
2018
2024
2035
2042
2046
2051
2011
1990
1969
1962
1965
1969
1972
1984
2001
2030
2039
2037
2029
2025
2030
2034
2030
2007
1997
1994
2000
2013
2024
2027
2028
2033
2059
2073
2079
2081
2078
2077
2070
2066
2061
2036
2027
2025
2016
2015
2013
2014
2019
2000
1985
1972
1967
1950
1952
1955
1953
1956
1946
1941
1927
1919
1913
1912
1914
1911
1919
1918
1929
1936
1973
1996
2018
2041
2119
2131
2144
2159
2172
2214
2223
2238
2245
2245
2246
2261
2266
2267
2265
2266
2265
2248
2247
2237
2224
2226
2185
2167
2145
2118
2094
2084
2074
2055
1993
1986
1985
1978
1956
1955
1957
1962
1946
1951
1947
1940
1940
1937
1937
1941
1943
1952
1952
1955
1960
1964
1965
1967
1977
1982
1984
1993
1995
1993
1981
1975
1970
1971
1967
1961
1951
1949
1944
1944
1939
1939
1932
1934
1941
1950
1971
1975
1982
1985
1985
1999
2003
2008
2017
2026
2038
2047
2060
2099
2107
2114
2116
2122
2130
2125
2121
2120
2118
2109
2102
2092
2069
2057
2047
2033
2020
2007
1997
1989
1985
1986
1981
1981
1965
1960
1960
1956
1950
1948
1924
1917
1913
1913
1910
1907
1912
1927
1961
1968
1978
1989
2050
2070
2084
2089
2105
2110
2113
2113
2110
2074
2062
2057
2051
2040
2035
2024
2019
1990
1979
1973
1973
1970
1967
1965
1969
1975
1980
1983
1989
1992
1993
2001
2013
2019
2034
2046
2052
2059
2091
2100
2107
2110
2101
2094
2092
2092
2093
2093
2095
2094
2092
2088
2086
2083
2086
2079
2080
2088
2093
2098
2095
2089
2080
2074
2046
2038
2036
2032
2024
2013
2004
1999
1955
1952
1946
1939
1905
1901
1902
1902
1902
1903
1909
1914
1925
1933
1942
1949
1959
1979
1982
1991
2002
2037
2043
2053
2061
2065
2072
2068
2068
2065
2068
2067
2075
2082
2092
2089
2085
2081
2086
2088
2084
2080
2082
2079
2080
2083
2086
2079
2074
2070
2068
2061
2061
2065
2065
2060
2059
2055
2058
2037
2032
2028
2018
2010
1989
1983
1977
1974
1972
1970
1965
1967
1959
1952
1950
1951
1949
1949
1955
1955
1966
1970
1972
1969
1980
1984
1989
1988
1989
1992
1999
2000
2001
2011
2010
2016
2024
2041
2044
2044
2048
2055
2055
2057
2066
2066
2064
2065
2072
2071
2082
2080
2081
2083
2076
2077
2066
2060
2062
2063
2060
2062
2062
2070
2075
2078
2076
2055
2053
2046
2046
2050
2046
2042
2042
2018
2012
2008
2007
2012
2011
2015
2017
2017
2018
2019
2021
2026
2021
2018
2020
2022
2021
2026
2025
2022
2019
2005
2001
2003
2006
2005
2000
2000
2004
2005
1997
1993
1992
1988
1986
1981
1989
1999
2004
2006
1999
2003
2006
2007
2009
2017
2016
2006
2010
2011
2013
2014
2014
2013
2016
2015
2014
2018
2018
2010
2012
2016
2023
2026
2032
2037
2033
2036
2042
2043
2041
2057
2061
2064
2068
2062
2060
2059
2056
2060
2069
2061
2064
2067
2055
2052
2042
2033
2012
2009
2010
2014
2006
2009
2009
2011
2015
2009
2011
2016
2016
2015
2012
2012
2014
2020
2024
2026
2030
2021
2018
2020
2021
2016
2010
2003
1996
1995
1996
2003
2004
2001
2004
2000
1997
1997
1994
1996
1993
1997
2001
2016
2021
2018
2023
2030
2036
2048
2055
2057
2060
2064
2073
2075
2069
2070
2075
2074
2058
2051
2051
2048
2044
2039
2038
2038
2015
2012
2008
2004
2008
1998
2003
2005
2002
1993
1990
1989
1988
1998
1998
2001
2000
2003
2000
2006
2006
1991
2129
2100
2049
2019
1981
1928
1879
1852
1880
1925
1981
2024
2147
2127
2125
2116
2072
2017
2023
2025
2039
2072
2094
2105
2106
2129
2137
2138
2140
2241
2252
2251
2243
2114
2078
2050
2025
2004
1975
1971
1981
1988
1994
2002
2012
2020
1998
1982
1971
1954
1918
1910
1912
1921
1945
1946
1950
1954
1954
1969
1979
1994
2009
2015
2014
2010
2002
1985
1988
2007
2031
2086
2090
2094
2092
2081
2067
2071
2072
2076
2083
2080
2082
2077
1991
1968
1953
1950
2031
2069
2110
2146
2165
2111
2082
2048
2018
1985
1964
1953
1949
1965
1968
1966
1957
1937
1954
1982
2008
2086
2093
2097
2097
2090
2066
2064
2058
2055
2052
2053
2050
2047
1983
1976
1969
1968
1956
1945
1927
1908
1893
1880
1894
1915
1940
1967
1994
2022
2036
2046
2036
2025
2020
1998
2001
2004
2004
1955
1940
1927
1922
1927
1962
1984
2003
2022
2031
2037
2033
2022
2000
2006
2013
2028
2081
2080
2076
2071
2059
2026
2025
2015
2011
2006
2011
2013
2018
2019
2018
2011
2004
1978
1964
1955
1942
1870
1856
1847
1836
1826
1774
1756
1749
1741
1728
1713
1702
1694
1679
1685
1699
1712
1772
1799
1822
1847
1869
1939
1977
2017
2054
2095
2139
2182
2221
2353
2391
2430
2468
2630
2667
2711
2791
2955
2967
2943
2887
2856
2842
2858
2887
2915
2938
2966
2983
2993
3013
2987
2939
2895
2783
2769
2761
2746
2723
2581
2548
2522
2476
2427
2383
2341
2296
2143
2099
2044
1981
1647
1566
1493
1427
1151
1087
1036
996
969
873
859
834
814
795
787
770
751
742
755
773
801
906
936
969
1000
1045
1220
1284
1345
1407
1473
1522
1572
1628
1863
1921
1986
2046
2219
2254
2278
2304
2382
2392
2396
2399
2411
2381
2354
2319
2284
2255
2229
2210
2201
2246
2275
2302
2312
2257
2230
2207
2182
2162
2115
2110
2092
2089
2076
2052
2024
1992
1919
1918
1925
1934
1947
1952
1950
1941
1947
1951
1960
1969
1966
1959
1950
1936
1924
1910
1906
1897
1887
1848
1822
1796
1777
1742
1745
1755
1777
1803
1871
1903
1929
1961
1989
2019
2045
2076
2213
2239
2264
2294
2360
2374
2390
2414
2439
2519
2552
2579
2601
2611
2612
2607
2605
2618
2621
2631
2645
2660
2670
2682
2689
2698
2695
2688
2678
2668
2664
2658
2655
2652
2649
2595
2571
2545
2517
2489
2465
2428
2389
2240
2204
2166
2123
1946
1901
1857
1818
1770
1641
1603
1564
1527
1499
1476
1450
1438
1434
1438
1450
1464
1484
1499
1506
1496
1489
1551
1595
1637
1673
1697
1699
1685
1666
1667
1757
1800
1832
1860
1878
1885
1893
1905
2039
2070
2099
2117
2166
2197
2223
2245
2270
2355
2385
2407
2421
2430
2430
2424
2410
2349
2340
2335
2322
2232
2224
2220
2227
2226
2204
2186
2163
2139
2067
2046
2020
2000
1974
1957
1936
1910
1798
1762
1733
1713
1622
1610
1595
1599
1603
1578
1567
1553
1541
1529
1531
1536
1547
1627
1648
1657
1658
1660
1675
1691
1724
1773
1775
1784
1800
1821
1868
1883
1898
1913
1925
1938
1948
1964
2040
2059
2081
2098
2167
2177
2185
2201
2223
2244
2241
2234
2230
2227
2228
2234
2237
2237
2241
2246
2253
2285
2297
2310
2318
2322
2319
2313
2306
2293
2282
2271
2255
2238
2165
2160
2161
2167
2136
2121
2113
2108
2034
2030
2037
2047
2054
2042
2018
1982
1957
1941
1931
1920
1918
1888
1886
1883
1874
1914
1921
1931
1937
1936
1910
1919
1927
1934
1933
1921
1919
1925
1888
1893
1905
1909
1945
1954
1950
1945
1881
1873
1874
1884
1886
1885
1879
1869
1872
1878
1886
1897
1910
1932
1939
1948
1956
1969
1971
1981
1989
2004
2038
2054
2079
2096
2117
2145
2169
2185
2220
2232
2248
2270
2335
2343
2341
2339
2330
2329
2335
2339
2340
2322
2310
2303
2299
2289
2271
2254
2240
2207
2201
2190
2180
2126
2116
2102
2095
2089
2081
2077
2072
2067
2067
2070
2066
2065
2071
2076
2080
2081
2043
2030
2017
1999
1962
1956
1945
1937
1927
1911
1899
1892
1884
1879
1870
1856
1842
1800
1785
1769
1757
1744
1741
1741
1745
1748
1764
1777
1787
1804
1813
1826
1840
1854
1910
1924
1940
1949
1998
2010
2022
2032
2043
2069
2078
2089
2089
2084
2091
2096
2096
2110
2108
2111
2111
2102
2096
2088
2090
2062
2049
2043
2048
2058
2056
2061
2068
2074
2082
2086
2090
2096
2093
2086
2081
2083
2073
2077
2082
2085
2087
2080
2078
2073
2070
2067
2059
2047
2036
1992
1982
1971
1956
1898
1879
1871
1859
1810
1804
1800
1794
1785
1755
1750
1747
1752
1760
1760
1756
1753
1799
1809
1828
1851
1927
1946
1956
1979
2058
2076
2090
2105
2119
2161
2167
2177
2196
2214
2223
2235
2249
2292
2301
2311
2317
2339
2349
2353
2357
2354
2345
2338
2330
2314
2305
2298
2294
2287
2219
2206
2192
2180
2132
2127
2118
2110
2101
2053
2043
2032
2018
2008
1997
1985
1976
1932
1926
1917
1918
1907
1907
1904
1893
1872
1879
1884
1878
1875
1868
1869
1867
1868
1869
1875
1882
1887
1900
1905
1909
1918
1951
1965
1974
1980
1984
2010
2009
2005
2009
2013
2026
2038
2052
2065
2070
2081
2089
2108
2111
2113
2122
2115
2112
2104
2100
2096
2088
2081
2068
2063
2050
2041
2037
2037
2008
2010
2008
2002
1991
1988
1985
1983
1970
1952
1943
1921
1910
1901
1899
1895
1897
1890
1891
1888
1884
1905
1909
1909
1911
1940
1942
1955
1965
1972
1980
1985
1985
1988
1993
1996
1995
1992
1997
2002
2009
2011
2039
2043
2049
2057
2066
2067
2076
2080
2091
2101
2106
2107
2113
2121
2127
2135
2136
2142
2143
2145
2145
2152
2154
2161
2167
2170
2172
2176
2180
2187
2186
2188
2193
2197
2182
2178
2172
2169
2123
2110
2096
2085
2081
2047
2040
2023
2008
1994
1990
1980
1969
1922
1911
1907
1906
1884
1883
1882
1876
1871
1871
1873
1871
1869
1862
1874
1879
1889
1892
1899
1907
1907
1933
1942
1948
1954
1991
2006
2018
2023
2032
2043
2043
2048
2058
2065
2068
2070
2069
2094
2102
2105
2110
2124
2124
2128
2131
2134
2132
2137
2133
2130
2126
2126
2117
2119
2096
2087
2082
2075
2049
2049
2042
2039
2011
2010
2006
2006
2002
1987
1988
1986
1977
1975
1977
1973
1971
1951
1951
1950
1950
1938
1938
1939
1936
1935
1928
1931
1942
1949
1954
1954
1956
1964
1967
1973
1980
1987
1996
2006
2013
2021
2034
2035
2034
2035
2043
2046
2049
2057
2057
2060
2062
2061
2067
2078
2074
2072
2074
2083
2084
2083
2085
2084
2077
2081
2087
2102
2106
2112
2111
2112
2117
2117
2115
2110
2103
2095
2090
2091
2087
2071
2064
2057
2055
2052
2047
2041
2030
2010
2010
2006
2003
1983
1970
1963
1966
1958
1954
1953
1951
1952
1948
1944
1938
1943
1941
1941
1946
1942
1950
1953
1955
1955
1972
1974
1971
1974
2001
2013
2017
2025
2030
1981
1965
1940
1924
1912
1907
1917