2067
2059
2040
2038
2043
2047
2011
2002
2001
2002
1995
2004
2002
1994
1996
1991
1988
1994
1999
2007
2000
1995
2003
2022
2014
2016
2025
2024
2018
2021
2021
2027
2023
2019
2021
2022
2037
2039
2041
2041
2026
2004
2004
1999
1997
2001
2005
2000
1995
1980
1982
1978
1970
1963
1970
1979
1984
1992
2004
2002
2005
2006
2008
2015
2021
2026
2042
2046
2047
2038
2038
2043
2046
2041
2039
2038
2042
2035
2033
2037
2035
2036
2042
2027
2032
2032
2030
2012
2016
2023
2026
2029
2000
1996
1998
1992
1990
1987
1992
1997
1993
1993
1991
1998
2007
1998
1993
1998
2016
2048
2082
2102
2107
2042
2032
2017
1997
1969
1987
2004
2026
2051
2094
2115
2130
2125
2118
2109
2097
2087
2079
2079
2076
2069
2081
2083
2089
2090
2095
2089
2094
2093
2090
2091
2095
2091
2080
2036
2030
2030
2026
2003
2000
2009
2018
2018
2002
2001
1997
1994
1988
1980
1968
1952
1943
1944
1945
1945
1944
1980
1982
1980
1976
1981
1978
1992
1997
1996
1997
2014
2012
2007
2008
2016
2021
2016
2009
2010
2018
2023
2035
2021
2016
2014
2009
2008
2024
2030
2040
2048
2057
2070
2085
2094
2092
2088
2083
2083
2085
2067
2062
2060
2069
2070
2075
2074
2071
2063
2063
2063
2062
2044
2031
2017
2008
2008
2001
1998
1989
1980
1975
1975
1969
1966
1978
1983
1989
1990
1970
1971
1964
1967
1970
1978
1986
1988
1997
2007
2012
2020
2027
2026
2031
2034
2034
2038
2041
2034
2027
2027
2032
2036
2035
2032
2043
2043
2047
2042
2043
2042
2046
2048
2054
2038
2031
2026
2024
2021
2023
2024
2030
2020
2024
2031
2029
2016
2018
2016
2014
2004
2010
2017
2021
2022
2025
2028
2030
2036
2045
2040
2042
2043
2031
2017
2006
2000
1999
1973
1968
1957
1950
1955
1963
1976
1981
1992
1997
2005
2012
1987
1992
1995
1993
1993
1996
2001
2021
2035
2043
2040
2047
2052
2060
2063
2068
2066
2083
2080
2079
2078
2080
2101
2110
2121
2127
2125
2129
2128
2142
2103
2046
2038
2207
2343
2178
2270
2231
2125
2084
2107
2094
2034
2063
2027
2021
2076
2096
2119
2035
2016
2090
2007
2000
2036
2038
1973
1940
1978
1999
2003
1985
1970
1977
1971
1974
2006
2012
1971
1962
1927
1904
1903
1904
1903
1906
1898
1923
1924
1927
1913
1889
1898
1907
1907
1900
1903
1895
1911
1930
1940
1949
1962
1970
2006
2022
2028
2032
2035
2027
2036
2044
2038
2038
2050
2059
2069
2088
2093
2101
2090
2061
2052
2057
2072
2080
2075
2083
2079
2069
2060
2059
2060
2057
2071
2062
2064
2075
2083
2075
2060
2040
2022
2003
1992
1977
1972
1975
1973
1970
1967
1998
2004
2004
2019
2027
2021
2020
2015
2010
2000
2006
2011
2010
2006
1993
1980
1972
1951
1962
1975
1981
1973
1975
1968
1955
1956
1963
1970
1977
1993
2018
2028
2040
2046
2057
2054
2063
2077
2083
2066
2078
2076
2072
2070
2059
2052
2052
2078
2086
2089
2091
2090
2088
2090
2087
2086
2102
2101
2098
2101
2102
2103
2106
2109
2089
2089
2092
2091
2077
2068
2063
2059
2056
2040
2036
2039
2033
2026
2027
2039
2043
2011
2001
2007
2010
2007
2021
2020
2012
2001
1981
1972
1978
1978
1998
1997
2003
1998
2019
2014
2019
2034
2046
2046
2037
2028
2026
2031
2029
2022
2025
2037
2040
2038
2043
2069
2064
2053
2050
2060
2065
2069
2074
2071
2066
2059
2055
2050
2040
2037
2028
2030
2024
2028
2033
2022
2017
2007
2002
2004
1998
1995
1990
1991
1993
2001
1998
1990
1981
1975
1967
1962
1967
1967
1946
1939
1936
1939
1943
1939
1940
1939
1934
1938
1939
1934
1930
1948
1953
1949
1949
1954
1964
1972
1979
1983
1988
1996
2002
2015
2019
2024
2029
2030
2022
2031
2037
2043
2043
2047
2055
2057
2075
2076
2075
2078
2078
2075
2059
2052
2052
2066
2070
2075
2071
2059
2049
2047
2046
2044
2051
2057
2044
2041
2046
2051
2048
2049
2042
2036
2027
2023
2024
2028
2040
2038
2039
2035
2037
2044
2045
2030
2031
2035
2036
2028
2026
2023
2029
2035
2029
2028
2023
2021
2023
2018
2015
2012
2003
1995
1998
2001
2006
2002
1993
1982
1986
1988
1992
2002
2007
2015
2014
2009
2012
2026
2031
2026
2023
2032
2028
2028
2040
2054
2055
2061
2066
2086
2088
2083
2085
2088
2087
2089
2087
2082
2073
2076
2082
2078
2065
2057
2044
2046
2051
2064
2055
2057
2055
2051
2045
2044
2050
2046
2045
2049
2042
2068
2062
2059
2060
2055
2040
2046
2053
2050
2039
2027
2019
2017
2010
2008
2008
2011
1989
1988
1991
2000
2007
2003
1998
1996
2000
2001
2010
2018
2024
1996
1992
1992
1995
1996
2001
2012
2007
1997
1998
2004
2009
2005
2005
2000
1999
2003
1988
1996
2004
1998
1988
1981
1979
1981
1984
1989
1992
1994
1996
1990
1989
1998
2000
1999
2003
2000
2004
2014
2010
1997
1998
1998
1997
1996
1998
2004
2002
1998
1993
1988
2006
2008
2012
2023
2037
2032
2038
2042
2041
2041
2043
2048
2049
2072
2067
2064
2069
2073
2081
2084
2081
2080
2072
2074
2085
2091
2089
2088
2080
2077
2071
2071
2070
2070
2062
2032
2034
2025
2017
2012
2012
2013
2010
1991
1993
1999
2008
2001
2001
1999
1998
1990
2001
1996
1999
2002
2001
1992
1989
1997
2005
2004
2004
1999
1993
1999
1998
1992
1991
1984
1992
1989
1991
2003
2006
2008
2011
2001
2002
2008
2013
2019
2016
2017
2020
2022
2022
2030
2031
2036
2044
2057
2063
2066
2078
2081
2092
2094
2099
2084
2086
2092
2093
2092
2095
2096
2100
2078
2083
2088
2086
2068
2061
2063
2057
2061
2059
2057
2052
2049
2044
2045
2044
2040
2023
2022
2014
2013
2003
2000
2002
1998
1993
1996
1987
1986
1990
2003
2006
2007
2019
2022
2028
2032
2033
2032
2037
2040
2051
2057
2039
2036
2034
2034
2031
2023
2020
2019
2000
2009
2013
2011
2017
2019
2020
2009
1995
1999
2004
1999
1998
1999
1995
1986
1990
2002
2000
1994
1991
1999
2001
2003
2008
2005
2003
2009
2011
2018
2022
2020
2017
2018
2021
2008
2005
2005
2006
2013
2012
2006
2004
1991
1989
1989
1991
1991
1995
2000
1992
1985
1983
1994
1999
2001
2012
2014
2007
2011
2010
2009
2003
2002
1998
1997
2000
1997
1995
2003
2004
2009
2014
2017
2018
2018
2022
2056
2064
2075
2085
2077
2079
2087
2089
2096
2087
2085
2079
2073
2068
2073
2071
2071
2064
2058
2056
2068
2057
2051
2048
2044
2035
2039
2048
2052
2046
2045
2046
2044
2042
2054
2057
2062
2063
2058
2040
2041
2042
2047
2048
2041
2039
2047
2023
2016
2017
2022
1992
1991
1988
1985
1991
1996
1991
1992
1990
1988
1983
1974
1966
1993
1991
1985
1984
1992
2002
2014
2018
2026
2037
2039
2041
2041
2042
2047
2056
2064
2060
2053
2046
2038
2053
2046
2042
2042
2043
2047
2051
2049
2046
2040
2041
2042
2033
2030
2033
2036
2038
2029
2021
2018
2020
2023
2034
2031
2034
2034
2031
2027
2031
2035
2028
2027
2023
2023
2016
2025
2031
2034
2037
2027
2020
2016
2015
2009
2012
2009
2011
1982
1980
1978
1974
1976
1976
1982
1987
1991
1994
1994
1995
1994
1973
1968
1976
1983
1997
2002
1996
1990
1997
2007
2011
2027
2043
2046
2049
2052
2065
2070
2071
2074
2074
2072
2079
2079
2078
2078
2071
2072
2059
2051
2055
2059
2052
2048
2030
2032
2027
2024
2040
2039
2036
2030
2021
2018
2026
2032
2036
2038
2033
2022
2017
2018
2020
2023
2034
2073
2127
2101
2055
2013
1988
1969
1941
1918
1923
1950
1962
1966
1973
1982
1974
1962
1956
1975
2012
2030
2039
2040
2039
2040
2033
2028
2026
2025
2027
2086
2104
2112
2115
2117
2117
2089
2078
2078
2076
2078
2092
2099
2044
2046
2045
2046
2002
1983
1982
1982
1973
1970
1976
1976
1987
1979
1977
1978
1986
1998
2009
2026
2030
2035
2045
2045
2048
2054
2064
2066
2068
2068
2075
2071
2066
2056
2015
2000
1999
2013
2032
2051
2042
2027
2012
2000
1988
1985
1984
2020
2033
2046
2047
2049
2050
2044
2035
2024
1974
1965
1969
1979
1990
2005
2012
2018
2020
2020
2030
2038
2045
2060
2063
2062
2070
2077
2079
2088
2097
2097
2095
2090
2084
2070
2052
2048
2041
2038
2035
2031
2032
2035
2039
2032
2017
2011
2005
1994
1982
1984
1988
1992
2007
2012
2005
2000
1997
1994
1991
1988
1994
2010
2007
2003
2000
2005
1987
1990
1997
1986
1979
1981
1989
1993
2002
1996
2004
2001
1988
1993
1999
1988
1975
1937
1922
1903
1889
1880
1866
1858
1863
1884
1890
1893
1899
1938
1943
1939
1934
1934
1922
1918
1914
1911
1918
1929
1929
1932
1990
2000
2008
2015
2058
2074
2098
2118
2137
2179
2191
2207
2233
2253
2279
2306
2321
2393
2414
2440
2463
2479
2502
2510
2508
2515
2524
2528
2530
2536
2488
2480
2515
2561
2519
2507
2454
2355
2254
2027
1962
1923
1909
1886
1850
1814
1775
1671
1651
1616
1583
1550
1566
1606
1614
1601
1631
1629
1625
1644
1666
1682
1703
1734
1788
1804
1819
1820
1818
1811
1806
1801
1803
1789
1782
1786
1805
1826
1838
1856
1869
1888
1891
1896
1899
1909
1918
1932
1949
1960
2030
2041
2050
2062
2075
2085
2103
2112
2191
2206
2215
2230
2255
2270
2295
2320
2332
2328
2322
2317
2307
2188
2171
2162
2158
2169
2161
2139
2116
2097
2035
2011
1993
1981
1974
1965
1952
1950
1936
1924
1917
1902
1843
1830
1826
1829
1836
1853
1859
1869
1878
1894
1913
1931
1941
1986
1994
1991
2000
2014
2042
2040
2033
2028
2024
2025
2023
2018
1942
1928
1926
1929
1948
1947
1941
1938
1938
1939
1955
1981
2010
2027
2041
2069
2097
2179
2203
2229
2252
2312
2318
2325
2334
2329
2323
2321
2323
2320
2318
2313
2315
2312
2270
2257
2241
2229
2172
2158
2149
2137
2126
2082
2069
2062
2049
2036
2020
2009
2001
1968
1950
1929
1917
1916
1889
1888
1874
1862
1856
1854
1858
1858
1825
1824
1823
1829
1836
1838
1840
1843
1840
1842
1852
1857
1872
1890
1902
1907
1920
1999
2017
2032
2052
2042
2028
2027
2047
2071
2109
2133
2152
2168
2171
2174
2191
2208
2248
2237
2233
2240
2261
2257
2256
2255
2244
2194
2178
2171
2166
2154
2132
2116
2104
2014
1984
1962
1939
1918
1870
1860
1856
1846
1840
1833
1822
1820
1805
1818
1827
1831
1837
1836
1834
1842
1846
1839
1847
1852
1859
1864
1875
1881
1880
1926
1932
1942
1958
1979
1988
1989
1984
1991
2013
2010
2006
2003
2004
2008
2010
2010
2032
2047
2057
2061
2091
2107
2123
2129
2132
2152
2162
2171
2171
2171
2187
2194
2190
2177
2180
2179
2171
2158
2151
2137
2127
2128
2129
2126
2123
2125
2096
2087
2086
2082
2083
2076
2075
2077
2065
2050
2042
2026
2020
2021
2018
2007
2013
2016
2020
2022
2020
2028
2026
2028
2030
2034
2024
2026
2020
2023
2025
2027
2020
2010
1994
1987
1977
1976
1938
1930
1923
1914
1902
1874
1865
1859
1859
1859
1851
1847
1844
1837
1839
1844
1853
1888
1899
1908
1916
1932
1981
1987
1998
2020
2044
2064
2083
2099
2144
2160
2167
2167
2173
2193
2188
2183
2183
2185
2184
2184
2180
2141
2126
2116
2111
2078
2069
2059
2050
2047
2041
2040
2042
2047
2048
2047
2042
2046
2043
2055
2067
2063
2033
2023
2017
2013
2012
2003
2002
1988
1979
1980
1977
1973
1971
1955
1952
1944
1943
1950
1940
1941
1943
1948
1955
1957
1964
1974
1994
2008
2015
2020
2041
2058
2067
2075
2083
2089
2089
2091
2094
2094
2094
2106
2104
2103
2099
2099
2094
2096
2088
2093
2091
2084
2073
2068
2075
2072
2066
2055
2047
2047
2042
2040
2042
2039
2013
2003
2016
2022
2022
2016
2011
2007
2008
2009
2013
2016
2018
2023
2022
2016
2020
2036
2028
2021
2022
2028
2012
2012
2013
2009
2016
2016
2006
2002
1997
2001
2001
2002
1999
1992
1996
1996
1992
1988
1988
1994
1996
1996
1998
2002
2002
2002
2001
2000
1992
1993
2002
2005
2007
1999
1989
1985
1990
1995
1994
1992
1992
1986
1985
1985
1983
1985
1986
1983
1985
1981
1978
1976
1978
1979
1981
1983
1993
2002
2011
2038
2049
2053
2056
2061
2066
2074
2079
2072
2072
2075
2078
2077
2066
2066
2072
2072
2071
2047
2034
2027
2035
2047
2049
2047
2040
2041
2042
2044
2034
2034
2036
2041
2036
2024
2017
2022
2021
2018
2017
2015
2019
2025
2026
2028
2039
2055
2065
2071
2067
2068
2074
2092
2094
2092
2090
2080
2074
2067
2067
2052
2042
2042
2043
2015
2010
1998
1999
2005
2001
2001
2005
2009
2013
2007
2003
2006
2020
2025
2026
2026
2031
2046
2046
2046
2053
2050
2043
2040
2033
2025
2025
2022
2023
2014
2015
2012
2002
2000
1988
1974
1964
1963
1957
1953
1942
1937
1935
1938
1941
1937
1935
1939
1952
1954
1963
1975
1987
1998
2001
2009
2025
2039
2047
2064
2064
2068
2065
2066
2070
2073
2073
2068
2058
2045
2044
2052
2058
2056
2051
2043
2039
2033
2038
2044
2050
2065
2067
2061
2057
2062
2061
2060
2062
2057
2049
2044
2035
2035
2034
2042
2055
2062
2067
2060
2057
2061
2059
2059
2057
2059
2062
2062
2059
2056
2055
2050
2048
2050
2043
2036
2033
2032
2029
2025
2036
2043
2040
2040
2044
2040
2039
2040
2033
2040
2040
2026
2017
2024
2034
2042
2049
2024
2020
2025
2027
2024
2030
2031
2038
2032
2026
2027
2033
2037
2045
2050
2046
2042
2017
2022
2026
2027
2004
1997
1995
1992
1966
1964
1960
1948
1942
1935
1938
1936
1941
1944
1942
1938
1942
1938
1951
1959
1961
2007
2009
2011
2014
2018
2026
2026
2029
2020
2015
2017
2013
2008
2022
2027
2027
2032
2046
2050
2049
2045
2046
2040
2047
2059
2064
2060
2055
2055
2063
2059
2052
2048
2042
2043
2044
2053
2052
2048
2043
2045
2051
2052
2054
2042
2031
2035
2020
2023
2020
2014
2012
2000
1999
2003
2002
1997
1985
1971
1971
1985
1977
1974
1979
1992
1997
1995
2002
2007
2017
2014
2024
2034
2035
2032
2035
2047
2047
2046
2053
2058
2058
2057
2058
2057
2048
2045
2050
2048
2050
2059
2059
2053
2040
2037
2038
2043
2048
2056
2041
2029
2058
2112
2162
2188
2190
2167
2039
2034
2010
1973
1918
1924
1944
1965
1976
2003
2010
2007
2003
2010
2027
2047
2056
2126
2133
2147
2150
2164
2161
2153
2158
2173
2170
2173
2166
2145
2131
2130
2135
2127
2078
2069
2053
2035
1926
1919
1922
1928
1931
1914
1899
1879
1848
1815
1789
1767
1759
1783
1805
1825
1843
1860
1864
1874
1880
1886
1891
1900
1913
1939
2058
2092
2115
2122
2145
2155
2165
2169
2172
2166
2158
2139
2134
2132
2132
2125
2115
2099
2113
2133
2146
2109
2094
2087
2071
2064
2056
2049
2038
2016
1981
1938
1909
1887
1827
1829
1852
1874
1911
1916
1927
1946
1965
1986
2000
2013
2033
2050
2061
2079
2092
2095
2080
2060
2036
1996
1995
1994
1988
1977
1981
1983
1983
1985
1984
1982
1980
1975
1992
1990
2004
2016
2029
2035
2025
2015
2014
2011
2000
1988
1983
1962
1967
1966
1957
1878
1864
1839
1817
1796
1732
1716
1695
1677
1665
1656
1647
1642
1639
1649
1661
1666
1683
1679
1678
1683
1696
1763
1775
1793
1813
1850
1890
1928
1964
2189
2241
2296
2355
2593
2651
2699
2760
2829
3044
3116
3196
3275
3320
3353
3445
3589
3755
3783
3763
3738
3727
3669
3626
3572
3523
3481
3428
3357
3283
2942
2844
2735
2621
2182
2073
1981
1886
1777
1454
1373
1276
1175
1088
1016
937
862
564
489
427
369
207
190
187
195
203
239
268
297
330
375
430
487
548
835
899
972
1047
1291
1363
1434
1513
1594
1886
1995
2092
2179
2250
2315
2382
2439
2578
2597
2619
2651
2683
2713
2711
2709
2690
2663
2640
2624
2614
2519
2497
2476
2457
2348
2342
2311
2291
2288
2334
2356
2378
2399
2415
2432
2453
2475
2489
2486
2474
2456
2324
2284
2235
2185
2140
2021
1989
1966
1948
1929
1922
1917
1906
1852
1843
1851
1852
1866
1865
1860
1842
1813
1726
1697
1672
1650
1624
1589
1553
1519
1392
1371
1361
1355
1353
1384
1403
1430
1465
1509
1558
1609
1657
1829
1879
1931
1977
2180
2229
2278
2331
2378
2493
2536
2575
2608
2639
2668
2696
2724
2792
2808
2821
2834
2845
2831
2830
2833
2837
2835
2821
2819
2821
2775
2761
2748
2735
2670
2646
2617
2584
2546
2398
2356
2307
2254
2202
2144
2089
2037
1810
1753
1691
1619
1428
1381
1331
1297
1271
1215
1212
1205
1194
1196
1204
1211
1220
1323
1363
1394
1413
1433
1501
1527
1550
1580
1618
1657
1692
1717
1755
1798
1944
1989
2031
2071
2117
2157
2198
2248
2295
2417
2461
2499
2532
2566
2586
2613
2641
2697
2694
2684
2679
2672
2629
2609
2587
2555
2511
2479
2456
2429
2297
2263
2232
2205
2180
2094
2062
2030
1999
1970
1933
1900
1862
1722
1681
1645
1619
1517
1502
1488
1477
1466
1468
1455
1452
1463
1469
1468
1473
1477
1497
1517
1537
1552
1564
1578
1603
1616
1625
1655
1666
1683
1709
1738
1762
1788
1810
1830
1908
1939
1963
1984
2011
2039
2066
2083
2140
2167
2186
2195
2213
2232
2233
2241
2251
2257
2266
2272
2279
2291
2299
2306
2305
2328
2335
2336
2330
2326
2322
2319
2314
2297
2292
2283
2287
2283
2244
2238
2239
2240
2231
2209
2204
2191
2182
2183
2182
2182
2186
2180
2173
2166
2170
2172
2165
2155
2152
2146
2098
2078
2060
2042
2017
1990
1963
1941
1922
1853
1837
1824
1814
1800
1779
1767
1773
1762
1766
1767
1760
1756
1735
1739
1746
1755
1746
1733
1730
1732
1717
1708
1698
1695
1725
1730
1749
1767
1838
1855
1874
1904
1939
2005
2020
2045
2074
2100
2121
2141
2168
2229
2250
2269
2278
2304
2322
2348
2360
2363
2386
2384
2397
2399
2395
2393
2399
2406
2410
2410
2394
2383
2374
2335
2311
2287
2264
2240
2220
2200
2174
2096
2065
2037
2011
1929
1904
1885
1863
1841
1815
1809
1807
1796
1782
1780
1779
1776
1778
1785
1796
1804
1842
1858
1870
1887
1902
1943
1954
1959
1967
1975
1986
1997
2004
2025
2026
2024
2030
2055
2054
2055
2061
2064
2070
2074
2077
2081
2082
2083
2091
2091
2097
2091
2091
2091
2066
2073
2072
2064
2052
1997
1979
1973
1969
1958
1951
1951
1949
1919
1922
1918
1922
1948
1955
1963
1975
1995
2014
2019
2026
2024
2025
2027
2022
2023
2030
2044
2046
2042
2044
2056
2064
2069
2066
2085
2086
2090
2090
2090
2095
2095
2100
2092
2088
2085
2087
2081
2061
2049
2042
2043
2045
2044
2034
2020
1999
1988
1972
1955
1935
1924
1921
1912
1899
1891
1889
1888
1888
1881
1882
1874
1874
1877
1890
1900
1906
1907
1908
1910
1916
1931
1952
1967
1980
1996
2050
2064
2080
2098
2146
2156
2166
2162
2172
2159
2162
2170
2168
2163
2161
2167
2161
2161
2156
2157
2156
2137
2127
2123
2126
2124
2102
2092
2083
2078
2071
2061
2059
2054
2009
1998
1990
1989
1967
1966
1963
1962
1963
1988
1980
1969
1968
1978
1991
1994
1987
1981
1982
1988
1994
1992
1985
1988
1997
2006
2024
2037
2045
2052
2057
2067
2078
2091
2112
2116
2116
2112
2123
2128
2134
2134
2126
2092
2086
2083
2072
2053
2050
2056
2053
2023
2011
2005
1998
1992
1971
1967
1964
1957
1945
1941
1948
1946
1924
1923
1911
1910
1890
1884
1884
1887
1895
1883
1881
1891
1896
1909
1915
1921
1925
1953
1949
1952
1958
1977
1982
1984
1998
2007
2029
2025
2015
2026
2036
2040
2039
2044
2068
2075
2085
2092
2106
2117
2120
2123
2134
2138
2135
2133
2127
2135
2131
2124
2118
2098
2097
2097
2102
2072
2063
2057
2053
2047
2025
2017
2015
2011
2008
2012
2019
2018
2029
2029
2029
2034
2041
2044
2037
2034
2033
2040
2039
2038
2044
2051
2052
2056
2057
2063
2068
2062
2057
2070
2087
2085
2080
2071
2063
2064
2072
2079
2076
2079
2069
2070
2065
2063
2058
2055
2048
2056
2059
2048
2044
2030
2029
2033
2039
2035
2020
2017
2014
2002
1991
1988
1986
1973
1974
1977
1961
1958
1955
1956
1954
1957
1958
1956
1948
1957
1960
1956
1958
1961
1961
1966
1974
1974
1973
1975
1981
1987
1980
1980
1985
1984
1996
2006
2010
2019
2024
2026
2026
2022
2037
2038
2039
2042
2022
2030
2040
2045
2049
2044
2039
2035
2030
2031
2033
2030
2035
2015
2022
2030
2033
2017
2011
2008
2005
2006
1999
1999
1997
1994
1993
1991
1993
1996
2012
2015
2016
2013
2021
2010
2013
2014
2015
2027
2037
2034
2032
2039
2047
2054
2067
2060
2063
2059
2062
2077
2064
2064
2062
2068
2088
2118
2123
2104
2006
1984
1978
1975
1975
1999
2017
2031
2041
2009
2004
2009
2001
1991
1992
2009
2025
2070
2071
2070
2077
2094
2106
2105
2107
2123
2145
2161
2187
2197
2149
2131
2119
2109
2078
2071
2071
2065
2057
2038
2036
2036
2036
2025
2012
2009
2003
1972
1966
1967
1964
1957
1953
1952
1960
1963
1983
1988
1988
1990
1989
1989
1984
1970
1970
1968
1972
1976
1993
1999
2002
1997
1987
1963
1964
1971
1978
1983
1988
1992
1988
1944
1931
1915
1907
1905
1946
1975
1994
2012
2020
2028
2033
2033
1989
1979
1975
1980
2011
2022
2024
2015
2005
2016
2022
2036
2059
2077
2091
2100
2109
2112
2124
2127
2116
2114
2107
2115
2115
2117
2076
2064
2049
2038
2032
2031
2027
2019
1963
1934
1921
1916
1957
1963
1970
1984
1992
1982
1983
1985
1982
1979
1986
1991
1992
1985
1978
1981
1977
1970
1936
1931
1928
1926
1920
1909
1887
1863
1751
1729
1707
1688
1655
1655
1655
1659
1659
1653
1640
1627
1611
1597
1594
1607
1625
1713
1731
1746
1770
1919
1962
2004
2047
2096
2211
2247
2282
2326
2379
2422
2463
2508
2696
2752
2785
2853
3133
3122
3157
3156
3105
3124
3135
3148
3192
3249
3300
3314
3360
3331
3344
3336
3254
3171
3164
3109
3075
3066
3048
2981
2902
2857
2647
2608
2570
2524
2377
2272
2178
2096
1997
1636
1553
1462
1357
1252
1154
1048
938
575
495
425
377
185
168
160
150
149
156
153
164
175
182
196
222
247
387
462
549
644
961
1027
1109
1195
1278
1572
1683
1789
1890
1982
2042
2101
2162
2348
2393
2444
2495
2545
2643
2652
2646
2638
2635
2604
2560
2518
2531
2568
2616
2660
2773
2767
2756
2739
2725
2709
2727
2744
2748
2741
2733
2727
2717
2580
2541
2516
2502
2448
2424
2398
2375
2353
2292
2279
2265
2256
2249
2236
2230
2224
2081
2047
2020
1983
1838
1814
1779
1719
1641
1470
1429
1397
1380
1367
1360
1358
1358
1370
1378
1385
1399
1424
1530
1566
1609
1650
1684
1726
1750
1771
1827
1845
1879
1923
2100
2136
2166
2194
2219
2312
2359
2410
2454
2497
2543
2584
2631
2748
2767
2797
2827
2915
2929
2952
2984
2998
2997
2982
2968
2962
2961
2953
2936
2929
2839
2796
2748
2700
2485
2429
2368
2293
2222
2004
1923
1843
1768
1699
1627
1571
1528
1337
1313
1288
1259
1233
1165
1154
1135
1118
1107
1115
1120
1131
1195
1219
1239
1260
1360
1378
1405
1438
1472
1582
1630
1682
1729
1770
1811
1856
1889
2083
2141
2204
2258
2427
2453
2475
2495
2521
2567
2577
2579
2574
2578
2580
2583
2585
2548
2536
2531
2528
2467
2453
2445
2433
2405
2318
2288
2265
2254
2230
2189
2146
2116
1990
1945
1899
1858
1831
1764
1731
1691
1661
1646
1638
1619
1594
1524
1513
1503
1495
1454
1469
1473
1468
1467
1470
1476
1496
1517
1531
1548
1572
1597
1695
1721
1750
1780
1894
1911
1924
1947
1969
2016
2032
2045
2053
2061
2068
2069
2091
2111
2114
2131
2135
2166
2192
2219
2239
2246
2274
2290
2303
2321
2342
2367
2390
2405
2455
2459
2458
2461
2466
2480
2490
2481
2461
2455
2455
2463
2464
2419
2397
2378
2365
2306
2288
2265
2236
2213
2135
2111
2092
2071
2042
2009
1983
1958
1874
1852
1834
1816
1754
1740
1734
1724
1714
1688
1672
1659
1656
1648
1638
1632
1616
1615
1606
1607
1603
1614
1617
1624
1633
1650
1684
1697
1715
1734
1758
1783
1805
1825
1912
1928
1943
1960
1985
2052
2072
2086
2103
2125
2151
2175
2199
2277
2297
2315
2331
2400
2419
2442
2455
2460
2492
2489
2496
2505
2506
2513
2523
2524
2453
2433
2406
2383
2282
2253
2219
2191
2169
2110
2084
2056
2025
1996
1970
1948
1933
1872
1855
1850
1840
1827
1795
1800
1798
1801
1802
1805
1812
1813
1822
1830
1838
1843
1890
1899
1900
1900
1900
1919
1927
1933
1947
1950
1948
1954
1961
1983
1985
1989
1994
2008
2015
2019
2024
2037
2051
2051
2048
2045
2045
2047
2056
2064
2074
2074
2066
2068
2070
2069
2073
2074
2071
2068
2063
2056
2050
2043
2037
2032
2032
2009
2007
2005
2006
1997
1994
1982
1979
1982
1992
1997
1999
1996
2007
2015
2027
2040
2075
2079
2083
2093
2100
2125
2128
2126
2128
2127
2121
2120
2125
2105
2100
2098
2096
2047
2046
2045
2038
2033
1998
1991
1986
1980
1963
1951
1949
1950
1924
1919
1910
1896
1893
1878
1868
1858
1857
1852
1854
1857
1860
1866
1875
1876
1886
1939
1950
1959
1962
1970
2003
2019
2025
2027
2035
2041
2037
2046
2064
2076
2092
2091
2107
2100
2096
2093
2106
2103
2106
2105
2101
2099
2103
2106
2104
2113
2114
2123
2123
2095
2101
2094
2091
2086
2066
2057
2058
2048
2045
2033
2029
2026
2023
2014
2015
2018
2023
2017
2008
2005
2009
2015
2009
2008
2012
1974
1976
1982
1986
2002
1997
1998
2004
2004
2019
2028
2032
2044
2052
2060
2060
2066
2091
2097
2111
2114
2132
2122
2119
2120
2113
2098
2102
2092
2079
2074
2073
2068
2052
2039
2034
2024
2014
1999
1979
1968
1957
1958
1958
1961
1953
1941
1926
1926
1924
1924
1925
1922
1925
1925
1924
1933
1949
1964
1963
1961
1969
1994
2000
1990
1995
1999
2005
2019
2014
2013
2008
2012
2020
2020
2034
2041
2043
2041
2041
2035
2017
2018
2024
2034
2043
2039
2047
2062
2060
2062
2071
2079
2081
2079
2075
2078
2089
2076
2068
2064
2053
2045
2046
2044
2051
2058
2051
2032
2031
2028
2026
2031
2035
2038
2028
2014
2008
2023
2034
2054
2054
2051
2046
2048
2059
2066
2066
2097
2097
2097
2101
2130
2138
2134
2128
2132
2117
2119
2119
2125
2129
2120
2116
2103
2068
2066
2059
2049
2041
1998
1992
1984
1981
1987
1986
1980
1971
1952
1951
1943
1941
1929
1918
1924
1930
1929
1928
1946
1955
1955
1950
1951
1957
1950
1981
1994
1999
2001
1968
1969
1980
1988
1987
1978
1985
1978
1972
1975
1975
1979
1983
1970
1981
1985
1985
2002
1997
2001
2009
2015
2046
2055
2061
2056
2053
2050
2047
2050
2055
2069
2080
2084
2074
2077
2070
2064
2068
2080
2081
2078
2070
2056
2048
2047
2047
2026
2012
2002
2013
2013
1978
1973
1969
1975
1987
1989
1989
1987
1972
1971
1973
1983
2000
1999
2006
2013
2017
2037
2040
2039
2038
2041
2042
2044
2045
2043
2036
2033
2034
2032
2036
2040
2038
2031
2016
2018
2015
2009
2005
2017
2021
2016
2026
2035
2048
2054
2071
2070
2063
2057
2056
2062
2063
2068
2054
2055
2088
2125
2117
1983
1962
1941
1926
1942
1970
2002
2016
2031
2068
2092
2104
2088
2047
2024
2037
2051
2057
2054
2049
2057
2061
2102
2106
2110
2126
2149
2177
2203
2216
2265
2264
2257
2248
2199
2188
2166
2152
2136
2073
2053
2045
2043
2037
2026
2022
2013
1918
1880
1849
1830
1862
1875
1884
1892
1892
1854
1830
1814
1804
1803
1816
1850
1875
1910
1924
1929
1934
1942
1956
1959
1961
1969
1988
2004
2021
2035
2062
2069
2069
2068
2103
2105
2093
2075
2062
2032
2029
2026
2031
2040
2057
2069
2084
2094
2077
2053
2024
1974
1978
1988
1998
2008
1986
1976
1964
1951
1942
1951
1964
1978
2049
2064
2074
2081
2077
2089
2098
2104
2112
2102
2094
2087
2085
2086
2082
2078
2069
2022
2008
1992
1969
1924
1914
1911
1916
1926
1940
1941
1933
1916
1899
1890
1887
1891
1900
1912
1910
1904
1886
1878
1863
1845
1831
1781
1764
1743
1725
1708
1682
1651
1628
1578
1582
1590
1603
1613
1592
1587
1574
1555
1535
1515
1498
1475
1454
1455
1464
1487
1624
1674
1721
1774
1833
1984
2050
2109
2174
2235
2302
2375
2444
2712
2784
2866
2941
3244
3311
3372
3441
3511
3723
3789
3871
3961
4023
4035
4017
3995
3878
3840
3823
3815
3806
3777
3741
3712
3675
3518
3460
3366
3274
3197
3115
3016
2903
2457
2330
2220
2128
2025
1698
1608
1512
1417
1326
1228
1131
1035
673
583
508
447
232
196
178
159
146
143
146
149
152
152
150
148
147
148
150
163
185
206
387
459
533
604
667
719
770
814
1055
1143
1242
1335
1603
1655
1691
1720
1883
1910
1946
1996
2045
2143
2165
2180
2187
2202
2222
2241
2256
2364
2385
2401
2416
2432
2487
2511
2535
2573
2615
2657
2702
2745
2792
2777
2763
2757
2772
2781
2795
2801
2786
2647
2605
2567
2536
2517
2512
2504
2487
2466
2446
2429
2408
2326
2309
2293
2274
2253
2175
2149
2121
2079
2034
1994
1963
1930
1796
1754
1722
1693
1643
1643
1642
1642
1642
1655
1655
1659
1654
1653
1664
1690
1726
1858
1900
1929
1962
2014
2100
2131
2170
2213
2262
2293
2325
2362
2474
2495
2524
2548
2682
2722
2759
2788
2818
2872
2887
2898
2911
2919
2917
2915
2899
2836
2818
2794
2774
2691
2663
2630
2591
2556
2419
2367
2320
2262
2208
2163
2119
2064
1894
1855
1819
1771
1606
1582
1559
1530
1503
1499
1487
1473
1457
1450
1439
1440
1444
1425
1430
1450
1480
1509
1566
1581
1611
1642
1663
1686
1712
1740
1843
1863
1881
1906
2030
2055
2075
2089
2112
2151
2160
2176
2191
2191
2189
2186
2195
2157
2149
2138
2136
2118
2102
2097
2088
2086
2064
2060
2053
2037
2024
2005
1993
1976
1923
1909
1893
1887
1814
1800
1787
1773
1762
1705
1689
1682
1675
1667
1655
1651
1654
1622
1618
1618
1627
1634
1633
1643
1656
1673
1683
1693
1708
1725
1778
1789
1796
1807
1875
1888
1901
1912
1929
1969
1975
1980
1985
1980
1985
1995
1994
1999
2010
2018
2027
2070
2079
2092
2100
2102
2097
2092
2099
2113
2123
2131
2145
2154
2186
2202
2220
2231
2233
2238
2252
2276
2294
2336
2350
2357
2365
2369
2380
2386
2395
2413
2409
2408
2410
2419
2421
2403
2390
2385
2337
2330
2321
2311
2298
2285
2271
2254
2163
2146
2122
2110
2092
2024
2008
1992
1978
1966
1951
1935
1910
1810
1785
1766
1753
1691
1674
1658
1637
1623
1600
1591
1595
1597
1595
1599
1611
1625
1676
1702
1718
1737
1810
1827
1851
1868
1888
1947
1957
1975
1993
2013
2033
2051
2065
2140
2146
2153
2179
2198
2245
2257
2268
2280
2283
2292
2301
2315
2338
2346
2358
2360
2370
2368
2375
2382
2379
2342
2333
2319
2308
2305
2296
2285
2281
2241
2231
2219
2196
2141
2118
2107
2095
2084
2066
2063
2061
2058
2054
2045
2040
2032
1987
1985
1985
1978
1969
1950
1954
1958
1957
1946
1940
1938
1939
1908
1904
1902
1903
1876
1861
1842
1841
1849
1841
1845
1835
1828
1831
1829
1828
1826
1842
1845
1844
1838
1813
1813
1822
1819
1820
1820
1828
1835
1830
1824
1832
1842
1845
1868
1880
1891
1897
1941
1950
1969
1978
1987
2020
2029
2045
2058
2069
2074
2081
2090
2134
2140
2155
2169
2177
2183
2194
2195
2201
2206
2202
2204
2215
2216
2210
2208
2201
2142
2133
2120
2123
2115
2066
2055
2051
2048
2035
2016
2000
1989
1982
1962
1934
1905
1887
1881
1887
1894
1896
1844
1853
1863
1867
1863
1844
1825
1823
1836
1852
1839
1828
1828
1837
1854
1868
1879
1915
1930
1942
1953
1957
1967
1993
2013
2025
2036
2041
2054
2073
2113
2129
2137
2152
2182
2194
2197
2202
2201
2219
2211
2202
2204
2208
2214
2226
2239
2199
2200
2201
2200
2194
2174
2169
2157
2143
2124
2118
2121
2125
2111
2110
2117
2114
2083
2093
2096
2093
2093
2076
2082
2082
2077
2071
2072
2075
2077
2052
2052
2062
2066
2023
2018
2033
2032
2031
2035
2037
2042
2042
2034
2029
2029
2032
2044
2049
2047
2043
2037
2031
2025
2025
2027
2009
1999
1991
1988
1984
1978
1976
1981
1956
1946
1942
1943
1920
1918
1914
1913
1902
1886
1887
1889
1894
1887
1875
1864
1850
1851
1864
1869
1868
1869
1887
1886
1893
1910
1925
1928
1935
1945
1956
1966
1976
1991
2044
2045
2044
2051
2057
2077
2070
2069
2076
2082
2084
2081
2077
2067
2066
2067
2066
2044
2045
2045
2039
2027
2011
2007
1993
1983
1973
1977
1979
1985
1968
1968
1974
1970
1979
1977
1981
1990
2003
2005
2002
2008
2015
2022
2025
2035
2036
2055
2066
2081
2085
2082
2092
2087
2086
2090
2095
2097
2108
2121
2121
2123
2125
2131
2143
2143
2145
2148
2156
2157
2157
2167
2166
2152
2145
2140
2140
2147
2144
2138
2135
2094
2086
2088
2087
2086
2072
2070
2053
2039
2030
2032
2025
2011
1983
1974
1966
1957
1946
1935
1928
1923
1928
1937
1934
1923
1906
1909
1919
1921
1912
1918
1921
1920
1915
1910
1923
1923
1926
1920
1918
1917
1920
1925
1947
1942
1949
1959
1970
1983
1993
1997
2010
2003
2003
2014
2027
2028
2031
2030
2031
2023
2018
2018
2012
2027
2028
2033
2035
2028
2041
2041
2035
2036
2042
2049
2053
2066
2068
2063
2067
2063
2063
2066
2062
2074
2094
2098
2060
1998
1947
1947
1957
1970
1985
2060
2075
2081
2079
2064
2096
2105
2109
2127
2152
2174
2201
2214
2202
2193
2192
2195
2178
2176
2179
2192
2205
2158
2147
2136
2128
2119
2115
2116
2117
2073
2071
2057
2043
1999
1992
1989
1983
1974
1955
1956
1961
1960
1964
1972
1978
1985
1997
2014
2022
2027
2024
1997
1993
1993
1993
2000
2016
2023
2027
2033
2032
2030
2022
1993
1991
1990
1988
1991
1999
2007
2010
1998
1988
1993
1995
1985
1969
1972
1986
1989
1968
1965
1965
1963
1958
1927
1931
1941
1948
1937
1928
1930
1939
1943
1922
1920
1924
1929
1916
1904
1890
1884
1905
1903
1905
1917
1928
1931
1931
1937
1942
1947
1948
1946
1948
1944
1955
1967
1976
1979
1978
1977
1975
1990
1990
1990
1990
2013
2009
2014
2014
2017
2014
2007
2006
2009
2023
2042
2043
2024
1993
1981
1971
1957
1933
1918
1899
1875
1850
1762
1735
1702
1671
1638
1604
1575
1543
1495
1493
1489
1484
1490
1490
1489
1491
1492
1498
1504
1506
1513
1553
1591
1623
1641
1787
1847
1903
1949
1994
2169
2246
2316
2386
2458
2548
2632
2714
3047
3132
3228
3317
3614
3679
3742
3804
3864
4025
4076
4090
4088
4090
4089
4087
4089
4087
4087
4090
4088
4088
4060
4007
3941
3861
3579
3418
3221
3044
2909
2771
2622
2474
1967
1846
1734
1607
1091
967
856
759
673
400
340
284
227
170
142
134
129
113
110
109
110
110
105
104
105
107
105
105
107
110
121
127
135
143
225
272
318
377
452
720
817
909
997
1090
1192
1298
1405
1825