1598
1592
1592
1595
1609
1645
1659
1673
1683
1763
1780
1799
1822
1934
1964
1992
2016
2044
2113
2130
2154
2186
2216
2247
2276
2308
2417
2445
2468
2490
2525
2542
2553
2569
2581
2594
2598
2597
2584
2576
2555
2551
2547
2514
2501
2483
2464
2403
2379
2359
2331
2311
2273
2265
2252
2240
2228
2218
2198
2178
2105
2090
2072
2049
1992
1981
1973
1966
1926
1909
1900
1893
1894
1877
1867
1871
1877
1882
1880
1876
1876
1876
1884
1892
1896
1921
1932
1946
1956
1972
2014
2022
2031
2039
2056
2065
2079
2097
2150
2160
2163
2176
2193
2194
2195
2202
2204
2232
2235
2231
2229
2231
2219
2216
2217
2199
2192
2187
2184
2165
2158
2151
2134
2097
2090
2084
2070
2053
1995
1984
1972
1956
1945
1936
1921
1912
1863
1846
1830
1819
1743
1727
1720
1708
1700
1669
1667
1657
1658
1658
1661
1663
1658
1660
1657
1657
1660
1674
1689
1704
1718
1777
1797
1811
1821
1839
1887
1911
1934
1955
1973
1988
2009
2029
2057
2065
2078
2090
2118
2127
2135
2143
2153
2158
2155
2148
2136
2134
2125
2126
2126
2097
2101
2103
2096
2060
2057
2057
2058
2058
2040
2033
2026
2021
2020
2013
2012
2010
2020
2020
2019
2018
2008
2005
2004
2001
1987
1950
1945
1942
1935
1927
1930
1928
1917
1908
1887
1874
1864
1869
1875
1870
1872
1874
1888
1892
1910
1922
1928
1928
1930
1940
1952
1978
1972
1979
1987
1998
2003
2017
2031
2063
2073
2082
2096
2140
2130
2136
2148
2186
2183
2179
2185
2191
2194
2195
2199
2201
2203
2201
2209
2219
2209
2209
2209
2211
2208
2208
2190
2184
2193
2180
2192
2192
2179
2169
2168
2173
2173
2141
2140
2126
2114
2101
2102
2088
2087
2069
2080
2101
2098
2083
2061
2053
2033
2031
2040
2046
2034
2022
1989
2000
1994
1973
1935
1937
1947
1949
1942
1948
1948
1941
1944
1954
1959
1959
1953
1955
1960
1989
1986
1969
1961
1981
1997
1987
1983
1986
1980
1975
1980
1994
2009
2007
2023
2030
2039
2035
2032
2016
2023
2040
2030
2043
2051
2047
2045
2037
2026
2028
2028
2034
2040
2053
2054
2028
2030
2040
2045
2026
2035
2038
2024
2016
2029
2012
2010
2008
2005
2015
2018
2015
2013
2009
2009
2016
2031
2043
2051
2035
2022
2034
2023
2017
2019
2022
2023
2018
2017
1993
1986
1987
1993
1956
1963
1968
1953
1954
1937
1932
1926
1930
1933
1927
1932
1931
1920
1914
1914
1918
1922
1941
1953
1945
1972
1967
1962
1961
1975
1997
1989
1990
2000
2008
2020
2026
2034
2059
2072
2085
2086
2102
2098
2091
2099
2109
2113
2102
2099
2105
2104
2089
2074
2083
2058
2069
2072
2069
2057
2060
2058
2066
2058
2062
2058
2054
2060
2036
2047
2052
2046
2039
2046
2054
2053
2033
2027
2032
2039
2029
2026
2020
2017
2023
2005
2013
2012
2002
2000
2014
2022
2022
2015
2011
2011
2021
2031
2031
2031
2028
2021
2012
2015
2016
2023
2047
2048
2056
2065
2064
2055
2055
2058
2054
2053
2059
2066
2056
2056
2066
2072
2068
2069
2066
2061
2059
2061
2057
2049
2050
2044
2034
2029
2022
1991
1988
1984
1979
1967
1961
1947
1950
1959
1967
1973
1976
1973
1973
1975
1971
1968
1967
1964
1975
1986
2014
2014
2013
2019
2025
2018
2023
2025
2021
2028
2031
2028
2015
2052
2103
2131
2121
1958
1902
1900
1917
1967
2044
2071
2069
2051
2026
2009
2013
2015
2024
2008
1989
1975
2039
2029
2040
2052
2062
2176
2195
2193
2185
2145
2081
2057
2060
2081
2111
2137
2152
2130
2111
2094
2077
2085
2102
2097
2111
2112
2084
2048
2042
2051
2055
2081
2078
2049
2026
2001
1978
1964
1985
1995
2009
2023
2028
1986
1991
1996
2001
2001
1960
1926
1892
1878
1887
1904
1922
1951
1963
1948
1939
1935
1874
1876
1889
1894
1868
1865
1868
1870
1864
1880
1898
1886
1864
1852
1850
1863
1877
1960
1981
2011
2026
2080
2100
2116
2123
2134
2189
2207
2226
2245
2265
2273
2270
2247
2218
2213
2220
2235
2267
2264
2257
2246
2239
2193
2183
2173
2160
2143
2122
2100
2084
2051
2062
2072
2078
2046
2022
1998
1979
1965
1981
1998
2007
2011
1976
1955
1943
1933
1928
1929
1947
1958
1935
1928
1922
1914
1872
1852
1839
1828
1820
1814
1821
1829
1840
1848
1848
1838
1836
1826
1840
1859
1876
1939
1953
1962
1970
1969
1967
1972
1992
2002
2016
2023
2034
2045
2072
2085
2093
2107
2156
2160
2160
2159
2146
2150
2147
2143
2141
2154
2155
2159
2159
2153
2142
2143
2153
2181
2186
2192
2198
2204
2200
2187
2172
2163
2163
2160
2167
2175
2185
2175
2158
2152
2147
2132
2104
2099
2097
2068
2052
2031
2022
2021
2008
1991
1977
1965
1931
1925
1929
1933
1926
1919
1912
1905
1883
1876
1871
1883
1886
1876
1867
1867
1853
1848
1859
1862
1865
1859
1853
1847
1849
1844
1837
1837
1851
1898
1915
1932
1943
1936
1947
1958
1965
1985
2035
2040
2060
2078
2099
2118
2136
2152
2200
2212
2221
2236
2269
2267
2276
2276
2268
2262
2268
2279
2260
2024
1937
1881
1843
1827
1828
1855
1898
2112
2182
2211
2204
2163
2159
2170
2205
2260
2450
2457
2425
2376
2306
2226
2139
2062
1838
1799
1779
1769
1686
1667
1665
1672
1685
1795
1837
1864
1874
1875
1862
1840
1817
1822
1828
1841
1863
1886
1883
1880
1873
1992
2036
2083
2120
2143
2143
2124
2095
2055
2016
1988
1972
1981
2061
2079
2088
2085
2101
2120
2148
2174
2186
2217
2223
2227
2229
2227
2216
2188
2157
2132
2144
2158
2161
2216
2233
2251
2259
2263
2277
2281
2274
2265
2245
2213
2173
2126
1912
1894
1891
1894
1882
1862
1835
1817
1778
1794
1822
1852
1883
1960
1969
1971
1966
1955
1944
1938
1928
1913
1913
1913
1914
1872
1860
1854
1857
1865
1916
1939
1962
1988
2018
2042
2060
2071
2046
2026
2010
1988
1908
1897
1896
1907
1982
1997
2017
2032
2045
2108
2133
2156
2168
2177
2180
2173
2157
2099
2091
2094
2112
2195
2213
2216
2212
2208
2187
2175
2171
2164
2148
2128
2105
2075
1991
1983
1969
1966
1949
1940
1933
1930
1913
1912
1919
1928
1939
1941
1932
1924
1912
1900
1889
1885
1886
1902
1907
1911
1921
1910
1901
1902
1903
1898
1903
1902
1902
1898
1892
1881
1878
1877
1859
1859
1859
1851
1864
1879
1884
1895
1943
1959
1984
2005
2022
2057
2065
2078
2091
2101
2115
2135
2155
2226
2238
2255
2278
2379
2401
2424
2445
2464
2505
2511
2508
2506
2508
2507
2503
2500
2528
2535
2543
2554
2560
2553
2540
2531
2505
2490
2480
2468
2452
2400
2383
2364
2340
2317
2278
2253
2225
2104
2077
2057
2037
1972
1958
1940
1916
1886
1812
1781
1756
1736
1713
1687
1665
1633
1556
1533
1507
1483
1409
1370
1334
1294
1271
1266
1264
1273
1295
1304
1304
1309
1332
1359
1410
1448
1464
1730
1793
1847
1902
2078
2113
2152
2177
2201
2197
2193
2197
2208
2196
2164
2131
2115
2065
2040
2018
2013
1967
1968
1958
1951
1960
2015
2032
2047
2057
2065
2068
2068
2072
2130
2157
2185
2218
2321
2341
2348
2340
2342
2306
2299
2297
2296
2278
2248
2225
2200
2040
2016
1996
1977
1892
1875
1868
1854
1804
1789
1787
1781
1771
1757
1748
1740
1744
1752
1761
1770
1781
1859
1881
1920
1950
1993
1988
1987
1976
1958
1959
1961
1961
1974
1983
1968
1948
1934
1875
1868
1877
1890
1951
1963
1967
1991
2101
2138
2167
2197
2233
2326
2357
2371
2386
2402
2419
2432
2439
2500
2517
2526
2537
2551
2575
2587
2583
2576
2553
2539
2509
2474
2442
2415
2382
2350
2247
2224
2193
2167
2071
2054
2042
2033
2024
1975
1952
1939
1927
1918
1917
1918
1911
1900
1904
1913
1916
1907
1910
1914
1919
1916
1916
1913
1907
1901
1883
1883
1884
1880
1870
1865
1866
1856
1837
1835
1839
1842
1908
1921
1942
1958
1974
2044
2067
2089
2112
2127
2127
2135
2158
2194
2197
2200
2207
2217
2222
2217
2210
2211
2245
2238
2225
2206
2196
2180
2167
2162
2111
2092
2063
2045
2009
1988
1966
1952
1919
1926
1930
1920
1904
1899
1904
1904
1897
1885
1883
1879
1871
1859
1855
1855
1862
1883
1880
1875
1875
1865
1851
1843
1835
1837
1837
1840
1847
1849
1834
1832
1832
1833
1834
1840
1840
1839
1854
1866
1879
1897
1913
1935
1944
1959
1971
1974
1969
1970
1971
2024
2042
2057
2068
2131
2132
2138
2146
2158
2190
2194
2199
2206
2210
2212
2208
2201
2122
2105
2093
2083
2030
2018
2011
2001
1998
1953
1941
1933
1928
1925
1925
1922
1919
1925
1930
1933
1939
1926
1915
1913
1921
1944
1945
1938
1931
1928
1936
1941
1943
1946
1943
1947
1950
1951
1936
1935
1930
1924
1938
1938
1943
1944
1950
1973
1982
1993
1999
2011
2024
2039
2049
2101
2120
2140
2156
2204
2216
2228
2246
2262
2267
2272
2277
2287
2295
2299
2297
2291
2252
2245
2239
2236
2207
2201
2198
2188
2176
2141
2138
2133
2133
2125
2119
2119
2115
2091
2082
2068
2061
2041
2027
2018
2010
2004
2003
1993
1987
1988
1983
1981
1977
1971
1972
1977
1980
1988
1965
1955
1957
1956
1927
1922
1921
1921
1930
1942
1940
1939
1939
1937
1941
1948
1955
1984
1994
2007
2020
2027
2030
2039
2051
2056
2077
2087
2101
2109
2114
2118
2118
2117
2092
2092
2098
2097
2106
2112
2106
2094
2079
2079
2070
2068
2068
2061
2067
2065
2064
2052
2036
2027
2032
2007
1999
1993
1993
1992
1990
1981
1978
1990
1985
1980
1979
1983
1991
1998
2001
1996
1979
1981
1973
1961
1936
1946
1956
1950
1924
1926
1928
1926
1923
1915
1931
1946
1954
1950
1950
1944
1941
1954
1957
1957
1957
1988
1989
1990
2000
2004
2021
2021
2019
2026
2026
2028
2037
2052
2067
2066
2072
2072
2055
2052
2047
2046
2052
2048
2044
2037
2037
2017
2009
1998
2001
2004
2006
2006
2012
2008
2016
2012
2013
2030
2031
2037
2043
2046
2047
2044
2034
2026
2024
2029
2035
2036
2038
2041
2045
2050
2036
2032
2036
2038
2039
2043
2044
2046
2041
2045
2043
2040
2035
2024
2017
2011
2009
2019
2026
2030
2031
2038
2052
2064
2072
2076
2096
2109
2118
2119
2120
2122
2127
2137
2140
2142
2137
2134
2123
2111
2104
2100
2089
2063
2050
2039
2029
2027
2027
2027
2031
1985
1984
1990
1992
1975
1972
1981
1982
1980
1977
1979
1986
1990
1996
1998
2004
1999
2010
2014
2019
2019
2016
2015
2011
2009
2004
2002
1993
1987
1982
1965
1962
1963
1956
1956
1958
1961
1965
1976
1975
1974
1984
1993
1997
2011
2024
2036
2042
2045
2051
2052
2059
2060
2063
2069
2068
2069
2065
2064
2042
2037
2038
2039
2039
2017
2019
2018
2019
2017
2008
2005
2001
1991
1990
1986
1980
1989
1990
1991
1993
1984
1988
1987
1994
1995
2010
2010
2014
2010
2017
2020
2023
2031
2023
2026
2032
2036
2054
2051
2043
2037
2027
2025
2025
2022
2018
2012
2021
2023
2019
1990
1982
1976
1988
1989
2002
2016
2015
2010
2011
1992
2000
2026
2042
2033
2026
2036
2046
2066
2075
2056
2085
2076
2073
2091
2086
2102
2096
2068
2051
2060
2026
2015
2037
2049
2025
2003
2005
1965
1988
2014
2002
2023
1999
1980
1997
2032
1988
2024
2052
2040
2013
2030
2068
2080
2101
2096
2060
2050
2053
2068
2102
2092
2062
2086
2068
2021
2019
2061
2078
2042
2017
2025
2010
2024
2033
2009
2023
1990
1961
1987
1986
2002
2018
1998
2013
2033
2006
1985
2013
2045
2040
2020
2033
2000
2008
2046
2052
2072
2059
2047
2048
2028
2001
1997
2027
2037
2027
2012
2029
2021
2029
2030
2018
2025
2022
2012
2020
2036
2015
2025
2019
2010
1997
1992
2005
2024
2049
2045
2026
2028
2043
2036
2052
2066
2072
2077
2065
2049
2056
2033
2022
2021
2041
2052
2039
2032
2029
2002
2013
2022
2014
2020
2017
2007
2007
2005
2003
1993
2005
2002
1989
1991
2000
1998
1985
1987
1975
1968
1979
1972
1976
1989
1989
1988
1994
1998
1990
1980
1979
1996
2007
2004
1995
1996
2001
1998
1987
1972
1975
2001
1996
2001
2008
2007
2010
2021
2026
2019
2021
2029
2046
2059
2080
2039
1962
1862
1606
1672
1712
1793
1909
2215
2309
2356
2397
2426
2409
2400
2413
2408
2439
2465
2447
2279
2228
2176
2131
2080
2027
2006
1985
1969
1971
1962
1938
1904
1884
1911
1941
1958
1979
1944
1923
1900
1914
1946
1997
2030
2045
2076
2081
2076
2060
2040
2037
2042
2053
2139
2119
2084
2043
1885
1854
1826
1822
1846
1935
1976
2003
2022
2038
2050
2058
2054
2004
2005
2012
2013
1988
1975
1960
1960
1962
1969
2006
2044
2079
2106
2126
2126
2110
2052
2055
2069
2089
2145
2142
2135
2120
2034
2016
2014
2020
2029
2020
1997
1967
1942
1923
1906
1896
1886
1938
1942
1949
1960
1963
1966
1975
1981
1985
2013
2015
2023
2029
2027
2016
1998
1977
1926
1926
1935
1947
2039
2061
2078
2094
2090
2085
2083
2083
2064
2018
2010
1999
1985
1973
1961
1957
1949
1942
1940
1953
1959
1970
1972
1974
1975
1981
2008
2025
2040
2052
2072
2092
2101
2101
2083
2081
2079
2077
2052
2047
2032
2015
2006
1993
1985
1977
1983
1991
1993
1987
1984
1962
1952
1946
1949
1969
1974
1968
1947
1821
1790
1770
1753
1741
1769
1807
1842
1860
1871
1884
1895
1904
1920
1932
1927
1920
1951
1953
1954
1957
1964
1995
2017
2047
2078
2111
2138
2154
2161
2255
2270
2296
2330
2476
2522
2571
2609
2632
2669
2689
2714
2735
2751
2770
2784
2757
2477
2416
2405
2376
2433
2477
2521
2574
2627
2621
2585
2543
2546
2599
2605
2622
2625
2611
2597
2563
2507
2285
2239
2193
2147
1903
1819
1740
1674
1626
1540
1526
1514
1496
1470
1447
1415
1380
1113
1063
1054
1067
1190
1247
1296
1331
1355
1416
1454
1496
1529
1563
1605
1648
1687
1683
1663
1638
1627
1642
1676
1713
1741
1848
1856
1862
1864
1867
1889
1898
1909
1917
1929
1928
1916
1893
1894
1906
1935
1974
2116
2130
2131
2129
2134
2108
2122
2148
2169
2184
2191
2190
2173
2154
2134
2113
2093
2011
2012
2005
1993
1884
1866
1853
1839
1836
1822
1802
1793
1795
1799
1800
1804
1814
1868
1888
1891
1887
1939
1959
1976
1994
2007
2012
2025
2028
2024
2012
2009
2022
2026
2052
2089
2101
2109
2131
2120
2140
2160
2174
2247
2270
2280
2286
2287
2291
2310
2330
2282
2255
2216
2197
2113
2106
2112
2127
2147
2224
2248
2279
2309
2327
2334
2346
2360
2381
2385
2387
2389
2417
2419
2415
2408
2349
2347
2350
2343
2338
2324
2329
2330
2323
2315
2318
2312
2301
2169
2145
2126
2110
2083
2075
2071
2066
2061
2032
2019
2000
1982
1968
1956
1950
1949
1923
1920
1908
1895
1894
1884
1885
1894
1915
1979
1996
2001
2007
2007
2005
2008
2017
2022
2014
2008
2017
2065
2082
2102
2116
2187
2219
2244
2257
2257
2252
2260
2262
2262
2256
2236
2218
2207
2145
2118
2073
2025
1967
1973
1981
1986
1983
1986
1974
1956
1939
1914
1881
1845
1801
1718
1700
1677
1644
1568
1566
1573
1575
1572
1600
1609
1614
1620
1628
1625
1624
1626
1680
1702
1717
1727
1764
1773
1783
1794
1827
1844
1865
1879
1886
1876
1872
1865
1861
1872
1887
1896
1907
1959
1980
2004
2029
2125
2150
2173
2195
2220
2251
2255
2251
2247
2244
2231
2223
2214
2163
2146
2135
2128
2077
2069
2064
2056
2048
2020
2012
2013
2014
2007
1999
1994
1988
1946
1933
1924
1915
1890
1890
1888
1885
1886
1901
1916
1934
1959
1990
2021
2042
2054
2103
2111
2125
2133
2143
2142
2144
2146
2165
2161
2153
2144
2137
2121
2118
2111
2107
2100
2091
2091
2095
2066
2051
2048
2041
1996
1989
1986
1990
1993
1991
1989
1987
1997
2007
2017
2030
2049
2065
2066
2074
2079
2141
2144
2148
2155
2162
2179
2185
2181
2184
2180
2177
2171
2169
2184
2181
2173
2165
2134
2128
2117
2117
2123
2121
2121
2120
2124
2105
2089
2076
2070
2063
2055
2048
2045
2011
2006
2000
2003
2009
2023
2026
2028
2026
2045
2039
2041
2045
2035
2024
2015
2006
1961
1949
1939
1939
1920
1922
1926
1938
1941
1935
1942
1950
1958
1970
1979
1989
2013
2040
2037
2037
2043
2040
2039
2038
2033
2036
2051
2046
2042
2038
2043
2052
2049
2050
2052
2059
2061
2056
2057
2062
2075
2075
2071
2065
2059
2039
2028
2005
1996
1993
1992
1986
1961
1954
1956
1972
1974
1967
1943
1924
1918
1912
1909
1910
1909
1912
1915
1916
1906
1914
1925
1939
1943
1952
1957
1959
1967
1974
1980
1988
2002
2034
2041
2055
2067
2074
2087
2098
2102
2103
2086
2083
2081
2072
2062
2062
2070
2074
2053
2056
2060
2056
2056
2065
2063
2050
2046
2045
2038
2024
2014
2012
2007
2002
1999
1966
1967
1960
1952
1942
1938
1931
1934
1953
1948
1939
1945
1955
1977
1988
2004
2014
2018
2019
2028
2035
2038
2037
2037
2038
2056
2063
2076
2076
2078
2083
2092
2095
2101
2104
2108
2113
2114
2087
2078
2071
2072
2054
2048
2048
2048
2047
2016
2015
2015
2015
2006
2008
2008
2011
2010
2012
2019
2018
2017
2021
2029
2036
2038
2039
2036
2037
2039
2042
2033
2032
2042
2033
2026
2031
2033
2046
2049
2053
2069
2064
2066
2071
2067
2072
2063
2053
2061
2063
2059
2056
2058
2064
2073
2070
2075
2075
2080
2087
2098
2095
2106
2107
2093
2090
2090
2083
2073
2064
2055
1996
1990
1975
1968
1949
1951
1953
1954
1946
1946
1944
1949
1948
1951
1946
1935
1929
1933
1939
1943
1952
1957
1959
1955
1950
1965
1970
1972
1981
1980
1995
2002
1999
2005
2015
2024
2031
2037
2061
2067
2074
2075
2068
2060
2061
2060
2058
2065
2064
2067
2066
2065
2059
2056
2051
2038
2040
2041
2035
2022
2025
2037
2040
2033
2025
2019
2013
2014
2005
2010
2008
2007
2011
2022
2030
2034
2039
2049
2066
2071
2067
2059
2047
2044
2051
2037
2040
2040
2037
2032
2033
2024
2012
2014
2002
2003
2006
1993
1987
1987
1990
1987
1988
1992
1992
2002
2001
2008
2010
2015
2022
2022
2026
2027
2020
2020
2017
2017
2023
2015
2020
2026
2029
2014
2012
2009
1998
1996
1994
1996
1998
1996
1996
1992
1998
2033
2034
2034
2034
2041
2049
2053
2056
2058
2063
2069
2075
2089
2095
2091
2093
2095
2084
2075
2070
2071
2063
2056
2052
2057
2064
2050
2049
2050
2042
2030
2030
2033
2027
2001
1995
1996
1995
1987
1983
1984
1981
1977
1970
1972
1977
1972
1966
1971
1977
1980
1978
1980
1979
1982
1978
1978
1983
1983
1989
1984
1985
1988
1992
1993
1988
1991
1999
2027
2029
2034
2043
2055
2062
2064
2066
2060
2056
2054
2054
2052
2051
2051
2051
2055
2058
2056
2059
2056
2067
2071
2071
2064
2068
2070
2073
2076
2080
2071
2060
2065
2067
2063
2063
2065
2066
2037
2037
2033
2027
2012
2009
2001
1993
2001
2003
2009
2009
2015
2013
2012
2018
2023
2028
2030
2032
2034
2023
2022
2014
2015
2033
2029
2030
2032
2038
2045
2047
2050
2043
2030
2031
2031
2026
2018
2015
2018
2015
1987
1988
1990
1989
1993
1999
2000
2005
2012
2030
2055
2043
1992
1589
1541
1550
1604
2103
2213
2283
2328
2285
2303
2329
2349
2352
2345
2304
2237
2169
2099
2033
1971
1934
1982
2006
2026
2042
1966
1941
1925
1914
1907
1912
1919
1923
1918
1904
1883
1859
1839
1877
1923
1972
2015
2152
2157
2153
2138
2041
2018
2002
2002
2018
2045
2032
2015
1999
1981
1963
1943
1927
1929
1958
1994
2026
2037
2012
1985
1962
1950
1988
2014
2030
2040
2042
2039
2030
2022
2022
2046
2078
2115
2191
2188
2175
2158
2138
2128
2144
2172
2197
2225
2244
2252
2246
2094
2049
2021
2003
1996
2001
2000
1992
1917
1914
1917
1926
1939
1993
1995
1989
1990
1989
1980
1978
1984
2034
2042
2050
2055
1988
1974
1964
1959
1957
1970
1980
1993
2007
2028
2040
2045
2051
2035
2021
2015
2008
1985
1974
1957
1943
1927
1886
1878
1876
1877
1889
1905
1916
1933
1960
1964
1969
1973
2007
2026
2047
2067
2092
2091
2083
2079
2077
2072
2073
2081
2085
2081
2071
2059
2045
1997
2006
2015
2024
2047
2041
2030
2020
2016
2035
2050
2066
2082
2098
2110
2113
2110
2045
2033
2023
2023
2048
2060
2068
2069
2067
2055
2047
2037
2031
2029
2022
2010
2001
1930
1903
1882
1865
1851
1865
1881
1890
1900
1902
1898
1896
1895
1899
1905
1915
1923
1929
1936
1944
1951
1974
1991
2008
2025
2091
2099
2110
2121
2131
2152
2160
2165
2177
2185
2195
2200
2216
2260
2269
2282
2288
2326
2337
2351
2359
2354
2316
2297
2300
2312
2305
2275
2250
2248
2190
2197
2211
2220
2255
2267
2265
2251
2230
2198
2178
2169
2139
2081
2084
2073
2052
2048
2058
2072
2091
2052
2036
2004
1970
1897
1874
1857
1848
1869
1816
1747
1702
1657
1584
1522
1512
1533
1654
1665
1670
1684
1739
1787
1835
1870
1898
1967
1962
1953
1939
1927
1929
1942
1955
2039
2044
2034
2015
1918
1903
1885
1869
1836
1826
1813
1793
1770
1744
1739
1741
1757
1785
1818
1856
1887
2026
2053
2074
2085
2152
2171
2184
2208
2231
2261
2255
2252
2255
2252
2243
2234
2213
2168
2164
2156
2142
2018
1991
1976
1962
1916
1916
1905
1895
1874
1820
1813
1806
1800
1806
1822
1847
1861
1886
1878
1871
1871
1898
1924
1952
1981
2001
2039
2037
2028
2019
2011
2006
2008
2007
2016
2008
1999
1981
1963
1972
1977
1991
2048
2048
2039
2036
2036
2021
2029
2039
2052
2066
2081
2092
2095
2140
2155
2173
2177
2213
2218
2230
2250
2260
2297
2312
2322
2338
2351
2360
2370
2377
2381
2376
2365
2353
2281
2263
2243
2224
2202
2149
2130
2107
2088
2067
2065
2057
2047
2043
2042
2047
2056
2048
2041
2037
2029
2063
2081
2096
2104
2108
2073
2060
2046
2041
2039
2033
2031
2026
2015
2000
1987
1973
1959
1937
1936
1941
1949
1961
1974
1978
1976
1969
1970
1980
1988
1993
1996
2006
2020
2034
2038
2035
2034
2033
2028
2031
2044
2060
2067
2094
2091
2086
2081
2073
2060
2051
2049
2011
2016
2020
2026
2009
1997
1982
1977
1943
1936
1933
1930
1929
1930
1932
1930
1922
1916
1911
1922
1933
1948
1959
1962
1959
1966
1962
1966
1972
1972
1968
1971
1976
1981
1981
1986
1993
1997
1983
1977
1971
1959
1917
1905
1902
1899
1891
1881
1876
1875
1880
1887
1890
1888
1895
1909
1916
1925
1941
1970
1976
1981
1986
2009
2021
2034
2057
2075
2095
2087
2080
2073
2067
2063
2062
2056
2035
2016
2010
2002
1975
1965
1955
1952
1954
1949
1946
1944
1948
1942
1945
1951
1956
1977
1978
1986
2000
2034
2036
2046
2044
2051
2052
2059
2065
2065
2067
2061
2057
2056
2046
2046
2041
2043
2062
2056
2053
2047
2037
2035
2038
2036
2040
2028
2022
2019
2019
2028
2016
2011
2018
2030
2042
2054
2062
2084
2089
2097
2107
2115
2130
2128
2126
2135
2153
2161
2163
2162
2129
2117
2116
2117
2103
2094
2083
2075
2067
2045
2047
2041
2035
2039
2037
2038
2038
2022
2015
2012
2008
2006
2007
2013
2018
2024
2015
2015
2018
2015
2008
2005
2003
2003
1999
2018
2023
2020
2023
2033
2035
2032
2029
2047
2057
2067
2076
2076
2076
2069
2067
2056
2038
2038
2041
2045
2038
2030
2030
2033
2032
2036
2040
2056
2066
2074
2072
2064
2068
2066
2066
2062
2070
2071
2071
2065
2064
2044
2038
2041
2044
2041
2036
2036
2037
2038
2025
2019
2011
2006
1999
1997
2001
2002
2005
2006
2005
2002
1999
1992
1982
1983
1988
1984
1983
1986
1989
1994
1992
1993
1998
2007
2012
2010
2014
2025
2032
2029
2025
2028
2028
2028
2023
2019
2015
2010
2008
2002
2000
2004
2001
2001
2004
1994
1994
1996
2008
2012
2017
2023
2034
2038
2036
2034
2032
2004
2005
2011
2015
2008
2017
2018
2015
2020
2019
2012
2011
2010
1998
1987
1979
1983
1962
1958
1957
1958
1955
1945
1949
1945
1946
1946
1946
1952
1955
1963
1964
1964
1966
1980
1981
1985
1994
2019
2023
2023
2022
2021
2032
2034
2043
2050
2060
2065
2071
2074
2080
2085
2081
2078
2079
2079
2079
2080
2083
2063
2062
2060
2058
2058
2062
2065
2062
2062
2058
2063
2063
2061
2062
2068
2067
2073
2086
2085
2084
2084
2082
2087
2096
2103
2093
2094
2082
2079
2062
2054
2054
2054
2066
2057
2051
2037
2025
2020
2010
2008
2009
2003
1994
1984
1977
1963
1953
1947
1944
1934
1930
1932
1935
1938
1944
1949
1952
1951
1954
1967
1986
1996
2002
2006
2015
2023
2025
2042
2043
2049
2055
2061
2059
2062
2065
2064
2051
2044
2039
2039
2040
2036
2036
2034
2030
2025
2024
2020
2033
2032
2036
2048
2052
2047
2046
2044
2047
2051
2054
2051
2047
2040
2039
2046
2057
2062
2057
2053
2052
2055
2054
2057
2051
2044
2033
2033
2031
2027
2018
2011
2006
2004
2001
1993
1984
1976
1972
1969
1968
1970
1975
1976
1981
1980
1986
1985
1986
1988
1995
1993
1988
1992
1996
2003
2009
2008
2008
2015
2020
2024
2030
2032
2043
2046
2054
2063
2062
2080
2079
2077
2079
2085
2082
2076
2072
2064
2056
2053
2052
2033
2020
2019
2020
2019
2013
2002
1993
1990
1991
1995
1997
1997
1994
1989
1992
1996
1989
1989
1988
1988
2003
2009
2006
2006
2002
1995
1989
1993
1997
2004
2007
2005
2007
2028
2029
2028
2015
2019
2013
2013
2013
2019
2018
2020
2019
2012
2015
2023
2027
2031
2060
2066
2071
2070
2071
2079
2085
2077
2053
2057
2061
2063
2059
2051
2049
2046
2044
2047
2049
2048
2047
2040
2037
2043
2044
2053
2061
2066
2067
2069
2063
2060
2057
2051
2042
2043
2045
2043
2026
2022
2016
2011
2004
2004
2000
1995
1985
1988
1982
1982
1983
1987
1983
1979
1984
1980
1987
1989
1992
2000
2004
2008
2009
2011
2007
2006
2010
2014
2029
2033
2041
2039
2043
2049
2054
2063
2063
2066
2065
2067
2059
2066
2065
2057
2053
2041
2040
2038
2031
2030
2033
2045
2054
2072
2068
2067
2072
2068
2069
2076
2079
2042
2041
2038
2035
2033
2018
2011
2007
2008
2011
2014
2010
2005
1977
1984
1989
1990
1986
1978
1975
1978
1981
1983
1978
1980
1986
1991
1990
1989
1988
1985
1986
1990
2001
2009
2012
2012
2014
2023
2025
2028
2036
2041
2050
2052
2045
2047
2049
2055
2054
2051
2035
2034
2041
2039
2168
2138
2028
1881
1713
1562
1712
1899
2093
2270
2395
2435
2419
2183
2151
2142
2154
2224
2207
2172
2123
1755
1698
1679
1714
1785
2073
2137
2161
2149
2114
2068
2023
1985
1965
1990
2029
2060
2021
1979
1933
1893
1870
1973
2064
2153
2214
2241
2236
2214
2186
1991
1938
1906
1903
2090
2118
2114
2070
2010
1843
1826
1856
1916
2000
2084
2152
2198
2073
2007
1938
1876
1918
1978
2043
2089
2040
1999
1962
1934
1920
1994
2028
2061
2088
2106
2111
2097
2065
1886
1876
1903
1951
2159
2164
2145
2107
2057
1960
1952
1958
1977
1996
2012
2035
2045
1977
1951
1933
1921
1997
2032
2058
2075
1996
1984
1986
2002
2025
2084
2084
2082
2069
2045
2013
1987
1971
1982
1992
2007
2023
2054
2057
2045
2027
2015
2025
2036
2049
2065
2082
2087
2086
2080
2001
1975
1958
1956
1990
1994
1996
1991
1985
1985
1987
1996
2023
2045
2060
2083
2101
2100
2086
2060
2040
2016
2029
2046
2061
2064
2012
1976
1932
1898
1871
1864
1861
1875
1897
1900
1895
1880
1895
1923
1961
2000
2058
2047
2024
1995
1962
1898
1897
1905
1927
1954
1988
2018
2045
2098
2102
2116
2129
2191
2202
2208
2206
2202
2154
2153
2156
2175
2191
2210
2238
2264
2313
2318
2320
2321
2324
2327
2329
2334
2338
2333
2323
2322
2323
2317
2307
2311
2304
2390
2321
2242
2177
1956
1955
1955
1984
2028
2031
2036
2016
1996
2007
2015
2031
2046
2053
2048
2043
2025
1861
1826
1807
1797
1826
1832
1832
1831
1822
1760
1743
1725
1710
1706
1706
1718
1732
1752
1742
1724
1699
1659
1673
1690
1713
1744
1853
1876
1882
1877
1874
1874
1873
1888
2002
2023
2034
2031
1983
1978
1979
1996
2071
2080
2085
2078
2056
1985
1963
1945
1947
1961
1976
1993
2005
1997
2000
1998
1996
2000
2008
2014
2013
2020
2030
2015
1999
1989
1974
1968
1975
1995
2081
2088
2098
2105
2070
2062
2057
2053
2057
2059
2047
2043
2038
2035
2019
1994
1983
1979
1993
2007
2006
1970
1960
1952
1953
2008
2010
2023
2036
2037
2023
2027
2015
2007
2004
2006
2006
2010
2039
2049
2054
2042
2069
2077
2108
2121
2131
2193
2196
2189
2189
2192
2192
2200
2205
2188
2188
2162
2157
2141
2137
2147
2146
2166
2170
2181
2187
2184
2171
2151
2126
2123
2143
2161
2160
2162
2169
2166
2177
2169
2157
2135
2133
2144
2137
2090
2091
2058
2026
2027
2048
2052
2037
2049
2051
2049
2051
2030
2023
2015
1997
2003
2008
2009
2014
2022
2019
2014
2020
2025
2018
2011
2006
2008
1999
1988
1975
1987
2003
2020
2037
2031
2028
2037
2020
2013
2027
2026
2007
2007
2036
2018
2045
2035
2010
2030
2020
2049
2062
2045
2034
2022
2002
1997
1999
1995
1987
1982
1957
1951
1943
1942
1940
1942
1948
1941
1948
1944
1944
1951
1955
1928
1920
1907
1902
1896
1892
1896
1894
1893
1898
1907
1910
1924
1923
1923
1934
1941
1944
1935
1932
1937
1938
1930
1928
1939
1946
1954
1952
1945
2077
2026
1980
1941
1893
1834
1870
1912
1961
2007
2042
2062
2083
2113
2105
2090
2086
2001
1991
1986
1988
2028
2039
2064
2083
2091
2076
2068
2051
2025
2006
1984
1977
1972
1975
1980
1998
2020
2066
2061
2066
2069
2068
2097
2111
2111
2107
2097
2081
2069
2068
2044
2040
2039
2036
2082
2099
2104
2105
2039
2026
2022
2008
1982
1935
1925
1929
1953
1976
1994
2011
2024
1994
2003
2009
2010
2007
2007
2017
2029
2039
2072
2081
2098
2112
2129
2141
2149
2153
2145
2142
2144
2147
2127
2121
2098
2081
2081
2109
2121
2134
2149
2155
2157
2157
2156
2095
2082
2073
2072
2069
2076
2081
2078
2090
2096
2098
2102
2103
2108
2106
2106
2097
2095
2088
2094
2096
2056
2043
2033
2021
1967
1968
1971
1970
1961
1942
1930
1923
1918
1912
1899
1885
1877
1898
1899
1900
1897
1897
1896
1900
1902
1920
1923
1934
1946
1957
1975
1979
1986
1988
1986
1988
2003
2006
2030
2039
2049
2059
2057
2053
2042
2038
2038
2024
2026
2034
2039
2046
2051
2055
2055
2057
2062
2070
2078
2065
2067
2065
2070
2083
2089
2096
2101
2100
2097
2098
2091
2081
2060
2052
2050
2039
2006
1998
1987
1979
1957
1949
1949
1952
1961
1969
1963
1954
1949
1945
1951
1949
1948
1954
1955
1957
1965
2004
2008
2007
2005
2008
2010
2018
2030
2045
2052
2052
2053
2052
2040
2038
2036
2030
2008
2010
2012
2011
2013
2024
2018
2013
2013
2018
2018
2020
2021
2025
2025
2033
2031
2054
2054
2059
2064
2069
2079
2085
2082
2087
2085
2083
2081
2081
2088
2088
2083
2077
2058
2055
2062
2067
2033
2028
2025
2027
2034
2023
2013
2008
2007
2005
2001
2005
2007
1985
1981
1977
1977
1983
1981
1984
1991
2001
2013
2011
2015
2016
2012
2013
2024
2026
2048
2050
2058
2065
2064
2073
2070
2072
2077
2080
2086
2086
2091
2056
2064
2072
2067
2054
2058
2056
2046
2018
2008
2011
2019
2008
2001
1999
2003
2003
2004
1998
1985
1992
2005
2011
2014
2025
2027
2033
2029
2028
2031
2027
2030
2034
2025
2023
2019
2005
1999
1993
1988
1993
1996
1986
1972
1978
1985
1975
1978
1975
1971
1961
1964
1969
1977
1982
1990
1990
1994
2002
2010
2021
2015
2021
2027
2040
2051
2054
2070
2072
2074
2075
2075
2057
2054
2059
2056
2054
2055
2059
2058
2051
2046
2037
2040
2036
2032
2036
2042
2041
2041
2037
2050
2055
2041
2046
2045
2035
2035
2044
2041
2037
2029
2026
2020
2018
2037
2031
2025
2015
2017
2003
1998
2002
2013
2000
1995
2008
2010
1998
1994
1999
2003
1988
1995
1993
1994
1992
2011
2014
2005
2009
2018
2024
2023
2033
2034
2032
2032
2035
2037
2036
2041
2052
2054
2040
2037
2041
2032
2017
2013
2026
2024
2008
1992
1992
2002
2000
2006
2007
2013
2018
2013
2002
2006
2024
2022
2029
2032
2034
2039
2050
2055
2053
2059
2062
2057
2060
2077
2080
2082
2078
2069
2063
2055
2042
2045
2051
2053
2046
2045
2031
2035
2038
2032
2043
2041
2045
2047
2049
2045
2054
2057
2050
2055
2047
2042
2046
2052
2042
2038
2042
2033
2033
2033
2033
2006
2004
2005
2001
1997
2001
1989
1992
2002
1997
1993
2001
1998
1977
1981
1973
1960
1968
1964
1966
1973
1977
1983
1984
1989
1996
2003
2006
2016
2023
2023
2019
2022
2037
2044
2048
2045
2050
2064
2058
2058
2060
2070
2057
2053
2054
2053
2053
2055
2044
2041
2042
2041
2043
2042
2017
2019
2015
2012
2015
2015
2011
2009
2009
2012
2015
2016
2019
2016
2016
2013
2021
2026
2024
2020
2021
2022
2020
2019
2025
2024
2018
2014
2015
2019
2017
2016
2022
2023
2003
1997
1998
1994
1987
1985
1985
1984
1991
1990
1995
2003
2000
2007
2006
2007
2009
2021
2023
2030
2026
2016
2017
2016
2020
2022
2027
2030
2031
2029
2025
2029
2036
2038
2040
2042
2031
2025
2059
2053
2033
2014
1950
1953
1970
1999
2020
2060
2069
2078
2087
2098
2108
2125
2140
2131
2128
2106
2088
2045
2049
2057
2063
2070
2094
2095
2091
2086
2077
2057
2046
2040
2007
1996
1990
1990
1974
1970
1966
1963
1991
2003
2017
2020
2030
2043
2036
2027
2026
2019
2014
2018
2022
2022
2030
2040
2038
2039
2040
2038
2042
2050
2048
2038
2031
2019
2007
1997
1991
1995
2008
2008
2012
2013
2018
2014
2014
2015
2011
2012
2019
2021
2024
2026
2033
2036
2039
2049
2049
2055
2063
2064
2054
2049
2039
2010
2006
2007
2013
2010
2021
2019
2019
2021
2018
2013
2014
2013
1991
1987
1993
1996
1977
1974
1972
1975
1979
1985
1993
1997
2006
2005
2009
2014
2015
2020
2021
2023
2028
2037
2041
2037
2035
2039
2040
2040
2041
2043
2042
2038
2037
2031
2024
2022
2023
2019
1999
2008
2006
2009
1993
1998
2006
2005
2005
2020
2026
2032
2036
2035
2036
2042
2046
2059
2068
2070
2067
2071
2068
2058
2056
2054
2040
2051
2048
2043
2043
2045
2043
2037
2030
2031
2031
2036
2020
2015
2012
2002
1996
1992
1997
2004
2004
2001
2000
1995
1992
1989
1991
1993
1994
2002
2007
2003
2001
1992
1991
1997
2000
2004
2001
2006
2000
2003
2002
2005
2006
2006
2016
2017
2017
2024
2028
2025
2023
2023
2051
2052
2062
2070
2066
2067
2068
2069
2067
2066
2069
2069
2065
2083
2083
2082
2089
2091
2093
2097
2091
2087
2078
2073
2069
2069
2065
2058
2058
2058
2037
2041
2047
2051
2039
2035
2029
2030
2025
2021
2017
2017
2024
2019
2015
2012
2015
2013
2010
2017
2017
2043
2047
2061
2061
2033
2015
2006
2010
2005
2008
2013
2018
2026
2033
2035
2035
2035
2057
2065
2076
2073
2046
2037
2033
2037
2039
2061
2063
2071
2071
2069
2061
2056
2046