1954
1928
1908
1885
1799
1781
1761
1740
1719
1672
1661
1648
1629
1609
1595
1584
1576
1528
1518
1517
1520
1528
1544
1563
1574
1596
1629
1647
1673
1704
1727
1763
1802
1837
1932
1962
1994
2025
2153
2178
2220
2257
2284
2362
2382
2395
2417
2442
2456
2446
2446
2498
2518
2541
2545
2545
2550
2549
2548
2545
2546
2543
2531
2515
2453
2437
2415
2396
2297
2268
2235
2213
2194
2115
2086
2061
2042
2025
1998
1967
1949
1864
1847
1826
1800
1728
1719
1705
1689
1673
1634
1632
1629
1629
1629
1630
1627
1626
1626
1621
1627
1645
1683
1694
1701
1712
1724
1780
1791
1805
1819
1832
1859
1879
1899
1953
1969
1987
2000
2017
2051
2059
2075
2094
2109
2128
2139
2151
2192
2201
2214
2226
2267
2272
2279
2282
2284
2302
2311
2313
2302
2295
2288
2287
2287
2270
2268
2275
2275
2238
2226
2227
2225
2218
2151
2140
2140
2135
2127
2117
2104
2091
2031
2009
1980
1957
1925
1898
1871
1845
1831
1811
1800
1787
1764
1748
1742
1735
1736
1701
1710
1712
1717
1729
1721
1732
1749
1761
1776
1787
1808
1819
1876
1901
1911
1922
1998
2025
2034
2040
2048
2116
2132
2138
2149
2160
2176
2195
2214
2264
2272
2280
2292
2311
2323
2329
2336
2340
2342
2339
2331
2320
2310
2317
2318
2314
2243
2230
2223
2205
2130
2110
2096
2086
2071
2019
1989
1971
1960
1939
1910
1890
1883
1816
1799
1793
1784
1764
1725
1710
1713
1725
1719
1716
1709
1716
1725
1729
1732
1748
1760
1755
1757
1773
1792
1824
1838
1849
1856
1857
1873
1888
1909
1986
2005
2022
2036
2083
2101
2120
2136
2150
2194
2207
2215
2229
2249
2268
2281
2285
2303
2305
2316
2329
2329
2338
2335
2334
2331
2322
2315
2302
2291
2265
2257
2242
2231
2180
2165
2155
2144
2132
2085
2064
2045
2041
2028
2009
1999
1991
1937
1929
1924
1928
1900
1901
1899
1883
1870
1856
1854
1848
1850
1850
1846
1847
1844
1850
1845
1842
1844
1868
1877
1886
1898
1904
1908
1924
1928
1926
1927
1936
1944
1941
1961
1960
1965
1976
2016
2013
2011
2011
2025
2068
2073
2077
2090
2098
2100
2105
2120
2144
2155
2171
2178
2174
2177
2182
2200
2205
2197
2191
2190
2194
2171
2160
2141
2131
2106
2105
2098
2081
2074
2051
2027
2012
2002
2001
1991
1978
1985
1933
1929
1927
1922
1893
1889
1876
1876
1890
1871
1869
1874
1872
1870
1876
1873
1869
1869
1883
1897
1903
1914
1921
1932
1938
1952
1989
2004
2009
2001
1999
2014
2027
2039
2081
2073
2082
2090
2120
2132
2148
2155
2157
2169
2173
2181
2185
2187
2190
2196
2200
2188
2174
2167
2169
2180
2169
2167
2165
2156
2145
2138
2136
2137
2115
2099
2090
2084
2063
2062
2059
2052
2035
2021
2013
2010
2014
2016
2005
1989
1983
1948
1948
1942
1935
1938
1927
1915
1910
1908
1890
1898
1904
1893
1882
1880
1882
1880
1889
1896
1901
1908
1914
1924
1936
1938
1951
1956
1954
1951
1960
1977
1994
2012
2022
2040
2049
2062
2081
2090
2093
2096
2101
2100
2101
2111
2119
2118
2098
2092
2091
2095
2084
2088
2087
2081
2073
2065
2065
2063
2063
2070
2069
2068
2064
2049
2044
2044
2038
2030
2032
2034
2030
2023
2020
2018
2018
2011
1999
1995
1997
2003
2004
2006
2007
2011
2019
2029
2042
2046
2042
2018
2023
2034
2042
2039
2042
2047
2049
2058
2058
2066
2071
2064
2056
2053
2044
2046
2035
2026
2023
2021
2012
2007
1994
1992
1975
1974
1973
1976
1973
1971
1975
1977
1983
1992
1996
1992
1989
2001
2004
2011
2025
2039
2048
2056
2060
2061
2087
2090
2086
2087
2082
2072
2067
2078
2072
2076
2071
2070
2062
2053
2043
2038
2033
2010
2010
2012
2006
2000
1996
1988
1977
1956
1958
1961
1966
1964
1947
1940
1941
1944
1949
1952
1954
1956
1984
1996
2010
2010
2028
2022
2023
2028
2030
2026
2029
2028
2032
2038
2037
2042
2048
2064
2058
2055
2059
2043
2049
2055
2046
2044
2043
2034
2027
2023
2026
2028
2026
2026
2037
2040
2046
2045
2033
2037
2043
2038
2042
2046
2044
2046
2046
2036
2035
2043
2042
2020
2028
2028
2022
2015
2035
2028
2031
2032
2035
2034
2025
2020
2006
2003
2002
2004
1986
1985
1976
1979
1982
1975
1973
1985
1987
1975
1967
1982
1996
2020
2024
2023
2029
2058
2060
2069
2080
2093
2096
2100
2106
2112
2114
2114
2129
2143
2138
2140
2126
2112
2104
2126
2138
2144
2143
2130
2110
2103
2097
2037
2039
2035
2029
2011
1996
1992
1988
1972
1930
1919
1903
1887
1886
1894
1898
1897
1898
1898
1906
1904
1902
1918
1928
1927
1930
1951
1946
1954
1955
1956
1955
1955
1967
2005
2018
2029
2035
2067
2076
2088
2102
2111
2090
2089
2091
2095
2091
2099
2115
2121
2097
2097
2097
2096
2097
2067
2064
2057
2056
2051
2039
2028
2026
2034
2042
2038
2028
2025
2010
2003
2010
2012
2014
2024
2026
2019
2025
2035
2044
2048
2025
2010
2014
2025
2004
2005
2006
2003
1994
1961
1935
1926
1939
1935
1932
1936
1936
1959
1958
1962
1964
1998
1999
2005
2007
2009
2022
2023
2022
2030
2032
2040
2048
2060
2084
2086
2083
2090
2105
2128
2129
2128
2129
2128
2125
2120
2124
2104
2100
2097
2094
2104
2098
2099
2105
2099
2069
2062
2047
2033
2032
2031
2031
2032
2058
2063
2064
2064
2065
2060
2061
2059
2058
2039
2035
2031
2023
2014
1999
1979
1955
1900
1893
1889
1888
1892
1903
1905
1895
1899
1889
1871
1856
1855
1848
1829
1808
1798
1818
1833
1845
1863
1927
1934
1933
1951
1974
2021
2037
2053
2070
2083
2091
2099
2101
2095
2090
2083
2090
2090
2083
2090
2097
2103
2122
2137
2136
2122
2098
2095
2110
2127
2154
2153
2161
2167
2172
2178
2190
2195
2196
2197
2198
2211
2216
2240
2241
2249
2254
2258
2245
2233
2224
2228
2217
2204
2190
2179
2164
2155
2146
2118
1997
1974
1952
1935
1870
1856
1843
1834
1836
1817
1809
1803
1796
1793
1780
1777
1772
1785
1801
1805
1816
1854
1870
1883
1886
1890
1903
1915
1927
1937
1939
1953
1970
1994
1982
1968
1954
1943
1949
1958
1969
1973
1970
1974
1986
1992
1996
2011
2030
2039
2042
2070
2073
2079
2087
2093
2108
2111
2119
2118
2111
2104
2102
2113
2109
2104
2108
2120
2114
2104
2106
2108
2118
2133
2137
2143
2150
2152
2148
2155
2154
2123
2113
2103
2087
2046
2035
2029
2025
2020
1987
1980
1973
1976
1973
1969
1962
1969
1954
1938
1922
1911
1900
1866
1854
1837
1823
1808
1802
1802
1805
1810
1813
1805
1805
1845
1864
1878
1889
1908
1928
1935
1950
1965
1968
1984
2004
2022
2055
2075
2077
2087
2129
2146
2165
2188
2198
2230
2249
2257
2261
2266
2267
2271
2273
2288
2290
2284
2279
2249
2239
2226
2226
2229
2202
2198
2197
2193
2189
2185
2174
2168
2152
2148
2143
2153
2155
2135
2125
2112
2106
2096
2082
2077
2071
2019
2006
1987
1975
1930
1929
1916
1899
1883
1848
1837
1825
1819
1812
1803
1792
1780
1772
1766
1766
1771
1768
1771
1782
1792
1807
1866
1866
1877
1894
1912
1931
1952
1967
2014
2016
2022
2027
2062
2058
2059
2065
2063
2061
2060
2061
2053
2045
2043
2039
2038
2030
2024
2025
2030
2020
2021
2022
2026
2034
2047
2050
2048
2057
2067
2076
2082
2081
2097
2092
2093
2098
2113
2115
2118
2122
2127
2129
2128
2129
2129
2098
2102
2106
2106
2080
2071
2060
2046
2036
2008
2001
1990
1984
1980
1976
1974
1973
1967
1960
1960
1956
1957
1959
1954
1949
1946
1941
1941
1943
1951
1958
1962
1966
1981
1998
2005
2021
2035
2057
2055
2064
2075
2084
2086
2087
2083
2083
2079
2080
2081
2084
2077
2085
2089
2096
2098
2113
2113
2114
2113
2105
2106
2119
2123
2132
2132
2135
2125
2118
2113
2108
2101
2096
2072
2062
2047
2036
2025
2014
1998
1981
1953
1943
1929
1922
1900
1898
1900
1893
1887
1865
1863
1864
1861
1859
1860
1867
1870
1872
1880
1889
1890
1902
1916
1919
1916
1923
1937
1952
1957
1963
1984
1992
1996
2004
2007
2013
2020
2020
2023
2040
2047
2048
2053
2066
2075
2081
2086
2130
2149
2164
2173
2179
2188
2197
2210
2216
2213
2215
2207
2199
2201
2199
2201
2204
2183
2177
2165
2156
2151
2140
2136
2130
2124
2111
2097
2092
2089
2066
2063
2049
2031
1995
1987
1982
1973
1952
1948
1942
1928
1926
1930
1925
1928
1926
1922
1918
1926
1943
1943
1939
1936
1930
1931
1941
1943
1935
1927
1921
1913
1912
1910
1931
1929
1930
1935
1945
1949
1944
1947
1951
1969
1980
1990
1998
2010
2017
2026
2030
2042
2057
2071
2080
2100
2107
2104
2108
2113
2124
2124
2126
2124
2116
2116
2114
2112
2099
2093
2091
2086
2083
2080
2071
2063
2051
2041
2031
2021
2013
1981
1983
1978
1984
1957
1954
1950
1943
1939
1959
1966
1967
1967
1965
1963
1956
1967
1976
1961
1963
1971
1966
1967
1976
1991
1998
1996
1989
1996
2012
2025
2031
2025
2018
2036
2049
2063
2066
2074
2087
2100
2100
2099
2091
2103
2113
2114
2110
2111
2116
2118
2139
2139
2136
2134
2139
2152
2151
2144
2134
2133
2131
2132
2130
2110
2112
2109
2089
2046
2037
2029
2022
2015
2003
2000
2000
1992
1987
1981
1973
1971
1966
1965
1956
1960
1937
1933
1929
1925
1927
1944
1938
1935
1933
1930
1931
1941
1951
1952
1946
1938
1939
1941
1941
1937
1938
1945
1944
1946
1946
1946
1950
1948
1946
1950
1934
1936
1944
1957
1970
1966
1973
1985
1998
2014
2026
2029
2038
2084
2088
2094
2094
2114
2119
2119
2114
2111
2111
2118
2119
2124
2115
2108
2117
2119
2109
2104
2101
2104
2094
2091
2090
2085
2078
2061
2058
2056
2058
2058
2062
2063
2066
2048
2046
2049
2049
2056
2054
2045
2037
2042
2042
2038
2029
2031
2020
2018
2019
2022
2016
2013
2015
2017
2019
2004
2003
1995
1992
1996
2002
2004
2012
2009
2011
2010
2009
2017
2020
2023
2027
2029
2016
2021
2022
2028
2029
2030
2020
2016
2014
2016
2017
2019
2025
2041
2051
2051
2052
2053
2045
2042
2042
2047
2050
2048
2044
2024
2017
2020
2024
2028
2011
2014
2006
2006
2007
2011
2011
2007
2005
2009
2001
1996
1989
1990
1987
1983
1977
1979
1979
1979
1979
1982
1990
1988
1987
1986
1989
1995
1998
1996
2002
2011
2018
2016
2001
2002
2002
1997
2001
2008
2012
2013
2017
2026
2028
2022
2030
2024
2024
2031
2033
2040
2046
2045
2036
2031
2038
2044
2043
2047
2032
2029
2044
2053
2032
2037
2040
2041
2038
2036
2043
2044
2040
2039
2036
2039
2041
2043
2045
2044
2046
2061
2050
2043
2040
2052
2055
2052
2044
2026
2018
2021
2025
2032
2033
2035
2040
2040
2040
2032
2029
2036
2041
2035
2030
2034
2038
2044
2044
2046
2043
2035
2038
2044
2045
2044
2045
2036
2035
2034
2033
2029
2036
2035
2035
2033
2031
2040
2030
2035
2041
2045
2046
2039
2032
2025
2015
2037
2067
2094
2070
2052
2040
2030
2031
2031
2023
2028
2037
2046
2058
2064
2059
2013
2003
1999
1993
1953
1973
1997
1994
1987
1969
1963
1973
1991
1999
1997
1987
1980
1975
1988
1998
2008
2012
2000
2004
2024
2039
2040
2027
2025
2040
2049
2045
2056
2078
2062
2065
2067
2068
2074
2060
2048
2048
2057
2066
2069
2069
2069
2051
2037
2024
2014
1982
1978
1978
1990
2002
1965
1966
1959
1956
1951
1934
1920
1909
1938
1944
1949
1955
1985
1983
1977
1986
1992
2010
2011
1998
1985
1999
2024
2042
2041
2039
2035
2042
2050
2046
2036
2022
2016
2027
2042
2057
2060
2050
2062
2054
2034
2020
2003
2003
2010
2010
2013
2011
2018
2020
2008
1996
1990
1997
2003
2007
2012
2035
2051
2087
2104
2107
2106
2113
2109
2114
2118
2118
2106
2099
2093
2095
2100
2090
2084
2080
2052
2046
2042
2034
2031
2038
2035
2019
2009
2006
2002
1999
1993
1980
1975
1965
1954
1950
1951
1948
1952
1961
1966
1964
1974
1983
2004
2016
2018
2015
2058
2067
2087
2091
2093
2084
2077
2069
2067
2066
2061
2061
2057
2058
2039
2027
2036
2026
2031
2037
2043
2045
2025
2011
2006
2001
1990
1984
1992
1997
1974
1976
1983
1988
1984
1979
1961
1931
1925
1898
1929
1988
2028
2041
2028
2012
2003
1969
1983
1989
1987
2001
2054
2057
2051
2059
2079
2101
2100
2090
2051
2051
2061
2073
2063
2059
2068
2075
2074
2089
2103
2107
2105
2108
2110
2108
2103
2116
2113
2095
2078
2128
2125
2109
2099
2097
2085
2088
2090
2087
2078
2080
2074
2073
2057
2065
2068
2069
2050
2045
2042
2039
2036
2015
2000
1992
1990
1985
1972
1948
1930
1932
1947
1956
1956
1954
1921
1914
1916
1919
1910
1907
1917
1937
1941
1946
1945
1942
1942
1950
1946
1933
1930
1946
1956
1970
1981
1972
1961
1952
1945
1962
1973
1976
1975
1969
1986
2007
2013
2020
2027
2034
2027
2018
2016
2031
2035
2036
2062
2076
2096
2113
2140
2135
2134
2137
2139
2147
2161
2178
2182
2174
2172
2170
2174
2166
2156
2138
2122
2060
2054
2042
2034
2027
2002
1992
1979
1976
1970
1970
1959
1959
1957
1949
1940
1931
1927
1899
1897
1895
1904
1902
1893
1883
1883
1865
1877
1876
1881
1886
1895
1901
1911
1922
1949
1945
1943
1956
1971
1971
1973
1985
2031
2035
2034
2042
2065
2075
2086
2101
2118
2146
2149
2147
2152
2151
2159
2168
2174
2221
2220
2220
2233
2245
2239
2248
2256
2250
2242
2243
2252
2261
2249
2234
2227
2225
2191
2181
2173
2155
2146
2116
2098
2091
2083
2067
2048
2033
2029
1985
1985
1981
1964
1917
1908
1910
1906
1888
1866
1870
1871
1864
1863
1862
1866
1873
1870
1870
1874
1870
1875
1879
1882
1889
1895
1901
1905
1904
1900
1900
1910
1921
1922
1931
1937
1934
1937
1941
1948
1964
1976
1989
1994
1997
1998
2000
2035
2028
2026
2034
2056
2050
2045
2049
2060
2045
2053
2054
2055
2054
2059
2072
2083
2084
2079
2079
2081
2076
2079
2077
2079
2077
2086
2087
2087
2090
2093
2088
2078
2080
2094
2098
2101
2094
2085
2078
2074
2071
2061
2039
2031
2016
2008
2006
2008
2014
2012
1992
1977
1967
1966
1968
1967
1962
1960
1972
1979
1980
1979
1979
1997
2009
2018
2021
2023
2023
2026
2034
2045
2070
2074
2077
2074
2072
2084
2090
2100
2092
2084
2079
2085
2084
2086
2086
2084
2077
2060
2054
2052
2048
2041
2036
2037
2042
2017
2013
2003
1998
1995
2000
2002
1999
1986
1998
2000
1994
1992
1991
1983
1972
1971
1955
1969
1966
1959
1960
1969
1959
1956
1961
1966
1960
1956
1954
1959
1969
1970
1966
1980
1979
1991
2001
2002
1993
1992
1988
1985
1990
1995
2006
2014
2030
2036
2035
2032
2066
2065
2068
2076
2089
2084
2094
2103
2107
2103
2099
2100
2097
2073
2075
2082
2089
2085
2066
2073
2072
2068
2061
2065
2078
2086
2070
2062
2050
2057
2061
2067
2073
2068
2069
2070
2058
2055
2060
2056
2058
2055
2047
2051
2057
2057
2053
2050
2044
2042
2043
2043
2044
2043
2044
2036
2023
2014
2008
2010
1979
1972
1964
1957
1945
1946
1943
1939
1939
1951
1952
1959
1957
1968
1981
1989
1993
1995
1998
2002
2007
2016
2013
2013
2006
2006
2008
2007
2017
2019
2015
2008
2019
2031
2040
2039
2046
2051
2046
2054
2052
2054
2062
2069
2060
2066
2062
2073
2066
2056
2052
2050
2050
2048
2039
2035
2036
2030
2020
2015
2005
2002
2003
2002
1966
1967
1971
1971
1951
1954
1955
1948
1949
1941
1946
1956
1952
1955
1966
1972
1980
1999
2009
2016
2020
2028
2051
2054
2052
2054
2059
2064
2067
2068
2051
2058
2067
2065
2069
2067
2074
2077
2074
2068
2071
2076
2082
2083
2080
2074
2065
2058
2057
2059
2067
2068
2074
2076
2071
2070
2057
2050
2050
2056
2060
2053
2053
2054
2039
2035
2030
2030
2025
2014
2012
2007
2009
2004
2014
2013
2014
2013
2006
1995
1990
2003
1998
1998
1997
2001
2011
2020
2026
2029
2037
2048
2052
2051
2035
2043
2045
2047
2053
2055
2054
2044
2042
2041
2036
2034
2030
2031
2022
2012
2005
1993
1987
1982
1979
1973
1969
1974
1974
1972
1956
1951
1944
1948
1950
1947
1942
1945
1947
1942
1949
1966
1982
1983
1989
1988
1991
2014
2018
2018
2027
2038
2042
2051
2062
2068
2065
2067
2070
2072
2065
2072
2074
2073
2071
2065
2060
2063
2058
2053
2054
2055
2035
2029
2029
2026
2029
2023
2021
2015
2012
2015
2023
2032
2031
2023
2024
2022
2014
2043
2044
2044
2032
2028
2042
2056
2065
2065
2065
2063
2059
2062
2055
2060
2059
2057
2063
2057
2047
2041
2040
2036
2028
2033
2033
2015
2016
2021
2023
2032
2043
2038
2032
2025
2035
2031
2031
2033
2030
2019
2019
2023
2018
2016
2026
2030
2022
2030
2034
2029
2028
2034
2026
2022
2028
2030
2020
2015
2023
2018
2004
1993
1997
2001
2010
2018
2016
2011
2019
2023
2018
2018
2009
2004
2002
2004
1995
1992
2003
2013
2010
2002
2008
2010
2020
2030
2035
2038
2038
2036
2035
2048
2051
2037
2041
2034
2035
2041
2039
2035
2036
2043
2031
2012
2005
2006
2007
2003
1996
1994
1980
1981
1983
1984
1982
1968
1966
1965
1959
1960
1968
1984
1997
2004
2017
2024
2027
2050
2060
2057
2052
2057
2056
2060
2071
2072
2065
2057
2052
2043
2075
2071
2070
2073
2074
2065
2057
2047
2044
2049
2058
2056
2051
2035
2038
2032
2029
2027
2034
2035
2036
2036
2029
2030
2020
2024
2025
2024
2016
2009
2027
2027
2037
2049
2056
2042
2024
2015
2018
2020
2018
2027
2037
2040
2050
2052
2049
2036
2023
2010
2017
1999
2017
2026
2031
2026
2016
2011
2012
2026
2033
2023
2023
2034
2056
2064
2055
2052
2055
2041
2031
2022
2017
2025
2027
2028
2038
2037
2042
2047
2053
2024
2016
2019
2021
2022
2016
2012
1999
2003
2013
2022
2003
1983
1989
1984
1989
1988
1973
1970
1964
1956
1960
1989
2002
2011
2008
2012
2015
2016
2015
2007
2010
2018
2025
2025
2022
2026
2031
2036
2044
2047
2054
2056
2064
2071
2072
2070
2048
2047
2041
2025
2024
2035
2038
2033
2026
2019
2009
2006
2008
2002
2006
2000
1992
1992
1986
1986
1993
1999
1984
1988
2006
2016
2019
2016
2016
2020
2001
2013
2020
2029
2037
2038
2036
2033
2039
2044
2043
2040
2044
2038
2027
2034
2042
2069
2059
2051
2053
2041
2040
2046
2046
2045
2032
2030
2035
2041
2040
2048
2057
2053
2029
2019
2015
2028
2006
2018
2022
2025
2026
2045
2033
2028
2031
2034
2020
2008
1996
1986
1986
1990
1994
1999
2018
2026
2022
2017
2024
2022
2014
2010
2008
2014
2020
2021
2012
2020
2023
2019
2020
2039
2040
2048
2050
2049
2047
2044
2040
2062
2076
2090
2100
2105
2104
2097
2089
2086
2077
2078
2081
2088
2093
2109
2114
2109
2111
2102
2097
2092
2091
2067
2062
2064
2068
2066
2051
2046
2045
2080
2079
2083
2082
2054
2045
2042
2046
2047
2023
2025
2027
2019
2017
2019
2021
2018
1984
1974
1965
1956
1935
1924
1921
1925
1920
1919
1914
1915
1922
1925
1921
1921
1925
1927
1929
1939
1945
1956
1951
1959
1963
1969
1967
1963
1971
1978
1977
1973
1975
1972
1993
1992
1991
1990
1997
1994
1987
1982
1979
1981
1986
1982
1977
1984
1990
1999
2001
2031
2035
2038
2046
2057
2069
2067
2076
2078
2084
2091
2098
2106
2116
2114
2117
2123
2107
2105
2102
2096
2090
2078
2077
2070
2066
2071
2061
2046
2043
2016
2009
1998
1989
1984
1987
1986
1978
1969
1951
1950
1952
1948
1951
1947
1947
1941
1970
1973
1970
1971
1976
1975
1988
1995
1996
1999
2001
2000
2001
2012
2017
2032
2037
2050
2043
2033
2024
2033
2040
2052
2056
2058
2053
2058
2058
2065
2091
2096
2107
2107
2110
2112
2119
2124
2125
2129
2135
2134
2130
2150
2152
2149
2142
2136
2138
2145
2146
2134
2132
2133
2129
2117
2098
2088
2078
2071
2058
2049
2040
2029
2002
2002
2002
2001
2007
1993
1984
1972
1978
1984
1977
1975
1976
1989
1990
1993
1996
1988
1988
1993
1993
1993
1997
1993
1997
1999
1998
1999
2001
1998
1995
1995
1994
1991
1984
1985
1984
1978
1978
1973
1974
1984
1989
1974
1970
1969
1977
1990
1988
1995
1995
1993
2000
1998
1993
2004
2016
2016
2009
2013
2011
2017
2022
2024
2023
2029
2021
2016
2022
2020
2022
2032
2037
2029
2012
2010
2021
2031
2034
2024
2012
1998
1998
1994
1993
1985
1986
1982
1978
1983
1994
1985
1969
1968
1970
1957
1961
1967
1974
1981
1978
1988
1999
2014
2015
2021
2025
2029
2031
2037
2041
2077
2086
2084
2084
2077
2087
2090
2095
2099
2085
2087
2088
2098
2099
2104
2108
2107
2111
2108
2107
2106
2083
2080
2074
2077
2073
2069
2071
2068
2061
2053
2054
2058
2052
2051
2051
2051
2063
2062
2050
2047
2039
2023
2012
2014
2018
2011
1996
1985
1975
1969
1962
1952
1948
1938
1928
1925
1921
1916
1914
1915
1915
1915
1913
1930
1933
1936
1941
1963
1965
1967
1976
1981
2000
1995
1990
1994
2005
2012
2020
2033
2049
2059
2073
2083
2097
2092
2089
2095
2106
2126
2129
2123
2115
2117
2127
2125
2119
2094
2092
2092
2087
2085
2077
2081
2083
2081
2082
2089
2091
2092
2072
2071
2073
2079
2050
2053
2059
2062
2063
2026
2020
2022
2023
2018
2014
2007
2002
2013
2007
2007
2005
2012
2013
2008
2007
2019
2012
2004
2002
1991
1988
1994
1991
1988
1981
1977
1978
1977
1966
1970
1967
1965
1968
1956
1961
1970
1975
1980
1982
1975
1967
1970
1976
1988
1997
1999
2012
2013
2017
2018
2022
2022
2020
2028
2051
2054
2060
2062
2056
2058
2054
2054
2053
2041
2034
2036
2041
2043
2035
2027
2026
2029
2026
2024
2030
2038
2038
2042
2049
2056
2055
2058
2057
2054
2053
2047
2050
2048
2047
2037
2040
2045
2016
2010
2005
2007
2015
1992
1995
2002
2003
2000
2000
1993
1994
1999
1994
1995
1994
1999
2003
2001
2000
1993
1986
1983
1991
1994
1990
1994
1993
1997
2016
2032
2042
2043
2042
2050
2041
2042
2044
2042
2042
2046
2051
2059
2068
2068
2068
2079
2082
2078
2073
2073
2068
2067
2073
2077
2073
2065
2068
2066
2058
2052
2041
2037
2035
2033
2028
2019
2017
2008
2006
1995
1981
1981
1985
1990
1995
2001
1997
1995
1997
2000
2024
2026
2019
2021
2020
2019
2010
2004
2020
2022
2022
2020
2020
2025
2027
2027
2034
2036
2035
2041
2046
2044
2041
2048
2054
2048
2053
2058
2062
2055
2049
2046
2040
2033
2036
2038
2034
2032
2032
2028
2021
2014
2005
2011
2019
2018
2006
2011
2005
2002
2002
1997
1989
1988
1986
1988
1987
1996
2001
2005
2002
2001
2007
2013
2015
2018
2028
2029
2017
2010
2012
2022
2029
2027
2023
2019
2016
2018
2025
2024
2022
2006
2007
2009
2016
2022
2022
2023
2033
2042
2030
2025
2025
2035
2028
2026
2031
2031
2042
2041
2042
2044
2047
2048
2045
2046
2028
2024
2033
2041
2023
2027
2025
2027
2027
2013
2008
2003
2001
2001
1997
1989
1996
2007
1998
2000
2002
2036
2041
2037
2039
2043
2047
2046
2046
2052
2057
2056
2060
2059
2049
2051
2051
2053
2057
2035
2038
2039
2032
2031
2033
2038
2038
2018
2027
2029
2033
2033
2024
2022
2022
2029
2028
2031
2033
2042
2041
2033
2025
2020
2029
2034
2038
2033
2041
2046
2063
2076
2074
2078
2073
2068
2072
2075
2075
2067
2059
2040
2038
2043
2047
2011
2002
2001
2002
1995
2004
2002
1994
1996
1991
1988
1994
1999
2007
2000
1995
2003
2022
2014
2016
2025
2024
2018
2021
2021
2027
2023
2019
2021
2022
2037
2039
2041
2041
2026
2004
2004
1999
1997
2001
2005
2000
1995
1980
1982
1978
1970
1963
1970
1979
1984
1992
2004
2002
2005
2006
2008
2015
2021
2026
2042
2046
2047
2038
2038
2043
2046
2041
2039
2038
2042
2035
2033
2037
2035
2036
2042
2027
2032
2032
2030
2012
2016
2023
2026
2029
2000
1996
1998
1992
1990
1987
1992
1997
1993
1993
1991
1998
2007
1998
1993
1998
2016
2048
2082
2102
2107
2042
2032
2017
1997
1969
1987
2004
2026
2051
2094
2115
2130
2125
2118
2109
2097
2087
2079
2079
2076
2069
2081
2083
2089
2090
2095
2089
2094
2093
2090
2091
2095
2091
2080
2036
2030
2030
2026
2003
2000
2009
2018
2018
2002
2001
1997
1994
1988
1980
1968
1952
1943
1944
1945
1945
1944
1980
1982
1980
1976
1981
1978
1992
1997
1996
1997
2014
2012
2007
2008
2016
2021
2016
2009
2010
2018
2023
2035
2021
2016
2014
2009
2008
2024
2030
2040
2048
2057
2070
2085
2094
2092
2088
2083
2083
2085
2067
2062
2060
2069
2070
2075
2074
2071
2063
2063
2063
2062
2044
2031
2017
2008
2008
2001
1998
1989
1980
1975
1975
1969
1966
1978
1983
1989
1990
1970
1971
1964
1967
1970
1978
1986
1988
1997
2007
2012
2020
2027
2026
2031
2034
2034
2038
2041
2034
2027
2027
2032
2036
2035
2032
2043
2043
2047
2042
2043
2042
2046
2048
2054
2038
2031
2026
2024
2021
2023
2024
2030
2020
2024
2031
2029
2016
2018
2016
2014
2004
2010
2017
2021
2022
2025
2028
2030
2036
2045
2040
2042
2043
2031
2017
2006
2000
1999
1973
1968
1957
1950
1955
1963
1976
1981
1992
1997
2005
2012
1987
1992
1995
1993
1993
1996
2001
2021
2035
2043
2040
2047
2052
2060
2063
2068
2066
2083
2080
2079
2078
2080
2101
2110
2121
2127
2125
2129
2128
2142
2103
2046
2038
2207
2343
2178
2270
2231
2125
2084
2107
2094
2034
2063
2027
2021
2076
2096
2119
2035
2016
2090
2007
2000
2036
2038
1973
1940
1978
1999
2003
1985
1970
1977
1971
1974
2006
2012
1971
1962
1927
1904
1903
1904
1903
1906
1898
1923
1924
1927
1913
1889
1898
1907
1907
1900
1903
1895
1911
1930
1940
1949
1962
1970
2006
2022
2028
2032
2035
2027
2036
2044
2038
2038
2050
2059
2069
2088
2093
2101
2090
2061
2052
2057
2072
2080
2075
2083
2079
2069
2060
2059
2060
2057
2071
2062
2064
2075
2083
2075
2060
2040
2022
2003
1992
1977
1972
1975
1973
1970
1967
1998
2004
2004
2019
2027
2021
2020
2015
2010
2000
2006
2011
2010
2006
1993
1980
1972
1951
1962
1975
1981
1973
1975
1968
1955
1956
1963
1970
1977
1993
2018
2028
2040
2046
2057
2054
2063
2077
2083
2066
2078
2076
2072
2070
2059
2052
2052
2078
2086
2089
2091
2090
2088
2090
2087
2086
2102
2101
2098
2101
2102
2103
2106
2109
2089
2089
2092
2091
2077
2068
2063
2059
2056
2040
2036
2039
2033
2026
2027
2039
2043
2011
2001
2007
2010
2007
2021
2020
2012
2001
1981
1972
1978
1978
1998
1997
2003
1998
2019
2014
2019
2034
2046
2046
2037
2028
2026
2031
2029
2022
2025
2037
2040
2038
2043
2069
2064
2053
2050
2060
2065
2069
2074
2071
2066
2059
2055
2050
2040
2037
2028
2030
2024
2028
2033
2022
2017
2007
2002
2004
1998
1995
1990
1991
1993
2001
1998
1990
1981
1975
1967
1962
1967
1967
1946
1939
1936
1939
1943
1939
1940
1939
1934
1938
1939
1934
1930
1948
1953
1949
1949
1954
1964
1972
1979
1983
1988
1996
2002
2015
2019
2024
2029
2030
2022
2031
2037
2043
2043
2047
2055
2057
2075
2076
2075
2078
2078
2075
2059
2052
2052
2066
2070
2075
2071
2059
2049
2047
2046
2044
2051
2057
2044
2041
2046
2051
2048
2049
2042
2036
2027
2023
2024
2028
2040
2038
2039
2035
2037
2044
2045
2030
2031
2035
2036
2028
2026
2023
2029
2035
2029
2028
2023
2021
2023
2018
2015
2012
2003
1995
1998
2001
2006
2002
1993
1982
1986
1988
1992
2002
2007
2015
2014
2009
2012
2026
2031
2026
2023
2032
2028
2028
2040
2054
2055
2061
2066
2086
2088
2083
2085
2088
2087
2089
2087
2082
2073
2076
2082
2078
2065
2057
2044
2046
2051
2064
2055
2057
2055
2051
2045
2044
2050
2046
2045
2049
2042
2068
2062
2059
2060
2055
2040
2046
2053
2050
2039
2027
2019
2017
2010
2008
2008
2011
1989
1988
1991
2000
2007
2003
1998
1996
2000
2001
2010
2018
2024
1996
1992
1992
1995
1996
2001
2012
2007
1997
1998
2004
2009
2005
2005
2000
1999
2003
1988
1996
2004
1998
1988
1981
1979
1981
1984
1989
1992
1994
1996
1990
1989
1998
2000
1999
2003
2000
2004
2014
2010
1997
1998
1998
1997
1996
1998
2004
2002
1998
1993
1988
2006
2008
2012
2023
2037
2032
2038
2042
2041
2041
2043
2048
2049
2072
2067
2064
2069
2073
2081
2084
2081
2080
2072
2074
2085
2091
2089
2088
2080
2077
2071
2071
2070
2070
2062
2032
2034
2025
2017
2012
2012
2013
2010
1991
1993
1999
2008
2001
2001
1999
1998
1990
2001
1996
1999
2002
2001
1992
1989
1997
2005
2004
2004
1999
1993
1999
1998
1992
1991
1984
1992
1989
1991
2003
2006
2008
2011
2001
2002
2008
2013
2019
2016
2017
2020
2022
2022
2030
2031
2036
2044
2057
2063
2066
2078
2081
2092
2094
2099
2084
2086
2092
2093
2092
2095
2096
2100
2078
2083
2088
2086
2068
2061
2063
2057
2061
2059
2057
2052
2049
2044
2045
2044
2040
2023
2022
2014
2013
2003
2000
2002
1998
1993
1996
1987
1986
1990
2003
2006
2007
2019
2022
2028
2032
2033
2032
2037
2040
2051
2057
2039
2036
2034
2034
2031
2023
2020
2019
2000
2009
2013
2011
2017
2019
2020
2009
1995
1999
2004
1999
1998
1999
1995
1986
1990
2002
2000
1994
1991
1999
2001
2003
2008
2005
2003
2009
2011
2018
2022
2020
2017
2018
2021
2008
2005
2005
2006
2013
2012
2006
2004
1991
1989
1989
1991
1991
1995
2000
1992
1985
1983
1994
1999
2001
2012
2014
2007
2011
2010
2009
2003
2002
1998
1997
2000
1997
1995
2003
2004
2009
2014
2017
2018
2018
2022
2056
2064
2075
2085
2077
2079
2087
2089
2096
2087
2085
2079
2073
2068
2073
2071
2071
2064
2058
2056
2068
2057
2051
2048
2044
2035
2039
2048
2052
2046
2045
2046
2044
2042
2054
2057
2062
2063
2058
2040
2041
2042
2047
2048
2041
2039
2047
2023
2016
2017
2022
1992
1991
1988
1985
1991
1996
1991
1992
1990
1988
1983
1974
1966
1993
1991
1985
1984
1992
2002
2014
2018
2026
2037
2039
2041
2041
2042
2047
2056
2064
2060
2053
2046
2038
2053
2046
2042
2042
2043
2047
2051
2049
2046
2040
2041
2042
2033
2030
2033
2036
2038
2029
2021
2018
2020
2023
2034
2031
2034
2034
2031
2027
2031
2035
2028
2027
2023
2023
2016
2025
2031
2034
2037
2027
2020
2016
2015
2009
2012
2009
2011
1982
1980
1978
1974
1976
1976
1982
1987
1991
1994
1994
1995
1994
1973
1968
1976
1983
1997
2002
1996
1990
1997
2007
2011
2027
2043
2046
2049
2052
2065
2070
2071
2074
2074
2072
2079
2079
2078
2078
2071
2072
2059
2051
2055
2059
2052
2048
2030
2032
2027
2024
2040
2039
2036
2030
2021
2018
2026
2032
2036
2038
2033
2022
2017
2018
2020
2023
2034
2073
2127
2101
2055
2013
1988
1969
1941
1918
1923
1950
1962
1966
1973
1982
1974
1962
1956
1975
2012
2030
2039
2040
2039
2040
2033
2028
2026
2025
2027
2086
2104
2112
2115
2117
2117
2089
2078
2078
2076
2078
2092
2099
2044
2046
2045
2046
2002
1983
1982
1982
1973
1970
1976
1976
1987
1979
1977
1978
1986
1998
2009
2026
2030
2035
2045
2045
2048
2054
2064
2066
2068
2068
2075
2071
2066
2056
2015
2000
1999
2013
2032
2051
2042
2027
2012
2000
1988
1985
1984
2020
2033
2046
2047
2049
2050
2044
2035
2024
1974
1965
1969
1979
1990
2005
2012
2018
2020
2020
2030
2038
2045
2060
2063
2062
2070
2077
2079
2088
2097
2097
2095
2090
2084
2070
2052
2048
2041
2038
2035
2031
2032
2035
2039
2032
2017
2011
2005
1994
1982
1984
1988
1992
2007
2012
2005
2000
1997
1994
1991
1988
1994
2010
2007
2003
2000
2005
1987
1990
1997
1986
1979
1981
1989
1993
2002
1996
2004
2001
1988
1993
1999
1988
1975
1937
1922
1903
1889
1880
1866
1858
1863
1884
1890
1893
1899
1938
1943
1939
1934
1934
1922
1918
1914
1911
1918
1929
1929
1932
1990
2000
2008
2015
2058
2074
2098
2118
2137
2179
2191
2207
2233
2253
2279
2306
2321
2393
2414
2440
2463
2479
2502
2510
2508
2515
2524
2528
2530
2536
2488
2480
2515
2561
2519
2507
2454
2355
2254
2027
1962
1923
1909
1886
1850
1814
1775
1671
1651
1616
1583
1550
1566
1606
1614
1601
1631
1629
1625
1644
1666
1682
1703
1734
1788
1804
1819
1820
1818
1811
1806
1801
1803
1789
1782
1786
1805
1826
1838
1856
1869
1888
1891
1896
1899
1909
1918
1932
1949
1960
2030
2041
2050
2062
2075
2085
2103
2112
2191
2206
2215
2230
2255
2270
2295
2320
2332
2328
2322
2317
2307
2188
2171
2162
2158
2169
2161
2139
2116
2097
2035
2011
1993
1981
1974
1965
1952
1950
1936
1924
1917
1902
1843
1830
1826
1829
1836
1853
1859
1869
1878
1894
1913
1931
1941
1986
1994
1991
2000
2014
2042
2040
2033
2028
2024
2025
2023
2018
1942
1928
1926
1929
1948
1947
1941
1938
1938
1939
1955
1981
2010
2027
2041
2069
2097
2179
2203
2229
2252
2312
2318
2325
2334
2329
2323
2321
2323
2320
2318
2313
2315
2312
2270
2257
2241
2229
2172
2158
2149
2137
2126
2082
2069
2062
2049
2036
2020
2009
2001
1968
1950
1929
1917
1916
1889
1888
1874
1862
1856
1854
1858
1858
1825
1824
1823
1829
1836
1838
1840
1843
1840
1842
1852
1857
1872
1890
1902
1907
1920
1999
2017
2032
2052
2042
2028
2027
2047
2071
2109
2133
2152
2168
2171
2174
2191
2208
2248
2237
2233
2240
2261
2257
2256
2255
2244
2194
2178
2171
2166
2154
2132
2116
2104
2014
1984
1962
1939
1918
1870
1860
1856
1846
1840
1833
1822
1820
1805
1818
1827
1831
1837
1836
1834
1842
1846
1839
1847
1852
1859
1864
1875
1881
1880
1926
1932
1942
1958
1979
1988
1989
1984
1991
2013
2010
2006
2003
2004
2008
2010
2010
2032
2047
2057
2061
2091
2107
2123
2129
2132
2152
2162
2171
2171
2171
2187
2194
2190
2177
2180
2179
2171
2158
2151
2137
2127
2128
2129
2126
2123
2125
2096
2087
2086
2082
2083
2076
2075
2077
2065
2050
2042
2026
2020
2021
2018
2007
2013
2016
2020
2022
2020
2028
2026
2028
2030
2034
2024
2026
2020
2023
2025
2027
2020
2010
1994
1987
1977
1976
1938
1930
1923
1914
1902
1874
1865
1859
1859
1859
1851
1847
1844
1837
1839
1844
1853
1888
1899
1908
1916
1932
1981
1987
1998
2020
2044
2064
2083
2099
2144
2160
2167
2167
2173
2193
2188
2183
2183
2185
2184
2184
2180
2141
2126
2116
2111
2078
2069
2059
2050
2047
2041
2040
2042
2047
2048
2047
2042
2046
2043
2055
2067
2063
2033
2023
2017
2013
2012
2003
2002
1988
1979
1980
1977
1973
1971
1955
1952
1944
1943
1950
1940
1941
1943
1948
1955
1957
1964
1974
1994
2008
2015
2020
2041
2058
2067
2075
2083
2089
2089
2091
2094
2094
2094
2106
2104
2103
2099
2099
2094
2096
2088
2093
2091
2084
2073
2068
2075
2072
2066
2055
2047
2047
2042
2040
2042
2039
2013
2003