2055
2050
2044
2034
2036
2037
2041
2044
2045
2038
2035
2030
2029
2027
2025
2028
2024
2017
2007
2003
2005
2011
2020
2019
2013
2014
2013
2008
2009
2008
2004
2008
2014
2009
2005
2008
2010
2009
2014
2021
2031
2037
2043
2047
2040
2041
2039
2039
2037
2036
2040
2040
2046
2045
2045
2050
2037
2031
2038
2042
2040
2039
2045
2052
2052
2049
2041
2035
2033
2029
2026
2018
2007
2006
1995
1987
1980
1965
1960
1961
1961
1960
1954
1957
1959
1958
1960
1962
1965
1966
1961
1959
1964
1967
1979
1982
1985
1991
1993
1996
1997
2005
2011
2013
2020
2020
2021
2024
2029
2039
2041
2043
2044
2049
2059
2073
2080
2087
2093
2103
2109
2107
2109
2106
2104
2109
2109
2112
2103
2098
2101
2102
2092
2096
2094
2085
2058
2055
2053
2053
2048
2036
2030
2025
2021
2018
2016
2013
2008
1989
1995
1994
1992
1989
1991
1998
2002
2006
1998
1997
1992
1995
2001
1999
1999
2001
1989
1994
1999
2000
1995
1994
1993
1996
2006
2005
2015
2019
2018
2025
2028
2030
2031
2029
2027
2030
2030
2043
2043
2043
2042
2037
2034
2030
2029
2031
2022
2019
2015
2015
2016
2015
2016
2015
2001
2000
1996
1986
1982
1974
1975
1975
1990
1998
2000
2009
2015
2022
2023
2028
2041
2041
2037
2037
2037
2032
2033
2032
2031
2024
2026
2031
2028
2024
2022
2023
2018
2015
2024
2029
2033
2038
2047
2046
2039
2039
2050
2050
2046
2052
2059
2063
2059
2060
2061
2055
2056
2059
2061
2057
2056
2057
2057
2040
2040
2047
2046
2048
2042
2038
2038
2041
2045
2042
2041
2037
2029
2028
2034
2040
2043
2033
2023
2024
2028
2028
2031
2032
2034
2039
2041
2037
2038
2039
2042
2040
2037
2033
2021
2019
2014
2008
2006
2002
2001
1998
1986
1982
1981
1979
1977
1979
1979
1978
1971
1963
1967
1971
1977
1979
1980
1985
1989
1997
2006
2011
2013
2010
2013
2024
2021
2027
2029
2030
2036
2042
2050
2049
2047
2047
2047
2047
2058
2057
2056
2051
2054
2058
2052
2050
2050
2055
2057
2054
2054
2052
2056
2062
2063
2065
2068
2040
2039
2032
2021
1997
1988
1985
1979
1962
1964
1966
1974
1974
1981
1982
1988
1994
1998
2007
2004
2005
1988
1986
1985
1987
1995
1996
1998
1996
1994
2001
2006
2014
2019
2027
2026
2032
2037
2040
2037
2036
2033
2036
2035
2040
2047
2064
2067
2075
2076
2078
2062
2066
2059
2060
2064
2065
2064
2060
2044
2055
2059
2057
2050
2051
2050
2051
2056
2058
2059
2055
2052
2037
2037
2032
2029
2022
2020
2027
2031
2039
2040
2048
2052
2050
2037
2036
2043
2047
2022
2016
2013
2010
2002
2001
1994
1992
1995
2003
2006
2007
2013
2019
2021
2024
2024
2021
2021
2015
2015
2010
2010
2015
2016
2017
2024
2026
2023
2027
2030
2036
2036
2015
2012
2019
2023
2022
2011
2008
2003
2002
1997
1999
1999
1997
2016
2021
2023
2025
2043
2042
2043
2048
2060
2060
2062
2069
2074
2071
2071
2075
2078
2073
2068
2063
2067
2072
2070
2066
2067
2071
2063
2058
2052
2041
2035
2028
2021
2011
2005
1995
1990
1982
1991
1988
1979
1977
1982
1975
1976
1978
1977
1968
1966
1965
1965
1945
1934
1923
1918
1917
1918
1918
1923
1930
1930
1930
1931
1935
1963
1961
1960
1965
1970
1981
1990
1994
2000
2020
2027
2032
2034
2041
2048
2063
2076
2106
2112
2117
2113
2129
2125
2133
2139
2138
2132
2134
2136
2142
2107
2131
2160
2158
2150
2169
2196
2197
2142
2132
2122
2114
2048
2045
2033
2018
1991
1987
1988
1985
1985
2007
2013
2020
2025
2024
2022
2023
2022
2027
2020
2023
2039
2016
2014
2003
1984
1980
2010
2018
2031
2031
2030
2029
2021
2020
2014
2000
1989
1986
1971
1960
1945
1948
1941
1948
1957
1950
1949
1950
1947
1946
1942
1929
1928
1926
1918
1938
1952
1972
1981
2013
2026
2035
2048
2068
2121
2136
2129
2115
2096
2075
2055
2054
2053
2058
2069
2084
2102
2109
2121
2120
2068
2055
2044
2032
2021
2009
2007
1997
1984
1980
1979
1980
1985
1994
1986
1982
1985
2049
2054
2055
2055
2054
2073
2077
2080
2075
2067
2059
2048
2044
2024
2019
2009
1994
1965
1958
1954
1945
1919
1925
1922
1920
1918
1893
1890
1888
1887
1882
1880
1876
1873
1902
1916
1930
1943
1967
1982
1986
1986
1988
2031
2048
2070
2091
2107
2122
2134
2148
2186
2199
2209
2217
2190
2178
2172
2173
2130
2123
2121
2118
2119
2115
2117
2120
2121
2127
2134
2147
2157
2155
2146
2140
2128
2071
2054
2041
2029
2019
1991
1984
1967
1955
1944
1932
1922
1921
1912
1916
1917
1925
1952
1961
1965
1980
1976
1973
1970
1966
1960
1961
1970
1977
1983
1987
1991
1994
2002
2025
2029
2032
2034
2039
2035
2038
2036
2036
2041
2030
2023
2031
2032
2029
2023
2025
2018
2022
2022
2026
2032
2038
2042
2044
2055
2058
2058
2053
2055
2072
2078
2077
2076
2065
2060
2061
2059
2024
2033
2033
2035
2037
2037
2035
2029
2020
2014
2012
2010
2012
2019
2012
2004
1996
1965
1957
1956
1957
1950
1945
1947
1949
1968
1968
1978
1993
2017
2042
2051
2051
2058
2060
2058
2059
2061
2063
2060
2056
2043
2023
2015
2016
2015
2019
2017
2013
2016
2024
2019
2017
2017
2011
2019
2019
2021
2016
1994
1985
1985
1983
2004
2005
2012
2031
2040
2056
2061
2073
2086
2096
2099
2106
2116
2120
2124
2120
2114
2093
2085
2087
2088
2087
2068
2057
2050
2045
2044
2042
2034
2029
2031
2023
2017
2016
2010
2007
2004
2006
2014
2005
2000
1991
1995
2002
1993
1981
1982
1984
1988
1997
1991
1989
1989
1981
1973
1993
1989
1989
1986
1978
1975
1974
1970
1967
1972
1976
1983
1979
1977
1984
1985
1988
2021
2030
2030
2028
2020
2039
2070
2099
2122
2112
2084
2059
2041
2030
2028
2024
2030
2061
2068
2073
2076
2042
2032
2017
2006
2001
2019
2028
2032
2042
2040
2034
2021
2013
1992
1998
2005
2008
1972
1975
1977
1979
1987
1994
2005
2022
2040
2061
2071
2075
2070
2086
2097
2110
2117
2099
2091
2091
2094
2105
2102
2095
2094
2103
2097
2086
2081
2070
2054
2051
2050
2047
2010
1988
1980
1988
2011
2001
1986
1975
1959
1920
1909
1903
1900
1896
1908
1918
1922
1911
1910
1916
1921
1953
1962
1967
1977
2024
2031
2029
2028
2028
2028
2035
2046
2052
2057
2058
2061
2063
2072
2077
2090
2100
2104
2106
2105
2104
2105
2111
2105
2099
2105
2108
2109
2098
2091
2036
2024
2011
2007
2013
2017
2019
2013
2012
2008
2009
2002
2002
1991
1995
1998
1993
1992
1986
1988
1985
1959
1957
1958
1958
1974
1973
1977
1973
1975
1978
1985
1992
1993
1989
1987
1992
1998
1998
2001
2003
2002
1998
2003
2006
2005
1991
1989
1993
2008
2011
2023
2034
2047
2060
2068
2071
2075
2076
2078
2078
2078
2079
2084
2083
2084
2087
2094
2073
2074
2074
2079
2089
2088
2086
2091
2090
2085
2088
2084
2077
2075
2074
2068
2038
2033
2019
2013
2011
1993
1985
1982
1989
1993
1996
1995
1987
1996
1996
2000
2007
2015
2018
2020
2019
2021
2013
2018
2022
2022
2024
2020
2016
2015
2004
2000
2001
1999
1993
1992
1991
1991
1988
1987
1984
1977
1973
1979
1976
1978
1976
1976
1978
1982
1981
1998
1999
2003
2003
2026
2026
2037
2040
2053
2084
2087
2094
2103
2107
2114
2116
2111
2127
2123
2122
2121
2117
2115
2119
2119
2105
2099
2098
2095
2100
2076
2067
2056
2044
2037
2033
2035
2027
1984
1979
1970
1964
1947
1947
1950
1953
1954
1951
1947
1945
1941
1941
1936
1941
1953
1971
1974
1984
1991
2016
2018
2022
2029
2025
2023
2015
2014
2018
2022
2026
2025
2023
2022
2023
2022
2032
2020
2021
2023
2027
2045
2048
2042
2037
2035
2037
2035
2031
2036
2032
2036
2039
2031
2035
2040
2038
2044
2047
2049
2049
2050
2052
2043
2041
2041
2041
2016
2012
2007
2001
2000
1998
1994
1991
1974
1977
1972
1967
1968
1968
1974
1972
1973
1975
1977
1981
1988
1986
1977
1971
1971
1979
1978
1985
1989
1992
1995
1995
1996
2006
2017
2027
2037
2043
2041
2038
2040
2043
2048
2056
2060
2070
2057
2058
2067
2072
2070
2069
2065
2071
2073
2074
2082
2080
2080
2082
2087
2090
2094
2079
2077
2082
2082
2073
2068
2073
2074
2061
2057
2056
2058
2061
2062
2060
2059
2055
2053
2052
2052
2053
2043
2042
2042
2041
2034
2030
2030
2031
2036
2035
2033
2030
2025
2025
2025
2017
2019
1996
1992
1993
1988
1965
1964
1964
1958
1954
1957
1959
1962
1967
1983
1987
1985
1995
1999
2001
2004
2011
2021
2022
2021
2022
2031
2031
2032
2032
2029
2046
2043
2043
2045
2050
2046
2045
2046
2035
2032
2030
2031
2037
2038
2035
2033
2020
2022
2015
2012
2017
2021
2023
2022
2024
2028
2028
2028
2025
2032
2040
2052
2061
2050
2039
2034
2030
2023
2000
2001
1997
1996
1990
1992
1997
1996
1981
1982
1985
1990
1998
2005
2004
1998
1956
1963
1967
1974
1986
1987
1987
1984
1985
1990
1988
1992
1997
1982
1980
1988
1997
2010
2011
2013
2024
2027
2038
2035
2036
2045
2056
2068
2075
2081
2062
2065
2073
2072
2072
2073
2072
2074
2080
2101
2096
2092
2091
2089
2091
2092
2093
2080
2077
2069
2070
2042
2036
2034
2033
2027
2021
2011
2002
2003
2022
2021
2017
2019
2015
2014
2020
2013
1985
1984
1978
1979
1996
2002
2009
2009
2017
2017
2019
2027
2037
2040
2047
2055
2058
2047
2035
2031
2028
2037
2037
2041
2043
2054
2055
2059
2065
2075
2075
2078
2079
2074
2067
2061
2054
2051
2051
2051
2045
2036
2011
2014
2024
2031
2026
2005
2003
2008
2018
2022
2024
2022
2025
2003
2003
2006
2012
2016
2012
2017
2016
1998
1992
1993
1994
1995
1979
1975
1979
1981
1986
1993
1991
1990
2012
2015
2017
2032
2043
2045
2044
2047
2054
2059
2052
2052
2049
2040
2036
2032
2029
2006
2005
2001
1999
1974
1975
1972
1973
1971
1972
1967
1968
1969
1967
1961
1955
1951
1949
1956
1961
1963
1976
1977
1979
1984
1994
1997
1998
2008
2011
2045
2054
2038
2040
2063
2071
2055
2048
2077
2080
2083
2078
2037
2031
2045
2057
2034
2034
2024
2025
2037
2056
2063
2067
2067
2072
2069
2054
2048
2057
2058
2069
2072
2077
2081
2091
2103
2113
2116
2121
2116
2113
2118
2123
2128
2128
2114
2116
2108
2095
2073
2065
2059
2058
2022
2024
2024
2023
2022
2008
2007
2002
1994
1989
1990
1999
2001
2007
2015
2015
2021
2006
2001
1991
1982
1973
1970
1970
1972
1976
1977
1980
1984
1988
1963
1964
1968
1976
1989
1989
1988
1977
1954
1941
1934
1925
1916
1907
1905
1912
1915
1917
1915
1906
1908
1947
1963
1977
1994
2044
2054
2069
2078
2088
2093
2100
2106
2111
2112
2118
2126
2126
2128
2132
2134
2137
2128
2123
2119
2106
2101
2102
2095
2088
2077
2040
2030
2016
2010
2004
1997
1991
1986
1978
1972
1973
1973
1973
1977
1974
1974
1974
1967
1965
1962
1962
1959
1960
1963
1958
1940
1935
1933
1927
1907
1907
1907
1902
1906
1905
1900
1905
1916
1938
1946
1953
1962
1969
1982
1994
2006
2044
2048
2056
2066
2100
2112
2121
2127
2137
2143
2146
2147
2147
2147
2147
2143
2142
2149
2148
2141
2141
2151
2156
2145
2128
2141
2148
2172
2200
2207
2164
2133
2095
2072
2068
2064
2064
2054
2101
2107
2110
2094
2052
2027
1991
1966
1950
1917
1915
1923
1930
1933
1925
1918
1917
1900
1903
1888
1880
1905
1912
1919
1916
1906
1909
1915
1924
1950
1995
2012
2025
2024
2019
2032
2044
2064
2076
2073
2071
2066
2088
2088
2089
2093
2092
2070
2062
2050
2054
2058
2071
2064
2054
2025
2019
2025
2028
2042
2040
2042
2036
2047
2048
2056
2068
2071
2083
2078
2082
2083
2084
2085
2078
2064
2086
2084
2086
2082
2095
2085
2076
2055
2023
1974
1968
1962
1956
1960
1949
1945
1942
1895
1890
1880
1869
1850
1852
1846
1847
1845
1847
1850
1855
1870
1886
1903
1921
1939
1971
1972
1982
1990
2034
2049
2064
2080
2127
2131
2129
2134
2137
2142
2131
2127
2131
2135
2135
2128
2125
2115
2108
2107
2103
2100
2103
2103
2095
2084
2062
2058
2059
2063
2069
2073
2078
2083
2088
2090
2088
2077
2045
2041
2039
2043
2043
2043
2036
2028
2026
1986
1983
1970
1962
1958
1951
1943
1936
1899
1893
1896
1900
1901
1903
1906
1902
1907
1888
1890
1891
1888
1891
1899
1914
1926
1968
1976
1992
2008
2064
2078
2091
2094
2135
2145
2156
2165
2172
2185
2197
2207
2215
2220
2229
2227
2224
2201
2205
2198
2184
2150
2140
2132
2127
2115
2071
2059
2049
2037
2030
2021
2014
2013
1969
1960
1954
1939
1894
1884
1880
1883
1876
1872
1875
1880
1895
1929
1944
1958
1964
1964
1958
1942
1928
1910
1929
1935
1946
2018
2027
2038
2044
2044
2032
2023
2009
2011
2011
2015
2027
2039
2049
2053
2055
2054
2048
2048
2039
2037
2019
2011
2011
2015
2015
2022
2032
2035
2043
2050
2051
2060
2061
2081
2078
2082
2090
2088
2087
2095
2100
2107
2123
2126
2134
2137
2141
2142
2143
2136
2111
2102
2086
2075
2056
2053
2050
2044
1988
1973
1962
1958
1949
1921
1916
1919
1920
1919
1910
1908
1904
1915
1921
1921
1925
1944
1953
1962
1971
1977
1989
1990
1986
1987
1990
1984
1983
1981
1985
2000
2005
2013
2028
2035
2039
2044
2047
2045
2041
2043
2047
2043
2038
2039
2039
2046
2044
2049
2056
2051
2052
2053
2058
2065
2069
2080
2093
2105
2119
2119
2122
2119
2122
2122
2122
2122
2113
2106
2105
2096
2074
2068
2060
2048
2044
2029
2025
2013
2006
2002
1994
1989
1988
1971
1971
1973
1972
1970
1970
1964
1957
1950
1930
1929
1931
1933
1931
1938
1944
1951
1958
1973
1974
1972
1976
1986
1998
2012
2014
2052
2059
2065
2063
2054
2058
2058
2055
2054
2052
2047
2039
2033
2025
2024
2019
2020
2018
2017
2008
2003
2010
2007
2010
2009
1985
1980
1978
1968
1966
1950
1951
1948
1955
1959
1969
1972
1980
2007
2010
2011
2013
2028
2036
2039
2042
2053
2060
2064
2066
2072
2072
2077
2072
2075
2080
2081
2077
2081
2079
2078
2078
2078
2080
2075
2074
2079
2085
2080
2080
2076
2074
2066
2063
2051
2044
2030
2029
2027
2021
2024
2023
2022
2031
2039
2040
2048
2056
2061
2060
2062
2065
2076
2074
2070
2068
2062
2031
2033
2031
2024
2015
2015
2015
2016
2017
2015
2014
2010
2015
2015
2018
2024
2028
2016
2014
2017
2022
2018
2014
2013
2010
2001
1999
1992
1988
1984
1973
1979
1984
1991
1992
1991
1994
1996
1991
1996
2000
1995
1991
1993
1998
2004
2010
2006
2001
1994
1993
1998
2000
2002
1998
1998
2001
2008
2011
2022
2022
2027
2034
2030
2030
2023
2019
2020
2021
2021
2022
2019
2015
2006
2007
2009
2009
2015
2022
2028
2033
2037
2043
2043
2048
2044
2046
2048
2051
2052
2052
2053
2053
2042
2036
2032
2031
2030
2029
2030
2035
2037
2039
2032
2024
2026
2027
2027
2023
2022
2006
1998
1995
1984
1987
1985
1989
1992
1990
1992
1994
1997
2004
2002
2004
2010
2021
2039
2047
2049
2052
2050
2048
2048
2048
2037
2037
2036
2031
2028
2013
2011
2012
2014
2017
2013
2011
2016
2013
2017
2018
2019
2030
2031
2039
2045
2044
2036
2041
2044
2049
2056
2055
2055
2056
2054
2053
2058
2063
2066
2069
2068
2066
2067
2062
2054
2046
2043
2036
2033
2033
2033
2034
2039
2038
2034
2022
2017
2018
2029
2055
2063
2069
2063
2054
2043
2038
2031
2027
2030
2035
2031
2027
2024
2030
2036
2035
2023
2021
2020
2018
2014
2000
1989
1984
1983
1992
1995
1995
1996
1995
2004
2010
2009
1995
1994
1994
2005
2027
2028
2026
2031
2038
2038
2031
2027
2027
2029
2031
2036
2045
2043
2047
2054
2053
2037
2029
2024
2026
2029
2026
2018
2016
2011
2010
2002
2000
1999
1994
1995
2002
2012
2010
2015
2020
2026
2039
2041
2046
2048
2054
2050
2049
2050
2056
2053
2053
2051
2057
2032
2023
2017
2012
2022
2015
2006
1999
1995
1985
1983
1984
1984
1983
1976
1971
1971
1982
1983
1984
1983
1972
1975
1978
1983
1993
2001
2010
2017
2025
2019
2019
2019
2015
2011
2008
2003
2002
1995
1998
2004
2002
2000
2002
2003
2006
2009
2023
2029
2041
2050
2047
2040
2044
2048
2056
2048
2053
2058
2069
2072
2076
2075
2088
2085
2089
2090
2086
2080
2072
2070
2077
2085
2085
2089
2085
2074
2075
2071
2071
2056
2058
2054
2052
2053
2033
2032
2031
2032
2029
2027
2028
2028
2016
2019
2021
2023
2014
2016
2012
2010
2001
2007
2011
2009
2015
2025
2020
2017
2013
2015
2016
2014
2011
1996
1996
1995
1995
1999
2003
2002
2004
2003
2007
2009
2011
2015
2016
2018
2019
2012
2015
2013
2012
2015
1983
1981
1979
1982
1980
1975
1975
1975
1970
1972
1970
1966
1963
1962
1964
1972
1975
1995
1999
2008
2018
2029
2035
2033
2029
2042
2073
2072
2082
2105
2120
2127
2130
2139
2115
2111
2112
2116
2113
2115
2115
2116
2129
2142
2142
2142
2142
2125
2116
2107
2095
2084
2077
2069
2063
2067
2068
2063
2058
2033
2026
2026
2020
2015
2000
2001
1999
2002
2002
1987
1987
1982
1948
1946
1940
1924
1899
1881
1871
1860
1851
1848
1851
1844
1839
1842
1842
1849
1854
1883
1895
1909
1921
1961
1972
1977
1981
2013
2022
2038
2049
2056
2074
2080
2092
2101
2105
2111
2113
2114
2135
2139
2145
2151
2170
2167
2161
2156
2152
2151
2154
2152
2147
2141
2136
2128
2114
2101
2098
2092
2090
2077
2071
2063
2056
2056
2054
2051
2042
2036
2028
2019
2005
1996
1984
1985
1988
1988
1992
1992
1994
1995
1989
1964
1952
1945
1935
1923
1916
1914
1908
1903
1891
1886
1880
1872
1862
1858
1857
1856
1860
1870
1877
1887
1890
1898
1904
1909
1922
1946
1955
1958
1966
1979
1987
2002
2014
2050
2057
2062
2071
2098
2110
2116
2125
2136
2137
2140
2144
2156
2172
2178
2188
2191
2192
2196
2204
2213
2217
2214
2217
2220
2201
2188
2186
2182
2177
2149
2138
2127
2112
2095
2082
2066
2052
1990
1974
1967
1955
1927
1917
1905
1896
1855
1820
1824
1892
1983
2079
2037
1982
1913
1840
1799
1752
1694
1716
1796
1874
1927
1973
2077
2118
2136
2107
2055
2020
1988
1947
1860
1883
1901
1915
1941
1978
2014
2041
2069
2128
2143
2148
2140
2122
2102
2098
2099
2100
2138
2140
2141
2143
2163
2177
2192
2197
2213
2233
2235
2217
2152
2138
2128
2119
2061
2051
2061
2082
2089
2102
2100
2089
2086
2081
2066
2042
2028
1983
1981
1976
1967
1974
1979
1993
1986
1966
1895
1871
1854
1852
1864
1879
1899
1916
1944
1939
1932
1919
1890
1888
1893
1897
1959
1972
1984
1994
1995
1962
1949
1933
1919
1914
1916
1920
1925
1984
1999
2010
2023
2065
2079
2084
2080
2077
2073
2070
2079
2085
2093
2105
2112
2110
2108
2103
2097
2099
2125
2130
2129
2132
2108
2103
2103
2109
2120
2138
2144
2141
2135
2126
2116
2101
2081
2035
2030
2015
2004
1969
1969
1971
1978
1981
1975
1966
1958
1955
1948
1938
1925
1916
1850
1846
1843
1847
1865
1873
1881
1888
1891
1916
1924
1937
1951
1960
1964
1965
1963
1943
1957
1974
1992
2058
2075
2084
2092
2125
2142
2154
2167
2177
2217
2229
2238
2254
2258
2258
2260
2268
2277
2275
2269
2264
2245
2238
2232
2216
2198
2152
2135
2113
2089
2070
2048
2034
2024
1971
1959
1952
1935
1907
1894
1880
1872
1837
1829
1826
1829
1839
1845
1843
1840
1844
1849
1847
1858
1870
1899
1909
1914
1916
1925
1929
1934
1952
1969
1993
2008
2022
2024
2026
2026
2026
2030
2033
2035
2040
2053
2080
2087
2094
2100
2104
2097
2095
2101
2109
2124
2156
2187
2198
2190
2163
2140
2110
2016
2005
1998
2003
2023
2035
2057
2071
2073
2061
2050
2045
2038
2032
2032
2032
2030
2037
2035
2036
2045
2045
2044
2045
2042
2023
2021
2015
2011
2011
1996
1990
1984
1984
1984
1980
1973
1966
1952
1955
1953
1939
1891
1882
1876
1877
1873
1867
1875
1885
1887
1891
1902
1914
1928
1931
1946
1956
1963
2015
2031
2044
2055
2068
2095
2098
2105
2113
2119
2125
2133
2148
2184
2190
2194
2197
2197
2199
2189
2189
2171
2163
2160
2154
2147
2112
2105
2091
2079
2074
2064
2048
2041
2005
1999
1993
1987
1991
1991
1986
1985
1991
1978
1975
1974
1969
1972
1966
1957
1951
1932
1925
1926
1922
1930
1934
1936
1934
1948
1958
1964
1969
1978
1986
1994
2000
2009
2011
2010
2020
2026
2015
2009
2010
2018
2043
2047
2046
2047
2048
2064
2067
2074
2085
2091
2094
2098
2105
2096
2092
2093
2093
2071
2064
2060
2061
2058
2039
2027
2020
2017
2011
2005
1998
1991
1983
1976
1972
1975
1964
1958
1958
1951
1949
1955
1967
1967
1975
2007
2017
2024
2024
2026
2026
2027
2032
2045
2045
2046
2044
2048
2048
2052
2057
2061
2059
2064
2065
2068
2068
2063
2061
2062
2055
2058
2066
2071
2080
2081
2082
2080
2074
2076
2075
2084
2089
2091
2089
2084
2079
2078
2081
2082
2084
2062
2063
2065
2065
2047
2048
2044
2042
2035
2032
2029
2040
2042
2041
2041
2042
2036
2015
2012
2010
2004
2002
1997
1993
1993
1989
1991
1992
1990
1995
1990
1989
1987
1986
1987
1987
1985
1978
1958
1957
1958
1959
1970
1969
1968
1978
1985
1979
1972
1973
1977
1982
1980
1978
1980
1974
1980
1985
1992
1999
1998
1997
1990
1994
1990
1993
1996
1989
1990
1995
1998
2007
2011
2014
2014
2022
2038
2048
2057
2054
2055
2055
2053
2052
2052
2038
2033
2033
2032
2035
2036
2036
2039
2022
2021
2021
2022
2025
2026
2034
2038
2045
2050
2051
2049
2051
2053
2051
2051
2055
2052
2052
2059
2060
2063
2068
2068
2063
2064
2057
2055
2053
2050
2037
2031
2030
2029
2029
2027
2023
2024
2017
2018
2021
2019
2022
2024
2022
2023
2026
2024
2029
2037
2040
2039
2041
2040
2040
2041
2038
2031
2031
2012
2005
1998
1994
1983
1988
1985
1979
1977
1975
1977
1979
1985
1990
1987
1989
1992
2003
2008
2011
2017
2040
2046
2053
2059
2065
2063
2064
2068
2070
2079
2082
2085
2085
2075
2071
2070
2075
2048
2042
2039
2039
2042
2034
2027
2021
2011
2018
2016
2020
2018
2012
2005
2004
2004
2010
2014
2011
2006
2011
2012
2013
2016
2018
2023
2028
2029
2037
2036
2029
2031
2028
2026
2017
2025
2027
2031
2031
2034
2039
2043
2020
2022
2021
2021
2015
2016
2014
2008
2000
1993
2002
2008
2008
2006
2002
2009
2016
2018
2022
2021
2026
2027
2027
2031
2034
2055
2066
2082
2095
2103
2070
2055
2040
2036
2026
2022
2028
2030
2023
2014
2015
2015
1999
2005
2016
2024
2032
2018
2003
1992
1986
1984
1985
1996
1999
2021
2017
2004
1994
1988
1993
1998
1999
1995
2005
2002
2010
2018
2017
2020
2018
2018
2040
2042
2050
2061
2065
2068
2069
2064
2062
2071
2072
2074
2072
2072
2075
2079
2076
2074
2070
2063
2058
2021
2019
2020
2019
2018
2015
2009
2009
2008
2005
2011
2009
2003
1988
1987
1988
1986
1977
1968
1965
1962
1981
1987
1994
1991
1988
1991
1996
1999
2010
2013
2011
2004
2004
2002
1991
1990
1996
2022
2030
2036
2040
2042
2036
2044
2051
2077
2076
2078
2081
2083
2075
2070
2059
2056
2049
2043
2038
2039
2029
2026
2032
2037
2044
2037
2036
2042
2051
2060
2064
2058
2054
2049
2045
2041
2037
2023
2022
2026
2023
2008
2005
2000
2000
2001
1997
1996
1999
2003
2003
2006
2007
2005
1997
1995
1991
1992
2014
2014
2019
2017
2017
2023
2030
2039
2049
2050
2051
2048
2045
2044
2042
2045
2043
2028
2024
2024
2023
2028
2033
2027
2025
2024
2030
2035
2038
2040
2033
2027
2021
2026
2026
2024
2018
2018
2012
2020
2021
2023
2027
2025
2026
2022
2014
2016
2020
2021
2016
2016
2009
2012
2010
2006
2001
1997
1998
1996
1991
1988
1985
1990
1992
1992
2006
2006
2008
2024
2026
2022
2025
2026
2026
2025
2026
2025
2027
2025
2023
2011
2004
2002
2003
2036
2041
2047
2049
2045
2039
2032
2036
2041
2039
2034
2034
2036
2047
2043
2041
2043
2045
2046
2047
2041
2037
2030
2031
2040
2039
2045
2050
2052
2049
2043
2042
2047
2048
2059
2061
2065
2066
2066
2069
2069
2073
2073
2068
2065
2061
2068
2073
2077
2080
2080
2055
2053
2053
2057
2054
2056
2046
2038
2037
2018
2008
2006
2001
1997
1981
1972
1960
1941
1943
1941
1940
1929
1932
1935
1941
1949
1959
1960
1965
1965
1972
1978
1978
1987
1994
1994
2003
2010
2020
2021
2015
2018
2014
2017
2012
2013
2012
2006
1999
2001
2006
2010
2010
2018
2029
2050
2055
2058
2066
2061
2061
2063
2069
2072
2092
2096
2107
2112
2114
2114
2111
2107
2096
2094
2085
2076
2054
2046
2039
2027
2014
2015
2013
2011
2010
2004
1994
1984
1983
1982
1978
1979
1975
1962
1959
1960
1963
1947
1948
1950
1950
1949
1958
1951
1945
1944
1943
1942
1949
1950
1944
1949
1951
1959
1963
1983
2003
1940
1859
2118
2178
2249
2306
2293
2220
2138
2091
1841
1819
1801
1793
2017
2041
2043
2057
2204
2228
2233
2214
2192
2154
2112
2109
2141
2152
2151
2168
2196
2243
2258
2251
2240
2193
2193
2195
2181
2143
2054
2024
1998
1988
1970
1942
1925
1951
2092
2093
2057
2000
1835
1828
1843
1849
1895
1925
1957
1969
1963
1940
1940
1948
1970
1998
2016
2021
2029
1996
2010
2035
2049
2069
2064
2051
2023
1991
1939
1925
1922
1940
1969
1998
2029
2051
2037
2013
1996
1981
2019
2048
2084
2114
2088
2048
2007
1977
1953
1934
1938
1945
1963
1988
2007
2013
2020
2043
2056
2082
2107
2212
2219
2212
2189
2168
2104
2091
2080
2065
2042
2014
1985
1956
1849
1849
1859
1871
1977
1975
1974
1966
1956
1978
2014
2042
2076
2138
2128
2113
2089
2061
2024
1996
1973
1958
1971
1980
1982
1960
1948
1936
1930
1933
1994
2018
2044
2062
2069
2076
2074
2066
2033
2034
2038
2044
2016
2008
2005
2002
2034
2047
2056
2066
2066
2031
2018
2012
2017
2030
2046
2072
2106
2165
2148
2129
2101
2002
1987
1974
1966
1955
1934
1931
1922
1914
1914
1920
1924
1934
1991
2001
2013
2013
2007
2001
1995
1990
1987
1990
1998
2005
2009
2036
2053
2074
2095
2119
2140
2155
2174
2205
2216
2230
2244
2301
2311
2312
2301
2285
2243
2231
2215
2204
2201
2190
2181
2170
2085
2054
2022
1996
1910
1900
1893
1882
1837
1827
1813
1803
1783
1725
1703
1689
1679
1679
1683
1695
1706
1779
1804
1829
1855
1957
1972
1989
2006
2022
2058
2078
2094
2110
2122
2126
2125
2125
2090
2076
2057
2048
2064
2067
2069
2065
2058
2052
2053
2067
2067
2100
2113
2125
2132
2131
2135
2145
2156
2232
2255
2274
2273
2144
2100
2067
2034
2018
1984
1981
1975
1977
1977
1977
1978
1980
2045
2065
2072
2075
1997
1975
1961
1955
1963
1968
1968
1978
1979
1981
1987
1990
1999
2003
2006
2012
2015
2006
2001
1999
1996
2024
2035
2048
2053
2051
2003
1978
1962
1953
1944
1940
1943
1947
1920
1906
1895
1884
1883
1894
1906
1917
1980
1991
1999
2000
2016
2072
2086
2116
2137
2151
2169
2177
2178
2166
2164
2172
2181
2195
2200
2197
2184
2168
2106
2096
2087
2076
2073
2067
2063
2053
1951
1916
1885
1861
1803
1798
1799
1801
1798
1805
1815
1821
1841
1908
1928
1952
1979
1996
2007
2014
2013
2010
2015
2017
2028
2032
2021
2011
2003
2003
2033
2042
2057
2070
2076
2078
2082
2090
2107
2115
2134
2159
2179
2178
2173
2164
2112
2104
2096
2093
2090
2093
2094
2089
2091
2093
2097
2104
2112
2166
2174
2185
2188
2175
2163
2156
2146
2139
2088
2070
2053
2032
2015
1993
1961
1948
1899
1888
1879
1882
1879
1885
1895
1905
1964
1972
1979
1985
1992
1979
1973
1970
1976
1980
1982
1979
1976
1979
1979
1974
1969
1967
1974
1988
1993
1999
2032
2041
2048
2056
2059
2063
2065
2068
2075
2075
2074
2079
2068
2071
2076
2082
2089
2092
2094
2096
2106
2125
2124
2121
2126
2122
2120
2118
2114
2080
2072
2066
2068
2034
2030
2024
2017
2006
1977
1973
1966
1963
1964
1966
1963
1965
1960
1956
1960
1965
1956
1957
1955
1954
1958
1961
1965
1971
1976
1984
1982
1991
1998
2008
2014
2014
2021
2020
2017
2018
2016
1998
1989
1980
1975
1970
1954
1953
1956
1955
1959
1959
1965
1968
1975
1983
1990
1996
2029
2042
2055
2069
2093
2102
2109
2110
2107
2108
2106
2107
2111
2109
2112
2112
2110
2082
2073
2058
2059
2048
2046
2047
2042
2035
2006
2001
1995
1995
1994
1989
1989
1981
1961
1955
1950
1949
1976
1980
1980
1978
2007
2012
2020
2021
2027
2044
2045
2052
2058
2065
2064
2066
2067
2066
2062
2055
2050
2022
2018
2016
2013
2002
2000
1998
1992
1992
1985
1983
1980
1972
1974
1979
1978
1979
2004
2005
2009
2022
2048
2054
2061
2076
2082
2079
2089
2092
2095
2097
2102
2104
2104
2088
2083
2084
2079
2063
2050
2039
2034
2020
2012
2009
1998
2002
1999
1995
1981
1977
1967
1959
1963
1962
1971
1972
1975
1973
1991
1993
1995
2008
2017
2043
2050
2054
2061
2067
2073
2073
2074
2066
2063
2068
2075
2062
2057
2058
2062
2063
2055
2047
2037
2031
2032
2032
2028
2029
2017
2013
2008
2006
2007
2013
2010
2014
2016
2011
2005
2006
2009
2004
2007
2010
2009
2006
2004
2002
2002
2003
2003
1999
2003
2007
2013
2022
2018
2013
2008
2013
2027
2040
2052
2096
2093
2088
2079
2074
2061
2060
2062
2050
2048
2041
2037
2048
2046
2044
2040
2018
2008
2001
2004
1998
1985
1977
1975
1980
1983
1981
1982
1993
1999
1997
1993
1988
2002
2000
2006
2013
2015
2014
2014
2019
2024
2027
2021
2019
2025
2020
2012
2012
2012
2011
2013
2017
2019
2030
2042
2050
2057
2062
2065
2067
2062
2060
2064
2057
2059
2055
2049
2046
2046
2047
2046
2039
2035
2027
2025
2020
2020
2020
2019
2010
1993
1988
1992
1997
1997
1991
1992
1991
2005
2009
2012
2010
2011
2010
2008
2014
2019
2023
2037
2039
2041
2038
2038
2037
2039
2033
2014
2003
1991
1989
1979
1981
1987
1990
1982
1981
1986
1992
1989
1994
1997
2002
2021
2028
2038
2042
2040
2043
2040
2041
2040
2039
2043
2044
2053
2057
2058
2063
2069
2079
2085
2084
2075
2068
2068
2069
2067
2064
2060
2052
2063
2065
2058
2052
2050
2056
2047
2042
2038
2040
2038
2025
2022
2020
2015
2011
2007
2012
2012
2031
2031
2030
2032
2028
2027
2026
2028
2030
2033
2025
2024
2029
2038
2041
2042
2046
2046
2051
2052
2053
2050
2045
2045
2043
2034
2027
2029
2032
2031
2013
2013
2010
2003
1970
1959
1954
1948
1942
1925
1919
1915
1915
1911
1905
1909
1911
1906
1910
1913
1919
1952
1953
1955
1956
1962
1975
1976
1979
1987
1993
2004
2018
2026
2035
2030
2028
2038
2100
2121
2135
2134
2142
2152
2159
2164
2179
2193
2185
2180
2194
2211
2219
2217
2220
2212
2209
2208
2203
2174
2169
2164
2158
2152
2130
2120
2115
2111
2102
2090
2080
2062
2028
2016
2004
2000
1948
1936
1935
1930
1902
1899
1900
1893
1885
1875
1867
1852
1837
1832
1828
1822
1820
1796
1794
1795
1792
1803
1804
1801
1801
1803
1815
1821
1827
1832
1838
1852
1873
1892
1937
1955
1973
1989
2042
2052
2067
2078
2102
2113
2117
2130
2148
2181
2191
2205
2218
2226
2230
2239
2246
2281
2285
2292
2294
2311
2304
2300
2296
2281
2273
2274
2276
2273
2262
2252
2242
2229
2182
2169
2159
2143
2120
2099
2078
2060
2049
2013
1998
1979
1963
1943
1925
1903
1888
1869
1811
1797
1786
1770
1756
1735
1725
1716
1685
1678
1678
1677
1666
1661
1662
1664
1672
1702
1710
1718
1727
1739
1751
1764
1782
1839
1856
1874
1903
1932
1959
1982
1997
2015
2084
2104
2121
2140
2160
2176
2195
2217
2239
2289
2306
2320
2332
2343
2353
2367
2374
2387
2391
2404
2413
2415
2411
2404
2400
2374
2356
2338
2325
2314
2268
2249
2229
2216
2198
2183
2171
2150
2071
2053
2033
2014
1920
1896
1877
1849
1829
1774
1760
1741
1733
1717
1701
1694
1688
1661
1659
1659
1664
1678
1690
1705
1715
1759
1772
1787
1802
1815
1865
1883
1897
1915
1932
1945
1961
1980
2023
2042
2063
2090
2146
2154
2161
2166
2162
2170
2177
2178
2186
2197
2207
2224
2238
2274
2274
2280
2291
2313
2306
2298
2297
2274
2270
2273
2264
2258
2228
2213
2204
2192
2176
2161
2148
2132
2066
2047
2031
2017
1953
1938
1923
1916
1906
1871
1863
1853
1844
1833
1821
1813
1805
1771
1764
1753
1740
1734
1735
1736
1735
1725
1723
1728
1733
1737
1758
1766
1780
1796
1810
1823
1845
1862
1927
1947
1967
1988
2060
2079
2100
2124
2148
2216
2239
2263
2287
2309
2322
2329
2337
2376
2394
2414
2421
2394
2371
2348
2319
2223
2211
2204
2202
2199
2172
2151
2129
2104
2076
2049
2032
2020
1979
1966
1945
1925
1847
1836
1824
1822
1796
1790
1789
1782
1776
1751
1748
1741
1743
1736
1721
1705
1682
1580
1557
1525
1495
1428
1426
1422
1432
1447
1522
1580
1650
1733
1835
1941
2065
2187
2706
2830
2949
3063
3464
3556
3637
3702
3856
3859
3844
3821
3776
3549
3445
3328
3195
3061
2915
2755
2590
1882
1715
1550
1386
774
631
500
386
292
145
144
145
145
144
148
158
166
269
329
412
516
1027
1160
1294
1428
1929
2041
2155
2261
2366
2643
2715
2775
2824
2867
2901
2926
2950
3015
3021
3023
3019
2949
2927
2901
2878
2849
2734
2692
2642
2588
2522
2453
2383
2312
2048
1986
1937
1891
1743
1731
1727
1741
1913
1975
2037
2107
2186
2350
2391
2435
2501
2571
2632
2677
2714
2536
2448
2343
2235
1815
1724
1648
1580
1511
1350
1309
1282
1260
1251
1253
1265
1285
1426
1451
1474
1494
1618
1664
1714
1768
1901
1906
1903
1891
1880
1875
1886
1906
1927
1953
1971
1989
1998
1966
1975
2002
2041
2189
2203
2209
2209
2200
2176
2183
2192
2214
2247
2281
2315
2342
2377
2380
2386
2398
2498
2526
2543
2563
2581
2572
2556
2530
2503
2420
2383
2339
2287
2224
2150
2075
2002
1777
1738
1718
1712
1717
1722
1722
1721
1723
1714
1728
1744
1752
1756
1748
1729
1694
1497
1450
1406
1377
1360
1374
1393
1413
1502
1534
1572
1613
1656
1791
1852
1890
1926
1952
1972
1998
2020
2139
2167
2194
2227
2365
2402
2445
2491
2688
2741
2799
2851
2891
2970
2998
3019
3030
3035
3031
3017
2991
2789
2723
2653
2579
2301
2238
2181
2120
2060
1878
1817
1758
1706
1663
1627
1597
1569
1445
1412
1380
1348
1282
1265
1260
1262
1269
1275
1291
1311
1338
1449
1501
1557
1611
1665
1730
1796
1859
2118
2178
2233
2288
2432
2455
2470
2478
2468
2424
2412
2399
2389
2379
2361
2345
2319
2216
2194
2186
2181
2144
2138
2133
2126
2088
2082
2073
2069
2067
2067
2070
2073
2083
2099
2116
2136
2155
2234
2256
2274
2288
2347
2350
2351
2348
2340