2014
2009
2002
1994
1998
2008
1997
2003
2007
2004
1989
1994
2001
2003
2008
2013
2015
2017
2021
2022
2033
2044
2050
2059
2060
2068
2079
2104
2103
2103
2115
2125
2149
2157
2162
2164
2159
2157
2159
2174
2184
2187
2189
2198
2207
2196
2194
2196
2199
2202
2195
2188
2179
2160
2156
2150
2144
2103
2087
2081
2078
2077
2037
2020
2002
1993
1980
1969
1956
1944
1887
1882
1879
1871
1856
1862
1857
1849
1846
1842
1849
1851
1851
1853
1861
1864
1869
1879
1881
1890
1905
1924
1957
1966
1976
1987
2001
2010
2016
2023
2069
2085
2095
2098
2128
2139
2143
2140
2138
2140
2137
2128
2126
2133
2135
2130
2133
2095
2094
2094
2091
2053
2047
2040
2032
2025
2003
2000
1993
1985
1978
1972
1971
1969
1968
1964
1964
1970
1964
1969
1973
1977
1981
1992
1995
1999
2002
2005
2017
2031
2045
1939
1906
1875
1851
1849
1955
2022
2089
2150
2186
2209
2221
2227
2200
2205
2216
2213
2198
2186
2168
2149
2123
2045
2043
2054
2070
2073
2083
2094
2096
2046
2020
2001
1991
2009
2016
2021
2015
2007
1962
1942
1934
1934
1946
1961
1976
1994
2021
2029
2026
2012
1977
1975
1986
2005
2023
2028
2006
1979
1956
1925
1905
1889
1885
1995
2030
2059
2073
2066
1999
1994
1985
1976
1967
1980
1990
2006
1994
1978
1967
1967
1994
1999
2009
2024
2042
2033
2002
1975
1960
1951
1945
1943
1939
1955
1976
1985
1985
1973
1974
1981
1990
1990
1995
1998
1991
1987
1973
1962
1953
1950
1973
1979
1989
1995
1977
1967
1968
1968
1975
2021
2030
2029
2025
2023
2023
2019
2006
1965
1968
1967
1967
1974
1983
1987
1989
1975
1962
1953
1946
1940
1904
1892
1881
1863
1766
1737
1709
1678
1638
1498
1458
1407
1355
1318
1281
1252
1237
1259
1280
1320
1346
1486
1506
1544
1580
1596
1642
1670
1686
1693
1720
1757
1797
1839
2058
2117
2176
2253
2578
2675
2772
2878
2974
3224
3302
3392
3495
3593
3680
3758
3841
4086
4088
4088
4088
4088
4087
4089
4090
4089
4091
4087
4090
4090
4092
4089
4088
4085
3755
3634
3499
3366
3234
2833
2715
2602
2477
2341
2205
2085
1969
1508
1379
1286
1169
436
288
146
124
124
118
127
130
127
128
138
135
126
134
125
120
124
128
126
130
131
127
132
141
154
161
225
266
297
345
573
636
702
765
835
1048
1112
1180
1251
1316
1378
1440
1507
1810
1906
2001
2096
2472
2533
2586
2635
2688
2803
2840
2864
2886
2915
2943
2945
2921
2703
2673
2660
2657
2716
2718
2712
2696
2683
2594
2562
2528
2502
2475
2452
2441
2442
2439
2457
2474
2498
2522
2570
2578
2583
2589
2587
2580
2576
2566
2466
2437
2419
2407
2343
2326
2324
2323
2322
2295
2283
2266
2257
2240
2212
2186
2153
2028
1992
1967
1946
1896
1885
1870
1852
1833
1821
1818
1821
1835
1848
1866
1890
1917
1970
1981
2004
2024
2103
2128
2154
2183
2213
2300
2337
2368
2405
2448
2486
2514
2548
2647
2656
2671
2684
2733
2729
2725
2725
2714
2652
2629
2611
2579
2545
2509
2474
2439
2305
2269
2227
2186
2146
1988
1935
1878
1822
1774
1735
1700
1654
1502
1471
1435
1405
1254
1219
1195
1170
1157
1135
1129
1120
1128
1130
1133
1131
1138
1209
1232
1264
1308
1446
1480
1515
1556
1596
1741
1781
1828
1884
1940
1994
2048
2112
2340
2392
2431
2456
2482
2537
2550
2565
2580
2591
2593
2600
2620
2599
2574
2550
2530
2407
2374
2346
2309
2269
2166
2127
2082
2038
2006
1974
1950
1930
1844
1828
1806
1779
1690
1672
1654
1636
1616
1545
1538
1527
1507
1490
1488
1487
1472
1491
1506
1535
1555
1570
1626
1641
1650
1665
1689
1714
1738
1753
1839
1865
1895
1921
2027
2053
2080
2117
2156
2243
2281
2316
2346
2365
2378
2395
2421
2479
2488
2491
2490
2489
2478
2468
2456
2439
2422
2402
2381
2355
2267
2246
2230
2218
2179
2170
2158
2161
2157
2131
2136
2140
2140
2137
2134
2143
2147
2142
2146
2148
2165
2211
2221
2223
2220
2227
2214
2206
2211
2224
2228
2220
2210
2195
2147
2127
2105
2087
2020
1996
1970
1952
1937
1906
1891
1862
1841
1829
1824
1815
1803
1719
1708
1697
1692
1683
1648
1647
1644
1653
1658
1659
1657
1663
1654
1666
1675
1682
1736
1749
1768
1790
1806
1870
1895
1916
1945
1983
2007
2030
2059
2166
2189
2210
2233
2286
2303
2319
2327
2332
2341
2344
2352
2355
2353
2355
2364
2373
2380
2380
2372
2374
2382
2351
2346
2331
2315
2297
2284
2274
2248
2150
2133
2119
2103
2029
2005
1979
1960
1943
1870
1863
1849
1833
1819
1808
1792
1771
1750
1740
1743
1741
1730
1729
1727
1735
1748
1793
1804
1817
1831
1850
1872
1892
1912
1976
1993
2009
2025
2033
2080
2089
2090
2097
2109
2112
2115
2125
2128
2125
2126
2129
2090
2093
2088
2082
2080
2013
2001
2008
2010
2006
1999
1994
1985
1960
1951
1938
1931
1946
1947
1940
1934
1944
1984
1982
1973
1964
1964
1972
1982
1994
2005
2010
2021
2024
2026
2038
2048
2058
2063
2067
2073
2072
2074
2074
2087
2096
2092
2094
2098
2106
2107
2105
2135
2134
2123
2119
2126
2134
2135
2136
2097
2095
2091
2082
2055
2046
2034
2007
1986
1977
1965
1947
1933
1924
1924
1929
1930
1890
1888
1887
1885
1880
1884
1890
1900
1907
1913
1921
1936
1959
1976
1991
2002
2016
2066
2072
2085
2103
2122
2152
2164
2176
2183
2192
2195
2190
2198
2229
2223
2213
2208
2188
2179
2169
2169
2168
2129
2125
2118
2105
2093
2080
2068
2051
1998
1994
1987
1964
1937
1930
1926
1920
1915
1901
1898
1895
1900
1899
1895
1903
1905
1909
1914
1928
1938
1949
1956
1958
1969
1980
1988
1994
2001
2010
2012
2018
2020
2022
2080
2080
2088
2089
2094
2098
2100
2104
2105
2116
2125
2137
2137
2139
2144
2152
2156
2114
2118
2115
2110
2106
2075
2062
2059
2054
2039
2017
2009
2012
1977
1956
1944
1934
1902
1887
1884
1878
1873
1851
1854
1851
1852
1853
1854
1849
1854
1878
1881
1879
1890
1925
1941
1946
1962
1983
2021
2040
2048
2049
2057
2066
2067
2077
2101
2111
2115
2109
2114
2110
2108
2121
2120
2113
2113
2109
2103
2082
2076
2064
2055
2019
2012
2009
2007
2009
2003
1998
1993
1986
1972
1977
1986
1980
1986
1990
1999
2001
2012
2022
2034
2044
2047
2067
2072
2084
2095
2103
2104
2107
2113
2126
2133
2138
2135
2143
2155
2146
2144
2146
2149
2151
2156
2166
2151
2148
2145
2144
2133
2132
2133
2128
2125
2113
2108
2104
2095
2086
2073
2060
2053
2007
1991
1976
1960
1902
1893
1889
1879
1875
1849
1852
1851
1857
1856
1861
1863
1866
1875
1879
1886
1890
1899
1906
1908
1910
1920
1929
1937
1955
1958
1962
1968
1984
1996
2043
2052
2065
2082
2091
2103
2106
2106
2111
2123
2136
2140
2143
2141
2148
2148
2139
2110
2104
2093
2081
2074
2057
2044
2037
2030
2015
2004
2000
1995
1990
1992
1986
1986
1991
1994
1997
1998
1992
1969
1961
1957
1961
1960
1967
1966
1965
1951
1952
1962
1976
1998
1996
1995
1997
2004
2028
2029
2032
2038
2048
2059
2083
2093
1942
1893
1866
1873
1901
2006
2043
2078
2102
2111
2119
2121
2125
2147
2158
2166
2180
2131
2114
2088
2063
2056
2070
2078
2083
2094
2095
2093
2084
2075
2031
2023
2007
1998
2002
2008
2005
1992
1986
1962
1973
1989
2001
2023
2052
2069
2072
2098
2100
2104
2105
2099
2088
2102
2106
2109
2118
2109
2089
2062
1967
1952
1958
1979
2017
2014
2003
1988
1969
1909
1903
1902
1909
1910
1913
1917
1919
1901
1903
1904
1900
1925
1932
1947
1955
1965
1959
1945
1933
1937
1945
1957
1974
1991
2031
2038
2045
2053
2071
2074
2079
2093
2097
2087
2079
2087
2101
2103
2105
2102
2093
2099
2098
2097
2086
2077
2080
2080
2079
2084
2086
2096
2110
2113
2083
2075
2078
2080
2048
2046
2044
2039
2039
2028
2020
2018
2014
2001
1987
1974
1969
1946
1941
1944
1947
1892
1860
1818
1785
1749
1661
1645
1629
1619
1616
1612
1612
1611
1695
1714
1728
1748
1782
1779
1766
1752
1755
1766
1792
1815
1842
1872
1905
1933
1969
2138
2181
2220
2246
2281
2382
2426
2465
2499
2530
2564
2592
2626
2777
2819
2853
2883
2966
2981
2990
2999
3004
3006
2998
2986
2975
2956
2933
2901
2867
2711
2670
2631
2582
2412
2371
2339
2315
2288
2171
2125
2085
2046
2001
1952
1913
1871
1686
1648
1617
1580
1466
1480
1533
1542
1440
1179
1073
996
999
1055
1090
1105
1143
1167
1187
1189
1161
1138
1216
1237
1244
1265
1270
1267
1263
1265
1234
1258
1301
1349
1483
1495
1489
1489
1511
1560
1578
1598
1630
1684
1744
1797
1842
1941
1944
1953
1976
2213
2260
2282
2307
2338
2413
2418
2405
2378
2362
2365
2380
2405
2477
2451
2413
2368
2331
2244
2256
2282
2321
2341
2340
2318
2282
2124
2098
2083
2076
2103
2128
2153
2170
2170
2179
2181
2191
2205
2211
2219
2234
2253
2247
2228
2207
2187
2151
2162
2186
2203
2203
2201
2182
2167
2164
2145
2130
2124
2126
2114
2099
2100
2105
2098
2095
2100
2102
2105
2140
2144
2150
2151
2139
2128
2120
2131
2252
2285
2307
2317
2294
2292
2297
2309
2314
2335
2345
2345
2342
2346
2354
2361
2360
2320
2312
2294
2286
2281
2246
2234
2220
2199
2173
2153
2134
2124
2079
2071
2059
2046
1995
1974
1963
1954
1946
1903
1895
1883
1869
1854
1834
1808
1785
1715
1718
1726
1737
1762
1753
1737
1721
1717
1726
1737
1748
1768
1783
1791
1792
1792
1794
1808
1830
1843
1889
1909
1926
1924
1923
1940
1952
1972
1986
2003
2019
2037
2061
2098
2108
2113
2124
2130
2149
2146
2137
2139
2134
2129
2126
2118
2098
2085
2074
2067
2041
2035
2024
2008
1992
1938
1923
1908
1907
1899
1886
1886
1876
1794
1792
1793
1798
1804
1801
1795
1791
1790
1780
1780
1782
1777
1767
1760
1771
1786
1808
1807
1810
1818
1840
1853
1869
1879
1885
1916
1917
1919
1929
1937
1944
1958
1972
2012
2025
2034
2049
2066
2093
2100
2100
2104
2116
2129
2138
2149
2183
2194
2187
2187
2209
2219
2233
2239
2245
2226
2226
2221
2218
2217
2221
2212
2194
2180
2178
2183
2187
2135
2142
2142
2135
2131
2133
2136
2143
2138
2136
2132
2130
2138
2152
2150
2146
2145
2138
2132
2130
2130
2128
2114
2104
2095
2092
2087
2079
2071
2064
2005
1995
1984
1980
1977
1962
1956
1947
1939
1924
1923
1920
1916
1917
1921
1929
1934
1954
1950
1947
1949
1957
1991
2006
2018
2026
2022
2019
2020
2027
2032
2037
2048
2055
2037
2042
2041
2033
2024
2032
2027
2029
2025
2020
2022
2015
2005
2004
2014
2025
2022
2017
2020
2026
2028
2033
2051
2049
2052
2053
2060
2064
2071
2076
2112
2115
2113
2110
2110
2108
2104
2106
2109
2111
2109
2115
2112
2095
2094
2090
2088
2063
2055
2039
2029
2020
1998
2005
1998
1990
1991
1988
1980
1975
1984
1987
1985
1980
1970
1958
1956
1955
1962
1975
1980
1977
1970
1961
1971
1977
1980
1973
1973
1979
1983
1985
1995
1993
1993
1985
1978
1978
1977
1986
1997
1999
1988
1969
1970
1981
1992
1990
1973
1967
1970
1988
2001
2006
2003
2008
2006
2015
2024
2025
2031
2057
2061
2066
2064
2063
2075
2076
2076
2070
2063
2065
2066
2069
2061
2056
2048
2044
2020
2022
2025
2027
2018
2000
1992
1983
1977
1976
1976
1972
1970
1959
1956
1959
1957
1962
1967
1967
1967
1974
1975
1983
1982
1987
1994
2000
2011
2013
2011
2015
2020
2025
2048
2041
2036
2035
2042
2062
2067
2073
2079
2078
2069
2067
2077
2100
2113
2118
2123
2129
2135
2143
2151
2141
2127
2113
2112
2105
2108
2107
2100
2101
2079
2070
2061
2055
2063
2053
2052
2048
2043
2035
2026
2019
2015
2002
1998
1989
1974
1965
1962
1961
1964
1977
1976
1974
1965
1965
1986
1997
1992
1991
1993
2007
2024
2033
2036
2036
2037
2036
2042
2041
2045
2048
2045
2039
2047
2046
2041
2053
2054
2052
2058
2073
2081
2084
2087
2086
2082
2090
2092
2094
2092
2091
2101
2112
2085
2084
2075
2076
2041
2039
2033
2027
2015
1998
1993
1988
1992
1988
1984
1968
1966
1953
1954
1956
1951
1949
1950
1939
1939
1948
1957
1955
1949
1956
1971
1978
1982
1986
1998
2003
2010
2013
2012
2018
2022
2021
2025
2029
2034
2033
2039
2018
2019
2017
2012
2005
2007
2005
1999
2002
1983
1984
1987
1983
1971
1969
1980
1987
1973
1974
1974
1978
1972
1984
1988
1986
1982
1997
2004
2012
2015
2010
2014
2017
2026
2039
2040
2045
2045
2048
2072
2081
2076
2083
2084
2081
2084
2091
2086
2092
2096
2099
2103
2100
2097
2093
2091
2082
2083
2073
2076
2086
2085
2076
2073
2054
2056
2052
2051
2035
2029
2022
2023
2023
2008
2007
2011
2012
2012
2008
2008
2013
2028
2027
2019
2014
2009
2004
1995
1999
2002
2005
1999
1995
1987
1985
1987
1987
1988
1992
1989
1990
1997
2000
2003
2006
2010
2017
2029
2043
2045
2055
2050
2060
2070
2068
2075
2081
2087
2095
2094
2092
2080
2058
2044
2046
2048
2045
2039
2025
2028
2027
2023
2023
2013
2017
2016
2021
2001
2000
1994
1995
1992
1988
1987
1984
1980
1984
1983
1977
1968
1960
1962
1963
1964
1962
1963
1966
1975
1971
1967
1973
1981
1983
1981
1984
1993
2006
2027
2031
2042
2048
2056
2059
2067
2075
2098
2104
2106
2106
2094
2090
2086
2088
2086
2069
2064
2061
2058
2054
2046
2038
2030
2025
2020
2016
2009
1994
1988
1986
1998
2000
2010
2007
2006
2005
2016
2018
2019
2018
2039
2044
2046
2045
2043
2052
2053
2060
2066
2076
2082
2086
2076
2066
2066
2063
2060
2044
2038
2035
2034
2037
2023
2010
2009
2004
2002
2001
2001
1993
1997
1993
1992
2001
1993
2001
2001
1997
1991
2000
2006
2011
2008
2008
2012
2012
2011
2008
2002
2007
2011
2007
2009
2011
2016
2017
2016
2015
2021
2024
2022
2026
2041
2040
2037
2048
2048
2035
2031
2032
2032
2033
2035
2034
2023
2016
2022
2027
2035
2035
2042
2039
2041
2047
2051
2054
2059
2057
2057
2059
2059
2054
2056
2065
2045
2051
2042
2031
2017
2018
2015
2012
2012
2001
1990
1975
1972
1975
1979
1976
1959
1944
1948
1950
1947
1949
1970
1984
1987
1978
1970
1979
2002
2011
2014
2019
2040
2061
2069
2077
2089
2102
2113
2102
2099
2097
2105
2108
2106
2097
2085
2083
2080
2072
2064
2052
2043
2042
2039
2038
2030
2030
2041
2038
2032
2033
2033
2027
2011
2011
2012
2016
2023
2004
1989
1987
1995
2004
2007
2000
1994
2003
1992
1992
1997
2000
1996
1989
1976
1976
1963
1958
1959
1960
1954
1957
1962
1964
1950
1953
1952
1953
1964
1967
1971
1973
1978
1972
1977
1984
1994
2003
2002
2001
2005
2029
2036
2023
2024
2036
2055
2061
2053
2046
2054
2069
2081
2093
2063
2078
2083
2087
2099
2120
2135
2147
2149
2158
2170
2184
2184
2181
2176
2162
2152
2164
2170
2165
2155
2153
2148
2149
2149
2149
2138
2128
2127
2155
2188
2165
2132
2140
2064
2079
2085
2065
2054
2060
2046
2057
2065
2051
2032
2024
2025
1966
1962
1958
1948
1902
1879
1869
1875
1876
1856
1868
1874
1863
1853
1849
1853
1851
1826
1824
1828
1824
1845
1839
1840
1860
1883
1902
1911
1908
1900
1899
1909
1916
1918
1938
1936
1939
1953
1981
1989
1992
1988
1996
2031
2037
2042
2054
2068
2071
2064
2066
2081
2097
2102
2099
2100
2102
2101
2100
2102
2102
2098
2093
2092
2068
2061
2063
2060
2040
2046
2047
2046
2042
2043
2039
2035
2038
2042
2032
2032
2028
2017
2013
2024
2035
2030
2021
2020
2016
2021
2032
2037
2039
2045
2047
2051
2052
2053
2049
2049
2047
2052
2055
2086
2094
2104
2108
2104
2097
2092
2101
2112
2109
2104
2107
2120
2122
2120
2124
2123
2121
2124
2127
2125
2116
2110
2119
2116
2079
2086
2090
2082
2058
2057
2051
2048
2041
2022
2023
2026
2035
2029
2023
2013
2010
1981
1979
1982
1988
1985
1964
1971
1969
1963
1961
1965
1966
1961
1966
1971
1970
1975
1989
1996
1996
1997
2006
2023
2027
2024
2026
2027
2037
2037
2037
2032
2032
2031
2034
2045
2044
2042
2041
2047
2042
2040
2040
2042
2036
2030
2029
2031
2036
2036
2033
2041
2042
2050
2052
2057
2061
2062
2051
2044
2046
2018
2016
2015
2015
2003
1997
1996
1997
1993
1971
1957
1956
1965
1971
1972
1980
1976
1952
1943
1928
1918
1908
1913
1912
1911
1906
1899
1899
1897
1900
1908
1915
1923
1932
1966
1967
1980
1991
2022
2027
2037
2042
2050
2061
2055
2053
2059
2060
2062
2065
2070
2068
2064
2066
2071
2063
2049
2040
2031
2027
2022
2011
2008
1997
1993
1974
1968
1968
1972
1974
1977
1981
1985
1997
1994
1992
1999
2004
2006
2013
2019
2041
2048
2069
2084
2100
2092
2089
2103
2119
2124
2120
2121
2132
2134
2124
2121
2133
2148
2150
2147
2138
2135
2128
2130
2126
2123
2122
2115
2112
2110
2104
2105
2100
2095
2072
2067
2073
2076
2078
2069
2064
2056
2043
2044
2050
2057
2053
2020
2016
2013
2006
1989
1984
1980
1970
1968
1957
1950
1951
1944
1940
1937
1930
1921
1911
1908
1917
1935
1926
1936
1936
1933
1933
1953
1964
1970
1972
1972
1976
1986
1990
2017
2025
2034
2028
2029
2039
2040
2047
2056
2064
2056
2046
2041
2055
2055
2058
2055
2047
2044
2044
2048
2050
2045
2038
2034
2031
2031
2027
2026
2028
2034
2033
2032
2030
2020
2021
2028
2033
2038
2018
2022
2028
2031
2035
2040
2044
2044
2041
2041
2044
2044
2043
2037
2029
2031
2030
2031
2031
2030
2025
2025
2026
2020
2018
2031
2030
2024
2021
2018
2001
2000
2008
2022
2023
2020
2014
2010
2002
1999
2000
2009
2008
2014
2016
2012
2012
2026
2021
2023
2032
2030
2024
2029
2039
2062
2048
2043
2043
2054
2053
2052
2054
2054
2052
2046
2046
2046
2041
2042
2050
2059
2059
2064
2070
2069
2062
2056
2051
2050
2047
2045
2045
2044
2039
2042
2038
2027
2020
2033
2028
2022
2014
2010
2010
2002
1996
1995
1995
1994
1999
2004
1977
1972
1971
1966
1966
1964
1964
1965
1970
1963
1971
1979
1981
1977
1980
1984
1983
2003
2011
2019
2023
2009
2018
2026
2027
2024
2027
2028
2032
2043
2047
2041
2047
2057
2059
2055
2060
2065
2068
2070
2063
2056
2050
2044
2022
2022
2018
2016
2012
1979
1973
1967
1975
1984
1989
1984
1987
1988
1987
1994
2004
2020
2031
2037
2040
2038
2035
2044
2044
2048
2052
2055
2056
2060
2073
2087
2086
2074
2070
2082
2075
2071
2071
2077
2084
2091
2093
2090
2091
2096
2101
2090
2083
2085
2086
2086
2083
2074
2070
2073
2067
2063
2066
2069
2057
2045
2045
2035
2025
2016
2014
2012
2006
1979
1986
1989
1987
1985
1989
1981
1970
1967
1976
1986
1985
1983
1968
1963
1960
1967
1974
1977
1976
1974
1974
1982
1983
1984
1994
1999
1998
2002
2010
2000
2000
2003
2009
2014
2016
2020
2021
2023
2019
2019
2023
2013
2020
2014
2010
2011
2003
2005
2000
2004
2006
2003
2006
2008
2021
2020
2021
2021
2017
2015
2014
2010
2011
2015
2012
2001
1999
2001
1997
1998
1997
1988
1994
1996
1997
1998
2013
2011
2005
2007
2008
2007
2015
2023
2041
2049
2057
2063
2076
2076
2075
2073
2075
2093
2100
2102
2103
2099
2102
2109
2118
2112
2112
2114
2118
2107
2105
2102
2101
2101
2070
2066
2067
2065
2059
2051
2047
2044
2028
2018
2018
2021
1998
1996
1994
1993
2000
1989
1985
1988
1980
1975
1975
1983
1984
1985
1993
2001
2009
2004
2008
2004
2004
2006
2010
2018
2021
2021
2014
2015
2018
2020
2033
2031
2026
2023
2018
2012
2009
2004
2003
2003
1999
1994
1991
2003
2002
2003
1994
2000
1999
1995
2000
2000
2001
2009
2007
1993
1985
1990
1998
2004
1991
1996
2001
2000
2016
2016
2013
2017
2022
2006
2006
2006
2007
2009
2009
2003
2004
2019
2030
2037
2041
2049
2050
2052
2046
2053
2054
2055
2065
2074
2057
2059
2064
2060
2066
2067
2069
2065
2059
2077
2078
2081
2084
2079
2071
2069
2070
2067
2071
2080
2086
2082
2079
2073
2074
2073
2046
2044
2035
2029
2030
2034
2037
2033
2006
1993
1996
2005
1980
1988
1988
1984
1981
1968
1973
1983
1991
1991
2001
2010
2012
2011
2019
2021
2019
2017
2011
2017
2029
2043
2048
2052
2039
2038
2044
2045
2042
2042
2048
2043
2040
2037
2021
2022
2018
2028
2035
2038
2034
2029
2028
2032
2020
2018
2020
2015
2019
2024
2020
2015
2000
1990
1983
1976
1974
1979
1989
1987
1968
1964
1956
1951
1963
1958
1958
1962
1961
1948
1961
1963
1966
1971
1981
1985
1990
2019
2032
2052
2070
2079
2081
2082
2094
2102
2097
2094
2086
2084
2085
2085
2088
2079
2087
2081
2069
2058
2056
2030
2027
2031
2032
2026
2015
2009
2002
2028
2035
2036
2038
2029
2040
2054
2055
2055
2047
2053
2057
2055
2052
2056
2068
2072
2049
2048
2047
2045
2033
2020
2015
2006
2000
2001
2003
2003
2010
2010
2012
2012
2012
2011
2014
2030
2050
2059
2059
2049
2040
2042
2042
2044
2047
2048
2051
2044
2036
2037
2056
2054
2055
2054
2056
2059
2059
2052
2050
2046
2043
2039
2042
2032
2027
2017
2013
1977
1969
1959
1952
1945
1913
1899
1897
1893
1884
1887
1888
1884
1886
1883
1882
1883
1902
1912
1917
1912
1914
1926
1944
1960
1961
1956
1963
1975
1977
1975
1990
1990
1990
1986
1992
1997
1991
1989
1999
2014
2023
2034
2055
2062
2069
2080
2102
2115
2114
2099
2105
2185
2198
2249
2268
2231
2192
2193
2201
2205
2197
2182
2192
2185
2204
2199
2170
2145
2151
2135
2131
2142
2144
2125
2110
2117
2106
2111
2113
2126
2139
2125
2114
2104
2094
2059
2040
2025
2018
2026
2047
2064
2073
2036
2019
2009
2007
1998
1983
1968
1954
1946
1942
1918
1886
1878
1871
1864
1862
1857
1892
1890
1882
1879
1877
1833
1816
1794
1793
1805
1812
1811
1813
1849
1864
1879
1892
1934
1949
1954
1953
1959
1978
1987
1994
2007
2022
2054
2087
2108
2137
2134
2135
2136
2139
2143
2145
2140
2130
2131
2131
2126
2116
2061
2061
2059
2059
2067
2078
2093
2103
2096
2067
2067
2063
2055
2056
2058
2064
2068
2067
2068
2071
2071
2078
2070
2057
2044
2035
1994
1988
2000
2007
2013
2018
2022
2018
1990
1984
1964
1945
1943
1915
1913
1911
1908
1901
1906
1907
1905
1916
1920
1924
1931
1973
1983
1992
1998
2014
2037
2041
2044
2049
2054
2058
2061
2068
2086
2087
2084
2077
2034
2041
2051
2053
2059
2064
2067
2070
2075
2086
2100
2110
2114
2131
2132
2131
2140
2143
2146
2133
2134
2144
2153
2156
2162
2161
2114
2101
2093
2091
2078
2071
2067
2061
2056
2032
2017
2006
2006
2018
2017
2013
2006
1987
1986
1984
1987
1978
1979
1978
1979
1988
2008
2013
2016
2018
2017
2017
2013
2019
2001
1999
2003
1994
1984
1975
1980
1978
1971
1966
1964
1960
1954
1947
1958
1972
1980
2002
2012
2015
2025
2025
2019
2021
2026
2033
2042
2050
2055
2049
2039
2043
2040
2042
2059
2061
2055
2050
2056
2053
2062
2061
2057
2047
2041
2039
2029
2007
2006
1991
1975
1976
1981
1983
1982
1984
1977
1974
1975
1976
1982
1986
1988
1987
1986
1983
1983
1984
1985
2004
2002
1994
1999
2000
1995
1993
1983
1990
1980
1977
1975
1955
1958
1972
1978
1975
2003
2005
2014
2025
2030
2035
2039
2044
2044
2050
2062
2064
2076
2082
2080
2078
2082
2098
2096
2088
2090
2090
2101
2108
2098
2122
2116
2120
2132
2119
2116
2115
2115
2113
2097
2090
2092
2088
2079
2084
2080
2089
2061
2054
2046
2044
2048
2020
2023
2017
2002
1994
1985
1977
1973
1939
1927
1913
1907
1906
1904
1904
1903
1911
1901
1901
1909
1914
1922
1930
1932
1940
1959
1961
1961
1970
1998
2008
2018
2024
2032
2034
2035
2041
2057
2070
2064
2057
2071
2081
2082
2081
2070
2060
2060
2062
2063
2054
2065
2061
2064
2072
2070
2072
2071
2061
2084
2088
2093
2095
2095
2082
2076
2081
2091
2092
2089
2087
2075
2074
2081
2081
2073
2074
2055
2053
2047
2036
2047
2035
2021
2012
2004
2005
2014
2002
1993
1997
2007
2009
1994
2008
2012
2014
2005
1981
1984
1981
1982
1973
1961
1960
1968
1984
1983
1979
1983
1995
1996
1998
2001
2003
1994
1995
2007
2012
2009
2008
2014
2031
2033
2038
2038
2038
2034
2030
2029
2032
2038
2038
2029
2024
2032
2054
2048
2046
2052
2062
2055
2054
2056
2064
2056
2060
2060
2066
2069
2076
2076
2074
2080
2086
2085
2083
2072
2073
2065
2063
2063
2059
2052
2044
2038
2007
2005
2008
1996
1976
1964
1958
1953
1954
1952
1954
1954
1950
1943
1947
1950
1947
1948
1960
1970
1971
1968
1978
1983
1982
1984
2004
2010
2013
2009
1998
1988
1990
1994
2007
2011
2013
2016
2027
2033
2030
2034
2044
2046
2042
2036
2041
2048
2052
2051
2046
2065
2063
2073
2081
2082
2070
2066
2065
2070
2068
2062
2059
2068
2059
2069
2072
2074
2053
2047
2043
2041
2033
2025
2020
2011
2014
2014
2012
2007
2007
2015
2008
2009
2008
2007
2008
2005
2007
2011
2011
2016
2023
2024
2040
2044
2051
2053
2073
2073
2074
2080
2077
2086
2085
2091
2097
2091
2091
2090
2095
2066
2063
2059
2055
2034
2032
2029
2020
2017
2014
2007
2004
2005
2002
2004
1999
1987
1988
1995
1992
1986
1989
1991
1989
1992
1994
1989
1983
1978
1977
1971
1971
1976
1980
1981
1985
1985
1982
1988
1992
2000
2001
1997
1994
1992
2000
2006
2020
2026
2027
2024
2016
2012
2021
2023
2026
2046
2046
2039
2033
2031
2039
2051
2052
2036
2038
2038
2039
2027
2024
2030
2034
2032
2027
2021
2021
2018
2015
2006
2004
2001
1995
1994
1999
2001
2000
1993
1999
1999
2003
2010
2012
2014
2015
2033
2045
2053
2052
2048
2048
2055
2059
2069
2089
2089
2093
2094
2094
2099
2106
2108
2111
2115
2124
2128
2107
2113
2115
2110
2109
2090
2083
2078
2076
2074
2072
2067
2070
2055
2044
2041
2042
2010
2002
2003
2005
1994
1999
1994
1991
1988
1992
1996
1999
2002
1982
1981
1973
1969
1963
1973
1967
1957
1956
1959
1951
1945
1945
1924
1925
1925
1929
1927
1929
1935
1940
1947
1961
1962
1965
1972
1982
1989
1988
1996
2018
2021
2023
2025
2046
2059
2066
2063
2066
2077
2070
2075
2083
2086
2087
2083
2077
2065
2063
2053
2051
2053
2041
2035
2039
2048
2044
2038
2030
2026
2026
2031
2042
2048
2031
2028
2030
2033
2039
2034
2034
2018
2007
2005
2014
2012
2011
2011
2015
2021
2022
2036
2040
2041
2041
2038
2038
2036
2037
2038
2035
2036
2048
2060
2048
2048
2043
2044
2046
2047
2044
2048
2051
2030
2026
2029
2036
2046
2045
2041
2034
2022
2021
2025
2027
2023
2023
2022
2022
2034
2035
2034
2028
2033
2039
2033
2025
2018
2024
2018
2024
2033
2034
2024
2024
2020
2024
2032
2038
2045
2048
2052
2054
2054
2060
2062
2064
2057
2060
2063
2043
2043
2048
2051
2045
2036
2032
2026
2013
2016
2015
2012
2013
2006
2013
2015
2008
1993
1996
1997
2001
1994
2000
2003
2000
1981
1982
1977
1970
1965
1968
1969
1964
1960
1947
1942
1943
1957
1969
1976
1982
1988
2006
2008
2017
2030
2042
2038
2038
2036
2044
2053
2059
2056
2048
2042
2049
2059
2064
2074
2085
2087
2082
2085
2083
2087
2091
2103
2088
2078
2077
2076
2061
2063
2058
2056
2048
2045
2047
2050
2046
2042
2042
2039
2026
2024
2017
2018
2020
2001
1994
1986
1991
1994
1974
1975
1978
1980
1981
1984
1992
1997
2001
2002
2009
2012
2045
2055
2055
2055
2057
2058
2061
2062
2060
2061
2065
2057
2055
2061
2057
2055
2061
2067
2057
2067
2066
2068
2070
2066
2069
2072
2053
2051
2045
2043
2024
2030
2023
2001
1993
1952
1950
1952
1946
1934
1924
1918
1911
1886
1875
1873
1877
1844
1839
1839
1834
1834
1830
1822
1819
1824
1831
1843
1852
1863
1888
1889
1899
1915
1928
1978
2001
2021
2038
2052
2067
2079
2102
2166
2174
2188
2201
2225
2238
2248
2260
2273
2261
2262
2273
2279
2281
2287
2283
2282
2272
2274
2270
2266
2232
2250
2276
2262
2238
2281
2241
2224
2244
2248
2228
2214
2208
2147
2126
2108
2087
2021
2008
1999
1986
1978
1974
1967
1967
1954
1925
1909
1913
1904
1842
1830
1825
1827
1823
1790
1775
1770
1785
1805
1809
1804
1803
1825
1825
1829
1826
1844
1842
1834
1846
1860
1881
1879
1876
1885
1897
1911
1925
1934
1940
1939
1948
1961
1977
2003
2006
2014
2015
2019
2026
2034
2051
2088
2092
2099
2097
2094
2092
2092
2090
2098
2084
2078
2083
2074
2071
2082
2091
2100
2112
2121
2124
2124
2139
2132
2137
2150
2151
2133
2121
2107
2101
2089
2079
2067
2064
2018
2002
1992
1981
1973
1963
1966
1966
1959
1950
1942
1940
1932
1932
1927
1917
1907
1890
1884
1872
1866
1865
1883
1889
1887
1881
1891
1899
1904
1912
1935
1944
1955
1960
1980
1999
2008
2019
2032
2058
2067
2080
2088
2099
2120
2127
2139
2182
2191
2208
2228
2265
2274
2287
2294
2299
2319
2323
2325
2320
2314
2311
2317
2317
2291
2278
2259
2240
2224
2181
2158
2139
2118
2100
2083
2067
2053
2021
2009
1993
1973
1929
1926
1925
1926
1920
1875
1856
1846
1837
1827
1821
1835
1844
1830
1827
1831
1836
1834
1828
1830
1831
1832
1841
1836
1838
1843
1848
1844
1847
1859
1905
1925
1936
1945
1975
1991
2008
2024
2039
2059
2073
2081
2089
2104
2121
2134
2140
2146
2141
2147
2150
2154
2162
2158
2139
2127
2124
2127
2128
2123
2104
2099
2095
2082
2053
2052
2045
2042
2040
2024
2018
2015
2017
2016
2019
2019
2018
2003
2000
1996
1988
1968
1971
1968
1959
1945
1943
1943
1942
1942
1936
1924
1927
1937
1948
1950
1949
1956
1971
1975
1974
1972
1976
1993
1998
2000
2012
2025
2039
2048
2050
2073
2068
2065
2066
2068
2077
2068
2066
2070
2070
2064
2071
2082
2072
2075
2083
2083
2100
2097
2100
2103
2105
2101
2103
2100
2095
2099
2104
2104
2096
2073
2074
2075
2077
2097
2095
2088
2089
2087
2095
2095
2087
2084
2076
2062
2051
2052
2016
2008
1998
1992
1977
1978
1966
1953
1949
1940
1932
1927
1934
1938
1933
1934
1937
1929
1922
1927
1931
1924
1931
1933
1932
1924
1936
1934
1926
1929
1933
1944
1954
1954
1979
1986
1990
1995
2007
2023
2029
2038
2052
2058
2062
2076
2086
2108
2119
2140
2145
2167
2160
2164
2171
2175
2166
2171
2164
2155
2147
2147
2146
2140
2139
2129
2120
2120
2088
2082
2083
2072
2058
2037
2033
2033
2033
2033
2032
2026
2025
2014
2013
2007
2003
2002
1988
1985
1970
1967
1968
1971
1968
1962
1932
1921
1922
1922
1908
1911
1915
1913
1921
1919
1923
1929
1937
1944
1952
1958
1958
1970
1974
1975
1976
1987
1990
1997
2009
2012
2022
2014
2019
2021
2031
2033
2037
2039
2051
2052
2056
2067
2072
2070
2074
2080
2086
2078
2074
2073
2073
2085
2083
2080
2072
2056
2050
2050
2051
2042
2024
2013
2001
2001
1998
1995
1993
1983
1961
1956
1957
1953
1963
1956
1950
1954
1961
1984
1989
1994
2000
2004
2003
2007
2017
2048
2055
2060
2056
2035
2034
2031
2033
2036
2030
2027
2019
2017
2020
2019
2010
2008
2013
2017
2021
2023
2035
2040
2050
2055
2061
2066
2078
2087
2098
2107
2109
2111
2111
2108
2112
2112
2103
2111
2101
2098
2098
2099
2095
2084
2081
2079
2069
2062
2055
2056
2047
2044
2035
2035
2037
2041
2033
2026
2019
2021
2017
2007
2001
2007
2007
2009
1999
2000
1996
1998
2009
2014
1989
1987
1992
1989
1990
2000
2011
2009
1985
1985
1994
2006
2004
2012
2010
2014
2015
2014
2011
2011
2019
2031
2026
2024
2023
2031
2023
2018
2008
2002
1984
1979
1984
1993
1989
1990
1993
1990
1966
1965
1981
1989
1989
1981
1986
1995
1999
2033
2042
2042
2043
2040
2032
2026
2026
2040
2038
2025
2021
2006
2006
2005
2008
2012
1994
1982
1974
1969
1977
1982
1985
1991
1980
1983
1990
2001
2008
2007
2004
2003
2005
2013
2020
2024
2037
2063
2065
2064
2070
2099
2104
2103
2098
2092
2086
2091
2089
2085
2082
2084
2084
2083
2076
2079
2086
2090
2070
2068
2062
2059
2059
2050
2050
2054
2055
2053
2045
2046
2051
2055
2050
2039
2029
2020
2039
2040
2040
2040
2032
2023
2021
2020
2015
2014
2018
2015
1983
1980
1993
2006
1999
2011
2005
2003
1997
1992
1995
2000
2005
1995
1992
1990
1995
2003
2005
2008
2021
2024
2006
1998
2005
2020
2034
2029
2026
2028
2039
2036
2036
2042
2049
2052
2056
2056
2058
2055
2045
2038
2032
2026
2020
2012
2014
2016
2015
2010
1997
1985
1980
1986
1985
1980
1973
1968
1958
1947
1942
1951
1953
1946
1949
1941
1940
1943
1958
1977
1981
1980
1981
1987
2001
2008
2013
2024
2025
2026
2032
2066
2071
2074
2075
2078
2095
2107
2109
2114
2121
2124
2116
2118
2116
2126
2125
2121
2120
2125
2121
2120
2126
2122
2109
2103
2091
2091
2094
2086
2080
2054
2053
2055
2049
2038
2027
2023
2027
2030
2024
2006
2005
2013
1997
1990
1991
1988
1988
1995
1999
2001
1997
1996
1990
1980
1971
1970
1974
1982
1983
1987
1983
1982
1986
1988
1993
2007
2010
2005
2020
2021
2024
2033
2034
2036
2032
2041
2053
2055
2058
2056
2054
2043
2037
2031
2030
2028
2031
2032
2031
2005
2002
2007
2017
2002
1996
1992
1987
1983
1990
1987
1984
1977
1972
1964
1962
1956
1945
1948
1957
1953
1960
1958
1971
1982
1988
1979
1982
1986
1998
2005
2011
2016
2023
2028
2029
2031
2039
2062
2061
2060
2061
2060
2072
2080
2073
2071
2078
2087
2087
2086
2083
2090
2101
2100
2081
2072
2066
2065
2063
2051
2051
2051
2052
2039
2031
2029
2036
2020
2018
2018
2013
2013
2020
2017
2018
2020
2012
2011
2015
2028
2034
2036
2039
2041
2033
2036
2040
2037
2034
2022
2023
2021
2025
2030
2033
2038
2041
2046
2050
2056
2053
2051
2046
2041
2044
2057
2031
2034
2041
2040
2037
2038
2041
2033
2027
2009
2008
2014
2011
2001
2003
2002
1998
1993
1990
1989
1986
1992
1989
1985
1989
1986
1986
1994
1992
1993
1993
1995
1992
1997
2000
2000
1997
2002
2000
2003
2005
2009
2024
2027
2030
2018
2015
2029
2035
2039
2042
2049
2050
2047
2047
2057
2065
2080
2089
2097
2091
2090
2101
2114
2094
2084
2084
2090
2092
2093
2083
2070
2087
2081
2072
2064
2053
2061
2047
2032
2014
2002
2006
2007
2001
1945
1944
1945
1945
1882
1876
1870
1872
1871
1847
1846
1853
1855
1852
1843
1843
1851
1870
1873
1877
1885
1900
1921
1941
1955
1962
1971
1983
1997
2017
2053
2057
2071
2090
2132
2141
2149
2159
2167
2166
2177
2183
2189
2187
2195
2197
2197
2204
2199
2188
2176
2206
2211
2243
2268
2265
2269
2273
2264
2259
2247
2231
2213
2207
2188
2189
2179
2165
2124
2123
2128
2134