1966
1971
1977
1983
2003
2010
2013
2019
2025
2021
2027
2036
2031
2033
2027
2025
2020
2028
2033
2034
2039
2038
2038
2041
2042
2058
2060
2065
2067
2067
2064
2067
2069
2056
2061
2056
2049
2052
2044
2042
2047
2042
2034
2029
2032
2032
2030
2028
2021
2026
2009
2011
2005
2004
2009
2011
2008
2004
2008
2006
2006
2007
2011
2015
2022
2025
2026
2031
2034
2041
2044
2047
2051
2051
2052
2050
2047
2044
2045
2048
2049
2047
2050
2051
2037
2037
2038
2037
2033
2034
2034
2033
2030
2042
2043
2043
2044
2044
2044
2040
2032
2029
2030
2027
2028
2013
2014
2018
2030
2025
2025
2039
2063
2069
1924
1893
1858
1830
1819
1827
1850
1880
2034
2028
2038
2051
2056
2069
2102
2124
2121
2129
2121
2105
2080
2060
2050
2043
2043
2061
2077
2095
2100
2064
2062
2065
2064
2024
2015
2014
2005
1989
1940
1917
1899
1885
1884
1885
1897
1903
1906
1914
1921
1924
1923
1934
1956
1979
1999
2002
1992
1978
1963
1955
1954
1959
1970
2036
2051
2070
2085
2075
2066
2058
2066
2074
2093
2103
2109
2117
2128
2133
2133
2123
2081
2073
2081
2088
2085
2091
2090
2085
2088
2084
2075
2069
2064
2064
2059
2057
2061
2069
2050
2032
2010
1980
1955
1941
1935
1935
1957
1971
1983
1984
1995
2005
2007
2024
2083
2092
2098
2103
2106
2108
2105
2107
2115
2115
2111
2112
2123
2139
2133
2132
2130
2131
2112
2103
2099
2099
2096
2095
2097
2094
2066
2057
2049
2039
2025
2022
2019
2014
2013
2018
2014
2010
2003
2000
1996
1992
1991
1994
1984
1975
1961
1941
1925
1908
1895
1885
1840
1830
1825
1815
1798
1802
1808
1810
1818
1817
1814
1814
1819
1820
1817
1814
1810
1814
1823
1827
1823
1865
1879
1897
1924
1999
2017
2035
2060
2092
2182
2213
2249
2284
2321
2350
2387
2422
2446
2515
2540
2568
2591
2616
2644
2672
2703
2766
2775
2790
2795
2792
2793
2789
2780
2772
2735
2711
2689
2666
2632
2595
2560
2522
2326
2276
2218
2163
1937
1877
1816
1768
1537
1482
1428
1379
1334
1188
1149
1109
1071
1042
1010
984
963
929
928
927
931
979
1000
1022
1047
1078
1181
1215
1252
1291
1334
1372
1420
1466
1636
1691
1742
1792
1972
2022
2070
2121
2279
2314
2354
2385
2423
2515
2548
2574
2601
2623
2644
2658
2673
2737
2752
2780
2811
2683
2643
2596
2538
2479
2302
2272
2269
2287
2297
2305
2331
2359
2428
2463
2480
2481
2468
2451
2441
2429
2321
2307
2285
2277
2282
2313
2329
2343
2346
2341
2359
2373
2381
2344
2323
2298
2286
2135
2081
2017
1962
1913
1793
1757
1729
1707
1685
1658
1634
1602
1476
1460
1454
1458
1490
1504
1521
1529
1579
1593
1621
1665
1717
1883
1943
1998
2049
2102
2150
2196
2241
2375
2415
2460
2512
2555
2641
2661
2671
2681
2692
2703
2710
2708
2658
2635
2607
2574
2380
2331
2285
2242
2068
2000
1919
1832
1745
1481
1401
1323
1260
1204
1146
1090
1037
879
856
838
827
845
870
900
931
1061
1094
1127
1160
1200
1329
1371
1417
1470
1525
1573
1633
1690
1914
1961
2018
2062
2104
2208
2235
2265
2292
2320
2345
2367
2383
2438
2456
2477
2488
2497
2505
2509
2515
2522
2536
2536
2536
2541
2539
2531
2522
2513
2448
2420
2400
2376
2352
2274
2250
2234
2219
2212
2205
2200
2199
2204
2204
2200
2194
2172
2160
2151
2131
2115
2070
2056
2049
2048
2046
2046
2048
2053
2080
2086
2092
2085
2070
2073
2071
2075
2080
2099
2095
2099
2096
2092
2084
2079
2079
2083
2086
2097
2111
2158
2166
2170
2175
2185
2190
2194
2202
2211
2249
2261
2270
2281
2294
2308
2315
2321
2341
2354
2365
2373
2395
2396
2393
2387
2378
2351
2349
2334
2306
2289
2294
2314
2331
2374
2332
2283
2235
2164
2147
2136
2132
2079
2074
2076
2081
2072
2013
2021
1999
1968
1963
1966
1942
1883
1736
1728
1738
1745
1722
1701
1686
1676
1666
1600
1578
1561
1547
1524
1524
1537
1542
1487
1482
1475
1477
1554
1557
1564
1580
1586
1594
1610
1615
1625
1645
1665
1674
1685
1753
1776
1801
1826
1924
1944
1974
2002
2025
2022
2019
2042
2070
2097
2104
2105
2105
2106
2101
2094
2092
2037
2018
1991
1963
1868
1847
1842
1838
1839
1871
1872
1867
1861
1861
1864
1868
1875
1842
1823
1809
1817
1850
1845
1844
1842
1895
1919
1950
1983
2000
2019
2038
2068
2086
2094
2104
2118
2127
2198
2218
2225
2239
2271
2276
2288
2301
2302
2271
2270
2271
2287
2307
2315
2338
2361
2395
2411
2423
2438
2422
2413
2399
2389
2387
2381
2373
2369
2368
2361
2352
2335
2317
2256
2242
2223
2207
2088
2065
2033
2013
1949
1940
1928
1926
1925
1913
1917
1923
1927
1927
1919
1918
1917
1867
1860
1854
1847
1846
1855
1861
1869
1885
1913
1924
1933
1941
1949
1957
1963
1966
1975
1986
2005
2021
2068
2079
2088
2097
2108
2103
2100
2099
2102
2103
2102
2104
2102
2080
2073
2068
2064
2072
2069
2075
2078
2097
2107
2107
2109
2109
2104
2104
2100
2101
2099
2100
2102
2098
2069
2066
2072
2075
2052
2051
2044
2044
2045
2032
2031
2024
2020
2013
2009
2007
1999
1943
1926
1912
1897
1863
1853
1845
1829
1819
1797
1788
1782
1782
1779
1774
1776
1772
1757
1759
1761
1763
1788
1795
1808
1820
1855
1872
1886
1897
1909
1963
1977
1998
2016
2030
2038
2053
2074
2124
2133
2147
2158
2194
2199
2198
2204
2214
2231
2235
2246
2256
2265
2269
2268
2270
2265
2261
2255
2252
2217
2201
2189
2178
2148
2137
2132
2123
2116
2085
2072
2052
2039
2031
2016
2002
1987
1956
1947
1931
1928
1893
1892
1896
1894
1893
1902
1900
1894
1891
1884
1869
1864
1862
1835
1831
1825
1823
1843
1840
1841
1853
1889
1904
1912
1923
1931
1971
1981
1997
2009
2018
2031
2042
2054
2094
2105
2114
2115
2123
2129
2132
2140
2144
2152
2153
2153
2152
2146
2148
2151
2150
2132
2129
2123
2116
2097
2084
2083
2072
2071
2062
2062
2058
2058
2061
2062
2056
2057
2063
2063
2057
2050
2057
2056
2052
2051
2071
2078
2080
2086
2098
2093
2089
2085
2080
2083
2080
2071
2065
2051
2047
2051
2047
2037
2035
2031
2029
2029
2015
2018
2013
2011
2012
2012
2007
2005
1994
1997
1998
1999
1994
1996
2000
2002
2009
2016
2024
2022
2022
2033
2035
2037
2044
2049
2054
2059
2059
2050
2053
2055
2054
2048
2044
2048
2047
2047
2041
2038
2029
2028
2026
2021
2021
2013
2010
2006
2004
2000
1983
1973
1966
1960
1938
1930
1922
1918
1916
1906
1900
1899
1898
1898
1898
1900
1899
1897
1897
1893
1892
1899
1900
1899
1897
1904
1927
1928
1928
1934
1939
1947
1952
1952
1964
1968
1973
1970
1985
1988
1997
2010
2051
2064
2078
2087
2094
2115
2115
2118
2123
2137
2140
2147
2146
2147
2147
2144
2143
2143
2141
2142
2140
2133
2117
2113
2110
2105
2096
2082
2076
2071
2064
2066
2066
2065
2052
2051
2051
2049
2042
2038
2034
2028
2020
2023
2029
2034
2038
2040
2041
2040
2044
2042
2043
2049
2047
2048
2048
2052
2052
2058
2054
2050
2049
2053
2051
2056
2053
2057
2067
2064
2070
2068
2058
2059
2055
2052
2027
2027
2027
2031
2027
2016
2016
2011
2010
2002
1995
1992
1981
1976
1977
1977
1972
1975
1969
1965
1972
1978
1970
1964
1966
1969
1971
1973
1970
1970
1961
1962
1960
1962
1964
1967
1970
1971
1977
1976
1978
1988
1995
2012
2013
2014
2022
2027
2027
2025
2023
2009
2000
2003
2008
1986
1978
1977
1974
1972
1970
1967
1964
1966
1969
1977
1983
1992
2003
2011
2019
2024
2038
2043
2048
2054
2072
2075
2080
2085
2088
2092
2099
2099
2099
2100
2102
2098
2094
2096
2099
2095
2091
2108
2110
2107
2101
2095
2095
2092
2090
2090
2090
2090
2087
2085
2073
2072
2067
2066
2069
2075
2075
2069
2065
2061
2059
2053
2055
2053
2053
2053
2047
2033
2029
2021
2011
2003
2003
2002
1995
1990
1994
1996
1995
1996
1987
1983
1979
1982
1981
1981
1979
1982
1960
1966
1965
1966
1972
1971
1977
1979
1989
1982
1981
1986
1988
1997
1998
2000
2005
2006
2006
2010
2020
2025
2030
2031
2030
2030
2026
2026
2031
2034
2028
2026
2033
2037
2040
2044
2046
2053
2057
2056
2059
2061
2063
2065
2067
2066
2069
2066
2062
2058
2055
2049
2048
2045
2040
2044
2040
2033
2028
2024
2014
2016
2017
2015
2003
2002
1996
1993
1996
1998
1996
1991
1986
1967
1965
1960
1958
1963
1961
1958
1953
1938
1941
1938
1943
1961
1961
1964
1971
1974
1984
1986
1986
1992
1993
1996
1999
2003
2021
2030
2041
2042
2054
2059
2066
2070
2086
2091
2096
2103
2105
2115
2114
2112
2108
2112
2119
2120
2118
2113
2106
2099
2095
2152
2189
2140
2054
1994
1779
1743
1743
1739
1744
1777
1840
1886
1976
1974
1991
2031
1854
1864
1868
1873
1970
1985
1993
2000
2007
2114
2110
2112
2134
2158
2171
2190
2213
2199
2164
2125
2096
2048
2038
2025
2010
1980
1941
1949
1951
1937
1922
1911
1889
1855
1685
1650
1628
1613
1654
1664
1682
1702
1678
1681
1694
1723
1773
1899
1939
1978
2015
2045
2088
2145
2200
2474
2544
2609
2676
2971
3037
3095
3157
3221
3376
3421
3456
3490
3503
3505
3492
3470
3429
3421
3408
3383
3212
3127
3011
2881
2314
2187
2064
1946
1840
1527
1411
1278
1137
999
866
741
634
340
284
236
204
151
150
150
154
157
180
195
221
246
282
337
402
468
779
866
946
1031
1319
1394
1477
1567
1981
2084
2189
2285
2377
2574
2628
2678
2726
2773
2812
2854
2892
2971
2985
2984
2981
2979
2985
2998
2986
2950
2672
2555
2452
2371
2300
2270
2276
2309
2554
2617
2668
2699
2616
2551
2501
2460
2397
2394
2395
2390
2383
2393
2411
2442
2480
2519
2556
2595
2626
2652
2614
2555
2480
2188
2126
2057
1989
1916
1688
1637
1594
1564
1544
1523
1491
1457
1250
1198
1145
1098
1040
1054
1067
1086
1129
1146
1163
1191
1233
1414
1485
1553
1620
1688
1764
1849
1933
2344
2452
2555
2648
2957
3035
3110
3186
3260
3444
3490
3526
3549
3560
3555
3537
3501
3358
3340
3331
3332
3316
3283
3219
3131
2592
2433
2277
2132
1996
1638
1526
1410
1296
1180
1057
944
837
591
563
539
519
456
448
448
451
463
530
554
584
611
636
656
676
703
822
865
915
964
1090
1121
1160
1209
1268
1529
1636
1743
1845
1945
2039
2124
2199
2428
2483
2541
2596
2746
2773
2792
2792
2768
2765
2780
2790
2792
2811
2805
2792
2779
2766
2744
2729
2717
2746
2754
2755
2749
2641
2603
2559
2522
2479
2348
2302
2255
2211
2171
2133
2093
2047
1898
1876
1865
1851
1751
1727
1709
1694
1651
1642
1636
1627
1617
1577
1569
1566
1566
1568
1575
1589
1611
1697
1714
1737
1750
1772
1784
1797
1814
1837
1918
1954
1991
2027
2054
2084
2113
2134
2226
2246
2266
2294
2391
2416
2440
2456
2477
2519
2532
2548
2569
2591
2610
2637
2657
2695
2692
2687
2682
2669
2669
2672
2679
2692
2690
2685
2675
2661
2597
2565
2532
2499
2463
2421
2380
2336
2154
2106
2065
2021
1827
1779
1739
1686
1631
1501
1468
1447
1435
1420
1403
1392
1379
1342
1336
1324
1318
1334
1337
1344
1350
1352
1357
1362
1367
1378
1395
1416
1437
1461
1585
1615
1648
1684
1813
1853
1894
1934
2083
2117
2144
2170
2193
2275
2301
2326
2353
2372
2377
2391
2396
2422
2422
2427
2429
2417
2403
2392
2375
2355
2295
2277
2251
2233
2215
2191
2170
2149
2058
2035
2017
1993
1919
1905
1888
1887
1877
1834
1819
1804
1797
1788
1779
1774
1767
1743
1735
1734
1737
1738
1747
1759
1764
1817
1827
1847
1866
1877
1914
1926
1943
1960
1975
1982
1992
2003
2033
2047
2054
2059
2088
2095
2103
2109
2112
2119
2122
2130
2137
2145
2160
2168
2174
2172
2166
2165
2160
2120
2116
2109
2105
2092
2051
2049
2047
2052
2066
2069
2059
2053
1998
2004
2001
1996
1957
1941
1940
1943
1953
1948
1938
1933
1939
1943
1940
1934
1935
1938
1941
1943
1950
2025
2045
2076
2097
2189
2209
2229
2244
2258
2290
2297
2299
2302
2301
2296
2296
2301
2244
2233
2223
2206
2173
2164
2156
2142
2134
2076
2062
2060
2056
2048
2034
2039
2037
2041
2040
2042
2043
2043
2047
2052
2048
2053
2072
2082
2090
2093
2094
2095
2098
2106
2116
2142
2146
2149
2153
2156
2149
2131
2121
2072
2055
2041
2032
1971
1956
1944
1944
1935
1943
1936
1924
1918
1906
1900
1898
1899
1899
1894
1896
1894
1870
1874
1880
1890
1902
1893
1891
1892
1892
1903
1915
1913
1916
1919
1925
1926
1928
1926
1930
1929
1926
1943
1939
1937
1932
1941
1946
1955
1965
1980
2015
2026
2035
2041
2050
2057
2066
2079
2116
2123
2132
2133
2132
2130
2132
2134
2130
2101
2088
2076
2069
2062
2053
2042
2026
1967
1960
1948
1942
1954
1953
1954
1951
1951
1938
1936
1939
1945
1944
1935
1933
1931
1908
1906
1900
1893
1882
1884
1892
1896
1904
1911
1921
1934
1941
1968
1975
1981
1983
1992
2002
2012
2020
2030
2035
2041
2051
2095
2107
2119
2131
2141
2159
2163
2177
2189
2196
2203
2205
2207
2200
2199
2196
2194
2188
2184
2182
2179
2153
2151
2142
2130
2112
2081
2077
2066
2055
2050
2049
2041
2038
2029
2030
2035
2038
2042
2043
2047
2052
2059
2072
2078
2085
2092
2098
2103
2107
2120
2141
2146
2144
2151
2152
2148
2142
2137
2131
2105
2095
2086
2082
2071
2062
2057
2050
2009
2001
1996
1993
1979
1983
1979
1971
1959
1958
1960
1960
1961
1943
1936
1939
1935
1932
1928
1930
1934
1927
1926
1935
1944
1958
1961
1962
1962
1965
1964
1962
1954
1953
1954
1955
1955
1953
1956
1951
1946
1946
1960
1958
1964
1968
1967
1973
1975
1974
1981
1985
1982
1982
1991
1998
2001
2001
2007
2006
2010
2008
2010
2033
2034
2036
2038
2037
2033
2031
2023
2019
2015
2011
2002
1995
1978
1971
1970
1969
1961
1963
1959
1957
1956
1959
1966
1972
1970
1988
1993
1999
2006
2007
2021
2032
2041
2059
2064
2067
2078
2096
2098
2105
2111
2117
2129
2131
2135
2140
2144
2145
2137
2136
2110
2107
2104
2098
2073
2066
2055
2049
2042
2021
2018
2016
2012
2009
2010
2010
2007
2007
2006
2010
2013
2022
2024
2032
2034
2033
2028
2028
2028
2031
2035
2038
2042
2037
2042
2036
2035
2041
2043
2045
2038
2033
2042
2063
2063
2067
2069
2087
2090
2097
2105
2111
2115
2113
2111
2112
2100
2096
2093
2086
2085
2084
2080
2078
2049
2043
2038
2034
2011
2006
2003
1996
1996
1998
1992
1991
1994
1993
1988
1987
1983
1981
1976
1975
1971
1959
1952
1950
1950
1953
1957
1959
1954
1957
1973
1979
1987
1991
1992
1997
2004
2009
2004
2007
2013
2021
2010
2009
2012
2015
2019
2004
2006
2010
2017
2012
2016
2018
2019
2015
2020
2025
2025
2024
2022
2014
1999
1991
1988
1991
1998
2002
2007
2007
2012
2016
2027
2028
2031
2036
2031
2028
2034
2039
2058
2058
2055
2058
2055
2040
2028
2026
2015
2011
2015
2014
2011
2009
2015
2014
2010
2007
2010
2018
2028
2025
2024
2021
2023
2020
2015
2009
2015
2015
2015
2015
2015
2016
2003
2005
2013
2019
2013
2011
2009
2005
2006
2004
2008
2000
1999
2000
2005
2012
2012
2009
2005
2001
2000
2005
2002
2007
2008
2013
2018
2021
2031
2036
2034
2038
2042
2049
2074
2075
2077
2080
2084
2081
2074
2069
2074
2077
2076
2077
2073
2068
2063
2059
2049
2046
2040
2040
2043
2022
2017
2023
2026
2006
2003
2002
2006
2008
2008
2009
2008
2014
2023
2029
2030
2029
2040
2047
2049
2053
2063
2066
2071
2071
2070
2076
2077
2078
2075
2076
2080
2081
2077
2059
2054
2054
2054
2039
2035
2034
2031
2023
2023
2027
2026
2029
2026
2032
2034
2034
2029
2033
2036
2045
2052
2053
2054
2056
2047
2047
2043
2040
2045
2067
2065
2052
2039
2029
2010
1992
1978
1959
1964
1970
1978
2007
1998
1988
1976
1953
1953
1957
1959
1964
1970
1968
1980
1993
2000
2005
2014
2019
2043
2053
2056
2058
2037
2033
2032
2030
2026
1987
1974
1974
1970
1966
1960
1959
1965
1972
1967
1969
1960
1948
1948
1951
1960
1973
1993
1994
1994
1999
1999
2001
2011
2017
2070
2076
2078
2086
2114
2114
2117
2126
2143
2139
2130
2125
2122
2109
2114
2116
2116
2101
2085
2074
2062
1977
1956
1935
1922
1925
1937
1937
1933
1929
1884
1852
1824
1789
1756
1740
1726
1718
1696
1700
1692
1689
1714
1731
1755
1776
1798
1837
1844
1847
1856
1866
1879
1895
1919
2030
2055
2085
2109
2233
2267
2306
2341
2507
2552
2595
2646
2729
2854
2879
2894
2911
2921
2919
2903
2871
2761
2770
2780
2786
2736
2713
2667
2614
2554
2317
2223
2144
2073
2006
1941
1881
1838
1696
1668
1655
1661
1666
1660
1654
1637
1619
1538
1506
1471
1435
1398
1361
1322
1288
1173
1169
1173
1179
1228
1240
1261
1280
1301
1376
1419
1463
1511
1568
1612
1656
1700
1899
1953
2007
2055
2231
2277
2321
2356
2507
2551
2592
2631
2664
2739
2752
2756
2764
2772
2775
2774
2774
2739
2721
2701
2670
2486
2436
2407
2388
2383
2412
2425
2433
2444
2442
2427
2400
2358
2044
1954
1862
1763
1386
1301
1221
1150
941
923
923
936
955
1052
1095
1141
1187
1238
1290
1348
1409
1583
1607
1625
1639
1660
1658
1663
1662
1654
1622
1610
1599
1590
1595
1606
1626
1655
1868
1927
1996
2069
2331
2381
2431
2474
2500
2584
2603
2613
2616
2618
2611
2598
2584
2529
2523
2514
2508
2493
2494
2502
2510
2581
2619
2655
2693
2728
2758
2754
2739
2724
2711
2696
2681
2658
2466
2411
2351
2303
2173
2150
2115
2085
2054
1984
1963
1938
1917
1897
1876
1860
1842
1759
1732
1706
1678
1583
1568
1555
1539
1529
1523
1529
1538
1552
1569
1581
1596
1602
1647
1666
1688
1705
1796
1818
1843
1878
2012
2052
2085
2119
2150
2245
2279
2318
2351
2385
2422
2455
2485
2567
2582
2599
2616
2598
2588
2570
2547
2518
2420
2388
2356
2325
2299
2277
2268
2256
2239
2229
2217
2206
2111
2080
2046
2016
1980
1857
1815
1768
1727
1682
1639
1602
1568
1458
1436
1417
1394
1363
1363
1374
1394
1502
1532
1568
1601
1636
1731
1760
1779
1792
1802
1818
1837
1842
1851
1863
1870
1876
1933
1955
1976
2002
2026
2109
2131
2161
2187
2214
2243
2275
2308
2414
2424
2431
2432
2396
2374
2355
2335
2314
2243
2218
2191
2171
2156
2142
2131
2115
2034
2009
1994
1979
1897
1875
1860
1845
1787
1773
1760
1753
1735
1730
1758
1775
1792
1818
1839
1843
1830
1829
1857
1880
1902
1954
1948
1954
1967
1978
2010
2005
1988
1977
1973
1976
1983
1982
2012
2031
2062
2096
2181
2187
2201
2209
2253
2263
2278
2288
2285
2275
2274
2270
2270
2272
2276
2275
2269
2241
2240
2249
2259
2253
2258
2262
2267
2276
2248
2236
2231
2224
2207
2185
2170
2159
2111
2089
2069
2045
1971
1966
1970
1979
2000
2008
2012
2005
2013
1990
1989
2002
2008
1999
1993
1983
1964
1886
1865
1853
1845
1766
1756
1743
1735
1736
1738
1753
1767
1777
1780
1793
1802
1821
1867
1879
1893
1905
1954
1965
1969
1969
1956
1951
1947
1955
1963
1992
2007
2015
2028
2044
2067
2090
2113
2186
2200
2211
2214
2243
2255
2263
2268
2270
2263
2254
2242
2222
2206
2195
2180
2171
2132
2113
2103
2090
2032
2028
2023
2014
1959
1944
1929
1918
1914
1892
1882
1877
1870
1858
1847
1843
1843
1843
1845
1844
1840
1832
1835
1843
1849
1852
1883
1890
1898
1909
1914
1925
1936
1944
1998
2006
2012
2024
2073
2088
2100
2110
2119
2157
2165
2175
2180
2184
2183
2187
2191
2166
2168
2167
2167
2164
2165
2169
2167
2164
2171
2173
2174
2175
2181
2187
2183
2183
2167
2156
2147
2133
2116
2096
2080
2063
2046
1983
1963
1944
1927
1917
1907
1894
1890
1885
1874
1871
1878
1882
1889
1892
1896
1900
1913
1918
1926
1934
1955
1957
1958
1962
1973
1977
1985
1990
1997
2011
2019
2024
2032
2044
2053
2063
2069
2098
2099
2097
2100
2115
2114
2118
2118
2116
2094
2087
2074
2072
2071
2068
2065
2057
2026
2023
2015
2009
2008
2015
2022
2021
2024
2027
2029
2036
2036
2023
2023
2026
2023
2020
2024
2026
2028
2029
2031
2036
2046
2051
2053
2059
2055
2057
2048
2045
2043
2040
2029
2018
2015
2016
1987
1982
1977
1977
1978
1978
1979
1977
1977
1975
1971
1965
1965
1970
1973
1975
1981
1981
1975
1972
1970
1974
1973
1974
1974
1978
1957
1954
1958
1953
1965
1975
1984
1990
2007
2012
2021
2026
2035
2050
2051
2051
2056
2067
2073
2073
2076
2088
2095
2098
2100
2110
2113
2112
2114
2116
2121
2112
2110
2123
2138
2146
2137
2124
2053
2038
2023
2008
1991
1989
1991
2002
2009
2003
2003
2000
1995
1990
1987
1981
1975
1956
1948
1941
1935
1929
1940
1944
1950
1962
1965
1971
1970
1969
1970
1968
1959
1958
1952
1943
1945
1943
1939
1945
1958
1969
1994
2006
2016
2021
2032
2065
2081
2099
2117
2129
2139
2147
2161
2178
2191
2206
2220
2247
2247
2240
2237
2233
2228
2230
2231
2218
2171
2152
2135
2127
2112
2094
2077
2060
2017
2007
1997
1982
1920
1915
1904
1900
1896
1922
1934
1942
1949
1957
1957
1956
1952
1935
1938
1937
1937
1928
1928
1928
1935
1940
1947
1956
1975
1990
1997
2012
2024
2039
2080
2087
2093
2107
2107
2096
2092
2084
2033
2020
2005
1999
1991
1963
1954
1943
1939
1934
1931
1938
1943
1979
1984
1996
2002
2013
2016
2021
2023
2025
2026
2027
2026
2025
2024
2011
2002
2000
1977
1975
1975
1973
1962
1967
1969
1965
1985
1991
1997
2001
2007
2011
2017
2014
2004
1993
1988
1985
1980
1965
1959
1955
1958
1946
1956
1962
1967
1979
1996
1997
1999
2001
2004
2010
2018
2027
2034
2041
2044
2043
2021
2019
2021
2021
2030
2040
2052
2060
2071
2075
2078
2084
2092
2095
2095
2100
2106
2118
2127
2132
2135
2128
2130
2132
2125
2118
2105
2106
2106
2104
2100
2093
2088
2081
2057
2051
2049
2044
2010
2005
2002
1995
1993
1992
1996
1996
1998
2005
2009
2017
2025
2031
2040
2050
2059
2079
2081
2083
2085
2080
2084
2086
2085
2084
2079
2080
2079
2082
2082
2073
2072
2073
2067
2058
2060
2061
2080
2085
2083
2087
2089
2070
2066
2058
2050
2045
2038
2032
2030
2009
2006
1998
1990
1982
1975
1970
1963
1942
1935
1929
1930
1934
1945
1946
1943
1936
1936
1932
1932
1936
1930
1922
1921
1929
1917
1912
1913
1917
1919
1947
1955
1962
1971
1973
1978
1987
1990
2011
2014
2019
2023
2046
2053
2053
2058
2077
2081
2081
2081
2082
2086
2087
2089
2097
2098
2093
2091
2093
2074
2073
2071
2070
2052
2046
2044
2036
2027
2010
2007
2008
2006
2004
2003
2003
2006
1998
2002
2006
2009
2005
2007
2013
2015
2023
2023
2025
2022
2024
2023
2025
2022
2019
2016
2017
2016
2013
1993
1992
1998
1998
1980
1980
1988
1992
1996
2003
2000
1999
2000
1999
2002
2005
2004
2010
2011
2020
2026
2056
2060
2067
2074
2082
2093
2094
2092
2094
2095
2095
2093
2098
2080
2079
2082
2083
2072
2067
2067
2064
2050
2045
2039
2033
2028
2024
2023
2026
2022
2016
2012
2013
2012
1990
1988
1983
1986
1990
1990
1983
1977
1980
1981
1980
1984
1988
1989
1988
1990
1992
1993
1995
2002
2002
2002
2009
2013
2017
2020
2021
2027
2032
2030
2037
2034
2037
2049
2060
2071
2075
2080
2080
2082
2083
2085
2106
2110
2107
2110
2112
2107
2111
2116
2116
2114
2114
2114
2111
2081
2072
2068
2073
2060
2059
2049
2033
2035
2024
2025
2018
2014
2009
2008
2009
2002
1979
1975
1973
1977
1952
1952
1956
1959
1970
1975
1975
1978
1979
1983
1981
1985
1991
1997
2000
1994
2000
2023
2030
2036
2037
2040
2045
2041
2036
2036
2022
2023
2022
2026
2019
2011
2003
1999
1987
1986
1989
1996
1958
1951
1949
1941
1920
1922
1930
1935
1939
1957
1966
1982
1990
1992
1993
2001
2006
2024
2028
2030
2029
2033
2033
2026
2025
2016
2003
1999
1993
1990
1988
1989
1991
1985
1994
1992
1988
1985
1985
1998
2010
2030
2061
2063
2066
2070
2072
2084
2081
2072
2060
2064
2062
2059
2063
2071
2073
2077
2081
2082
2080
2080
2072
2070
2067
2067
2066
2071
2077
2082
2093
2100
2104
2102
2103
2106
2126
2125
2122
2117
2105
2100
2094
2091
2083
2063
2059
2057
2051
2047
2050
2049
2050
2035
2033
2028
2021
2007
2014
2015
2016
2020
2026
2022
2015
2013
2015
2014
2013
2013
2005
2007
2007
2013
1992
1989
1987
1990
1986
1981
1971
1961
1960
1964
1962
1963
1970
1977
1973
1970
1965
1981
1976
1970
1972
1976
1982
1988
1993
1985
1976
1971
1965
1968
1972
1965
1968
1982
2009
2015
2019
2015
2016
2022
2026
2032
2033
2035
2040
2042
2041
2040
2039
2039
2037
2015
2016
2015
2014
1997
1991
1987
1987
1987
1990
1992
2003
2003
2008
2010
2014
2019
2024
2027
2031
2035
2044
2050
2056
2063
2071
2074
2083
2091
2098
2105
2108
2111
2112
2110
2112
2113
2114
2102
2103
2099
2094
2064
2062
2061
2054
2053
2022
2023
2019
2020
2020
2016
2013
2015
2016
2025
2036
2048
2050
2049
2054
2058
2060
2041
2041
2036
2038
2038
2040
2033
2034
2034
2040
2038
2036
2038
2040
2038
2039
2040
2027
2016
2013
2020
1996
1993
1984
1978
1966
1956
1956
1951
1949
1948
1945
1942
1947
1923
1919
1924
1924
1929
1931
1932
1941
1983
2001
2000
2008
2032
2018
2029
2041
2043
2045
2058
2072
2071
2088
2094
2108
2116
2111
2088
2068
2071
2076
2042
2036
2037
2040
2049
2054
2062
2059
2079
2076
2083
2082
2049
2039
2037
2038
2071
2074
2074
2079
2079
2056
2057
2055
2050
2049
2052
2046
2046
2014
2006
2013
1997
1954
1952
1951
1951
1945
1944
1939
1944
1955
1962
1972
1976
1979
2004
2005
2022
2031
2044
2047
2052
2061
2071
2095
2091
2089
2081
2078
2079
2087
2092
2101
2093
2092
2095
2084
2073
2067
2059
2049
2051
2045
2042
2037
2015
2020
2023
2022
2017
2010
2005
1996
1982
1981
1968
1958
1935
1928
1927
1921
1921
1937
1937
1942
1951
1958
1963
1968
1974
1970
1968
1969
1967
1960
1959
1958
1957
1966
1975
1981
1991
2000
2026
2025
2023
2022
2018
2019
2020
2025
2022
2024
2031
2032
2029
2033
2032
2037
2031
2038
2037
2036
2041
2041
2044
2044
2041
2022
2021
2015
2013
2020
2018
2015
2015
2020
2023
2023
2017
2017
2014
2021
2025
2032
2033
2031
2031
2033
2063
2062
2065
2068
2077
2078
2092
2105
2116
2126
2129
2132
2138
2129
2121
2116
2106
2078
2073
2066
2059
2054
2052
2063
2066
2064
2054
2056
2053
2051
2052
2054
2052
2055
2056
2047
2039
2035
2018
2017
2015
2012
2005
2005
2005
2003
2002
1994
1992
1992
1997
1996
1995
1993
1993
1978
1975
1979
1978
1990
1999
2007
2011
2024
2042
2055
2067
2077
2090
2095
2103
2113
2112
2108
2109
2104
2074
2073
2075
2077
2075
2061
2061
2048
2039
2037
2037
2037
2035
2014
2009
1996
1990
1972
1958
1954
1954
1946
1945
1953
1955
1960
1963
1961
1965
1961
1958
1959
1963
1966
1968
1969
1973
1975
1995
2002
2007
2012
2021
2040
2042
2041
2051
2054
2061
2056
2056
2051
2049
2051
2053
2039
2032
2032
2036
2038
2038
2044
2046
2043
2045
2043
2040
2041
2032
2031
2033
2029
2027
2027
2031
2032
2040
2045
2052
2052
2056
2050
2047
2042
2038
2036
2034
2028
2024
2004
1996
1987
1981
1958
1955
1954
1949
1942
1940
1939
1936
1940
1946
1949
1951
1963
1970
1978
1984
1991
2008
2018
2013
2015
2029
2026
2021
2027
2028
2044
2043
2044
2047
2054
2061
2065
2068
2076
2080
2082
2082
2071
2064
2051
2042
2042
2054
2055
2054
2052
2048
2053
2048
2045
2046
2048
2043
2041
2038
2030
2037
2042
2039
2040
2044
2046
2043
2046
2046
2045
2042
2041
2044
2046
2048
2050
2059
2062
2057
2058
2056
2058
2062
2060
2052
2048
2041
2038
2039
2036
2032
2027
2006
2012
2016
2013
2003
2005
2004
2005
2012
2003
2005
2007
2010
2014
2019
2015
2012
2010
2005
2006
2010
2009
2011
2012
2012
2018
2020
2022
2024
2025
2027
2023
2022
2025
2026
2030
2032
2039
2038
2037
2037
2034
2029
2027
2031
2029
2024
2023
2024
2027
2029
2029
2021
2026
2024
2022
2020
2019
2022
2006
2002
2001
1996
1991
1988
1985
1985
1983
1982
1985
1983
1978
1981
1985
1989
1991
2000
2000
2008
2013
2016
2019
2022
2025
2023
2035
2031
2030
2032
2033
2032
2030
2032
2038
2034
2038
2040
2049
2049
2053
2048
2051
2054
2055
2055
2057
2057
2055
2062
2070
2085
2083
2080
2079
2078
2074
2077
2070
2067
2064
2062
2063
2061
2061
2058
2055
2052
2045
2046
2047
2046
2034
2031
2032
2025
1995
1993
1991
1985
1989
1977
1974
1976
1982
1984
1975
1972
1972
1967
1962
1960
1962
1964
1965
1971
1975
1969
1968
1969
1974
1982
1993
1998
1998
1992
2005
2013
2023
2028
2035
2035
2041
2032
2026
2024
2024
2023
2024
2022
2021
2024
2023
2037
2041
2043
2040
2039
2047
2053
2062
2070
2067
2065
2066
2073
2083
2080
2072
2068
2065
2071
2068
2065
2064
2064
2063
2067
2038
2028
2025
2026
2023
2012
2010
2002
2001
2004
2014
2023
2026
2024
2018
2019
2018
2016
2012
2008
2007
2015
2013
2012
2010
2015
2024
2027
2032
2034
2043
2048
2056
2050
2043
2040
2040
2042
2043
2042
2040
2042
2045
2052
2052
2046
2045
2049
2051
2053
2052
2043
2044
2043
2044
2048
2041
2039
2044
2035
2035
2031
2033
2033
2037
2037
2040
2036
2037
2036
2037
2039
2011
2011
2006
2007
2017
2008
2007
2002
2000
1978
1974
1974
1978
1979
1977
1977
1980
1989
1990
1997
2004
2011
2011
2009
2012
2008
1995
1996
1996
1996
1994
1995
1992
1987
1978
1982
1981
1983
1973
1969
1974
1976
1977
1980
1982
1982
1984
2005
2014
2012
2015
2015
2013
2016
2014
2012
2013
2018
2018
2021
2024
2033
2042
2050
2060
2065
2069
2083
2093
2098
2106
2116
2131
2137
2144
2139
2116
2105
2094
2086
2054
2051
2045
2043
2039
2039
2041
2039
2036
2041
2037
2040
2038
2024
2027
2031
2030
2028
2035
2032
2024
2020
2000
1998
2000
1994
1989
1980
1985
1987
1988
1995
1995
2002
2024
2027
2028
2032
2026
2024
2015
2010
2009
2006
2002
2002
2007
2008
2006
1999
1996
1984
1984
1990
1994
2017
2024
2031
2040
2045
2069
2071
2070
2066
2065
2065
2068
2065
2049
2041
2032
2032
2017
2014
2015
2016
2015
2015
2014
2018
2024
2022
2021
2026
2033
2043
2042
2037
2028
2023
2022
2023
2025
2009
2006
2002
1997
1999
2007
2011
2010
2011
2013
2012
2014
2010
2005
2001
1999
2003
2002
1996
1994
2001
2008
2000
1998
2001
2010
2015
2022
2026
2033
2032
2034
2038
2040
2046
2045
2047
2048
2048
2050
2052
2051
2045
2049
2052
2055
2055
2035
2037
2037
2034
2040
2041
2043
2041
2045
2042
2049
2054
2059
2069
2065
2066
2063
2063
2057
2050
2045
2036
2035
2036
2034
2021
2015
2015
2014
2015
2023
2020
2019
2019
2013
2013
2014
2010
1991
1982
1972
1967
1957
1957
1959
1961
1964
1968
1977
1974
1970
1976
1985
1996
2007
2016
2024
2033
2037
2050
2049
2047
2046
2025
2024
2027
2025
2024
2019
2014
2020
2028
2029
2032
2034
2039
2040
2039
2041
2044
2045
2048
2051
2046
2044
2051
2049
2043
2035
2034
2042
2051
2051
2037
2041
2044
2046
2051
2045
2042
2041
2056
2063
2077
2080
2089
2090
2087
2085
2080
2078
2071
2072
2076
2065
2066
2066
2062
2052
2047
2044
2041
2036
2028
2026
2028
2027
2024
2020
2015
2017
2010
2007
2014
2017
2027
2024
2027
2026
2013
2014
2008
2003
2000
1987
1985
1982
1972
1974
1973
1974
1970
1960
1961
1954
1945
1939
1936
1937
1937
1944
1944
1939
1941
1948
1957
1963
1971
1983
2008
2016
2023
2030
2046
2047
2049
2049
2054
2061
2065
2067
2073
2071
2077
2079
2074
2054
2046
2041
2040
2044
2053
2047
2046
2023
2015
2005
1998
1995
1998
1992
1993
1994
1996
1996
1996
1996
2011
2004
2003
2006
2015
2021
2030
2042
2043
2046
2050
2049
2055
2051
2053
2055
2058
2071
2066
2059
2058
2063
2055
2054
2050
2036
2040
2040
2041
2038
2045
2043
2051
2055
2054
2048
2046
2046
2052
2052
2051
2048
2051
2042
2037
2033
2037
2029
2026
2024
2026
2028
2028
2031
2030
2015
2011
2010
2012
1995
1994
1992
1992
2000
1987
1990
1993
1995
1996
2003
2006
2007
2005
2009
2015
2020
2029
2030
2031
2033
2039
2039
2043
2047
2052
2060
2064
2064
2067
2072
2080
2089
2102
2078
2062
2035
2007
1996
2003
2013
2017
2022
2029
2034
2037
2043
2051
2056
2060
2057
2018
2003
1995
1988
2003
2018
2029
2035
2038
2028
2015
2015
2012
1999
1990
1985
1987
1992
1992
1995
1994
2003
2008
2012
2018
2019
2021
2017
2023
2032
2021
2019
2017
2013
2014
2019
2017
2017
2034
2039
2046
2054
2041
2040
2033
2022
2022
2024
2035
2048
2053
2057
2052
2049
2042
2034
2034
2037
2036
2014
2013
2005
2002
2009
2016
2022
2029
2034
2026
2020
2015
2012
2009
2013
2015
2021
1998
1992
1991
1989
1980
1987
1985
1979
1979
1980
1972
1958
1954
1959
1959
1956
1950
1924
1925
1930
1930
1962
1963
1965
1971
1988
2003
2008
2021
2030
2026
2031
2039
2046
2054
2050
2055
2058
2066
2074
2081
2091
2111
2110
2110
2101
2100
2090
2092
2089
2086
2087
2079
2073
2068
2043
2038
2032
2024
1992
1988
1990
1989
1990
1992
1991
1986
1993
2001
2008
2012
2013
2020
2021
2023
2026
2043
2041
2040
2046
2072
2073
2080
2080
2080
2081
2086
2087
2079
2075
2075
2071
2073
2076
2076
2076
2075
2078
2080
2077
2075
2070
2064
2056
2058
2058
2063
2066
2066
2065
2064
2061
2062
2064
2067
2069
2070
2067
2064
2057
2035
2032
2026
2023
2012
2010
2005
1996
1974
1970
1962
1953
1948
1959
1967
1965
1967
1967
1964
1969
1979
1981
1976
1971
1974
1986
1991
1996
2001
2000
2020
2026
2034
2042
2051
2051
2055
2056
2063
2068
2068
2070
2060
2058
2058
2048
2042
2032
2024
2023
2018
2010
2009
2011
2008
1998
1995
1989
1985
1980
1976
1975
1976
1976
1970
1968
1963
1969
1976
1985
1982
1981
1977
1988
1996
1998
2006
2012
2020
2024
2034
2050
2052
2052
2057
2080
2087
2090
2090
2088
2087
2078
2074
2072
2056
2052
2045
2050
2045
2043
2038
2031
2026
2022
2021
2020
2009
2009
2014
2010
2008
2014
2016
2012
2013
2013
2010
2004
2005
2005
2008
2013
2007
2007
2006
2004
2003
2003
2006
2006
2005
2010
2016
2024
2031
2033
2032
2027
2027
2023
2003
2005
2004
2004
1996
1993
1981
1980
1974
1957
1952
1946
1941
1941
1941
1944
1939
1910
1903