2072
2071
2071
2067
2065
2058
2054
2050
2038
2038
2034
2027
2035
2035
2024
2019
2015
2011
2006
2007
2012
2016
2019
2021
2019
2010
2007
2008
2010
2015
2014
2012
2014
2005
2011
2012
2011
2002
1997
1993
1993
1993
1984
1977
1972
1971
1973
1973
1978
1977
1976
1979
1985
1985
1991
2001
2005
2010
2015
2022
2023
2022
2022
2024
2028
2032
2032
2034
2039
2044
2043
2055
2051
2048
2054
2063
2069
2071
2066
2061
2059
2058
2064
2064
2048
2042
2036
2034
2022
2020
2015
2010
2006
2005
2002
2003
2002
1998
1998
1993
2006
2007
2011
2012
2018
2029
2033
2031
2032
2044
2046
2051
2055
2052
2057
2057
2051
2048
2048
2045
2045
2043
2049
2036
2027
2023
2024
2026
2024
2022
2017
2005
2003
2010
2018
2015
2016
2013
2014
2015
2020
2020
2022
2026
2027
2030
2028
2028
2036
2036
2039
2038
2042
2041
2041
2046
2050
2045
2045
2042
2042
2039
2033
2032
2036
2034
2032
2033
2030
2019
2013
2014
2024
2021
2021
2017
2012
2017
2019
2016
2014
2013
2012
2016
2021
2024
2015
2016
2016
2013
2023
2027
2032
2036
2027
2035
2038
2039
2041
2029
2029
2033
2033
2033
2035
2035
2031
2013
2008
2007
2010
2001
2002
1997
1995
1994
1990
1990
1987
1992
2000
1999
2000
1997
1994
1996
1997
1988
1990
1996
1996
1997
2002
2005
2010
2013
2017
2029
2032
2040
2039
2040
2043
2044
2048
2056
2055
2055
2044
2060
2065
2061
2060
2062
2066
2071
2076
2077
2066
2056
2050
2039
2068
2075
2077
2076
2066
2066
2065
2056
2058
2051
2044
2048
2054
2055
2057
2068
2081
2031
2015
2014
2017
2033
2038
2037
2034
1998
1994
1991
1992
2000
2012
2013
2019
2023
2020
2011
2007
2002
1997
2004
2005
2006
1999
2005
2009
2004
2002
2000
2003
2005
2006
2003
2005
2009
2010
2010
2013
2015
2014
2020
2023
2022
2024
2011
2010
2007
2013
2021
2038
2038
2038
2040
2045
2045
2041
2040
2015
2019
2017
2014
2008
2002
2003
2004
2008
2002
2004
2000
1997
2000
2007
2013
2022
2026
2026
2028
2032
2033
2033
2033
2042
2056
2059
2057
2053
2045
2052
2047
2045
2039
2031
2025
2028
2027
2034
2030
2034
2038
2025
2017
2008
2001
1988
1993
2005
2011
2014
2000
1989
1985
1994
2001
2016
2026
2028
2029
2034
2042
2046
2065
2069
2073
2076
2073
2056
2053
2047
2043
2034
2026
2014
2006
2000
1996
1999
1989
1987
1984
1979
1973
1957
1956
1942
1934
1938
1945
1949
1952
1956
1956
1955
1955
1960
1969
1974
1976
1986
1998
1998
2008
2012
2015
2043
2048
2050
2048
2048
2056
2056
2057
2059
2054
2058
2062
2080
2078
2083
2087
2101
2108
2115
2117
2120
2126
2131
2130
2135
2140
2151
2160
2171
2203
2203
2203
2202
2233
2273
2293
2285
2279
2221
2173
2160
2150
2135
2129
2132
2135
2058
2039
2030
2033
1982
1976
1963
1944
1843
1828
1830
1819
1802
1777
1797
1822
1838
1841
1835
1831
1822
1798
1787
1784
1791
1786
1779
1798
1805
1807
1824
1840
1843
1841
1859
1862
1876
1904
1917
1923
1935
1958
1979
1985
1993
2000
2011
2014
2026
2027
2039
2116
2136
2156
2178
2191
2191
2191
2202
2202
2202
2212
2224
2227
2263
2267
2273
2281
2284
2286
2286
2286
2271
2212
2199
2192
2188
2182
2178
2178
2171
2124
2113
2102
2093
2010
1987
1972
1954
1932
1888
1878
1859
1839
1820
1798
1785
1781
1755
1756
1760
1762
1763
1735
1712
1705
1702
1701
1701
1705
1715
1743
1750
1763
1774
1786
1794
1807
1820
1837
1867
1880
1888
1894
1907
1925
1944
1969
2067
2090
2115
2138
2150
2208
2227
2238
2251
2270
2279
2282
2289
2331
2338
2353
2360
2364
2362
2365
2361
2358
2359
2357
2349
2342
2311
2303
2291
2283
2273
2265
2251
2239
2174
2150
2126
2101
2020
1998
1980
1960
1935
1878
1853
1834
1826
1815
1808
1803
1800
1788
1778
1767
1759
1729
1729
1725
1722
1714
1713
1722
1737
1750
1792
1802
1804
1812
1824
1835
1838
1850
1907
1924
1948
1973
2055
2067
2076
2081
2092
2117
2124
2134
2149
2160
2167
2181
2186
2215
2224
2236
2247
2250
2247
2252
2250
2250
2235
2222
2218
2213
2210
2203
2198
2192
2153
2140
2134
2134
2111
2107
2101
2097
2046
2038
2036
2031
2025
2017
2016
2014
2012
2005
2001
1995
1994
1950
1940
1935
1926
1891
1889
1885
1883
1880
1855
1855
1855
1859
1855
1844
1842
1841
1834
1835
1838
1841
1862
1871
1883
1897
1959
1969
1982
1986
1993
2011
2022
2028
2036
2041
2044
2056
2063
2090
2098
2115
2122
2151
2150
2153
2155
2152
2149
2146
2153
2153
2154
2154
2150
2150
2151
2143
2138
2138
2097
2087
2084
2079
2082
2073
2072
2064
2062
2060
2050
2041
2037
2004
1992
1981
1970
1945
1937
1927
1919
1879
1876
1870
1864
1857
1855
1853
1855
1858
1858
1862
1866
1870
1893
1898
1913
1923
1964
1971
1977
1986
2028
2037
2046
2057
2065
2099
2116
2126
2135
2139
2151
2162
2171
2173
2165
2165
2172
2174
2171
2174
2174
2170
2163
2161
2164
2166
2162
2150
2143
2138
2099
2092
2088
2080
2047
2046
2041
2034
2013
2009
2000
1998
1996
2000
1995
1990
1991
1983
1983
1973
1968
1961
1968
1970
1980
1989
1988
1994
1996
1996
1990
1987
1991
1996
1995
1990
1984
1980
1976
1975
1980
1983
1991
1999
2003
2004
2016
2021
2028
2037
2039
2050
2052
2050
2049
2045
2043
2044
2051
2037
2037
2033
2032
2013
2013
2017
2022
2021
2024
2026
2029
2031
2029
2026
2023
2020
2024
2018
2018
2015
2006
1998
1994
1992
1984
1987
1989
1988
1987
1989
1989
1994
1993
1977
1979
1977
1973
1972
1971
1974
1971
1957
1954
1958
1962
1963
1974
1977
1977
1982
1987
1996
2004
2010
2029
2036
2050
2061
2087
2075
2070
2079
2080
2081
2086
2085
2087
2089
2093
2102
2104
2109
2109
2108
2113
2097
2096
2093
2096
2105
2108
2112
2120
2128
2137
2136
2135
2137
2132
2134
2132
2127
2105
2099
2092
2083
2050
2043
2043
2045
2034
2012
2010
2006
1999
1986
1975
1969
1959
1943
1940
1937
1935
1910
1912
1914
1915
1925
1933
1937
1943
1946
1954
1959
1965
1967
1967
1973
1980
1986
1983
1990
1994
1990
1987
1990
1995
2001
2003
2013
2020
2023
2026
2031
2032
2032
2029
2022
2020
2023
2020
2009
2008
2005
2005
1995
1997
1998
2003
1998
1993
2001
2001
2001
2003
2010
2008
2014
2036
2039
2043
2047
2055
2062
2064
2067
2069
2073
2068
2069
2067
2066
2072
2072
2071
2070
2067
2063
2060
2048
2047
2046
2049
2029
2031
2036
2030
2038
2035
2036
2034
2035
2045
2050
2054
2051
2063
2058
2060
2065
2077
2078
2078
2078
2087
2080
2077
2075
2072
2074
2065
2062
2052
2038
2034
2030
2027
2007
2003
2003
1999
1994
2002
2009
2014
2012
2014
2013
2015
2015
2013
2016
2013
2007
2001
1999
2002
2003
2007
2006
1999
1996
1996
1998
2003
1998
1996
1994
2000
2000
1996
1993
1993
1994
1989
1984
1986
1990
1992
1991
1994
1995
1994
1993
2004
2006
2006
2008
2014
2014
2017
2019
2022
2028
2026
2035
2040
2051
2054
2055
2058
2060
2056
2056
2060
2059
2045
2042
2036
2035
2034
2033
2038
2042
2037
2035
2028
2024
2008
2003
2000
2005
1989
1986
1981
1976
1973
1973
1980
1983
1990
1987
1988
1994
1994
1988
1988
1989
1992
2009
2012
2014
2018
2024
2021
2026
2032
2040
2045
2041
2038
2042
2051
2053
2051
2047
2057
2061
2058
2056
2070
2072
2074
2080
2080
2084
2088
2085
2088
2084
2080
2082
2082
2076
2069
2068
2067
2053
2051
2049
2051
2047
2047
2045
2045
2041
2038
2044
2038
2030
2008
2009
2011
2018
2009
2012
2011
2011
2010
2007
2009
2011
2010
2009
2006
2009
2017
2019
2020
2022
2025
2029
2027
2027
2027
2012
2015
2013
2012
2011
2014
2015
2012
2018
2019
2021
2019
2019
2009
2009
2012
2012
2025
2031
2034
2036
2042
2043
2036
2038
2041
2042
2041
2035
2036
2021
2017
2013
2013
2002
1997
1992
1996
1995
1993
1989
1992
1992
1983
1980
1982
1985
1984
1984
1978
1980
1988
1985
1986
1992
1994
1999
2007
2010
2009
2009
2014
2019
2021
2018
2021
2023
2019
2029
2033
2038
2043
2026
2027
2029
2026
2035
2040
2043
2042
2042
2037
2037
2046
2051
2054
2058
2059
2063
2074
2067
2067
2066
2058
2065
2073
2073
2077
2083
2077
2074
2069
2059
2054
2052
2054
2055
2060
2061
2071
2082
2090
2089
2085
2075
2064
2060
2050
2044
2035
2031
2028
2024
2022
2003
1999
1998
1997
1992
1992
1985
1987
1981
1981
1975
1973
1974
1980
1985
1984
1984
1987
1992
1993
2000
2009
2018
2031
2038
2031
2037
2037
2040
2032
2031
2030
2034
2037
2044
2040
2047
2047
2044
2043
2038
2035
2029
2020
2022
2019
1997
1995
1988
1985
1984
1980
1989
1992
1998
2015
2015
2020
2022
2023
2024
2025
2023
2032
2042
2054
2061
2058
2055
2056
2060
2053
2054
2056
2054
2053
2048
2045
2041
2027
2012
2018
2030
2037
2034
2028
2026
2021
2035
2033
2040
2049
2049
2053
2048
2037
2031
2026
2025
2025
2036
2042
2045
2041
2034
2025
2024
2029
2039
2043
2044
2039
2030
2029
2031
2024
2019
2005
1974
1972
1974
1974
1979
1975
1978
1982
1971
1968
1959
1965
1967
1961
1964
1962
1966
1963
1965
1967
1979
1982
1977
1975
1967
1969
1971
1966
1957
1958
1972
1981
1982
1977
1981
1987
1992
1998
2009
2021
2026
2028
2028
2029
2033
2035
2044
2057
2059
2066
2071
2110
2114
2113
2114
2120
2134
2138
2143
2141
2135
2139
2146
2150
2187
2195
2198
2195
2191
2194
2195
2195
2189
2186
2185
2175
2172
2167
2164
2159
2146
2099
2086
2071
2058
2014
2004
1990
1974
1959
1917
1906
1893
1882
1871
1859
1851
1840
1791
1780
1778
1774
1732
1728
1723
1719
1709
1715
1718
1726
1745
1781
1796
1810
1820
1835
1853
1873
1891
1961
1986
2010
2024
2109
2133
2154
2173
2193
2249
2270
2286
2298
2314
2321
2327
2339
2359
2361
2356
2358
2353
2349
2346
2341
2296
2284
2274
2258
2244
2198
2181
2169
2147
2135
2112
2099
2082
2007
1993
1986
1978
1935
1928
1921
1914
1911
1874
1866
1854
1845
1831
1814
1800
1792
1756
1751
1743
1734
1713
1707
1700
1694
1696
1701
1714
1747
1785
1804
1810
1800
1759
1622
1651
1713
1795
2020
2032
2022
2009
2054
2081
2099
2097
2092
2130
2153
2189
2226
2254
2282
2312
2353
2466
2465
2453
2426
2360
2381
2402
2413
2412
2411
2408
2408
2401
2393
2387
2370
2351
2296
2289
2264
2246
2180
2154
2129
2098
1971
1943
1926
1912
1897
1864
1851
1842
1829
1798
1767
1736
1700
1603
1602
1608
1619
1652
1652
1654
1648
1641
1636
1652
1662
1670
1679
1691
1703
1718
1789
1814
1841
1873
1979
2002
2022
2041
2130
2146
2159
2158
2157
2186
2201
2217
2232
2242
2246
2248
2256
2300
2311
2319
2325
2311
2313
2310
2301
2300
2292
2287
2285
2284
2290
2278
2277
2266
2212
2198
2180
2155
2073
2062
2054
2045
2042
1998
1978
1961
1946
1933
1920
1912
1908
1889
1880
1871
1849
1794
1800
1812
1827
1814
1797
1781
1764
1753
1750
1764
1770
1779
1790
1797
1802
1813
1866
1882
1898
1913
1950
1956
1963
1966
1978
2001
2015
2029
2045
2063
2077
2086
2098
2141
2148
2159
2171
2210
2224
2240
2250
2258
2253
2253
2255
2256
2287
2295
2299
2302
2297
2292
2292
2286
2245
2233
2225
2225
2196
2191
2192
2188
2179
2125
2104
2084
2069
2058
2040
2022
2005
1936
1911
1896
1877
1804
1786
1769
1758
1709
1699
1690
1680
1681
1667
1669
1673
1668
1674
1687
1685
1688
1716
1727
1740
1750
1814
1823
1833
1851
1868
1937
1962
1986
2008
2021
2044
2072
2090
2156
2168
2182
2194
2232
2237
2246
2257
2265
2290
2297
2295
2310
2314
2316
2316
2321
2307
2297
2295
2301
2296
2289
2282
2271
2261
2236
2226
2213
2207
2205
2197
2182
2165
2155
2114
2095
2085
2067
2047
2026
2003
1987
1950
1940
1927
1916
1874
1867
1865
1864
1842
1844
1843
1839
1836
1844
1851
1861
1873
1881
1875
1857
1837
1801
1808
1821
1846
1930
1945
1963
1983
2002
2061
2075
2084
2092
2094
2095
2094
2092
2098
2101
2114
2134
2170
2169
2169
2171
2169
2158
2155
2148
2143
2134
2125
2126
2125
2104
2094
2087
2082
2064
2063
2066
2067
2045
2034
2025
2019
2010
1990
1977
1966
1965
1966
1964
1968
1966
1961
1964
1963
1953
1916
1914
1914
1910
1907
1909
1910
1909
1907
1905
1902
1903
1908
1923
1928
1936
1945
1966
1975
1986
1993
2040
2056
2072
2080
2086
2111
2120
2123
2127
2128
2127
2126
2122
2127
2130
2138
2142
2161
2164
2162
2166
2168
2157
2151
2147
2144
2142
2136
2135
2136
2125
2124
2119
2116
2090
2085
2073
2068
2020
2016
2010
2001
1991
1958
1951
1942
1936
1926
1918
1911
1913
1911
1909
1908
1904
1894
1888
1884
1887
1884
1880
1876
1865
1862
1865
1869
1872
1877
1901
1908
1914
1923
1938
1938
1942
1952
1974
1983
1988
1995
1998
2009
2017
2029
2039
2048
2055
2057
2061
2089
2092
2095
2096
2085
2083
2090
2100
2118
2110
2104
2102
2100
2102
2099
2099
2100
2118
2129
2134
2132
2127
2129
2132
2131
2130
2126
2122
2126
2133
2132
2124
2113
2104
2096
2088
2088
2086
2061
2054
2047
2042
2022
2019
2013
2012
2012
2016
2014
2014
2011
2008
2013
2015
2021
2008
2011
2011
2011
2013
2009
2006
1999
1997
1995
1995
1996
1994
1984
1984
1984
1988
1989
1987
1989
1989
2006
2003
2014
2018
2027
2031
2036
2038
2026
2031
2043
2041
2039
2047
2047
2044
2034
2030
2027
2028
2022
2011
2005
2001
2004
1997
1997
1996
1997
2000
1992
1991
1983
1980
1979
1975
1978
1983
1965
1954
1951
1963
1965
1970
1972
1978
1984
1988
1988
1987
1990
1990
1995
1996
1997
1995
1996
1995
2000
2007
2012
2018
2017
2024
2029
2031
2028
2037
2055
2051
2050
2049
2042
2044
2047
2054
2043
2041
2042
2037
2026
2030
2024
2024
2036
2036
2035
2035
2039
2041
2042
2043
2043
2041
2040
2043
2041
2038
2035
2031
2024
2020
2021
2020
2023
2021
2017
2019
2018
2026
2026
2024
2024
2026
2029
2029
2032
2036
2044
2051
2054
2057
2060
2045
2049
2055
2059
2067
2067
2067
2070
2063
2055
2059
2061
2070
2068
2064
2062
2051
2050
2048
2045
2046
2043
2043
2040
2034
2034
2035
2033
2032
2013
2008
2002
2002
2020
2025
2021
2023
2023
2019
2013
2011
2016
2023
2026
2026
2026
2018
2011
2007
2007
2006
2007
2002
1999
1997
1997
1995
1994
1990
1993
1990
1991
1990
1991
1994
1997
2000
2010
2011
2009
2008
2014
2019
2017
2020
2027
2036
2042
2048
2050
2054
2046
2039
2037
2040
2039
2035
2038
2042
2034
2038
2042
2043
2043
2043
2044
2048
2049
2053
2055
2054
2052
2056
2058
2058
2051
2048
2044
2040
2039
2033
2026
2023
2022
2018
2014
2019
2028
2031
2043
2051
2040
2035
2031
2015
2020
2024
2017
2013
2017
2014
2026
2033
2032
2023
2018
1996
1989
1993
1992
2013
2018
2019
2023
2028
2005
2002
1995
1992
1985
1978
1980
1985
1999
1994
1989
1985
1984
1988
1991
1990
1989
2000
2014
2022
2026
2041
2049
2050
2057
2066
2072
2078
2074
2080
2081
2070
2066
2054
2055
2061
2058
2056
2062
2056
2054
2055
2055
2055
2058
2054
2037
2031
2026
2027
2011
2005
2003
1998
2005
1991
1986
1985
1979
1979
1977
1978
1977
1967
1970
1974
1985
2001
1996
2000
1998
1981
1987
1993
2000
2003
2013
2011
2006
2006
2010
2011
2015
2019
2014
2018
2016
2021
2033
2034
2036
2030
2028
2052
2053
2054
2064
2069
2066
2063
2069
2057
2056
2054
2047
2050
2055
2059
2061
2078
2072
2072
2072
2078
2071
2072
2067
2070
2065
2062
2059
2063
2066
2063
2057
2054
2040
2043
2048
2049
2053
2051
2053
2052
2043
2031
2031
2028
2025
1998
1991
1990
1991
1971
1969
1963
1962
1963
1962
1961
1966
1974
1959
1961
1969
1968
1974
1978
1987
1991
1991
1997
2001
2007
2013
2022
2030
2037
2043
2046
2046
2048
2050
2049
2046
2045
2050
2065
2072
2070
2068
2073
2070
2075
2072
2078
2084
2092
2094
2096
2097
2093
2088
2093
2097
2099
2098
2096
2080
2068
2060
2053
2034
2029
2025
2019
2012
1973
1963
1956
1948
1944
1942
1937
1940
1938
1934
1936
1935
1936
1942
1950
1955
1961
1966
1972
1975
1979
1985
1988
1989
1988
1991
1994
1998
1999
1999
1994
1998
2003
2021
2025
2023
2027
2038
2041
2042
2045
2047
2053
2056
2058
2058
2059
2059
2062
2070
2079
2081
2090
2088
2085
2088
2086
2091
2085
2066
2062
2056
2054
2046
2040
2041
2034
2018
2016
2015
2012
2000
1994
1988
1984
1986
1978
1972
1976
1979
1979
1971
1966
1966
1966
1965
1968
1973
1974
1977
1981
1982
2004
2009
2015
2014
2014
2020
2029
2033
2041
2051
2057
2060
2064
2079
2090
2093
2098
2108
2100
2104
2100
2098
2103
2104
2103
2097
2095
2098
2099
2093
2073
2070
2068
2068
2056
2048
2049
2052
2045
2040
2039
2040
2040
2025
2019
2021
2026
2027
2027
2030
2033
2031
2031
2025
2024
2024
2008
2005
2001
1998
1990
1982
1982
1975
1958
1961
1960
1959
1951
1940
1940
1978
2015
1929
1941
1906
1867
1878
1909
1925
1926
1924
1958
1967
1990
2012
2015
2022
2040
2071
2076
2070
2065
2054
2052
2059
2052
2037
2032
2060
2066
2069
2078
2076
2071
2079
2083
2071
2049
2033
2021
2025
2017
2007
2002
2002
1999
2007
2018
2020
2006
2006
2004
2017
2025
2027
2027
2020
2018
2026
2032
2033
2032
2047
2055
2059
2066
2075
2075
2075
2074
2073
2067
2073
2075
2074
2068
2061
2060
2053
2035
2030
2030
2034
2044
2053
2050
2049
2051
2029
2023
2019
2014
2002
1987
2001
2039
2051
1981
1960
1926
1890
1877
1878
1882
1893
1902
1967
1989
2022
2047
2062
2080
2099
2116
2120
2112
2104
2103
2070
2067
2058
2049
2051
2044
2042
2048
2044
2037
2031
2024
2023
2000
1996
1996
1999
2016
2007
2001
1989
1989
2004
2021
2032
2040
2051
2048
2053
2056
2057
2053
2049
2041
2039
2048
2058
2068
2056
2043
2038
2025
2005
2002
2006
2004
2000
1986
1986
1983
1983
1986
1991
1996
1996
1968
1963
1966
1968
1993
1996
1998
2005
2007
2020
2024
2031
2040
2056
2060
2077
2089
2091
2088
2084
2072
2038
2031
2028
2028
2025
2021
2017
2014
2010
2006
2006
2008
2009
2016
2026
2031
2031
2021
2017
2019
2021
2029
2030
2034
2035
2042
2043
2038
2040
2041
2040
2037
2037
2038
2042
2041
2048
2050
2037
2037
2029
2026
1993
1989
1988
1989
1989
1985
1986
1986
1984
1983
1984
1989
1991
2014
2021
2018
2011
2003
1994
1984
1977
1973
1974
1978
1984
1986
1994
2004
2014
2019
2017
2013
2007
2000
1978
1981
1982
1982
1988
2003
2013
2023
2031
2039
2047
2052
2059
2089
2095
2101
2112
2141
2149
2161
2171
2185
2192
2201
2208
2205
2216
2210
2204
2199
2190
2175
2161
2152
2091
2085
2076
2062
1992
1979
1969
1957
1947
1910
1898
1889
1874
1874
1882
1885
1885
1891
1897
1900
1907
1910
1913
1916
1926
1937
1947
1950
1953
1958
1961
1959
1956
1958
1957
1957
1955
1955
1955
1953
1953
1955
1961
1982
1989
1990
1992
1997
1994
1993
1988
2002
2008
2012
2013
2022
2062
2065
2076
2088
2083
2082
2079
2068
2035
2023
2015
2016
2022
2032
2045
2064
2086
2121
2127
2141
2149
2158
2170
2170
2167
2145
2138
2138
2142
2143
2142
2136
2131
2095
2090
2082
2077
2069
2049
2046
2041
2032
2023
2015
2013
2008
2020
2024
2026
2021
2020
2014
2010
2001
1994
1973
1964
1954
1952
1956
1961
1962
1958
1953
1950
1949
1947
1928
1922
1920
1917
1922
1926
1926
1927
1939
1968
1967
1959
1955
1953
1956
1959
1959
1968
1970
1971
1973
1989
1992
1997
2013
2027
2078
2091
2100
2110
2111
2111
2111
2105
2088
2086
2086
2084
2073
2073
2078
2077
2077
2054
2046
2041
2044
2045
2041
2036
2039
2017
2015
2008
2002
1985
1980
1978
1970
1963
1960
1964
1966
1966
1960
1955
1958
1961
1967
1975
1982
1987
2008
2011
2025
2035
2013
2010
2012
2017
2022
2028
2032
2037
2042
2052
2061
2065
2072
2090
2097
2102
2113
2126
2123
2121
2120
2122
2125
2132
2133
2139
2137
2134
2127
2115
2100
2091
2083
2072
2051
2047
2040
2030
2024
2000
1990
1991
1989
1990
1986
1987
1984
1980
1972
1964
1965
1963
1963
1965
1966
1964
1956
1957
1960
1959
1970
1980
1991
1993
1997
2003
2004
2010
2025
2029
2034
2037
2046
2046
2049
2051
2054
2055
2053
2050
2059
2057
2039
2039
2037
2036
2035
2040
2040
2033
2026
2033
2036
2038
2035
2034
2035
2031
2034
2044
2044
2045
2049
2049
2049
2051
2053
2053
2043
2039
2041
2044
2044
2051
2054
2051
2052
2052
2054
2053
2041
2039
2046
2045
2038
2038
2040
2037
2044
2050
2046
2042
2039
2041
2039
2043
2047
2037
2038
2040
2043
2030
2023
2022
2024
2022
2022
2025
2024
2021
2019
2019
2019
2016
1996
1989
1982
1977
1963
1960
1959
1961
1945
1943
1943
1942
1941
1944
1946
1947
1949
1951
1954
1961
1962
1960
1964
1959
1963
1964
1968
1970
1977
1974
1998
2006
2006
2015
2020
2025
2028
2038
2037
2036
2034
2038
2043
2045
2051
2058
2058
2048
2051
2054
2049
2051
2048
2045
2046
2042
2035
2038
2038
2036
2028
2027
2028
2034
2036
2034
2036
2034
2036
2038
2039
2038
2043
2046
2047
2050
2042
2039
2036
2035
2038
2046
2048
2048
2046
2046
2043
2049
2051
2051
2042
2043
2044
2046
2042
2039
2033
2033
2029
2026
2024
2017
2014
2015
2013
2014
2022
2028
2031
2030
2038
2039
2033
2028
2027
2026
2022
2020
2021
2010
2013
2017
2020
1994
1991
1990
1998
2013
2013
2015
2025
2027
2030
2037
2042
2040
2039
2034
2045
2052
2061
2063
2058
2056
2054
2050
2048
2047
2045
2051
2054
2055
2045
2043
2043
2048
2051
2033
2030
2031
2037
2034
2035
2036
2038
2041
2045
2044
2047
2045
2045
2046
2046
2049
2049
2050
2051
2053
2045
2044
2045
2045
2052
2049
2046
2039
2038
2029
2023
2024
2027
2020
2016
2012
2007
1987
1986
1986
1988
1979
1982
1978
1974
1980
1994
1995
1996
1994
2001
2004
2006
2013
2021
2025
2026
2029
2031
2035
2043
2052
2058
2056
2062
2064
2068
2057
2047
2036
2032
2026
2024
2021
2018
2019
2019
2010
2005
1998
1995
1998
2001
2005
1996
1998
1994
2000
2000
2005
2001
1997
1986
1986
1991
2001
2009
2009
2007
2005
1992
1990
1995
1999
2001
2004
2005
1998
1999
1995
1992
1995
1995
2001
2006
2007
2011
2015
2019
2024
2027
2031
2034
2033
2032
2032
2035
2036
2033
2030
2048
2050
2052
2054
2041
2040
2044
2043
2045
2049
2051
2050
2047
2044
2044
2046
2053
2056
2051
2046
2045
2034
2034
2032
2031
2023
2024
2018
2015
2019
2012
2007
2005
1998
1991
1993
2003
2001
1998
1997
1997
2001
2000
2005
2011
2018
2020
2025
2033
2035
2042
2036
2036
2036
2038
2028
2030
2029
2025
2034
2036
2034
2032
2045
2045
2046
2050
2055
2058
2055
2057
2057
2054
2055
2053
2057
2059
2057
2062
2059
2054
2058
2058
2058
2062
2060
2064
2062
2055
2051
2048
2054
2056
2049
2052
2054
2058
2045
2042
2034
2034
2031
2031
2029
2026
2034
2033
2031
2034
2041
2031
2038
2045
2041
2036
2031
2026
2022
2029
2023
2026
2027
2025
2023
2023
2023
2026
2027
2010
2005
2004
2009
2014
2014
2013
2007
2013
2021
2024
2027
2014
2011
2011
2011
2011
2008
2001
2000
2001
1999
2001
2000
1995
1992
1991
1991
1988
1990
1987
1982
1982
1987
1987
1989
1988
1991
2001
2002
2008
2020
2020
2017
2017
2026
2028
2031
2030
2030
2025
2028
2035
2040
2029
2031
2030
2030
2032
2028
2027
2025
2026
2024
2026
2021
2014
2001
2004
2008
2004
1990
1988
1989
1993
1997
1995
1998
2000
2001
2005
2003
2002
2002
2005
2007
2010
2017
2025
2026
2032
2035
2031
2024
2022
2022
2026
2023
2027
2031
2038
2045
2048
2050
2052
2057
2065
2070
2085
2071
2072
2073
2075
2079
2071
2066
2061
2057
2055
2053
2050
2048
2047
2044
2043
2050
2037
2040
2041
2036
2031
2037
2038
2029
2028
2027
2020
2026
2036
2047
2043
2032
2030
2025
2023
2026
2028
2019
2015
2018
2018
2013
2001
2002
2003
2012
2013
2011
2010
2013
2014
2015
2014
2015
2024
2027
2025
2027
2023
2014
2021
2027
2031
2043
2056
2056
2058
2059
2058
2059
2056
2061
2060
2054
2045
2021
2018
2014
2016
2014
2008
2003
1995
1984
1970
1966
1978
1978
1962
1946
1921
1919
1939
1945
1944
1940
1941
1961
1958
1960
1976
1986
1970
1967
1984
1999
1998
2012
2013
2017
2009
2015
2026
2031
2038
2039
2033
2030
2034
2027
2030
2029
2017
2008
2019
2033
2045
2054
2060
2067
2078
2087
2106
2114
2116
2141
2149
2161
2163
2172
2171
2163
2167
2204
2210
2214
2205
2184
2177
2169
2171
2141
2133
2124
2109
2098
2065
2059
2045
2031
2013
1998
1985
1982
1942
1922
1912
1907
1881
1877
1875
1879
1884
1884
1883
1878
1878
1884
1883
1887
1893
1908
1911
1908
1902
1892
1891
1893
1897
1912
1921
1929
1934
1938
1951
1958
1966
1979
1995
2008
2020
2028
2044
2044
2051
2056
2089
2096
2106
2119
2125
2137
2134
2137
2141
2148
2153
2162
2173
2191
2194
2198
2197
2188
2184
2175
2176
2155
2150
2143
2137
2124
2088
2070
2058
2046
2027
2009
1999
1990
1958
1954
1950
1943
1883
1873
1869
1860
1862
1877
1889
1889
1863
1718
1677
1648
1637
1644
1667
1695
1735
1853
1872
1890
1905
1925
1945
1957
1972
1986
2023
2028
2033
2034
2036
2041
2051
2068
2130
2145
2159
2173
2185
2189
2202
2213
2292
2308
2320
2325
2317
2285
2289
2297
2307
2310
2301
2297
2290
2242
2220
2199
2177
2185
2207
2222
2220
2204
2110
2052
1999
1947
1904
1866
1845
1839
1867
1879
1889
1885
1837
1831
1826
1822
1798
1794
1791
1790
1791
1773
1776
1780
1798
1818
1840
1860
1885
1951
1969
1986
2012
2122
2148
2176
2198
2222
2272
2294
2317
2347
2377
2406
2433
2453
2438
2415
2390
2368
2295
2283
2272
2259
2180
2143
2100
2052
1999
1903
1892
1889
1891
1893
1894
1884
1875
1856
1851
1841
1834
1813
1808
1806
1799
1794
1743
1735
1722
1716
1711
1711
1708
1715
1707
1706
1709
1703
1700
1704
1710
1711
1743
1741
1745
1759
1782
1841
1865
1897
1928
1960
1993
2021
2052
2153
2184
2216
2238
2311
2321
2331
2333
2321
2280
2272
2274
2276
2283
2301
2323
2328
2319
2317
2307
2297
2293
2308
2317
2322
2324
2377
2423
2465
2482
2463
2407
2319
2229
1965
1912
1883
1867
1863
1867
1879
1892
1901
1927
1948
1966
1988
2019
2045
2078
2101
2126
2142
2139
2118
2087
2048
2014
1988
1973
1943
1929
1917
1892
1779
1765
1759
1763
1782
1798
1804
1805
1806
1791
1804
1826
1842
1859
1870
1872
1870
1837
1809
1780
1753
1810
1860
1915
1961
2006
2053
2047
2042
2037
2038
2040
2050
2068
2219
2261
2285
2300
2304
2316
2323
2331
2299
2276
2243
2201
2166
2046
2009
1975
1963
1959
1957
1971
1988
2032
2027
2021
2029
2050
2049
2038
2018
1985
1872
1838
1814
1800
1798
1810
1831
1847
1849
1837
1821
1809
1800
1791
1797
1814
1830
1877
1887
1891
1894
1887
1867
1848
1823
1803
1797
1805
1823
1837
1857
1879
1907
1932
2032
2059
2093
2126
2244
2268
2288
2315
2372
2377
2379
2375
2369
2354
2350
2343
2333
2322
2307
2297
2285
2230
2217
2205
2180
2129
2114
2098
2087
2077
2037
2031
2024
2030
2028
2027
2031
2031
1990
1984
1975
1968
1979
1987
1998
1995
1925
1902
1888
1880
1882
1888
1891
1894
1887
1876
1863
1850
1845
1882
1897
1912
1918
1921
1924
1926
1928
1927
1942
1951
1956
1968
1987
2004
2030
2057
2150
2173
2199
2217
2284
2285
2280
2272
2224
2214
2205
2197
2191
2158
2145
2137
2130
2121
2113
2106
2101
2076
2072
2076
2072
2043
2041
2043
2043
2048
2065
2065
2074
2082
2082
2080
2075
2073
2054
2055
2063
2067
2034
2021
2010
2004
1962
1956
1949
1946
1940
1925
1919
1911
1906
1902
1901
1899
1896
1867
1861
1856
1851
1809
1803
1801
1799
1806
1815
1815
1823
1836
1876
1892
1907
1920
1943
1963
1974
1981
2008
2008
2008
2010
2013
2009
2010
2016
2018
2005
1998
1992
1987
1991
1992
1998
2001
2011
2006
2002
2004
1987
1986
1988
1989
1998
2002
2005
2006
2010
2020
2030
2039
2047
2055
2067
2082
2098
2115
2113
2117
2116
2097
2093
2085
2074
2068
2050
2045
2042
2039
2035
2038
2043
2042
2044
2045
2045
2047
2027
2031
2034
2030
2046
2049
2064
2072
2076
2096
2097
2099
2098
2100
2106
2113
2118
2124
2122
2121
2125
2126
2126
2129
2123
2119
2115
2109
2101
2096
2094
2092
2091
2090
2072
2059
2053
2046
2009
1999
2001
2004
1996
2002
2004
2003
2007
2022
2027
2042
2051
2057
2060
2062
2066
2058
2053
2054
2047
2019
2020
2021
2021
2014
2004
2001
2000
2005
2002
1998
1999
2001
1992
1985
1987
1987
2000
2004
2003
2001
1991
1990
1992
1993
2001
2014
2016
2017
2018
2019
2015
2015
2012
1997
1994
1996
1993
1982
1982
1984
1987
1970
1970
1970
1962
1963
1959
1954
1946
1947
1946
1947
1949
1946
1957
1968
1977
1986
2001
2009
2010
2018
2023
2046
2050
2057
2064
2067
2068
2071
2073
2080
2076
2071
2070
2070
2076
2076
2074
2075
2063
2057
2056
2058
2051
2043
2040
2036
2024
2023
2018
2011
1996
1998
1998
1993
1989
1997
1998
1999
1999
2003
2012
2018
2022
2016
2014
2012
2013
2027
2034
2035
2037
2028
2018
2016
2013
2016
2021
2026
2030
2032
2028
2030
2032
2033
2036
2045
2046
2038
2036
2031
2031
2038
2055
2054
2059
2063
2065
2069
2071
2068
2069
2079
2080
2076
2063
2053
2051
2053
2051
2048
2047
2047
2046
2013
2004
1995
1998
2009
1995
1998
1997
1990
1983
1982
1983
1979
1967
1970
1978
1985
1995
1991
1997
2013
2032
2024
2032
2027
2022
2024
2028
2036
2038
2027
2025
2020
2025
2027
2022
2026
2043
2040
2046
2044
2038
2027
2013
2008
2011
2024
2037
2036
2027
2016
1994
1969
1972
2002
2073
2078
2082
2080
2080
2056
2052
2049
2040
2029
2029
2019
2022
2028
2016
2001
2001
1985
1999
2003
2003
2011
2014
2016
2015
2007
2014
2022
2021
2017
2019
2028
2035
2042
2018
2019
2028
2033
2063
2076
2069
2060
2068
2113
2106
2097
2091
2087
2086
2090
2082
2079
2069
2060
2050
2021
2009
2009
2013
2016
2000
1998
2003
2003
2003
1996
1994
1991
1976
1990
2004
2021
2014
1992
1981
1980
2028
2044
2052
2056
2066
2085
2081
2082
2080
2061
2047
2045
2055
2051
2038
2020
2007
1965
1958
1951
1941
1943
1962
1963
1962
1961
1968
1978
1988
1998
2039
2045
2062
2058
2023
2017
2014
2019
2019
2041
2061
2071
2074
2069
2065
2057
2060
2066
2078
2088
2088
2084
2094
2090
2074
2005
1969
1954
1949
1948
1980
1987
1992
2001
2001
1988
1979
1975
1985
1993
1997
1996
2003
2006
2005
1997
1992
1976
1968
1960
1948
1939
1937
1936
1925
1918
1902
1887
1882
1896
1897
1900
1912
1928
1940
1947
1952
1955
1957
1956
1958
1976
1987
1997
2004
2015
2051
2065
2092
2110
2121
2176
2197
2205
2219
2243
2255
2253
2253
2307
2323
2340
2347
2338
2314
2303
2308
2262
2253
2250
2245
2245
2214
2186
2170
2151
2129
2105
2103
2108
2081
2066
2047
2031
1973
1952
1935
1929
1924
1904
1884
1866
1854
1846
1832
1817
1804
1738
1726
1721
1716
1714
1718
1721
1725
1728
1730
1737
1746
1754
1769
1776
1779
1796
1819
1831
1842
1862
1929
1943
1958
1966
1997
2003
2025
2046
2056
2091
2104
2109
2118
2135
2149
2153
2163
2190
2196
2212
2221
2247
2239
2241
2249
2251
2254
2267
2261
2266
2267
2270
2274
2267
2234
2236
2232
2219
2155
2140
2127
2109
2092
2040
2019
1995
1980
1967
1953
1946
1942
1919
1917
1917
1910
1860
1876
1904
1912
1833
1756
1685
1605
1529
1449
1468
1513
1572
1630
1709
1788
1854
1970
1975
1989
2010
2031
2084
2090
2076
2066
2050
2024
1994
1976
1977
1993
2027
2063
2098
2113
2125
2145
2158
2156
2167
2182
2197
2215
2245
2273
2292
2319
2344
2340
2342
2344
2349
2353
2355
2363
2393
2392
2388
2375
2336
2326
2327
2338
2357
2393
2380
2350
2304
2250
2185
2122
2070
1980
1987
1993
1999
1974
1949
1928
1907
1763
1731
1695
1673
1653
1591
1578
1573
1573
1584
1595
1611
1631
1751
1776
1800
1827
1897
1897
1902
1899
1889
1817
1790
1766
1751
1746
1743
1763
1791
1885
1895
1902
1910
1919
1933
1950
1972
1998
2075
2095
2108
2118
2125
2130
2146
2163
2241
2265
2282
2307
2353
2360
2365
2372
2383
2361
2341
2327
2314
2287
2263
2244
2222
2150
2133
2120
2102
2016
2004
1995
1990
2025
2031
2035
2037
2035
1998
1971
1945
1907
1860
1813
1767
1735
1669
1670
1677
1686
1724
1726
1719
1713
1706
1688
1692
1696
1695
1698
1690
1689
1685
1711
1729
1741
1768
1895
1934
1977
2020
2068
2214
2278
2341
2415
2493
2571
2656
2735
2995
3049
3103
3150
3281
3291
3299
3299
3291
3237
3203
3168
3136
3094
3044
2985
2920
2563
2454
2347
2235
1829
1742
1662
1588
1524
1363
1317
1275
1230
1184
1145
1104
1076
961
941
925
911
889
895
900
910
981
1009
1033
1055
1075
1137
1165
1201
1225
1247
1276
1302
1321
1408
1440
1473
1514
1722
1784
1849
1907
1968
2147
2208
2266
2330
2388
2443
2498
2559
2746
2782
2816
2845
2918
2932
2941
2957
2962
2958
2959
2954
2952
2946
2932
2923
2902
2799
2762
2724
2687
2519
2484
2443
2397
2360
2238
2190
2147
2115
2091
2070
2049
2035
1982
1972
1958
1947
1884
1866
1850
1832
1798
1793
1776
1767
1756
1721
1712
1699
1690
1678
1661
1639
1608
1418
1362
1308
1261
1124
1119
1129
1147
1166
1245
1284
1329
1380
1437
1501
1568
1646
1911
1964
2014
2062
2217
2261
2299
2333
2377
2476
2498
2523
2548
2573
2584
2605
2629
2699
2715
2734
2760
2781
2773
2760
2746
2646
2616
2575
2533
2494
2368
2326
2278
2247
2219
2197
2177
2160
2047
2016
1983
1942
1762
1724
1690
1666
1638
1573
1557
1538
1525
1515
1499
1482
1471
1414
1402
1383
1370
1304
1288
1285
1290
1304
1366
1404
1442
1481
1523
1570
1616
1662
1850
1902
1948
1992
2163
2208
2253
2301
2454
2492
2526
2556
2585
2647
2664
2677
2692
2705
2722
2734
2739
2755
2740
2726
2708
2566
2527
2482
2436
2393
2270
2231
2195
2158
2121
2084
2060
2041
1988
1975
1963
1954
1902
1888
1868
1847
1833
1769
1757
1740
1735
1726
1711
1704
1695
1660
1656
1649
1652
1650
1652
1656
1653
1647
1653
1659