2057
2048
2045
2043
2040
2029
2018
2015
2016
1987
1982
1977
1977
1978
1978
1979
1977
1977
1975
1971
1965
1965
1970
1973
1975
1981
1981
1975
1972
1970
1974
1973
1974
1974
1978
1957
1954
1958
1953
1965
1975
1984
1990
2007
2012
2021
2026
2035
2050
2051
2051
2056
2067
2073
2073
2076
2088
2095
2098
2100
2110
2113
2112
2114
2116
2121
2112
2110
2123
2138
2146
2137
2124
2053
2038
2023
2008
1991
1989
1991
2002
2009
2003
2003
2000
1995
1990
1987
1981
1975
1956
1948
1941
1935
1929
1940
1944
1950
1962
1965
1971
1970
1969
1970
1968
1959
1958
1952
1943
1945
1943
1939
1945
1958
1969
1994
2006
2016
2021
2032
2065
2081
2099
2117
2129
2139
2147
2161
2178
2191
2206
2220
2247
2247
2240
2237
2233
2228
2230
2231
2218
2171
2152
2135
2127
2112
2094
2077
2060
2017
2007
1997
1982
1920
1915
1904
1900
1896
1922
1934
1942
1949
1957
1957
1956
1952
1935
1938
1937
1937
1928
1928
1928
1935
1940
1947
1956
1975
1990
1997
2012
2024
2039
2080
2087
2093
2107
2107
2096
2092
2084
2033
2020
2005
1999
1991
1963
1954
1943
1939
1934
1931
1938
1943
1979
1984
1996
2002
2013
2016
2021
2023
2025
2026
2027
2026
2025
2024
2011
2002
2000
1977
1975
1975
1973
1962
1967
1969
1965
1985
1991
1997
2001
2007
2011
2017
2014
2004
1993
1988
1985
1980
1965
1959
1955
1958
1946
1956
1962
1967
1979
1996
1997
1999
2001
2004
2010
2018
2027
2034
2041
2044
2043
2021
2019
2021
2021
2030
2040
2052
2060
2071
2075
2078
2084
2092
2095
2095
2100
2106
2118
2127
2132
2135
2128
2130
2132
2125
2118
2105
2106
2106
2104
2100
2093
2088
2081
2057
2051
2049
2044
2010
2005
2002
1995
1993
1992
1996
1996
1998
2005
2009
2017
2025
2031
2040
2050
2059
2079
2081
2083
2085
2080
2084
2086
2085
2084
2079
2080
2079
2082
2082
2073
2072
2073
2067
2058
2060
2061
2080
2085
2083
2087
2089
2070
2066
2058
2050
2045
2038
2032
2030
2009
2006
1998
1990
1982
1975
1970
1963
1942
1935
1929
1930
1934
1945
1946
1943
1936
1936
1932
1932
1936
1930
1922
1921
1929
1917
1912
1913
1917
1919
1947
1955
1962
1971
1973
1978
1987
1990
2011
2014
2019
2023
2046
2053
2053
2058
2077
2081
2081
2081
2082
2086
2087
2089
2097
2098
2093
2091
2093
2074
2073
2071
2070
2052
2046
2044
2036
2027
2010
2007
2008
2006
2004
2003
2003
2006
1998
2002
2006
2009
2005
2007
2013
2015
2023
2023
2025
2022
2024
2023
2025
2022
2019
2016
2017
2016
2013
1993
1992
1998
1998
1980
1980
1988
1992
1996
2003
2000
1999
2000
1999
2002
2005
2004
2010
2011
2020
2026
2056
2060
2067
2074
2082
2093
2094
2092
2094
2095
2095
2093
2098
2080
2079
2082
2083
2072
2067
2067
2064
2050
2045
2039
2033
2028
2024
2023
2026
2022
2016
2012
2013
2012
1990
1988
1983
1986
1990
1990
1983
1977
1980
1981
1980
1984
1988
1989
1988
1990
1992
1993
1995
2002
2002
2002
2009
2013
2017
2020
2021
2027
2032
2030
2037
2034
2037
2049
2060
2071
2075
2080
2080
2082
2083
2085
2106
2110
2107
2110
2112
2107
2111
2116
2116
2114
2114
2114
2111
2081
2072
2068
2073
2060
2059
2049
2033
2035
2024
2025
2018
2014
2009
2008
2009
2002
1979
1975
1973
1977
1952
1952
1956
1959
1970
1975
1975
1978
1979
1983
1981
1985
1991
1997
2000
1994
2000
2023
2030
2036
2037
2040
2045
2041
2036
2036
2022
2023
2022
2026
2019
2011
2003
1999
1987
1986
1989
1996
1958
1951
1949
1941
1920
1922
1930
1935
1939
1957
1966
1982
1990
1992
1993
2001
2006
2024
2028
2030
2029
2033
2033
2026
2025
2016
2003
1999
1993
1990
1988
1989
1991
1985
1994
1992
1988
1985
1985
1998
2010
2030
2061
2063
2066
2070
2072
2084
2081
2072
2060
2064
2062
2059
2063
2071
2073
2077
2081
2082
2080
2080
2072
2070
2067
2067
2066
2071
2077
2082
2093
2100
2104
2102
2103
2106
2126
2125
2122
2117
2105
2100
2094
2091
2083
2063
2059
2057
2051
2047
2050
2049
2050
2035
2033
2028
2021
2007
2014
2015
2016
2020
2026
2022
2015
2013
2015
2014
2013
2013
2005
2007
2007
2013
1992
1989
1987
1990
1986
1981
1971
1961
1960
1964
1962
1963
1970
1977
1973
1970
1965
1981
1976
1970
1972
1976
1982
1988
1993
1985
1976
1971
1965
1968
1972
1965
1968
1982
2009
2015
2019
2015
2016
2022
2026
2032
2033
2035
2040
2042
2041
2040
2039
2039
2037
2015
2016
2015
2014
1997
1991
1987
1987
1987
1990
1992
2003
2003
2008
2010
2014
2019
2024
2027
2031
2035
2044
2050
2056
2063
2071
2074
2083
2091
2098
2105
2108
2111
2112
2110
2112
2113
2114
2102
2103
2099
2094
2064
2062
2061
2054
2053
2022
2023
2019
2020
2020
2016
2013
2015
2016
2025
2036
2048
2050
2049
2054
2058
2060
2041
2041
2036
2038
2038
2040
2033
2034
2034
2040
2038
2036
2038
2040
2038
2039
2040
2027
2016
2013
2020
1996
1993
1984
1978
1966
1956
1956
1951
1949
1948
1945
1942
1947
1923
1919
1924
1924
1929
1931
1932
1941
1983
2001
2000
2008
2032
2018
2029
2041
2043
2045
2058
2072
2071
2088
2094
2108
2116
2111
2088
2068
2071
2076
2042
2036
2037
2040
2049
2054
2062
2059
2079
2076
2083
2082
2049
2039
2037
2038
2071
2074
2074
2079
2079
2056
2057
2055
2050
2049
2052
2046
2046
2014
2006
2013
1997
1954
1952
1951
1951
1945
1944
1939
1944
1955
1962
1972
1976
1979
2004
2005
2022
2031
2044
2047
2052
2061
2071
2095
2091
2089
2081
2078
2079
2087
2092
2101
2093
2092
2095
2084
2073
2067
2059
2049
2051
2045
2042
2037
2015
2020
2023
2022
2017
2010
2005
1996
1982
1981
1968
1958
1935
1928
1927
1921
1921
1937
1937
1942
1951
1958
1963
1968
1974
1970
1968
1969
1967
1960
1959
1958
1957
1966
1975
1981
1991
2000
2026
2025
2023
2022
2018
2019
2020
2025
2022
2024
2031
2032
2029
2033
2032
2037
2031
2038
2037
2036
2041
2041
2044
2044
2041
2022
2021
2015
2013
2020
2018
2015
2015
2020
2023
2023
2017
2017
2014
2021
2025
2032
2033
2031
2031
2033
2063
2062
2065
2068
2077
2078
2092
2105
2116
2126
2129
2132
2138
2129
2121
2116
2106
2078
2073
2066
2059
2054
2052
2063
2066
2064
2054
2056
2053
2051
2052
2054
2052
2055
2056
2047
2039
2035
2018
2017
2015
2012
2005
2005
2005
2003
2002
1994
1992
1992
1997
1996
1995
1993
1993
1978
1975
1979
1978
1990
1999
2007
2011
2024
2042
2055
2067
2077
2090
2095
2103
2113
2112
2108
2109
2104
2074
2073
2075
2077
2075
2061
2061
2048
2039
2037
2037
2037
2035
2014
2009
1996
1990
1972
1958
1954
1954
1946
1945
1953
1955
1960
1963
1961
1965
1961
1958
1959
1963
1966
1968
1969
1973
1975
1995
2002
2007
2012
2021
2040
2042
2041
2051
2054
2061
2056
2056
2051
2049
2051
2053
2039
2032
2032
2036
2038
2038
2044
2046
2043
2045
2043
2040
2041
2032
2031
2033
2029
2027
2027
2031
2032
2040
2045
2052
2052
2056
2050
2047
2042
2038
2036
2034
2028
2024
2004
1996
1987
1981
1958
1955
1954
1949
1942
1940
1939
1936
1940
1946
1949
1951
1963
1970
1978
1984
1991
2008
2018
2013
2015
2029
2026
2021
2027
2028
2044
2043
2044
2047
2054
2061
2065
2068
2076
2080
2082
2082
2071
2064
2051
2042
2042
2054
2055
2054
2052
2048
2053
2048
2045
2046
2048
2043
2041
2038
2030
2037
2042
2039
2040
2044
2046
2043
2046
2046
2045
2042
2041
2044
2046
2048
2050
2059
2062
2057
2058
2056
2058
2062
2060
2052
2048
2041
2038
2039
2036
2032
2027
2006
2012
2016
2013
2003
2005
2004
2005
2012
2003
2005
2007
2010
2014
2019
2015
2012
2010
2005
2006
2010
2009
2011
2012
2012
2018
2020
2022
2024
2025
2027
2023
2022
2025
2026
2030
2032
2039
2038
2037
2037
2034
2029
2027
2031
2029
2024
2023
2024
2027
2029
2029
2021
2026
2024
2022
2020
2019
2022
2006
2002
2001
1996
1991
1988
1985
1985
1983
1982
1985
1983
1978
1981
1985
1989
1991
2000
2000
2008
2013
2016
2019
2022
2025
2023
2035
2031
2030
2032
2033
2032
2030
2032
2038
2034
2038
2040
2049
2049
2053
2048
2051
2054
2055
2055
2057
2057
2055
2062
2070
2085
2083
2080
2079
2078
2074
2077
2070
2067
2064
2062
2063
2061
2061
2058
2055
2052
2045
2046
2047
2046
2034
2031
2032
2025
1995
1993
1991
1985
1989
1977
1974
1976
1982
1984
1975
1972
1972
1967
1962
1960
1962
1964
1965
1971
1975
1969
1968
1969
1974
1982
1993
1998
1998
1992
2005
2013
2023
2028
2035
2035
2041
2032
2026
2024
2024
2023
2024
2022
2021
2024
2023
2037
2041
2043
2040
2039
2047
2053
2062
2070
2067
2065
2066
2073
2083
2080
2072
2068
2065
2071
2068
2065
2064
2064
2063
2067
2038
2028
2025
2026
2023
2012
2010
2002
2001
2004
2014
2023
2026
2024
2018
2019
2018
2016
2012
2008
2007
2015
2013
2012
2010
2015
2024
2027
2032
2034
2043
2048
2056
2050
2043
2040
2040
2042
2043
2042
2040
2042
2045
2052
2052
2046
2045
2049
2051
2053
2052
2043
2044
2043
2044
2048
2041
2039
2044
2035
2035
2031
2033
2033
2037
2037
2040
2036
2037
2036
2037
2039
2011
2011
2006
2007
2017
2008
2007
2002
2000
1978
1974
1974
1978
1979
1977
1977
1980
1989
1990
1997
2004
2011
2011
2009
2012
2008
1995
1996
1996
1996
1994
1995
1992
1987
1978
1982
1981
1983
1973
1969
1974
1976
1977
1980
1982
1982
1984
2005
2014
2012
2015
2015
2013
2016
2014
2012
2013
2018
2018
2021
2024
2033
2042
2050
2060
2065
2069
2083
2093
2098
2106
2116
2131
2137
2144
2139
2116
2105
2094
2086
2054
2051
2045
2043
2039
2039
2041
2039
2036
2041
2037
2040
2038
2024
2027
2031
2030
2028
2035
2032
2024
2020
2000
1998
2000
1994
1989
1980
1985
1987
1988
1995
1995
2002
2024
2027
2028
2032
2026
2024
2015
2010
2009
2006
2002
2002
2007
2008
2006
1999
1996
1984
1984
1990
1994
2017
2024
2031
2040
2045
2069
2071
2070
2066
2065
2065
2068
2065
2049
2041
2032
2032
2017
2014
2015
2016
2015
2015
2014
2018
2024
2022
2021
2026
2033
2043
2042
2037
2028
2023
2022
2023
2025
2009
2006
2002
1997
1999
2007
2011
2010
2011
2013
2012
2014
2010
2005
2001
1999
2003
2002
1996
1994
2001
2008
2000
1998
2001
2010
2015
2022
2026
2033
2032
2034
2038
2040
2046
2045
2047
2048
2048
2050
2052
2051
2045
2049
2052
2055
2055
2035
2037
2037
2034
2040
2041
2043
2041
2045
2042
2049
2054
2059
2069
2065
2066
2063
2063
2057
2050
2045
2036
2035
2036
2034
2021
2015
2015
2014
2015
2023
2020
2019
2019
2013
2013
2014
2010
1991
1982
1972
1967
1957
1957
1959
1961
1964
1968
1977
1974
1970
1976
1985
1996
2007
2016
2024
2033
2037
2050
2049
2047
2046
2025
2024
2027
2025
2024
2019
2014
2020
2028
2029
2032
2034
2039
2040
2039
2041
2044
2045
2048
2051
2046
2044
2051
2049
2043
2035
2034
2042
2051
2051
2037
2041
2044
2046
2051
2045
2042
2041
2056
2063
2077
2080
2089
2090
2087
2085
2080
2078
2071
2072
2076
2065
2066
2066
2062
2052
2047
2044
2041
2036
2028
2026
2028
2027
2024
2020
2015
2017
2010
2007
2014
2017
2027
2024
2027
2026
2013
2014
2008
2003
2000
1987
1985
1982
1972
1974
1973
1974
1970
1960
1961
1954
1945
1939
1936
1937
1937
1944
1944
1939
1941
1948
1957
1963
1971
1983
2008
2016
2023
2030
2046
2047
2049
2049
2054
2061
2065
2067
2073
2071
2077
2079
2074
2054
2046
2041
2040
2044
2053
2047
2046
2023
2015
2005
1998
1995
1998
1992
1993
1994
1996
1996
1996
1996
2011
2004
2003
2006
2015
2021
2030
2042
2043
2046
2050
2049
2055
2051
2053
2055
2058
2071
2066
2059
2058
2063
2055
2054
2050
2036
2040
2040
2041
2038
2045
2043
2051
2055
2054
2048
2046
2046
2052
2052
2051
2048
2051
2042
2037
2033
2037
2029
2026
2024
2026
2028
2028
2031
2030
2015
2011
2010
2012
1995
1994
1992
1992
2000
1987
1990
1993
1995
1996
2003
2006
2007
2005
2009
2015
2020
2029
2030
2031
2033
2039
2039
2043
2047
2052
2060
2064
2064
2067
2072
2080
2089
2102
2078
2062
2035
2007
1996
2003
2013
2017
2022
2029
2034
2037
2043
2051
2056
2060
2057
2018
2003
1995
1988
2003
2018
2029
2035
2038
2028
2015
2015
2012
1999
1990
1985
1987
1992
1992
1995
1994
2003
2008
2012
2018
2019
2021
2017
2023
2032
2021
2019
2017
2013
2014
2019
2017
2017
2034
2039
2046
2054
2041
2040
2033
2022
2022
2024
2035
2048
2053
2057
2052
2049
2042
2034
2034
2037
2036
2014
2013
2005
2002
2009
2016
2022
2029
2034
2026
2020
2015
2012
2009
2013
2015
2021
1998
1992
1991
1989
1980
1987
1985
1979
1979
1980
1972
1958
1954
1959
1959
1956
1950
1924
1925
1930
1930
1962
1963
1965
1971
1988
2003
2008
2021
2030
2026
2031
2039
2046
2054
2050
2055
2058
2066
2074
2081
2091
2111
2110
2110
2101
2100
2090
2092
2089
2086
2087
2079
2073
2068
2043
2038
2032
2024
1992
1988
1990
1989
1990
1992
1991
1986
1993
2001
2008
2012
2013
2020
2021
2023
2026
2043
2041
2040
2046
2072
2073
2080
2080
2080
2081
2086
2087
2079
2075
2075
2071
2073
2076
2076
2076
2075
2078
2080
2077
2075
2070
2064
2056
2058
2058
2063
2066
2066
2065
2064
2061
2062
2064
2067
2069
2070
2067
2064
2057
2035
2032
2026
2023
2012
2010
2005
1996
1974
1970
1962
1953
1948
1959
1967
1965
1967
1967
1964
1969
1979
1981
1976
1971
1974
1986
1991
1996
2001
2000
2020
2026
2034
2042
2051
2051
2055
2056
2063
2068
2068
2070
2060
2058
2058
2048
2042
2032
2024
2023
2018
2010
2009
2011
2008
1998
1995
1989
1985
1980
1976
1975
1976
1976
1970
1968
1963
1969
1976
1985
1982
1981
1977
1988
1996
1998
2006
2012
2020
2024
2034
2050
2052
2052
2057
2080
2087
2090
2090
2088
2087
2078
2074
2072
2056
2052
2045
2050
2045
2043
2038
2031
2026
2022
2021
2020
2009
2009
2014
2010
2008
2014
2016
2012
2013
2013
2010
2004
2005
2005
2008
2013
2007
2007
2006
2004
2003
2003
2006
2006
2005
2010
2016
2024
2031
2033
2032
2027
2027
2023
2003
2005
2004
2004
1996
1993
1981
1980
1974
1957
1952
1946
1941
1941
1941
1944
1939
1910
1903
1901
1899
1888
1890
1892
1896
1899
1923
1930
1936
1951
1958
1968
1978
1991
2037
2049
2060
2072
2110
2119
2128
2133
2142
2138
2136
2139
2144
2151
2151
2150
2149
2146
2138
2130
2132
2126
2125
2130
2133
2124
2119
2116
2118
2115
2099
2103
2106
2103
2101
2103
2102
2101
2102
2097
2096
2099
2109
2109
2104
2097
2081
2074
2070
2062
2061
2040
2035
2031
2021
2012
2010
2012
2014
1999
1994
1994
1988
1978
1972
1962
1955
1956
1956
1951
1947
1945
1948
1948
1954
1967
1981
1984
1990
1994
1998
2006
2017
2020
2026
2034
2029
2025
2022
2025
2025
2024
2033
2036
2037
2036
2033
2004
1994
1988
1994
1991
1984
1989
1996
1992
2004
2007
2013
2019
2023
2028
2030
2032
2017
2019
2022
2028
2030
2026
2020
2017
2011
2010
2008
2011
2006
2005
2007
2005
2007
2004
1993
1993
1988
1969
1963
1958
1961
1948
1950
1953
1945
1939
1939
1940
1947
1952
1956
1956
1956
1959
1961
1964
1969
1979
1994
2001
2006
2008
2012
2004
2005
2010
2015
2017
2020
2024
2025
2033
2033
2038
2045
2063
2069
2072
2077
2094
2100
2106
2113
2114
2109
2114
2112
2117
2114
2116
2116
2111
2112
2108
2105
2102
2094
2088
2090
2097
2101
2097
2092
2094
2099
2098
2093
2092
2087
2057
2053
2057
2060
2029
2019
2011
2008
2002
2002
1997
2002
2003
1988
1976
1975
1969
1958
1957
1949
1951
1955
1956
1958
1964
1991
1991
1995
1998
2002
2010
2010
2013
2022
2024
2029
2022
2027
2030
2028
2027
2031
2055
2055
2054
2052
2054
2049
2052
2047
2041
2043
2045
2047
2050
2059
2063
2069
2071
2084
2087
2094
2100
2106
2099
2094
2088
2088
2098
2101
2094
2085
2084
2079
2069
2055
2031
2023
2016
2012
1998
1993
1987
1984
1979
1977
1970
1961
1958
1956
1953
1954
1960
1948
1949
1950
1947
1936
1940
1940
1939
1938
1943
1945
1950
1948
1960
1956
1958
1965
1967
1966
1966
1966
1960
1963
1971
1977
1991
1998
2004
2016
2015
2029
2033
2030
2034
2041
2040
2048
2048
2059
2071
2077
2076
2078
2078
2078
2076
2048
2047
2040
2041
2042
2057
2059
2057
2056
2052
2047
2041
2037
2018
2029
2041
2042
2034
2030
2027
2024
2020
2026
2029
2030
2030
2029
2029
2029
2028
2017
2021
2022
2020
2027
2019
2017
2022
2004
2013
2020
2019
2011
2027
2011
2007
2015
2015
2002
1986
1990
1990
1990
1993
1996
2004
2011
2014
2010
2016
2017
2000
2010
2024
2019
2014
2023
2037
2048
2054
2056
2056
2074
2080
2087
2071
2071
2081
2072
2089
2103
2089
2081
2086
2093
2089
2092
2096
2095
2082
2070
2067
2067
2058
2052
2067
2075
2065
2068
2068
2057
2049
2046
2050
2050
2042
2028
2028
2033
2020
1997
1977
1983
1983
1972
1955
1956
1956
1947
1940
1941
1943
1938
1938
1940
1947
1945
1941
1937
1940
1949
1956
1962
1976
1977
1980
2006
2007
2021
2036
2043
2045
2056
2075
2102
2100
2103
2110
2108
2113
2120
2110
2103
2103
2092
2090
2094
2088
2078
2075
2075
2064
2056
2046
2035
2024
2023
2032
2035
2027
2010
1996
1996
2003
2007
2004
1998
2003
1979
1987
1985
1980
1965
1956
1958
1958
1971
1967
1972
1982
1986
1991
1985
1983
1987
1989
1986
1980
1987
1973
1976
2006
2033
2004
1956
1909
1875
1853
1889
1918
1954
1992
2022
2051
2082
2104
2116
2109
2097
2088
2064
2066
2069
2067
2060
2060
2052
2060
2075
2082
2076
2073
2074
2050
2036
2033
2039
2047
2053
2065
2073
2076
2060
2059
2076
2095
2130
2136
2136
2134
2124
2118
2111
2097
2048
2060
2074
2094
2143
2132
2118
2106
2083
2000
1976
1961
1953
1952
1964
1972
1976
1967
1961
1957
1954
1956
1953
1946
1956
1960
1959
1963
1962
1961
1957
1958
1965
1973
2004
2012
2016
2029
2025
2025
2026
2025
1980
1976
1964
1955
1957
2002
2020
2041
2059
2061
2065
2072
2068
2034
2034
2040
2050
2079
2080
2078
2071
2069
2032
2027
2029
2029
2033
2038
2043
2044
2059
2050
2042
2035
2009
2005
1999
1996
1998
2001
2006
2003
2007
2006
2002
1998
2000
1977
1974
1976
1979
1982
1980
1975
1969
1967
1952
1944
1938
1933
1929
1935
1941
1945
1941
1941
1944
1950
1950
1951
1948
1939
1933
1906
1900
1894
1897
1895
1898
1904
1917
1935
1975
1992
2002
2013
2026
2034
2040
2048
2108
2127
2134
2138
2153
2162
2174
2190
2202
2231
2235
2241
2238
2241
2239
2227
2221
2325
2310
2300
2265
2104
2088
2087
2085
2104
2099
2099
2089
2078
2118
2116
2121
2134
2141
2142
2140
2149
2149
2154
2153
2140
2135
2122
2117
2095
2073
2009
1972
1942
1926
1914
1904
1891
1884
1865
1887
1952
1986
1791
1724
1661
1624
1603
1596
1640
1690
1735
1791
1854
1905
1922
1972
1953
1966
1992
2011
2013
2008
1998
2064
2080
2095
2106
2124
2237
2241
2245
2246
2238
2203
2155
2100
1901
1859
1815
1780
1722
1720
1732
1753
1766
1752
1738
1716
1696
1680
1673
1680
1688
1742
1740
1753
1775
1755
1747
1752
1777
1889
1900
1911
1931
1952
2072
2126
2184
2250
2314
2374
2430
2479
2630
2666
2712
2766
3025
3084
3136
3177
3203
3216
3222
3223
3223
3221
3229
3250
3278
3264
3212
3145
3064
2619
2500
2385
2276
2170
1827
1698
1568
1432
1293
1172
1069
972
697
650
606
560
357
315
284
267
281
295
308
318
334
394
428
473
533
608
687
778
864
1152
1220
1299
1390
1855
1990
2126
2261
2392
2670
2734
2790
2850
2907
2964
3024
3088
3302
3330
3342
3342
3291
3276
3267
3270
3270
3250
3227
3197
3161
3127
3093
3063
3033
2953
2936
2918
2897
2737
2685
2627
2568
2399
2360
2320
2272
2226
2069
2016
1968
1922
1886
1854
1826
1799
1691
1658
1628
1598
1500
1478
1453
1433
1417
1380
1368
1351
1343
1331
1319
1318
1323
1370
1378
1385
1389
1376
1373
1380
1392
1472
1499
1525
1557
1586
1673
1700
1730
1758
1796
1823
1863
1901
2079
2115
2151
2184
2303
2339
2377
2417
2456
2568
2595
2625
2650
2671
2690
2704
2724
2746
2754
2763
2774
2791
2781
2768
2749
2732
2651
2620
2587
2545
2498
2446
2397
2347
2141
2087
2033
1977
1761
1708
1660
1616
1419
1377
1346
1314
1287
1211
1190
1176
1158
1141
1123
1111
1101
1112
1118
1132
1146
1221
1241
1271
1302
1343
1478
1522
1578
1635
1690
1743
1797
1863
2090
2150
2212
2270
2488
2539
2577
2622
2763
2778
2800
2819
2837
2860
2867
2870
2878
2882
2882
2877
2873
2808
2787
2759
2724
2562
2522
2484
2446
2399
2262
2215
2171
2133
2091
2049
2002
1948
1766
1727
1697
1665
1535
1498
1462
1437
1369
1355
1349
1342
1332
1325
1334
1344
1353
1372
1393
1422
1449
1558
1594
1628
1662
1825
1859
1898
1933
1970
2089
2124
2154
2187
2216
2250
2283
2311
2395
2407
2418
2434
2470
2482
2485
2494
2500
2511
2518
2517
2517
2507
2501
2497
2493
2466
2454
2441
2425
2371
2356
2342
2326
2260
2240
2221
2202
2182
2133
2119
2103
2082
2062
2050
2035
2017
1944
1922
1910
1899
1806
1793
1775
1766
1751
1702
1686
1677
1665
1652
1649
1648
1641
1639
1643
1648
1654
1654
1661
1665
1665
1673
1710
1719
1722
1728
1730
1737
1745
1752
1763
1768
1772
1783
1799
1812
1818
1827
1838
1887
1901
1912
1923
1988
1996
2018
2037
2097
2115
2130
2153
2178
2218
2235
2249
2258
2268
2282
2296
2313
2347
2356
2359
2366
2368
2375
2373
2364
2357
2348
2342
2334
2328
2325
2307
2295
2286
2238
2218
2198
2185
2095
2073
2053
2035
1953
1931
1918
1904
1892
1860
1847
1838
1830
1825
1821
1815
1805
1778
1782
1784
1777
1777
1781
1780
1777
1773
1776
1776
1777
1780
1792
1798
1809
1821
1849
1857
1867
1883
1936
1955
1972
1988
2001
2037
2044
2058
2074
2080
2085
2096
2108
2134
2139
2139
2136
2145
2145
2139
2141
2136
2133
2130
2119
2117
2106
2103
2096
2097
2091
2084
2073
2072
2056
2056
2053
2042
2026
2028
2034
2036
2036
2031
2029
2028
2023
2022
2026
2033
2032
2034
2037
2043
2051
2063
2068
2077
2084
2084
2088
2088
2087
2095
2095
2094
2093
2092
2087
2087
2084
2078
2057
2048
2039
2032
2009
2003
1996
1990
1986
1968
1969
1969
1969
1968
1969
1974
1982
1998
2002
2012
2014
2031
2042
2044
2047
2070
2068
2077
2079
2083
2082
2088
2088
2091
2092
2092
2096
2096
2094
2095
2094
2096
2088
2098
2095
2099
2096
2084
2081
2083
2078
2075
2067
2058
2056
2051
2044
2046
2043
2029
2026
2021
2009
1970
1965
1961
1955
1947
1931
1922
1919
1920
1911
1901
1890
1886
1873
1874
1871
1868
1872
1867
1874
1874
1876
1889
1892
1892
1896
1902
1905
1911
1916
1938
1943
1958
1971
2005
2017
2020
2033
2044
2055
2061
2062
2063
2077
2080
2083
2089
2092
2094
2098
2106
2115
2117
2121
2123
2109
2107
2108
2104
2101
2102
2098
2093
2090
2089
2082
2072
2064
2039
2035
2024
2017
1994
1982
1975
1974
1951
1948
1943
1932
1931
1921
1914
1915
1911
1907
1910
1914
1918
1924
1929
1938
1940
1957
1961
1968
1977
1991
2007
2013
2020
2026
2038
2039
2035
2045
2087
2094
2106
2112
2122
2123
2129
2135
2146
2149
2151
2156
2159
2152
2147
2146
2139
2135
2137
2137
2135
2116
2110
2105
2106
2104
2100
2092
2090
2093
2078
2073
2069
2071
2073
2072
2073
2073
2064
2063
2063
2068
2061
2057
2046
2042
2025
2018
2014
2007
1993
1972
1969
1962
1953
1943
1935
1940
1938
1932
1932
1930
1934
1940
1947
1952
1955
1965
1982
1986
1986
1990
1997
2004
2011
2019
2039
2044
2043
2043
2068
2071
2067
2060
2062
2064
2063
2057
2056
2055
2053
2055
2055
2052
2051
2053
2052
2034
2034
2024
2019
2018
2017
2013
2004
2012
2014
2012
2014
2013
2016
2023
2027
2026
2030
2023
2019
2019
2012
2010
2008
2006
2002
1993
1994
1991
1988
1987
1989
1987
1974
1977
1972
1967
1970
2039
2050
2030
1974
1782
1764
1761
1780
1806
1930
1971
2012
2051
2078
2104
2127
2143
2139
2141
2146
2150
2143
2127
2114
2091
2070
2048
2047
2043
2039
2038
2031
2026
2025
1990
1977
1973
1967
1980
1990
1995
1995
2019
2036
2055
2068
2070
2076
2074
2074
2070
2057
2037
2023
2014
2065
2100
2129
2156
2102
2061
2022
1983
1960
1968
1983
2001
2019
2033
2042
2037
2023
1972
1965
1960
1955
1921
1919
1913
1914
1902
1908
1921
1938
1960
2020
2042
2054
2070
2084
2092
2100
2107
2100
2082
2061
2042
1986
1988
2001
2015
2030
2080
2084
2073
2060
2043
2035
2030
2029
2046
2055
2071
2076
2076
2061
2049
2035
2008
2021
2036
2050
2067
2083
2088
2089
2082
2078
2074
2070
2065
2055
2060
2062
2054
2015
2003
1989
1975
1955
1920
1919
1916
1911
1912
1916
1918
1918
1928
1928
1932
1933
1941
1948
1949
1949
1949
1932
1921
1914
1907
1899
1903
1902
1902
1919
1921
1925
1922
1923
1926
1931
1924
1879
1871
1865
1874
1888
1956
1978
2003
2025
2046
2070
2090
2108
2189
2214
2239
2259
2336
2353
2374
2401
2418
2461
2475
2496
2514
2540
2561
2584
2605
2636
2631
2630
2628
2603
2595
2576
2562
2481
2450
2430
2430
2431
2354
2326
2245
2140
2046
1967
1878
1799
1714
1716
1716
1704
1720
1735
1748
1754
1760
1770
1769
1764
1768
1768
1766
1771
1767
1727
1725
1707
1687
1607
1568
1532
1489
1349
1329
1325
1329
1337
1417
1452
1474
1504
1531
1570
1607
1653
1850
1884
1922
1960
2051
2058
2070
2088
2112
2231
2285
2335
2366
2377
2360
2334
2296
2164
2159
2154
2155
2160
2150
2136
2112
2017
1996
1973
1956
1938
1875
1870
1876
1883
1893
1910
1935
1970
2083
2105
2130
2153
2208
2217
2223
2221
2229
2185
2152
2118
2090
2055
2015
1988
1971
1935
1933
1933
1928
1884
1874
1868
1859
1859
1887
1901
1914
1934
1962
1983
1997
2004
2011
2007
2013
2020
2072
2087
2102
2126
2184
2190
2193
2192
2195
2209
2207
2202
2197
2189
2182
2182
2178
2184
2179
2170
2162
2127
2116
2111
2107
2094
2106
2103
2105
2113
2116
2119
2131
2138
2269
2294
2282
2257
2065
2041
2024
2002
1945
1937
1943
1970
1983
1906
1876
1843
1821
1814
1823
1828
1824
1856
1851
1863
1891
1977
1992
2011
2040
2169
2192
2202
2203
2210
2268
2285
2297
2303
2300
2286
2276
2267
2253
2261
2266
2268
2184
2151
2121
2082
2047
2018
2021
2036
2041
2038
2027
2006
1977
1883
1893
1908
1925
1927
1913
1893
1870
1855
1857
1856
1856
1861
1863
1861
1860
1856
1849
1855
1871
1884
1898
1907
1905
1901
1859
1861
1871
1899
1937
2071
2110
2137
2153
2150
2136
2118
2097
2035
2046
2055
2066
2030
2002
1973
1951
1935
1937
1949
1964
1980
1995
2015
2037
2052
2096
2109
2127
2148
2194
2189
2182
2164
2134
2132
2124
2111
2096
2004
1972
1943
1924
1910
1907
1907
1917
1993
2002
2012
2012
2000
2004
2011
2017
2036
2037
2031
2020
2001
1934
1916
1901
1892
1890
1892
1891
1897
1873
1870
1866
1868
1943
1966
1989
2008
2020
2027
2026
2025
2030
2029
2027
2024
2024
1970
1958
1949
1937
1920
1927
1938
1954
1982
1985
1987
2000
2015
2067
2093
2104
2109
2109
2116
2113
2112
2086
2079
2071
2069
2053
2051
2045
2033
2026
1987
1970
1969
1966
1962
1959
1964
1968
1991
1992
2003
2014
2023
2022
2012
2008
2000
2014
2031
2032
2024
2043
2040
2044
2052
2060
2061
2060
2056
2081
2070
2069
2072
2059
2060
2054
2061
2078
2100
2127
2152
2168
2182
2191
2204
2213
2217
2229
2234
2238
2255
2254
2252
2248
2206
2198
2183
2174
2164
2126
2117
2112
2113
2107
2099
2094
2092
2077
2071
2071
2073
2037
2040
2026
2006
1997
1960
1945
1933
1914
1892
1879
1866
1860
1805
1810
1813
1805
1828
1824
1827
1845
1871
1906
1941
1947
1952
1997
1993
1992
2002
2009
2001
1987
1982
1965
1961
1972
1978
1966
1972
1967
1960
1966
1985
1980
1991
2011
2021
2023
2027
2039
2063
2078
2092
2101
2134
2144
2154
2165
2202
2214
2224
2234
2235
2237
2243
2242
2233
2222
2211
2201
2187
2121
2105
2086
2068
1995
1975
1958
1937
1922
1889
1882
1875
1867
1863
1859
1850
1838
1826
1828
1829
1829
1854
1856
1865
1868
1869
1879
1892
1902
1910
1927
1934
1944
1953
1975
1988
2003
2008
2025
2032
2035
2039
2034
2030
2027
2028
2033
2042
2041
2046
2049
2055
2062
2071
2070
2085
2091
2100
2101
2118
2111
2109
2115
2111
2098
2097
2094
2099
2101
2105
2107
2102
2093
2089
2089
2092
2083
2077
2074
2075
2067
2063
2067
2069
2066
2053
2051
2047
2039
2030
2024
2014
2015
2002
1993
1990
1985
1983
1971
1971
1976
1980
1972
1973
1979
1980
1983
1986
1989
1988
1998
2001
2003
2002
1999
1993
1994
1992
1991
1990
1993
1997
1997
1994
1984
1983
1987
1985
1980
1982
1985
1995
1999
2004
2014
2025
2035
2044
2049
2063
2070
2071
2070
2072
2075
2080
2084
2080
2068
2064
2058
2053
2045
2049
2045
2043
2041
2042
2045
2044
2042
2024
2019
2018
2017
2013
2012
2014
2013
1991
1990
1988
1988
1983
1979
1979
1976
1978
1978
1976
1974
1976
1987
1993
1998
1998
2010
2018
2022
2025
2031
2035
2034
2026
2019
2027
2030
2030
2031
2039
2033
2026
2031
2035
2038
2038
2037
2061
2064
2066
2068
2087
2097
2099
2103
2105
2107
2100
2097
2099
2099
2088
2085
2079
2059
2054
2051
2048
2031
2034
2031
2027
2032
2020
2019
2021
2019
2020
2021
2022
2023
2009
2001
2002
2004
1986
1985
1977
1973
1976
1978
1977
1980
1989
2003
2003
1998
2003
2003
2008
2013
2012
2013
2017
2020
2018
2021
2026
2029
2026
2029
2029
2035
2034
2034
2029
2030
2024
2023
2022
2022
2026
2030
2025
2022
2023
2017
2016
2015
2028
2036
2043
2056
2059
2062
2070
2076
2081
2087
2084
2093
2095
2103
2104
2087
2081
2077
2072
2068
2046
2037
2030
2024
2024
2017
2010
2006
2003
1997
1989
1991
1973
1968
1971
1979
1981
1979
1984
1984
1979
1969
1970
1969
1970
1970
1965
1962
1959
1939
1933
1941
1942
1935
1939
1942
1949
1955
1957
1964
1973
1981
1980
1976
1974
1977
1989
1991
1991
2002
2036
2044
2049
2055
2075
2081
2088
2093
2097
2110
2115
2120
2119
2123
2127
2130
2131
2130
2135
2135
2136
2148
2148
2142
2141
2139
2140
2135
2127
2129
2121
2117
2107
2098
2067
2059
2050
2039
2024
2021
2016
2012
1992
1994
1998
2001
2003
1990
1990
1986
1983
1976
1965
1961
1957
1936
1940
1940
1936
1936
1955
1974
1995
2015
1969
1920
1853
1782
1714
1668
1649
1658
1939
2018
2090
2147
2232
2226
2218
2219
2230
2274
2275
2266
2251
2217
2163
2106
2062
1997
1995
2011
2033
2053
2076
2084
2086
2072
1996
1967
1936
1924
1924
1938
1952
1977
2006
2058
2063
2060
2050
2027
2006
1993
1995
2017
2010
1997
1986
1906
1902
1911
1921
2045
2067
2061
2027
1981
1816
1787
1777
1794
1824
1872
1936
2001
2105
2101
2082
2066
2018
2019
2012
2012
2015
1995
1992
1984
1992
2003
2023
2053
2084
2203
2223
2253
2280
2236
2205
2175
2138
2036
2026
2026
2019
2020
2017
2015
2020
2030
2036
2055
2066
2072
2022
2013
2005
2014
2049
2046
2038
2026
2011
1956
1938
1923
1915
1917
1923
1938
1948
1994
2001
2002
2002
1983
1991
2012
2028
2037
2013
1993
1974
1955
1915
1920
1917
1919
1931
1945
1957
1961
1931
1932
1942
1965
2006
2000
1991
1988
1982
1941
1919
1897
1873
1853
1841
1835
1830
1812
1811
1811
1808
1830
1849
1865
1876
1889
1898
1892
1885
1879
1871
1870
1880
1897
1997
2024
2042
2058
2108
2127
2150
2178
2275
2285
2299
2307
2315
2356
2380
2408
2441
2470
2500
2522
2536
2624
2645
2670
2692
2768
2787
2803
2813
2810
2790
2773
2749
2726
2701
2677
2654
2636
2531
2501
2470
2433
2376
2380
2367
2317
1971
1809
1653
1512
1377
1086
1044
1036
1041
1055
1078
1105
1132
1256
1314
1381
1458
1740
1772
1781
1766
1748
1668
1640
1622
1621
1623
1625
1634
1632
1489
1429
1369
1322
1285
1318
1355
1382
1493
1517
1547
1574
1607
1774
1848
1914
1975
2026
2080
2141
2198
2427
2493
2566
2635
2838
2836
2803
2753
2691
2480
2424
2382
2357
2345
2333
2320
2313
2251
2221
2184
2157
2092
2087
2080
2063
1939
1917
1908
1911
1924
2002
2036
2064
2094
2115
2145
2164
2168
2118
2089
2066
2044
1906
1856
1807
1755
1702
1567
1530
1504
1478
1454
1429
1411
1401
1352
1358
1374
1405
1560
1600
1638
1668
1743
1761
1787
1827
1868
2022
2073
2119
2155
2186
2223
2268
2316
2520
2569
2608
2641
2726
2720
2707
2694
2682
2639
2616
2595
2585
2575
2568
2564
2559
2550
2558
2567
2568
2558
2546
2529
2509
2382
2359
2336
2318
2305
2260
2242
2222
2193
2168
2135
2100
2063
1932
1904
1878
1850
1699
1660
1624
1591
1565
1517
1508
1499
1501
1493
1492
1499
1501
1534
1558
1593
1629
1784
1815
1845
1863
1886
1933
1943
1957
1973
1994
2022
2039
2056
2123
2147
2174
2208
2327
2348
2360
2365
2345
2336
2332
2323
2323
2303
2291
2288
2283
2272
2262
2254
2247
2194
2188
2181
2173
2144
2129
2104
2073
2033
1910
1876
1861
1849
1838
1831
1830
1833
1839
1838
1835
1836
1838
1837
1839
1844
1828
1828
1823
1819
1820
1833
1831
1829
1830
1836
1851
1856
1865
1898
1895
1894
1881
1826
1816
1803
1787
1766
1741
1744
1748
1756
1765
1775
1786
1807
1855
1873
1897
1924
2049
2078
2096
2111
2120
2117
2110
2100
2088
2050
2026
2012
2006
1981
1973
1971
1970
2005
2017
2030
2043
2098
2112
2129
2146
2200
2212
2223
2232
2246
2247
2255
2266
2283
2303
2322
2349
2367
2377
2367
2350
2321
2293
2171
2122
2076
2037
2001
1965
1928
1881
1741
1695
1645
1601
1559
1530
1503
1480
1467
1427
1419
1410
1398
1384
1379
1384
1399
1487
1516
1557
1607
1655
1814
1872
1933
1991
2051
2121
2188
2251
2485
2543
2598
2654
2859
2909
2954
3003
3061
3172
3204
3229
3250
3264
3274
3283
3285
3254
3230
3205
3170
2985
2930
2873
2814
2759
2569
2502
2438
2364
2287
2212
2144
2074
1812
1747
1698
1643
1436
1386
1330
1272
1115
1084
1067
1050
1031
972
969
970
964
967
974
981
986
1059
1083
1100
1118
1203