2439
2472
2501
2535
2617
2644
2666
2684
2699
2717
2740
2754
2762
2760
2765
2763
2734
2717
2704
2693
2672
2584
2558
2529
2506
2486
2457
2425
2392
2229
2189
2144
2100
2061
1949
1912
1884
1854
1823
1799
1771
1748
1653
1631
1614
1598
1570
1576
1586
1584
1585
1600
1598
1608
1620
1631
1644
1659
1673
1749
1757
1777
1796
1870
1884
1902
1921
1927
1976
1986
1991
2009
2034
2042
2047
2064
2121
2135
2144
2141
2141
2140
2138
2135
2135
2118
2105
2091
2080
2072
2068
2071
2078
2044
2033
2020
2006
1993
1970
1959
1957
1961
1948
1939
1936
1943
1951
1956
1961
1965
1996
2004
2009
2019
2025
2036
2054
2065
2068
2075
2087
2100
2106
2113
2117
2116
2117
2113
2110
2106
2104
2109
2099
2095
2078
2059
2045
2031
2018
2000
1953
1939
1931
1925
1882
1875
1868
1862
1858
1829
1827
1826
1832
1837
1835
1835
1837
1839
1854
1869
1875
1897
1908
1913
1914
1930
1976
1984
1990
1994
2010
2037
2057
2073
2139
2153
2154
2159
2166
2201
2214
2226
2237
2239
2233
2240
2258
2281
2273
2275
2283
2292
2280
2267
2265
2269
2239
2231
2219
2206
2193
2177
2161
2155
2096
2085
2057
2034
1975
1962
1946
1937
1926
1883
1870
1863
1863
1870
1872
1864
1858
1854
1856
1857
1865
1909
1912
1926
1942
1954
2009
2018
2027
2039
2045
2053
2064
2074
2121
2127
2139
2141
2140
2175
2191
2191
2196
2199
2199
2184
2181
2173
2160
2156
2152
2091
2081
2078
2065
2057
2010
1992
1980
1960
1943
1937
1936
1927
1878
1865
1860
1860
1845
1838
1835
1833
1824
1833
1835
1843
1854
1853
1853
1855
1864
1886
1899
1911
1919
1953
1951
1962
1975
1984
2018
2027
2032
2029
2030
2041
2048
2055
2082
2074
2080
2100
2114
2104
2111
2123
2127
2125
2123
2122
2116
2126
2124
2118
2101
2077
2085
2086
2084
2078
2056
2046
2030
2022
2025
2026
2026
2026
2010
2005
2006
2019
2018
2023
2030
2031
2026
2032
2033
2047
2057
2066
2059
2055
2059
2092
2108
2112
2101
2103
2106
2116
2119
2118
2146
2154
2152
2143
2135
2133
2132
2139
2131
2130
2124
2113
2110
2105
2089
2075
2066
2064
2057
2040
2018
1979
1968
1959
1944
1903
1897
1895
1888
1884
1871
1865
1855
1839
1833
1838
1845
1849
1850
1849
1856
1875
1902
1905
1913
1920
1936
1963
1967
1983
1993
1995
1996
2003
2010
2036
2050
2054
2049
2058
2079
2090
2091
2090
2090
2084
2087
2098
2103
2094
2097
2114
2106
2102
2104
2109
2101
2091
2091
2089
2085
2060
2052
2052
2049
2058
2097
2145
2149
1675
1643
1666
1713
1987
2035
2079
2114
2141
2151
2119
2094
2078
2069
2056
2025
1990
2039
2050
2075
2104
2125
2121
2130
2139
2146
2157
2176
2193
2208
2241
2230
2202
2157
1922
1915
1933
1961
1998
2071
2070
2077
2081
2067
2033
1982
1934
1890
1889
1881
1879
1924
1924
1911
1897
1891
1938
1953
1977
1988
1982
1968
1952
1936
1851
1857
1883
1920
2064
2076
2092
2113
2127
2095
2109
2137
2177
2209
2229
2236
2234
2157
2145
2126
2107
2114
2140
2162
2175
2179
2141
2123
2096
2083
2079
2073
2068
2065
2052
2043
2041
2039
2031
2026
2017
2006
1989
1974
1968
1963
1956
1882
1873
1879
1888
1889
1883
1885
1887
1877
1838
1845
1845
1853
1866
1877
1883
1874
1804
1801
1796
1801
1803
1820
1840
1859
1880
1896
1900
1916
1937
1949
1961
1972
1976
1927
1913
1893
1874
1848
1788
1782
1772
1759
1760
1761
1759
1743
1584
1521
1459
1405
1148
1094
1057
1039
1034
1091
1133
1177
1230
1281
1316
1333
1344
1406
1449
1489
1528
1651
1693
1748
1828
1917
2242
2373
2501
2641
2792
2944
3096
3243
3742
3850
3959
4069
4091
4089
4087
4089
4090
4089
4090
4088
4090
4088
4088
4087
4090
4090
4088
4089
4088
4089
4089
4089
4092
4087
4089
4090
4091
4075
3956
3790
3621
3432
2528
2284
2030
1758
1513
814
606
425
234
122
106
101
96
78
77
74
72
68
65
66
66
65
65
65
65
66
65
67
66
68
72
71
76
74
74
83
86
89
92
95
97
106
117
190
240
315
413
910
1039
1167
1284
1405
1731
1832
1926
2019
2115
2205
2285
2359
2651
2726
2799
2859
3045
3095
3135
3173
3215
3345
3401
3463
3514
3561
3595
3622
3636
3694
3701
3701
3698
3674
3660
3643
3623
3592
3507
3466
3426
3393
3349
3298
3241
3186
2877
2789
2704
2622
2271
2171
2066
1958
1856
1579
1482
1395
1330
1270
1206
1139
1076
818
770
727
679
535
527
522
530
539
570
595
622
648
693
746
822
892
1224
1319
1414
1514
1627
1959
2080
2199
2326
2458
2596
2723
2841
3262
3348
3438
3533
3826
3887
3940
3984
4018
4081
4089
4088
4087
4071
4040
4016
3980
3761
3693
3616
3532
3165
3053
2946
2847
2725
2362
2244
2129
2021
1920
1816
1707
1608
1174
1072
981
884
787
557
480
414
363
323
282
250
227
197
207
229
252
402
451
505
574
648
860
944
1011
1074
1144
1226
1318
1391
1671
1735
1813
1895
2146
2204
2261
2307
2353
2449
2471
2508
2538
2559
2580
2612
2633
2660
2659
2653
2639
2581
2559
2539
2529
2504
2408
2371
2333
2289
2251
2216
2184
2141
1984
1948
1925
1894
1857
1783
1750
1721
1690
1663
1654
1643
1635
1618
1616
1614
1610
1610
1614
1623
1646
1666
1696
1721
1744
1764
1774
1798
1822
1842
1885
1886
1892
1909
1923
1924
1908
1897
1908
1908
1903
1906
1907
1902
1889
1880
1873
1876
1889
1895
1901
1942
1949
1971
1995
2010
2077
2103
2124
2150
2179
2215
2245
2274
2414
2444
2476
2519
2679
2710
2739
2769
2805
2882
2907
2926
2946
2960
2973
2988
2997
3014
3008
3003
2990
2980
2910
2887
2852
2815
2769
2724
2681
2629
2407
2347
2286
2227
1969
1903
1837
1773
1700
1514
1450
1390
1327
1268
1214
1168
1126
975
944
919
890
827
821
820
818
828
864
875
899
925
955
985
1024
1064
1251
1306
1363
1414
1476
1674
1733
1802
1872
1938
1996
2062
2132
2397
2467
2533
2585
2789
2837
2876
2913
2943
3015
3028
3043
3064
3073
3077
3079
3072
3025
3011
2991
2971
2838
2789
2756
2738
2707
2574
2532
2483
2437
2389
2335
2295
2255
2096
2050
2016
1987
1855
1826
1790
1761
1735
1671
1659
1646
1641
1632
1621
1610
1602
1593
1598
1608
1619
1646
1658
1672
1678
1685
1709
1718
1732
1744
1753
1761
1774
1778
1778
1774
1774
1774
1785
1790
1792
1786
1779
1768
1768
1767
1769
1773
1773
1773
1767
1764
1772
1775
1778
1783
1794
1803
1815
1834
1851
1858
1866
1877
1925
1943
1965
1988
2062
2080
2107
2134
2158
2211
2240
2259
2277
2298
2328
2354
2368
2432
2456
2471
2478
2496
2498
2492
2483
2475
2438
2426
2415
2405
2389
2363
2334
2306
2202
2177
2152
2131
1992
1960
1934
1908
1874
1792
1766
1740
1716
1692
1666
1644
1634
1599
1586
1580
1577
1586
1590
1609
1625
1633
1682
1701
1725
1750
1767
1791
1812
1836
1948
1972
1999
2031
2055
2118
2147
2173
2196
2215
2236
2259
2278
2354
2362
2383
2401
2430
2433
2431
2435
2434
2423
2417
2416
2411
2407
2404
2394
2383
2298
2281
2265
2233
2135
2118
2098
2073
2051
1990
1965
1945
1932
1915
1899
1877
1870
1827
1814
1805
1804
1811
1810
1816
1827
1830
1824
1839
1850
1872
1900
1920
1930
1941
2006
2013
2027
2045
2065
2110
2119
2124
2132
2146
2158
2169
2182
2183
2191
2195
2195
2186
2181
2169
2156
2149
2100
2088
2077
2059
2036
2016
2004
1991
1912
1906
1901
1887
1824
1816
1810
1795
1779
1765
1762
1764
1760
1750
1759
1764
1765
1784
1786
1791
1811
1861
1878
1893
1913
1930
1965
1979
1986
1989
2003
2018
2029
2048
2068
2078
2090
2103
2132
2127
2116
2128
2139
2126
2121
2110
2111
2119
2123
2118
2118
2072
2061
2062
2058
2052
2042
2043
2032
2023
2019
2016
2013
2007
2009
2003
1989
1982
1995
1997
1991
1991
2001
1992
2000
2012
2023
2031
2037
2038
2039
2057
2070
2085
2102
2139
2147
2155
2167
2182
2197
2209
2221
2223
2221
2230
2241
2244
2245
2241
2232
2228
2230
2217
2219
2217
2213
2181
2159
2142
2130
2121
2108
2092
2070
2012
1999
1987
1959
1904
1888
1874
1856
1841
1822
1812
1803
1797
1794
1790
1782
1780
1761
1772
1779
1782
1786
1794
1808
1816
1768
1626
1451
1342
1364
2021
2120
2163
2161
2078
2052
2028
2014
2034
2205
2226
2214
2196
2206
2234
2271
2284
2164
2181
2217
2249
2194
2203
2219
2235
2239
2164
2148
2141
2151
2171
2200
2210
2202
2137
2124
2100
2079
2000
1989
1971
1945
1938
1947
1975
2000
2034
2057
2063
2042
2013
1910
1871
1834
1813
1917
1971
2004
2009
1995
1915
1916
1925
1947
1968
1988
2000
2011
1974
1968
1973
1982
1997
2064
2066
2067
2085
2111
2119
2110
2087
2013
2035
2051
2050
2041
2041
2048
2045
2020
1953
1976
2013
2044
2067
2070
2073
2056
1977
1970
1971
1984
2035
2034
2014
1989
1968
1948
1970
1993
2013
2023
2031
2047
2061
2037
2027
2028
2031
2062
2074
2076
2076
2082
2061
2066
2081
2097
2109
2116
2109
2090
2046
2046
2053
2060
2059
2024
2020
2021
2021
2016
2015
2009
1998
1945
1928
1912
1901
1895
1871
1853
1843
1829
1792
1786
1782
1775
1776
1770
1759
1748
1692
1672
1654
1645
1609
1600
1595
1592
1597
1570
1544
1516
1492
1464
1425
1383
1333
1108
1066
1018
983
876
875
879
892
910
973
993
1023
1052
1081
1105
1145
1184
1346
1399
1450
1513
1817
1917
2019
2132
2246
2622
2746
2873
3002
3134
3275
3428
3588
4089
4090
4090
4090
4086
4088
4089
4088
4089
4092
4091
4089
4090
4089
4090
4090
4089
4090
4090
4088
4088
4089
4089
4090
4087
4091
4088
4088
4090
4091
4092
4089
4089
4091
3475
3204
2925
2625
2321
1431
1147
873
608
349
140
101
93
77
75
73
69
67
63
65
60
61
66
60
59
60
57
58
56
57
59
58
58
62
59
64
62
67
68
69
70
75
76
100
109
123
151
554
719
901
1091
1289
1811
1961
2102
2241
2384
2517
2638
2751
3074
3148
3213
3275
3435
3461
3494
3517
3525
3508
3494
3453
3412
3368
3320
3276
3231
3094
3068
3049
3033
3005
2887
2834
2762
2682
2599
2524
2464
2399
2189
2145
2097
2048
1859
1826
1791
1750
1712
1596
1554
1516
1488
1471
1465
1449
1436
1368
1363
1365
1375
1367
1368
1358
1360
1374
1413
1443
1470
1491
1518
1552
1584
1626
1827
1894
1964
2037
2113
2331
2407
2476
2545
2621
2703
2780
2852
3184
3249
3310
3375
3616
3665
3711
3754
3798
3878
3897
3920
3950
3964
3965
3964
3958
3866
3828
3783
3738
3500
3426
3348
3259
3164
2825
2703
2569
2440
2316
2190
2064
1942
1427
1306
1186
1062
606
508
420
335
253
142
132
126
120
117
115
116
114
117
121
124
127
135
165
183
222
275
343
421
507
603
1030
1141
1256
1371
1837
1955
2065
2160
2251
2553
2640
2716
2790
2866
2934
2991
3041
3228
3255
3280
3292
3301
3285
3258
3223
3191
3093
3056
3008
2947
2892
2838
2764
2689
2389
2313
2237
2158
2083
1847
1755
1674
1596
1528
1452
1384
1318
1079
1026
979
937
761
729
699
674
657
621
628
637
652
664
681
714
749
915
970
1026
1095
1353
1415
1485
1561
1637
1860
1941
2018
2081
2140
2200
2269
2337
2527
2561
2602
2642
2680
2787
2824
2846
2865
2891
2908
2915
2907
2913
2906
2899
2893
2845
2832
2832
2820
2811
2774
2759
2739
2723
2706
2690
2681
2675
2620
2614
2602
2593
2581
2513
2506
2501
2494
2477
2463
2443
2423
2349
2335
2317
2293
2190
2156
2118
2079
2045
1942
1905
1866
1838
1803
1767
1727
1701
1585
1559
1531
1496
1377
1342
1314
1297
1272
1229
1205
1176
1163
1160
1162
1166
1168
1167
1174
1203
1227
1310
1342
1384
1433
1472
1575
1628
1680
1732
1777
1823
1869
1920
2139
2185
2220
2258
2301
2427
2471
2509
2538
2571
2604
2642
2664
2755
2781
2797
2810
2853
2860
2866
2864
2867
2854
2848
2834
2822
2802
2777
2750
2727
2610
2578
2542
2496
2330
2285
2247
2203
2169
2055
2020
1980
1946
1912
1879
1846
1821
1710
1691
1675
1661
1612
1602
1597
1591
1588
1588
1585
1586
1597
1612
1642
1660
1677
1735
1760
1771
1786
1854
1881
1897
1908
1918
1981
1991
1997
2011
2018
2034
2056
2080
2097
2099
2114
2130
2131
2119
2113
2107
2107
2095
2084
2076
2062
2003
1976
1948
1934
1883
1859
1841
1833
1823
1777
1775
1773
1759
1741
1732
1732
1732
1747
1751
1758
1781
1823
1834
1857
1886
1922
1965
1989
2005
2020
2045
2065
2084
2105
2163
2183
2196
2207
2239
2243
2255
2253
2248
2233
2233
2236
2240
2240
2221
2199
2182
2125
2108
2097
2077
2059
2003
1986
1971
1950
1933
1923
1912
1886
1828
1813
1807
1804
1819
1821
1818
1815
1821
1850
1859
1863
1868
1871
1881
1898
1912
1955
1980
2005
2021
2062
2076
2103
2128
2149
2174
2189
2200
2212
2230
2237
2231
2228
2264
2265
2268
2276
2303
2301
2294
2284
2286
2267
2274
2271
2257
2248
2244
2228
2201
2155
2144
2130
2116
2102
2037
2035
2029
2011
2000
1990
1982
1973
1910
1892
1892
1891
1871
1874
1864
1863
1860
1884
1892
1895
1898
1902
1914
1930
1939
1988
1997
2013
2036
2047
2075
2103
2120
2135
2139
2147
2162
2173
2183
2178
2179
2188
2213
2208
2186
2169
2169
2156
2144
2125
2115
2094
2078
2062
2041
2033
2021
2008
1993
1918
1901
1886
1879
1835
1818
1800
1787
1776
1759
1754
1751
1748
1754
1754
1754
1760
1814
1812
1813
1816
1866
1871
1882
1892
1903
1947
1960
1975
1995
2013
2020
2030
2041
2068
2081
2089
2089
2102
2121
2115
2109
2102
2109
2116
2124
2127
2105
2098
2093
2090
2081
2078
2067
2061
2053
2042
2044
2042
2036
2029
2022
2027
2029
2020
2015
2019
2029
2047
2053
2055
2061
2066
2086
2086
2089
2094
2098
2095
2100
2099
2132
2137
2141
2144
2143
2144
2144
2145
2149
2154
2154
2159
2166
2156
2154
2155
2152
2150
2134
2127
2126
2116
2102
2101
2096
2085
2074
2065
2069
2064
2024
2017
2016
2004
1969
1966
1961
1949
1938
1914
1900
1894
1894
1891
1884
1871
1864
1845
1851
1853
1852
1860
1852
1861
1871
1881
1901
1905
1904
1909
1912
1917
1927
1936
1968
1978
1980
1984
1998
2018
2028
2039
2050
2052
2049
2053
2060
2063
2067
2070
2070
2087
2085
2075
2068
2070
2065
2066
2064
2057
2053
2057
2047
2037
2043
2047
2038
2031
2045
2052
2062
2063
2061
2044
2041
2039
2040
2037
2033
2030
2031
2022
2024
2026
2019
1997
1994
1990
1986
1990
1998
1997
2000
2004
2007
2004
2006
2008
1900
1873
1863
1877
2028
2049
2072
2090
2105
2126
2129
2134
2148
2151
2153
2152
2153
2191
2178
2161
2149
2135
2102
2101
2097
2091
2081
2075
2064
2055
2005
1997
1991
1988
2015
2030
2047
2058
2058
2058
2062
2070
2073
2077
2087
2095
2096
2131
2124
2123
2126
2159
2182
2199
2201
2195
2136
2108
2086
2077
2065
2051
2041
2036
2023
2024
2024
2020
1988
1972
1952
1943
1943
1905
1900
1896
1886
1870
1860
1852
1858
1848
1858
1865
1870
1855
1845
1839
1843
1856
1875
1879
1881
1889
1899
1899
1901
1906
1926
1932
1932
1930
1936
1941
1945
1946
1943
1939
1935
1931
1937
1968
1976
1984
1994
2013
2024
2037
2049
2057
2087
2098
2112
2123
2126
2137
2146
2145
2145
2146
2158
2171
2189
2188
2188
2185
2173
2145
2135
2134
2131
2128
2115
2109
2100
2061
2050
2036
2020
1944
1919
1900
1884
1854
1772
1729
1679
1641
1600
1553
1511
1466
1239
1177
1133
1096
938
906
873
840
814
766
745
730
716
697
682
665
655
705
743
780
826
1087
1175
1280
1391
1510
1896
2036
2175
2313
2467
2625
2792
2961
3663
3826
4003
4090
4088
4089
4089
4089
4088
4088
4088
4091
4089
4089
4089
4091
4091
4089
4087
4090
4089
4090
4089
4091
4088
4089
4089
4087
4087
4089
4090
4089
4090
4090
4047
3902
3714
3488
3239
2467
2200
1931
1680
1454
1204
897
557
88
85
81
78
72
72
72
69
67
64
65
59
62
62
65
64
64
65
63
64
65
65
67
69
68
68
73
72
74
75
84
86
91
96
149
186
241
335
908
1094
1266
1444
1628
2146
2289
2408
2516
2611
2705
2802
2910
3286
3332
3352
3354
3340
3243
3212
3187
3176
3176
3188
3204
3230
3310
3301
3281
3257
3071
3036
2999
2968
2939
2860
2833
2810
2796
2781
2764
2753
2752
2854
2876
2885
2873
2677
2621
2581
2543
2504
2407
2356
2311
2262
2214
2168
2123
2063
1882
1848
1810
1758
1553
1494
1443
1403
1369
1290
1276
1265
1260
1255
1253
1265
1286
1364
1402
1444
1504
1571
1795
1871
1940
2002
2060
2107
2167
2229
2454
2523
2589
2652
2931
2994
3061
3126
3177
3338
3396
3445
3493
3536
3569
3583
3591
3547
3531
3522
3503
3354
3287
3217
3135
3046
2768
2660
2552
2457
2356
2253
2154
2051
1633
1528
1416
1301
1200
925
847
782
721
663
603
547
494
372
339
312
296
285
276
265
259
258
285
313
352
398
446
506
576
658
739
1011
1101
1198
1288
1376
1458
1546
1644
2001
2091
2180
2268
2350
2550
2607
2666
2726
2783
2830
2884
2934
3065
3075
3080
3086
3022
2998
2968
2936
2904
2772
2719
2654
2587
2520
2453
2379
2298
2022
1964
1909
1855
1610
1553
1495
1439
1393
1263
1229
1197
1164
1128
1102
1073
1049
964
964
953
947
994
1007
1016
1041
1072
1181
1228
1275
1312
1349
1398
1442
1497
1705
1750
1802
1855
2066
2127
2184
2232
2280
2396
2430
2473
2522
2563
2594
2619
2640
2685
2687
2696
2705
2712
2731
2710
2685
2667
2653
2638
2623
2608
2517
2499
2476
2457
2373
2342
2321
2314
2303
2288
2286
2283
2288
2299
2304
2308
2321
2386
2413
2431
2447
2484
2482
2491
2503
2498
2500
2489
2484
2476
2457
2439
2426
2407
2306
2270
2241
2220
2070
2038
2003
1964
1923
1778
1724
1685
1655
1618
1584
1548
1527
1405
1386
1366
1347
1320
1321
1307
1306
1317
1329
1347
1366
1380
1400
1422
1447
1470
1586
1622
1653
1689
1841
1884
1930
1980
2031
2164
2212
2257
2293
2332
2375
2415
2452
2579
2595
2615
2632
2650
2680
2687
2705
2724
2729
2738
2735
2734
2721
2716
2705
2686
2591
2565
2541
2516
2489
2387
2340
2303
2265
2224
2186
2159
2130
1994
1957
1919
1887
1763
1735
1709
1688
1671
1600
1589
1575
1563
1559
1548
1535
1539
1535
1534
1536
1554
1628
1641
1648
1668
1694
1774
1796
1825
1857
1883
1909
1940
1968
2038
2061
2073
2087
2099
2114
2122
2135
2137
2134
2124
2115
2103
2038
2029
2015
1995
1919
1893
1872
1850
1836
1802
1789
1778
1781
1783
1772
1761
1756
1727
1733
1733
1729
1757
1767
1787
1799
1810
1857
1881
1896
1915
1934
1956
1976
1998
2074
2088
2113
2131
2209
2226
2237
2258
2273
2315
2325
2332
2342
2344
2344
2346
2352
2360
2349
2342
2343
2349
2277
2259
2246
2230
2209
2187
2162
2136
2039
2006
1977
1958
1878
1847
1828
1811
1801
1749
1739
1736
1733
1724
1715
1714
1715
1739
1755
1764
1777
1834
1856
1877
1902
1924
1994
2014
2035
2059
2087
2106
2125
2149
2213
2227
2246
2263
2310
2314
2323
2335
2340
2356
2359
2364
2368
2359
2347
2338
2333
2294
2286
2277
2265
2208
2198
2183
2162
2149
2113
2093
2075
2054
2035
2012
2004
1988
1924
1908
1891
1882
1873
1843
1837
1836
1828
1827
1830
1835
1841
1869
1876
1883
1892
1936
1956
1974
1995
2023
2051
2065
2088
2109
2122
2143
2157
2167
2199
2211
2229
2236
2236
2241
2244
2242
2240
2222
2225
2225
2216
2199
2183
2176
2171
2126
2092
2064
2041
1962
1937
1916
1897
1885
1832
1796
1769
1760
1747
1743
1732
1717
1698
1694
1692
1681
1682
1711
1730
1747
1760
1766
1777
1800
1824
1869
1890
1913
1928
1970
1980
1994
2012
2025
2045
2049
2050
2053
2061
2062
2060
2071
2078
2080
2079
2073
2057
2067
2066
2058
2055
2034
2026
2014
2009
2002
1994
1998
2008
1997
2003
2007
2004
1989
1994
2001
2003
2008
2013
2015
2017
2021
2022
2033
2044
2050
2059
2060
2068
2079
2104
2103
2103
2115
2125
2149
2157
2162
2164
2159
2157
2159
2174
2184
2187
2189
2198
2207
2196
2194
2196
2199
2202
2195
2188
2179
2160
2156
2150
2144
2103
2087
2081
2078
2077
2037
2020
2002
1993
1980
1969
1956
1944
1887
1882
1879
1871
1856
1862
1857
1849
1846
1842
1849
1851
1851
1853
1861
1864
1869
1879
1881
1890
1905
1924
1957
1966
1976
1987
2001
2010
2016
2023
2069
2085
2095
2098
2128
2139
2143
2140
2138
2140
2137
2128
2126
2133
2135
2130
2133
2095
2094
2094
2091
2053
2047
2040
2032
2025
2003
2000
1993
1985
1978
1972
1971
1969
1968
1964
1964
1970
1964
1969
1973
1977
1981
1992
1995
1999
2002
2005
2017
2031
2045
1939
1906
1875
1851
1849
1955
2022
2089
2150
2186
2209
2221
2227
2200
2205
2216
2213
2198
2186
2168
2149
2123
2045
2043
2054
2070
2073
2083
2094
2096
2046
2020
2001
1991
2009
2016
2021
2015
2007
1962
1942
1934
1934
1946
1961
1976
1994
2021
2029
2026
2012
1977
1975
1986
2005
2023
2028
2006
1979
1956
1925
1905
1889
1885
1995
2030
2059
2073
2066
1999
1994
1985
1976
1967
1980
1990
2006
1994
1978
1967
1967
1994
1999
2009
2024
2042
2033
2002
1975
1960
1951
1945
1943
1939
1955
1976
1985
1985
1973
1974
1981
1990
1990
1995
1998
1991
1987
1973
1962
1953
1950
1973
1979
1989
1995
1977
1967
1968
1968
1975
2021
2030
2029
2025
2023
2023
2019
2006
1965
1968
1967
1967
1974
1983
1987
1989
1975
1962
1953
1946
1940
1904
1892
1881
1863
1766
1737
1709
1678
1638
1498
1458
1407
1355
1318
1281
1252
1237
1259
1280
1320
1346
1486
1506
1544
1580
1596
1642
1670
1686
1693
1720
1757
1797
1839
2058
2117
2176
2253
2578
2675
2772
2878
2974
3224
3302
3392
3495
3593
3680
3758
3841
4086
4088
4088
4088
4088
4087
4089
4090
4089
4091
4087
4090
4090
4092
4089
4088
4085
3755
3634
3499
3366
3234
2833
2715
2602
2477
2341
2205
2085
1969
1508
1379
1286
1169
436
288
146
124
124
118
127
130
127
128
138
135
126
134
125
120
124
128
126
130
131
127
132
141
154
161
225
266
297
345
573
636
702
765
835
1048
1112
1180
1251
1316
1378
1440
1507
1810
1906
2001
2096
2472
2533
2586
2635
2688
2803
2840
2864
2886
2915
2943
2945
2921
2703
2673
2660
2657
2716
2718
2712
2696
2683
2594
2562
2528
2502
2475
2452
2441
2442
2439
2457
2474
2498
2522
2570
2578
2583
2589
2587
2580
2576
2566
2466
2437
2419
2407
2343
2326
2324
2323
2322
2295
2283
2266
2257
2240
2212
2186
2153
2028
1992
1967
1946
1896
1885
1870
1852
1833
1821
1818
1821
1835
1848
1866
1890
1917
1970
1981
2004
2024
2103
2128
2154
2183
2213
2300
2337
2368
2405
2448
2486
2514
2548
2647
2656
2671
2684
2733
2729
2725
2725
2714
2652
2629
2611
2579
2545
2509
2474
2439
2305
2269
2227
2186
2146
1988
1935
1878
1822
1774
1735
1700
1654
1502
1471
1435
1405
1254
1219
1195
1170
1157
1135
1129
1120
1128
1130
1133
1131
1138
1209
1232
1264
1308
1446
1480
1515
1556
1596
1741
1781
1828
1884
1940
1994
2048
2112
2340
2392
2431
2456
2482
2537
2550
2565
2580
2591
2593
2600
2620
2599
2574
2550
2530
2407
2374
2346
2309
2269
2166
2127
2082
2038
2006
1974
1950
1930
1844
1828
1806
1779
1690
1672
1654
1636
1616
1545
1538
1527
1507
1490
1488
1487
1472
1491
1506
1535
1555
1570
1626
1641
1650
1665
1689
1714
1738
1753
1839
1865
1895
1921
2027
2053
2080
2117
2156
2243
2281
2316
2346
2365
2378
2395
2421
2479
2488
2491
2490
2489
2478
2468
2456
2439
2422
2402
2381
2355
2267
2246
2230
2218
2179
2170
2158
2161
2157
2131
2136
2140
2140
2137
2134
2143
2147
2142
2146
2148
2165
2211
2221
2223
2220
2227
2214
2206
2211
2224
2228
2220
2210
2195
2147
2127
2105
2087
2020
1996
1970
1952
1937
1906
1891
1862
1841
1829
1824
1815
1803
1719
1708
1697
1692
1683
1648
1647
1644
1653
1658
1659
1657
1663
1654
1666
1675
1682
1736
1749
1768
1790
1806
1870
1895
1916
1945
1983
2007
2030
2059
2166
2189
2210
2233
2286
2303
2319
2327
2332
2341
2344
2352
2355
2353
2355
2364
2373
2380
2380
2372
2374
2382
2351
2346
2331
2315
2297
2284
2274
2248
2150
2133
2119
2103
2029
2005
1979
1960
1943
1870
1863
1849
1833
1819
1808
1792
1771
1750
1740
1743
1741
1730
1729
1727
1735
1748
1793
1804
1817
1831
1850
1872
1892
1912
1976
1993
2009
2025
2033
2080
2089
2090
2097
2109
2112
2115
2125
2128
2125
2126
2129
2090
2093
2088
2082
2080
2013
2001
2008
2010
2006
1999
1994
1985
1960
1951
1938
1931
1946
1947
1940
1934
1944
1984
1982
1973
1964
1964
1972
1982
1994
2005
2010
2021
2024
2026
2038
2048
2058
2063
2067
2073
2072
2074
2074
2087
2096
2092
2094
2098
2106
2107
2105
2135
2134
2123
2119
2126
2134
2135
2136
2097
2095
2091
2082
2055
2046
2034
2007
1986
1977
1965
1947
1933
1924
1924
1929
1930
1890
1888
1887
1885
1880
1884
1890
1900
1907
1913
1921
1936
1959
1976
1991
2002
2016
2066
2072
2085
2103
2122
2152
2164
2176
2183
2192
2195
2190
2198
2229
2223
2213
2208
2188
2179
2169
2169
2168
2129
2125
2118
2105
2093
2080
2068
2051
1998
1994
1987
1964
1937
1930
1926
1920
1915
1901
1898
1895
1900
1899
1895
1903
1905
1909
1914
1928
1938
1949
1956
1958
1969
1980
1988
1994
2001
2010
2012
2018
2020
2022
2080
2080
2088
2089
2094
2098
2100
2104
2105
2116
2125
2137
2137
2139
2144
2152
2156
2114
2118
2115
2110
2106
2075
2062
2059
2054
2039
2017
2009
2012
1977
1956
1944
1934
1902
1887
1884
1878
1873
1851
1854
1851
1852
1853
1854
1849
1854
1878
1881
1879
1890
1925
1941
1946
1962
1983
2021
2040
2048
2049
2057
2066
2067
2077
2101
2111
2115
2109
2114
2110
2108
2121
2120
2113
2113
2109
2103
2082
2076
2064
2055
2019
2012
2009
2007
2009
2003
1998
1993
1986
1972
1977
1986
1980
1986
1990
1999
2001
2012
2022
2034
2044
2047
2067
2072
2084
2095
2103
2104
2107
2113
2126
2133
2138
2135
2143
2155
2146
2144
2146
2149
2151
2156
2166
2151
2148
2145
2144
2133
2132
2133
2128
2125
2113
2108
2104
2095
2086
2073
2060
2053
2007
1991
1976
1960
1902
1893
1889
1879
1875
1849
1852
1851
1857
1856
1861
1863
1866
1875
1879
1886
1890
1899
1906
1908
1910
1920
1929
1937
1955
1958
1962
1968
1984
1996
2043
2052
2065
2082
2091
2103
2106
2106
2111
2123
2136
2140
2143
2141
2148
2148
2139
2110
2104
2093
2081
2074
2057
2044
2037
2030
2015
2004
2000
1995
1990
1992
1986
1986
1991
1994
1997
1998
1992
1969
1961
1957
1961
1960
1967
1966
1965
1951
1952
1962
1976
1998
1996
1995
1997
2004
2028
2029
2032
2038
2048
2059
2083
2093
1942
1893
1866
1873
1901
2006
2043
2078
2102
2111
2119
2121
2125
2147
2158
2166
2180
2131
2114
2088
2063
2056
2070
2078
2083
2094
2095
2093
2084
2075
2031
2023
2007
1998
2002
2008
2005
1992
1986
1962
1973
1989
2001
2023
2052
2069
2072
2098
2100
2104
2105
2099
2088
2102
2106
2109
2118
2109
2089
2062
1967
1952
1958
1979
2017
2014
2003
1988
1969
1909
1903
1902
1909
1910
1913
1917
1919
1901
1903
1904
1900
1925
1932
1947
1955
1965
1959
1945
1933
1937
1945
1957
1974
1991
2031
2038
2045
2053
2071
2074
2079
2093
2097
2087
2079
2087
2101
2103
2105
2102
2093
2099
2098
2097
2086
2077
2080
2080
2079
2084
2086
2096
2110
2113
2083
2075
2078
2080
2048
2046
2044
2039
2039
2028
2020
2018
2014
2001
1987
1974
1969
1946
1941
1944
1947
1892
1860
1818
1785
1749
1661
1645
1629
1619
1616
1612
1612
1611
1695
1714
1728
1748
1782
1779
1766
1752
1755
1766
1792
1815
1842
1872
1905
1933
1969
2138
2181
2220
2246
2281
2382
2426
2465
2499
2530
2564
2592
2626
2777
2819
2853
2883
2966
2981
2990
2999
3004
3006
2998
2986
2975
2956
2933
2901
2867
2711
2670
2631
2582
2412
2371
2339
2315
2288
2171
2125
2085
2046
2001
1952
1913
1871
1686
1648
1617
1580
1466
1480
1533
1542
1440
1179
1073
996
999
1055
1090
1105
1143
1167
1187
1189
1161
1138
1216
1237
1244
1265
1270
1267
1263
1265
1234
1258
1301
1349
1483
1495
1489
1489
1511
1560
1578
1598
1630
1684
1744
1797
1842
1941
1944
1953
1976
2213
2260
2282
2307
2338
2413
2418
2405
2378
2362
2365
2380
2405
2477
2451
2413
2368
2331
2244
2256
2282
2321
2341
2340
2318
2282
2124
2098
2083
2076
2103
2128
2153
2170
2170
2179
2181
2191
2205
2211
2219
2234
2253
2247
2228
2207
2187
2151
2162
2186
2203
2203
2201
2182
2167
2164
2145
2130
2124
2126
2114
2099
2100
2105
2098
2095
2100
2102
2105
2140
2144
2150
2151
2139
2128
2120
2131
2252
2285
2307
2317
2294
2292
2297
2309
2314
2335
2345
2345
2342
2346
2354
2361
2360
2320
2312
2294
2286
2281
2246
2234
2220
2199
2173
2153
2134
2124
2079
2071
2059
2046
1995
1974
1963
1954
1946
1903
1895
1883
1869
1854
1834
1808
1785
1715
1718
1726
1737
1762
1753
1737
1721
1717
1726
1737
1748
1768
1783
1791
1792
1792
1794
1808
1830
1843
1889
1909
1926
1924
1923
1940
1952
1972
1986
2003
2019
2037
2061
2098
2108
2113
2124
2130
2149
2146
2137
2139
2134
2129
2126
2118
2098
2085
2074
2067
2041
2035
2024
2008
1992
1938
1923
1908
1907
1899
1886
1886
1876
1794
1792
1793
1798
1804
1801
1795
1791
1790
1780
1780
1782
1777
1767
1760
1771
1786
1808
1807
1810
1818
1840
1853
1869
1879
1885
1916
1917
1919
1929
1937
1944
1958
1972
2012
2025
2034
2049
2066
2093
2100
2100
2104
2116
2129
2138
2149
2183
2194
2187
2187
2209
2219
2233
2239
2245
2226
2226
2221
2218
2217
2221
2212
2194
2180
2178
2183
2187
2135
2142
2142
2135
2131
2133
2136
2143
2138
2136
2132
2130
2138
2152
2150
2146
2145
2138
2132
2130
2130
2128
2114
2104
2095
2092
2087
2079
2071
2064
2005
1995
1984
1980
1977
1962
1956
1947
1939
1924
1923
1920
1916
1917
1921
1929
1934
1954
1950
1947
1949
1957
1991
2006
2018
2026
2022
2019
2020
2027
2032
2037
2048
2055
2037
2042
2041
2033
2024
2032
2027
2029
2025
2020
2022
2015
2005
2004
2014
2025
2022
2017
2020
2026
2028
2033
2051
2049
2052
2053
2060
2064
2071
2076
2112
2115
2113
2110
2110
2108
2104
2106
2109
2111
2109
2115
2112
2095
2094
2090
2088
2063
2055
2039
2029
2020
1998
2005
1998
1990
1991
1988
1980
1975
1984
1987
1985
1980
1970
1958
1956
1955
1962
1975
1980
1977
1970
1961
1971
1977
1980
1973
1973
1979
1983
1985
1995
1993
1993
1985
1978
1978
1977
1986
1997
1999
1988
1969
1970
1981
1992
1990
1973
1967
1970
1988
2001
2006
2003
2008
2006
2015
2024
2025
2031
2057
2061
2066
2064
2063
2075
2076
2076
2070
2063
2065
2066
2069
2061
2056
2048
2044
2020
2022
2025
2027
2018
2000
1992
1983
1977
1976
1976
1972
1970
1959
1956
1959
1957
1962
1967
1967
1967
1974
1975
1983
1982
1987
1994
2000
2011
2013
2011
2015
2020
2025
2048
2041
2036
2035
2042
2062
2067
2073
2079
2078
2069
2067
2077
2100
2113
2118
2123
2129
2135
2143
2151
2141
2127
2113
2112
2105
2108
2107
2100
2101
2079
2070
2061
2055
2063
2053
2052
2048
2043
2035
2026
2019
2015
2002
1998
1989
1974
1965
1962
1961
1964
1977
1976
1974
1965
1965
1986
1997
1992
1991
1993
2007
2024
2033
2036
2036
2037
2036
2042
2041
2045
2048
2045
2039
2047
2046
2041
2053
2054
2052
2058
2073
2081
2084
2087
2086
2082
2090
2092
2094
2092
2091
2101
2112
2085
2084
2075
2076
2041
2039
2033
2027
2015
1998
1993
1988
1992
1988
1984
1968
1966
1953
1954
1956
1951
1949
1950
1939
1939
1948
1957
1955
1949
1956
1971
1978
1982
1986
1998
2003
2010
2013
2012
2018
2022
2021
2025
2029
2034
2033
2039
2018
2019
2017
2012
2005
2007
2005
1999
2002
1983
1984
1987
1983
1971
1969
1980
1987
1973
1974
1974
1978
1972
1984
1988
1986
1982
1997
2004
2012
2015
2010
2014
2017
2026
2039
2040
2045
2045
2048
2072
2081
2076
2083
2084
2081
2084
2091
2086
2092
2096
2099
2103
2100
2097
2093
2091
2082
2083
2073
2076
2086
2085
2076
2073
2054
2056
2052
2051
2035
2029
2022
2023
2023
2008
2007
2011
2012
2012
2008
2008
2013
2028
2027
2019
2014
2009
2004
1995
1999
2002
2005
1999
1995
1987
1985
1987
1987
1988
1992
1989
1990
1997
2000
2003
2006
2010
2017
2029
2043
2045
2055
2050
2060
2070
2068
2075
2081
2087
2095
2094
2092
2080
2058
2044
2046
2048
2045
2039
2025
2028
2027
2023
2023
2013
2017
2016
2021
2001
2000
1994
1995
1992
1988
1987
1984
1980
1984
1983
1977
1968
1960
1962
1963
1964
1962
1963
1966
1975
1971
1967
1973
1981
1983
1981
1984
1993
2006
2027
2031
2042
2048
2056
2059
2067
2075
2098
2104
2106
2106
2094
2090
2086
2088
2086
2069
2064
2061
2058
2054
2046
2038
2030
2025
2020
2016
2009
1994
1988
1986
1998
2000
2010
2007
2006
2005
2016
2018
2019
2018
2039
2044
2046
2045
2043
2052
2053
2060
2066
2076
2082
2086
2076
2066
2066
2063
2060
2044
2038
2035
2034
2037
2023
2010
2009
2004
2002
2001
2001
1993
1997
1993
1992
2001
1993
2001
2001
1997
1991
2000
2006
2011
2008
2008
2012
2012
2011
2008
2002
2007
2011
2007
2009
2011
2016
2017
2016
2015
2021
2024
2022
2026
2041
2040
2037
2048
2048
2035
2031
2032
2032
2033
2035
2034
2023
2016
2022
2027
2035
2035
2042
2039
2041
2047
2051
2054
2059
2057
2057
2059
2059
2054
2056
2065
2045
2051
2042
2031
2017
2018
2015
2012
2012
2001
1990
1975
1972
1975
1979
1976
1959
1944
1948
1950
1947
1949
1970
1984
1987
1978
1970
1979
2002
2011
2014
2019
2040
2061
2069
2077
2089
2102
2113
2102
2099
2097
2105
2108
2106
2097
2085
2083
2080
2072
2064
2052
2043
2042
2039
2038
2030
2030
2041
2038
2032
2033
2033
2027
2011
2011
2012
2016
2023
2004