2105
2124
2145
2163
2172
2185
2197
2239
2242
2247
2251
2246
2245
2248
2248
2238
2243
2250
2259
2271
2290
2293
2296
2306
2309
2304
2314
2321
2336
2336
2329
2324
2291
2280
2271
2265
2260
2230
2225
2216
2208
2205
2201
2200
2204
2173
2166
2159
2153
2110
2097
2085
2071
2005
1989
1971
1958
1946
1906
1895
1887
1879
1872
1862
1852
1842
1818
1811
1808
1809
1777
1773
1766
1765
1765
1759
1763
1772
1781
1787
1786
1782
1783
1809
1809
1815
1827
1866
1872
1882
1895
1903
1928
1943
1954
1962
1967
1981
1994
2002
2024
2032
2038
2039
2052
2055
2053
2051
2066
2062
2067
2071
2077
2082
2085
2084
2077
2075
2068
2062
2063
2049
2046
2040
2034
1997
1986
1978
1977
1969
1941
1935
1932
1928
1923
1920
1917
1922
1927
1938
1947
1955
1972
1982
1993
1996
2014
2027
2034
2045
2059
2082
2091
2089
2098
2104
2110
2120
2126
2130
2133
2132
2125
2093
2091
2083
2075
2072
2059
2058
2048
2042
2036
2031
2036
2040
2066
2110
2149
2152
1765
1683
1663
1693
2006
2046
2067
2069
2060
2079
2134
2195
2254
2317
2378
2453
2511
2401
2308
2213
2128
1963
1966
1965
1964
1962
1962
1967
1981
1994
2003
2010
2028
2051
2140
2150
2154
2145
2130
2131
2134
2138
2135
2087
2065
2046
2034
2032
2035
2049
2068
2147
2162
2169
2162
1981
1923
1889
1884
1979
1979
1971
1950
1929
1891
1894
1904
1922
1940
1960
1980
1997
1988
1967
1940
1904
1836
1853
1886
1925
1964
2082
2114
2142
2159
2167
2154
2144
2125
2109
2068
2038
2006
1957
1905
1864
1839
1830
1856
1865
1874
1881
1875
1865
1860
1854
1862
1924
1955
1997
2034
2054
2073
2085
2085
1989
1963
1945
1939
1956
1957
1960
1960
1956
1929
1925
1937
1961
1985
2012
2031
2048
2093
2100
2108
2108
2008
1959
1920
1883
1858
1877
1893
1903
1919
1952
1963
1974
1994
2015
2037
2066
2095
2122
2102
2075
2055
2021
2016
2027
2041
2057
2105
2118
2131
2138
2140
2142
2140
2132
2078
2057
2035
2019
1983
1988
1994
1995
1992
1983
1973
1960
1949
1939
1942
1949
1959
1967
1973
1969
1972
1996
2000
2012
2015
2017
2006
1999
1980
1963
1931
1935
1938
1948
1955
1965
1979
1991
2053
2073
2090
2105
2111
2112
2108
2104
2139
2155
2183
2209
2239
2308
2326
2340
2355
2366
2368
2384
2391
2432
2444
2463
2482
2493
2486
2485
2480
2478
2492
2505
2509
2513
2510
2500
2481
2456
2363
2336
2324
2313
2202
2165
2131
2105
2000
1980
1953
1944
1955
1886
1817
1761
1702
1633
1577
1535
1500
1370
1334
1307
1285
1207
1215
1238
1278
1331
1508
1567
1606
1645
1683
1723
1754
1789
1898
1903
1908
1917
1909
1893
1869
1853
1836
1842
1852
1865
1882
1909
1916
1924
1934
1946
1956
1961
1969
1988
1985
1975
1972
2001
2019
2075
2149
2073
1780
1776
1722
1733
1834
1931
1983
2075
2342
2368
2453
2517
2546
2456
2375
2353
2157
2142
2144
2149
2139
2143
2131
2093
2073
2087
2092
2069
2083
2034
2071
2093
2093
2007
1964
1942
1940
1936
1876
1878
1889
1888
1871
1840
1782
1732
1622
1620
1618
1602
1615
1607
1617
1647
1752
1794
1840
1891
1951
2025
2029
2018
2000
1979
1981
2009
2050
2222
2269
2320
2375
2490
2490
2494
2520
2551
2651
2665
2659
2633
2590
2535
2482
2424
2304
2290
2290
2274
2150
2111
2064
2035
2010
2035
2062
2094
2124
2157
2152
2150
2151
2146
2143
2138
2131
2132
2108
2069
2026
1867
1859
1846
1849
1852
1836
1825
1799
1769
1740
1721
1705
1687
1654
1648
1635
1634
1570
1563
1563
1563
1593
1622
1649
1674
1692
1745
1767
1786
1811
1839
1860
1876
1879
1864
1858
1847
1838
1888
1928
1977
2027
2195
2232
2266
2302
2360
2102
1901
1851
1795
1662
1600
1699
1875
2751
2909
2991
3097
3456
3632
3761
3812
3868
3978
3929
3894
3854
3798
3754
3731
3700
3674
3624
3591
3594
3449
3391
3303
3228
2813
2694
2562
2406
2253
1860
1698
1546
1416
1287
1147
1000
845
243
158
135
132
122
119
116
109
108
106
113
117
127
139
159
211
292
689
780
860
936
1378
1516
1664
1812
2419
2550
2675
2780
2874
3084
3150
3204
3250
3283
3300
3304
3285
3003
2931
2852
2778
2487
2397
2297
2190
1788
1710
1637
1577
1525
1397
1363
1321
1281
1242
1210
1170
1128
1043
1034
1027
1011
845
786
738
717
705
741
772
804
829
848
866
871
869
971
1019
1080
1148
1480
1549
1616
1680
1878
1930
1982
2031
2087
2249
2300
2357
2410
2456
2506
2566
2622
2812
2845
2866
2878
2849
2844
2842
2839
2844
2852
2834
2818
2792
2765
2732
2697
2661
2607
2605
2608
2613
2573
2568
2566
2571
2602
2616
2637
2658
2689
2768
2786
2798
2806
2815
2823
2828
2829
2828
2836
2848
2864
2865
2857
2843
2834
2825
2796
2783
2762
2731
2698
2650
2610
2572
2439
2388
2328
2266
2201
2124
2044
1964
1876
1617
1539
1472
1412
1356
1292
1241
1192
1147
1034
1002
982
968
959
961
975
1003
1180
1247
1313
1382
1644
1718
1783
1847
2149
2233
2314
2392
2470
2675
2738
2800
2868
2917
2970
3031
3086
3221
3234
3238
3231
3087
3039
2985
2921
2855
2642
2574
2509
2453
2390
2329
2265
2201
1952
1889
1826
1756
1505
1436
1373
1319
1116
1071
1022
968
919
816
799
792
792
790
796
796
790
798
809
823
840
945
975
1017
1064
1114
1271
1326
1380
1436
1498
1553
1613
1664
1879
1936
1982
2024
2146
2175
2205
2232
2328
2342
2363
2383
2402
2465
2480
2497
2510
2511
2504
2496
2489
2406
2383
2359
2342
2250
2237
2214
2186
2161
2091
2062
2031
2009
1989
1963
1942
1916
1846
1835
1827
1811
1765
1761
1758
1769
1815
1833
1852
1875
1901
1965
1990
2013
2046
2082
2114
2145
2175
2291
2311
2340
2365
2425
2434
2440
2437
2431
2389
2378
2364
2355
2351
2336
2318
2301
2220
2191
2163
2146
2120
2096
2073
2050
2033
1982
1964
1942
1926
1911
1896
1874
1855
1849
1822
1830
1840
1852
1860
1863
1878
1895
1937
1946
1967
1989
2076
2106
2134
2166
2276
2308
2340
2373
2407
2453
2462
2471
2484
2486
2490
2498
2496
2470
2458
2448
2433
2372
2352
2322
2294
2272
2200
2178
2145
2115
2089
2056
2022
1982
1853
1825
1805
1785
1706
1687
1677
1667
1655
1658
1661
1665
1668
1693
1708
1722
1738
1752
1773
1795
1819
1885
1906
1921
1944
2007
2021
2033
2043
2069
2075
2081
2080
2086
2100
2103
2114
2123
2133
2147
2162
2173
2207
2210
2211
2212
2202
2203
2205
2204
2205
2178
2173
2162
2150
2139
2139
2128
2122
2065
2045
2027
2015
1962
1946
1931
1914
1845
1826
1805
1793
1788
1754
1745
1736
1729
1721
1714
1710
1715
1722
1728
1732
1738
1794
1806
1824
1839
1855
1903
1923
1937
1953
1971
1992
2003
2016
2056
2064
2077
2090
2105
2110
2113
2114
2109
2103
2101
2102
2103
2071
2064
2055
2045
2029
2010
1991
1979
1926
1914
1898
1880
1842
1848
1854
1862
1868
1869
1873
1876
1887
1897
1909
1922
1934
1990
2012
2029
2045
2134
2149
2166
2185
2253
2264
2275
2287
2300
2321
2321
2320
2323
2330
2328
2323
2317
2264
2252
2242
2236
2181
2168
2157
2144
2126
2065
2042
2026
2012
1995
1977
1959
1948
1915
1913
1913
1908
1895
1893
1900
1906
1928
1931
1935
1947
1957
1982
1999
2005
2011
2025
2035
2047
2062
2108
2131
2151
2160
2187
2195
2199
2205
2210
2243
2253
2248
2250
2251
2245
2246
2246
2212
2208
2192
2176
2135
2125
2108
2085
2048
2036
2025
2018
2009
1978
1963
1949
1942
1937
1928
1922
1915
1883
1880
1883
1876
1833
1825
1823
1825
1808
1799
1795
1792
1791
1792
1799
1801
1797
1798
1802
1805
1806
1832
1840
1856
1868
1912
1925
1941
1949
1967
2001
2016
2028
2038
2048
2063
2073
2086
2130
2137
2146
2152
2157
2160
2163
2164
2134
2123
2112
2112
2107
2065
2053
2040
2027
2019
2018
2033
2046
1894
1819
1755
1715
1775
1835
1892
1935
1966
1973
1967
1972
1991
2020
2063
2106
2140
2190
2176
2158
2134
2113
2133
2153
2174
2203
2201
2207
2208
2204
2197
2193
2190
2192
2194
2191
2178
2158
2027
1997
1970
1958
1929
1925
1916
1899
1881
1833
1825
1826
1837
1853
1870
1899
1927
1958
1944
1924
1908
1929
1964
1999
2031
2109
2111
2112
2104
2094
2078
2086
2099
2115
2136
2154
2177
2188
2158
2143
2143
2148
2208
2218
2229
2231
2234
2193
2174
2152
2141
2136
2132
2124
2116
2047
2020
1997
1972
1921
1928
1937
1943
1923
1922
1921
1923
1937
1986
2005
2015
2020
2019
2008
1992
1975
1935
1934
1933
1933
1932
1937
1940
1950
1956
1969
1966
1967
1968
1976
1983
1991
1994
1993
1984
1975
1962
1931
1927
1936
1949
1999
2006
2013
2022
2035
2071
2076
2083
2086
2089
2091
2091
2080
2051
2044
2045
2043
2036
2035
2034
2037
2044
2042
2039
2031
2019
2004
1992
1984
1974
1933
1931
1926
1930
1945
1950
1953
1957
1958
1956
1952
1947
1943
1932
1936
1933
1928
1926
1928
1927
1931
1951
1948
1943
1939
1919
1918
1921
1924
1924
1753
1528
1492
1526
1556
1627
1690
1751
2042
2101
2089
2073
2029
2064
2135
2168
2177
2156
2149
2159
2166
2166
2205
2227
2233
2254
2298
2340
2375
2401
2401
2423
2448
2519
2540
2565
2597
2635
2762
2795
2792
2780
2779
2794
2809
2805
2723
2714
2721
2753
2658
2581
2486
2393
2094
2059
2064
2101
2123
2101
2050
1984
1914
1842
1784
1749
1724
1636
1612
1582
1558
1532
1548
1574
1587
1593
1593
1578
1564
1541
1503
1464
1440
1425
1456
1479
1495
1509
1490
1473
1451
1434
1557
1597
1635
1658
1672
1677
1686
1701
1736
1779
1824
1872
1915
2023
2031
2035
2019
1995
1994
2011
2030
2049
2090
2095
2095
2096
2092
2076
2054
2032
1935
1918
1896
1865
1678
1619
1564
1511
1341
1312
1302
1301
1303
1347
1376
1403
1426
1462
1509
1553
1590
1730
1749
1777
1799
1942
1976
2022
2073
2128
2312
2374
2434
2503
2577
2653
2739
2826
3170
3248
3324
3397
3636
3681
3726
3759
3785
3807
3812
3806
3794
3773
3744
3696
3635
3157
2679
2089
1677
458
291
187
241
826
1012
1185
1294
1336
1553
1541
1573
1596
1584
1579
1617
1632
1291
1259
1225
1207
1355
1455
1551
1635
1762
1751
1701
1635
1579
1505
1528
1570
1633
1719
1773
1794
1815
1924
1917
1899
1895
2087
2160
2222
2271
2307
2409
2452
2511
2566
2610
2687
2821
2998
3894
4065
4089
4091
4091
4088
4089
4089
4086
4090
4088
4088
4089
4088
4090
4087
4090
4090
4090
4089
4086
3463
3214
2972
2723
1777
1552
1329
1110
901
310
177
132
128
123
119
116
112
96
95
93
94
102
105
106
106
108
110
111
110
113
113
112
112
110
107
108
108
110
110
113
115
119
124
146
152
165
173
188
216
255
308
381
622
710
797
880
961
1024
1092
1170
1531
1644
1780
1928
2584
2738
2887
3023
3567
3702
3822
3941
4050
4090
4088
4088
4088
4087
4087
4088
4089
4089
4091
4090
4056
3625
3480
3334
3185
3033
2591
2446
2304
2168
2037
1911
1780
1657
1338
1311
1286
1271
1208
1183
1155
1129
1118
1174
1225
1278
1343
1413
1465
1518
1566
1705
1766
1835
1911
1984
2068
2148
2227
2293
2427
2447
2462
2469
2474
2474
2476
2486
2498
2545
2570
2590
2616
2639
2668
2695
2716
2769
2766
2755
2737
2632
2623
2620
2633
2799
2851
2905
2958
2998
3133
3178
3221
3261
3290
3311
3326
3335
3303
3285
3270
3251
3190
3169
3145
3114
3073
2889
2804
2705
2587
2460
2322
2187
2052
1518
1390
1269
1148
738
664
599
547
386
371
361
349
333
296
283
276
285
290
315
351
391
652
732
812
895
1210
1285
1359
1428
1485
1673
1726
1776
1832
1884
1929
1967
1999
2142
2178
2212
2245
2328
2333
2338
2340
2314
2297
2275
2254
2225
2154
2124
2095
2076
2065
2061
2057
2056
2098
2116
2133
2154
2255
2273
2297
2317
2329
2327
2322
2313
2310
2302
2295
2287
2279
2229
2208
2181
2147
1968
1915
1859
1802
1744
1621
1588
1546
1502
1471
1447
1427
1404
1355
1352
1352
1355
1368
1381
1385
1398
1423
1505
1547
1597
1651
1710
1768
1828
1895
2094
2168
2238
2300
2364
2416
2466
2514
2548
2643
2665
2685
2697
2711
2729
2744
2763
2774
2801
2803
2801
2798
2787
2778
2766
2746
2660
2624
2590
2559
2412
2378
2348
2321
2240
2228
2217
2201
2196
2166
2150
2136
2132
2126
2122
2117
2118
2136
2146
2157
2167
2211
2219
2217
2202
2193
2134
2105
2068
2029
1990
1949
1907
1871
1710
1670
1632
1598
1458
1430
1411
1392
1323
1306
1297
1293
1292
1305
1316
1331
1361
1385
1416
1453
1487
1644
1685
1734
1787
1990
2044
2099
2149
2193
2317
2355
2387
2421
2450
2472
2496
2512
2565
2581
2585
2585
2559
2539
2526
2505
2392
2367
2339
2313
2289
2232
2216
2202
2191
2186
2186
2180
2169
2132
2117
2106
2107
2074
2067
2065
2062
2063
2071
2080
2090
2093
2099
2115
2129
2135
2149
2151
2157
2157
2104
2087
2066
2045
1954
1931
1901
1870
1847
1750
1727
1704
1680
1649
1625
1607
1593
1528
1515
1513
1511
1544
1560
1585
1612
1635
1711
1746
1774
1797
1833
1860
1885
1909
1989
2007
2029
2050
2130
2149
2166
2183
2229
2237
2238
2235
2235
2214
2203
2187
2180
2166
2150
2126
2103
2008
1993
1988
1975
1920
1909
1901
1897
1897
1883
1883
1891
1898
1905
1912
1922
1933
1999
2014
2033
2049
2112
2131
2144
2153
2164
2166
2165
2161
2163
2154
2139
2128
2125
2113
2102
2090
2081
2026
2011
1993
1986
1916
1906
1890
1875
1865
1841
1839
1835
1835
1840
1837
1840
1849
1899
1916
1941
1964
2037
2062
2086
2110
2194
2210
2230
2252
2268
2315
2326
2331
2335
2349
2353
2356
2356
2329
2318
2311
2302
2244
2231
2210
2194
2172
2109
2085
2063
2046
2027
2012
1995
1976
1940
1933
1932
1933
1945
1947
1958
1965
1986
1988
1998
2008
2018
2031
2039
2052
2055
2052
2049
2048
2048
2040
2033
2022
2013
1983
1970
1968
1960
1949
1913
1909
1899
1890
1877
1865
1851
1850
1838
1839
1844
1852
1869
1880
1892
1905
1962
1980
1996
2014
2031
2074
2085
2103
2117
2126
2139
2149
2159
2199
2200
2198
2202
2199
2189
2186
2187
2185
2156
2146
2126
2105
2092
2079
2066
2049
1990
1966
1946
1934
1917
1899
1886
1868
1853
1820
1816
1808
1803
1797
1794
1790
1792
1798
1808
1815
1829
1844
1852
1864
1876
1892
1966
1980
1995
2013
2044
2054
2058
2064
2075
2083
2076
2082
2084
2078
2083
2092
2092
2091
2090
2086
2073
2040
2035
2031
2024
1990
1985
1986
1986
1989
1990
1996
1995
2002
2011
2018
2022
2037
2095
2102
2116
2132
2183
2199
2204
2213
2247
2245
2249
2252
2258
2245
2241
2232
2228
2225
2212
2200
2184
2230
2210
2146
2060
1826
1810
1814
1829
1867
1965
1942
1925
1945
1972
1987
1987
1964
1879
1869
1863
1851
1829
1836
1871
1910
1949
2059
2096
2120
2131
2136
2127
2113
2104
2105
2103
2100
2090
2072
2053
2027
1994
1960
1884
1865
1858
1868
1898
1935
1981
2008
2006
1880
1832
1796
1780
1792
1816
1862
1907
2030
2029
2011
1975
1878
1919
1980
2053
2127
2195
2168
2138
2109
2086
2076
2070
2076
2114
2139
2171
2202
2221
2218
2191
2172
2158
2132
2148
2172
2184
2197
2206
2206
2188
2121
1743
1631
1568
1562
1619
1715
1832
1945
2165
2152
2120
2068
1904
1922
1969
2047
2179
2130
2070
2016
1988
2086
2155
2216
2263
2290
2297
2283
2245
2016
1980
1964
1971
2090
2107
2108
2092
2064
1960
1935
1923
1923
1930
1949
1973
2001
1915
1861
1823
1810
1911
1944
1964
1971
1978
1988
1996
2004
2008
2013
2024
2037
2049
2026
2004
1995
1995
2003
2017
2028
2046
2070
2126
2146
2160
2170
2172
2161
2136
2114
2035
2003
1979
1964
1943
1924
1903
1888
1870
1827
1806
1806
1816
1831
1848
1864
1887
1913
1941
1946
1948
1950
1945
1938
1930
1925
1818
1801
1796
1813
1857
1859
1858
1855
1860
1858
1853
1850
1862
1916
1938
1942
1957
1974
1980
1980
1988
2081
2107
2133
2159
2281
2329
2383
2428
2460
2530
2557
2603
2655
2682
2691
2693
2682
2531
2486
2446
2426
2311
2296
2286
2259
2095
2066
2020
1962
1909
1799
1786
1777
1767
1767
1765
1774
1788
1903
1921
1939
1955
2055
2098
2149
2206
2268
2454
2527
2595
2664
2739
2809
2862
2900
3012
3044
3071
3093
3081
3061
3034
2994
2781
2725
2669
2611
2541
2291
2187
2086
1998
1917
1835
1751
1673
1392
1333
1286
1243
1043
993
944
905
865
730
678
633
602
587
600
617
578
92
87
82
78
110
128
176
280
554
530
505
480
454
813
1052
1247
1390
1524
1651
1758
1839
2008
2105
2240
2378
2725
2729
2703
2678
2686
2882
3000
3149
3335
3529
3688
3793
3867
3909
3843
3812
3835
4061
4066
4026
3930
3223
3075
2981
2953
2986
3188
3235
3241
3201
3113
2994
2864
2744
2469
2447
2434
2425
2268
2217
2157
2112
2099
2122
2125
2132
2138
2129
2098
2047
1960
1465
1352
1242
1150
938
908
864
817
754
809
889
989
1094
1338
1375
1388
1390
1393
1407
1425
1453
1581
1614
1630
1638
1647
1673
1711
1761
1825
2024
2071
2099
2102
2086
2057
2022
1982
1946
1960
1991
2025
2061
2033
1989
1936
1880
1740
1713
1696
1698
1704
1717
1741
1761
1865
1906
1949
1989
2031
2069
2095
2106
2110
2082
2082
2088
2112
2149
2189
2240
2284
2318
2351
2339
2313
2284
2241
2201
2161
2114
1909
1851
1799
1763
1617
1574
1538
1505
1353
1315
1284
1262
1243
1181
1158
1146
1139
1138
1146
1172
1209
1451
1523
1604
1668
1946
2036
2134
2241
2357
2660
2743
2816
2875
2926
2970
3009
3046
3172
3186
3195
3195
3142
3120
3113
3102
3121
3133
3135
3140
3145
3106
3080
3037
2991
2952
2909
2867
2825
2618
2561
2508
2457
2353
2350
2363
2380
2407
2486
2500
2511
2512
2507
2498
2483
2469
2416
2392
2369
2343
2205
2175
2144
2118
1992
1946
1894
1839
1779
1582
1529
1477
1441
1411
1394
1379
1367
1317
1301
1284
1261
1299
1335
1376
1417
1457
1525
1526
1520
1513
1505
1501
1505
1522
1613
1635
1656
1668
1667
1666
1670
1672
1696
1704
1705
1703
1697
1684
1682
1669
1655
1638
1622
1605
1583
1484
1476
1482
1492
1578
1596
1620
1638
1648
1652
1658
1658
1663
1676
1689
1710
1741
1818
1822
1826
1829
1858
1877
1900
1928
2007
2018
2025
2037
2048
2046
2047
2038
2033
2022
2011
1995
1977
1908
1889
1876
1867
1857
1867
1874
1882
1899
1935
1956
1983
2010
2032
2051
2071
2091
2150
2162
2184
2203
2318
2350
2381
2413
2595
2633
2668
2699
2736
2825
2838
2847
2849
2843
2841
2834
2823
2798
2790
2776
2766
2723
2711
2703
2686
2579
2541
2501
2449
2401
2258
2214
2170
2134
2103
2081
2052
2021
1928
1911
1893
1875
1798
1776
1764
1748
1732
1685
1675
1671
1660
1655
1649
1644
1640
1637
1638
1646
1652
1689
1695
1702
1710
1736
1743
1754
1761
1766
1777
1783
1790
1797
1800
1809
1812
1821
1861
1879
1900
1917
1994
2025
2055
2076
2091
2135
2152
2168
2181
2198
2213
2228
2241
2278
2284
2294
2305
2306
2297
2287
2285
2284
2237
2222
2205
2189
2166
2147
2127
2102
2034
2017
1995
1986
1971
1963
1948
1938
1937
1911
1904
1901
1901
1894
1897
1899
1900
1904
1911
1911
1917
1929
1941
1950
1960
1971
2012
2025
2039
2052
2110
2127
2146
2163
2196
2202
2203
2200
2198
2176
2167
2154
2144
2130
2117
2108
2096
2046
2027
2015
2004
1964
1953
1945
1929
1923
1884
1873
1855
1851
1840
1836
1833
1834
1842
1858
1866
1880
1909
1923
1935
1943
1968
1975
1977
1982
1987
1993
1998
2008
2016
2023
2035
2034
2041
2047
2046
2051
2057
2025
2021
2010
2002
1991
1952
1942
1938
1938
1934
1934
1934
1928
1917
1923
1929
1927
1948
1951
1955
1966
2005
2011
2010
2011
2013
2039
2049
2053
2058
2066
2063
2071
2082
2090
2084
2073
2070
2052
2066
2051
2022
2001
2007
2000
1985
1978
1983
1975
1977
2007
2009
2027
2024
2015
2021
2046
2088
2111
2137
2138
2119
2110
2107
2115
2141
2132
2121
2123
2125
2111
2090
2077
2075
2074
2057
2109
2082
2082
2070
2046
2098
2108
2091
2076
2071
2053
2041
2034
2029
2026
2016
1997
1981
1953
1944
1958
2037
2035
2016
1997
1979
2010
2029
2034
2035
2039
2056
2071
2066
2119
2115
2121
2138
2110
2098
2103
2118
2141
2145
2146
2137
2121
2096
2074
2065
2062
2104
2105
2097
2063
1982
1996
2015
2027
2024
1988
1969
1942
1922
1908
1897
1878
1873
1897
1892
1889
1880
1890
1895
1895
1894
1911
1928
1943
1950
1959
1949
1949
1954
1980
2002
2019
2031
2045
2044
2037
2040
2049
2081
2065
2047
2033
2026
2010
1997
1995
1986
1981
1981
1988
1991
2026
2034
2034
2035
2027
2030
2030
2033
2045
2034
2028
2014
2001
1975
1975
1980
1993
2005
2019
2034
2044
2051
2061
2082
2107
2136
2131
2116
2106
2092
2084
2081
2076
2065
2050
2029
2014
1998
1959
1948
1941
1940
1962
1969
1980
1986
1988
2018
2026
2029
2028
2027
2029
2033
2037
2072
2080
2086
2099
2078
2074
2072
2069
2079
2077
2073
2068
2061
2041
2036
2038
2039
2036
2036
2043
2046
2035
2027
2022
2019
1989
1986
1987
1980
1974
1950
1943
1951
1963
1977
1984
1993
2008
2042
2054
2065
2082
2129
2132
2138
2135
2124
2118
2116
2109
2105
2088
2078
2073
2067
2056
2054
2056
2059
2071
2070
2066
2067
2060
2055
2056
2045
2004
1894
1841
1820
1773
1767
1792
1783
1780
1807
1806
1839
1870
1948
1959
1983
2006
2102
2142
2166
2164
2178
2136
2114
2099
2071
2032
2015
2003
1973
1954
1971
1991
1996
2025
2049
2067
2105
2142
2177
2190
2220
2243
2257
2267
2262
2229
2130
2133
2138
2152
2141
2116
2087
2065
1947
1931
1918
1901
1876
1818
1805
1812
1830
1850
1862
1873
1874
1809
1794
1792
1799
1833
1849
1854
1860
1864
1858
1848
1850
1851
1843
1840
1850
1867
1954
1998
2044
2074
2172
2180
2188
2207
2248
2243
2234
2220
2207
2203
2226
2229
2239
2246
2258
2264
2263
2262
2261
2258
2245
2193
2175
2158
2142
2131
2092
2079
2069
2068
2071
2075
2070
2059
1951
1930
1925
1923
1935
1939
1934
1917
1855
1843
1833
1826
1828
1796
1783
1777
1772
1766
1762
1762
1765
1772
1771
1771
1772
1703
1680
1661
1639
1620
1533
1514
1497
1480
1472
1466
1472
1474
1530
1551
1587
1624
1753
1789
1827
1870
1916
2072
2120
2171
2216
2258
2299
2351
2402
2561
2603
2653
2704
2919
2972
3030
3088
3140
3290
3321
3347
3370
3391
3401
3407
3413
3394
3380
3359
3342
3321
3294
3264
3228
3191
2969
2849
2720
2586
2454
2330
2212
2104
2022
1838
1804
1770
1731
1693
1650
1610
1572
1486
1487
1506
1538
1587
1557
1510
1440
1076
981
892
820
765
699
705
718
738
764
789
813
848
1029
1079
1134
1182
1320
1337
1357
1366
1365
1547
1628
1721
1818
1930
2029
2118
2208
2476
2556
2612
2650
2778
2804
2830
2869
2915
3074
3142
3209
3274
3341
3387
3403
3400
3285
3214
3127
3044
2955
2873
2792
2725
2668
2494
2432
2356
2268
2171
2061
1938
1822
1706
1407
1335
1260
1181
1099
1020
942
871
571
511
456
405
249
227
209
192
183
209
247
307
395
491
591
696
811
1249
1350
1456
1553
1920
1997
2070
2136
2313
2341
2371
2403
2432
2487
2489
2490
2490
2485
2487
2504
2529
2697
2759
2830
2898
3135
3180
3216
3246
3280
3364
3391
3415
3440
3462
3478
3488
3489
3427
3393
3358
3308
3256
3208
3160
3104
3050
2877
2815
2753
2693
2635
2579
2524
2469
2415
2253
2199
2134
2071
2002
1931
1859
1786
1499
1436
1374
1313
1087
1037
990
952
930
934
952
977
1007
1042
1079
1116
1162
1368
1431
1498
1575
1797
1824
1848
1870
1928
1953
1992
2028
2069
2173
2206
2233
2254
2279
2303
2322
2331
2402
2423
2436
2454
2524
2532
2532
2538
2542
2541
2537
2533
2539
2535
2533
2533
2534
2532
2534
2538
2540
2472
2450
2424
2404
2283
2245
2209
2166
2128
1998
1957
1911
1873
1835
1799
1766
1737
1629
1613
1600
1592
1562
1559
1557
1555
1556
1588
1603
1619
1634
1654
1679
1706
1725
1795
1819
1837
1854
1917
1932
1953
1968
2020
2029
2038
2053
2070
2121
2130
2136
2142
2147
2147
2154
2168
2201
2204
2201
2200
2189
2187
2193
2198
2207
2213
2218
2224
2236
2248
2254
2254
2248
2188
2160
2131
2102
1966
1923
1884
1844
1805
1695
1665
1648
1632
1622
1610
1609
1609
1652
1673
1693
1713
1755
1759
1753
1751
1732
1731
1729
1730
1724
1710
1705
1692
1690
1686
1685
1683
1688
1703
1712
1715
1719
1719
1723
1729
1742
1755
1793
1799
1810
1828
1829
1837
1847
1864
1891
1909
1928
1945
2003
2014
2033
2048
2063
2114
2134
2149
2172
2197
2223
2250
2276
2339
2356
2376
2392
2406
2421
2436
2447
2450
2446
2443
2446
2447
2446
2438
2437
2431
2422
2405
2395
2383
2372
2358
2344
2330
2317
2252
2237
2220
2211
2164
2158
2151
2142
2128
2108
2101
2095
2100
2102
2104
2097
2100
2150
2164
2174
2179
2201
2201
2194
2183
2133
2114
2097
2089
2081
2038
2017
2004
1994
1989
1981
1972
1959
1940
1934
1931
1929
1923
1914
1910
1909
1917
1930
1935
1946
1956
1964
1973
1980
2001
2080
2099
2119
2132
2184
2189
2195
2199
2180
2173
2161
2151
2144
2105
2095
2087
2068
2051
2035
2020
2006
1945
1927
1910
1900
1852
1847
1848
1850
1847
1859
1864
1877
1888
1891
1897
1899
1903
1926
1929
1927
1924
1908
1903
1892
1881
1874
1870
1867
1866
1868
1866
1863
1858
1858
1841
1842
1848
1859
1867
1869
1870
1872
1884
1888
1894
1898
1910
1947
1952
1964
1974
1988
2006
2012
2027
2079
2095
2115
2125
2178
2190
2205
2217
2222
2248
2255
2262
2268
2267
2264
2257
2258
2236
2228
2217
2206
2176
2170
2161
2150
2096
2075
2056
2044
2033
2005
1995
1986
1971
1962
1958
1954
1947
1920
1911
1906
1900
1886
1882
1873
1863
1860
1845
1848
1850
1850
1856
1863
1871
1879
1895
1903
1916
1922
1924
1930
1941
1943
1952
1952
1957
1960
1961
1964
1964
1969
1975
1987
1997
1999
2006
2035
2048
2063
2078
2102
2111
2115
2118
2119
2137
2137
2138
2142
2149
2156
2157
2163
2159
2154
2157
2152
2147
2142
2142
2138
2112
2113
2111
2110
2107
2094
2091
2090
2094
2097
2093
2089
2088
2080
2085
2083
2085
2081
2080
2080
2075
2074
2072
2068
2064
2059
2057
2056
2054
2054
2041
2031
2028
2034
2018
2014
2013
2015
2016
2018
2023
2027
2031
2036
2039
2041
2046
2046
2048
2052
2048
2045
2038
2032
2028
2002
2005
1998
1994
1993
1975
1971
1959
1956
1964
1963
1961
1960
1965
1968
1968
1973
1981
1991
1997
2002
2001
1996
1992
1990
1991
1991
1990
1995
1998
2003
2008
2011
2013
2023
2024
2023
2021
2015
2014
2011
2006
2004
1993
1984
1978
1973
1970
1965
1963
1967
1968
1964
1969
1972
1961
1955
1957
1959
1966
1976
1977
1977
1984
1988
1997
2003
2012
2029
2031
2041
2050
2067
2063
2059
2058
2065
2068
2073
2065
2069
2059
2057
2054
2061
2059
2053
2052
2051
2060
2061
2064
2066
2052
2052
2058
2058
2065
2078
2077
2079
2083
2088
2094
2101
2101
2099
2098
2098
2096
2089
2072
2073
2069
2034
2025
2018
2012
2008
1990
1987
1979
1975
1971
1971
1972
1972
1964
1957
1954
1951
1929
1926
1925
1924
1924
1937
1936
1935
1934
1942
1945
1941
1936
1952
1956
1954
1958
1950
1952
1960
1969
1967
1968
1967
1970
1971
1968
1971
1979
1980
1978
1981
1984
1989
2001
2001
2008
2019
2041
2046
2060
2074
2080
2089
2085
2091
2099
2112
2122
2130
2137
2150
2155
2158
2161
2177
2176
2180
2179
2173
2172
2171
2168
2164
2161
2154
2154
2149
2128
2118
2110
2105
2095
2086
2068
2057
2053
2026
2024
2022
2015
2007
2005
2000
1987
1980
1969
1970
1970
1957
1953
1955
1957
1957
1944
1944
1944
1943
1955
1958
1957
1951
1950
1950
1961
1960
1962
1986
1989
1991
1992
1998
2002
2007
2009
2013
2016
2023
2026
2054
2057
2053
2053
2054
2071
2065
2035
2029
2074
2160
2225
2225
1996
1979
1989
2006
1988
1960
1961
1988
2005
1948
1967
1994
2019
2057
2089
2093
2065
2004
2000
2001
2008
2073
2077
2076
2091
2127
2114
2095
2075
2056
2018
2025
2022
2001
1966
1924
1887
1859
1720
1719
1746
1762
1716
1702
1704
1719
1764
1876
1919
1968
2029
2105
2186
2261
2320
2301
2308
2306
2314
2348
2326
2296
2274
2203
2168
2109
2069
2063
2070
2068
2046
2040
2023
2003
1997
2003
2020
2056
2100
2144
2133
2090
2035
1986
1944
1912
1941
1972
1984
1977
1962
1946
1905
1809
1825
1862
1917
2062
2069
2051
2018
1963
1976
1997
2008
2018
2009
1989
1961
1935
1915
1897
1888
1890
1961
1997
2022
2035
2063
2079
2095
2112
2132
2136
2131
2136
2143
2140
2121
2114
2110
2130
2142
2148
2130
1985
1968
1970
1970
2029
2053
2072
2082
2082
1977
1943
1930
1933
1936
1947
1966
1977
1960
1959
1952
1947
1901
1897
1891
1890
1882
1831
1819
1815
1832
1864
1887
1914
1936
1981
2005
2039
2070
2079
2076
2069
2059
2058
2026
2025
2030
2019
2003
1999
1996
1996
1990
1976
1965
1962
1936
1929
1927
1930
1959
1954
1951
1944
1932
1849
1835
1824
1809
1797
1797
1787
1784
1829
1846
1874
1892
1965
1979
1988
1991
1996
2023
2034
2048
2058
2065
2071
2072
2070
2055
2099
2163
2209
2361
2398
2441
2513
2653
2685
2688
2706
2740
2810
2840
2878
2913
2934
2954
2974
2979
2957
2940
2929
2920
2861
2839
2809
2790
2766
2697
2681
2646
2617
2589
2558
2519
2482
2274
2207
2136
2063
1697
1604
1508
1418
1117
1066
1023
978
935
844
815
785
752
720
696
673
642
549
528
521
527
625
666
704
743
796
996
1078
1159
1242
1322
1401
1480
1555
1837
1916
1998
2086
2429
2512
2589
2657
2904
2950
3000
3038
3057
3115
3126
3147
3177
3193
3195
3194
3190
3017
2948
2884
2820
2583
2510
2449
2389
2318
2128
2067
2003
1952
1921
1889
1854
1818
1662
1623
1587
1543
1339
1280
1231
1192
1036
1009
984
959
941
919
928
950
967
987
1024
1062
1090
1259
1306
1362
1427
1712
1792
1873
1953
2041
2273
2364
2452
2535
2619
2698
2761
2818
2963
2999
3044
3076
3225
3252
3275
3297
3308
3296
3278
3255
3242
3139
3100
3057
3012
2964
2920
2871
2823
2597
2523
2455
2392
2116
2053
1988
1930
1882
1737
1695
1653
1610
1571
1526
1485
1441
1248
1210
1180
1158
1119
1121
1122
1131
1223
1265
1304
1352
1403
1530
1575
1613
1646
1682
1715
1749
1783
1899
1920
1936
1950
1970
1968
1967
1962
1963
1966
1971
1979
1993
2000
2004
2004
2002
2010
2022
2035
2047
2093
2104
2122
2143
2237
2269
2308
2348
2382
2471
2496
2514
2534
2554
2578
2600
2623
2659
2657
2654
2639
2568
2549
2532
2515
2491
2419
2397
2371
2350
2330
2308
2282
2256
2188
2170
2166
2157
2104
2100
2092
2077
2059
2049
2049
2043
2034
1985
1965
1938
1907
1875
1845
1819
1788
1664
1640
1619
1598
1535
1525
1519
1516
1518
1520
1525
1549
1571
1593
1614
1631
1655
1767
1798
1825
1853
1961
1979
1999
2018
2041
2100
2124
2146
2165
2189
2205
2220
2235
2266
2275
2274
2277
2262
2254
2243
2228
2187
2184
2181
2176
2164
2102
2073
2048
2033
2004
1975
1955
1931
1814
1790
1766
1740
1657
1644
1624
1609
1597
1576
1571
1569
1572
1584
1592
1600
1609
1630
1643
1658
1674
1718
1733
1744
1755
1814
1835
1853
1872
1891
1933
1948
1965
1983
2000
2015
2032
2045
2095
2107
2123
2132
2174
2189
2200
2214
2231
2260
2269
2282
2292
2300
2304
2319
2330
2360
2364
2368
2373
2360
2344
2336
2330
2319
2284
2276
2262
2248
2235
2227
2213
2205
2156
2145
2145
2141
2124
2117
2110
2108
2076
2075
2080
2086
2083
2089
2094
2096
2095
2100
2103
2108
2113
2101
2099
2101
2102
2059
2057
2050
2041
2030
1982
1959
1943
1934
1919
1896
1881
1870
1826
1811
1806
1806
1803
1807
1812
1813
1846
1860
1874
1893
1912
1956
1968
1986
2008
2026
2040
2053
2068
2106
2114
2125
2137
2157
2158
2162
2169
2173
2183
2189
2192
2198
2195
2188
2185
2191
2167
2170
2170
2166
2135
2127
2113
2109
2080
2067
2060
2058
2049
2034
2031
2022
2018
2006
1999
1995
1993
1965
1956
1946
1940
1892
1882
1878
1871
1858
1844
1830
1824
1820
1817
1813
1810
1808
1821
1824
1831
1835
1868
1885
1897
1909
1970
1990
2009
2017
2032
2076
2091
2105
2123
2132
2139
2147
2158
2186
2191
2195
2199
2191
2193
2192
2191
2189
2166
2152
2133
2114
2108
2092
2084
2075
2017
2004
1989
1978
1944
1936
1932
1928
1904
1901
1901
1902
1905
1908
1911
1916
1920
1921
1921
1920
1923
1927
1929
1926
1928
1926
1934
1941
1945
1954
1962
1967
1969
1971
1977
1980
1985
1985
1991
1991
1997
1996
1995
1999
2007
2016
2038
2042
2053
2069
2082
2107
2114
2121
2132
2137
2143
2150
2153
2151
2146
2142
2141
2111
2105
2102
2101
2098
2083
2077
2065
2064
2065
2059
2048
2050
2052
2053
2058
2062
2085
2089
2089
2092
2116
2123
2128
2124
2134
2145
2146
2149
2155
2154
2149
2148
2138
2137
2137
2136
2130
2076
2067
2069
2063
2055
2005
1993
1980
1972
1965
1950
1935
1920
1878
1867
1862
1855
1840
1843
1845
1839
1855
1857
1859
1868
1877
1903
1914
1921
1931
1946
1953
1966
1980
2010
2019
2033
2041
2063
2071
2077
2088
2098
2096
2102
2103
2107
2111
2110
2108
2109
2101
2099
2097
2098
2081
2083
2087
2084
2067
2068
2071
2065
2063
2050
2045
2042
2036
2031
2024
2023
2021
1999
1991
1982
1977
1955
1951
1949
1945
1942
1924
1922
1919
1919
1919
1915
1921
1928
1956
1965
1967
1973
2002
2007
2014
2022
2042
2051
2055
2057
2060
2072
2074
2067
2072
2077
2081
2083
2078
2076
2075
2070
2076
2063
2059
2054
2050
2056
2055
2056
2057
2056
2046
2038
2032
2031
2026
2020
2016
2010
2004
2002
2005
2009
2009
2014
2016
2015
2012
2010
2011
2010
2013
2014
2016
2021
2027
2028
2023
2023
2025
2018
2018
2014
2014
2014
2014
2012
2012
2014
2014
2008
2005
2001
1999
2000
1994
1992
1987
1987
1984
1980
1976
1986
1987
1995
1998
2006
2004
1999
1999
2010
2012
2008
2006
1935
1934
1921
1912
1929
1935
1954
1975
1999
2032
2036
2050
2080