1950
1942
1939
1959
1971
1985
1999
1996
1998
1999
2004
2009
2011
2005
2006
2013
2022
2022
2029
2043
2045
2044
2053
2060
2047
2049
2055
2050
2049
2039
2040
2050
2050
2055
2055
2063
2069
2070
2077
2081
2083
2075
2065
2058
2058
2055
2053
2052
2034
2027
2026
2027
2026
2018
2044
2039
2031
2025
2027
2026
2030
2034
2028
2027
2027
2025
2019
2027
2026
2028
2029
2006
2013
2030
2037
2042
2055
2049
2044
2044
2049
2059
2064
2059
2073
2069
2069
2077
2067
2076
2073
2065
2066
2067
2064
2060
2060
2070
2069
2067
2066
2053
2063
2065
2060
2059
2035
2031
2021
2016
2015
2018
2020
2022
2001
2005
2011
2010
2019
2027
2019
2015
2013
2013
2018
2028
2032
2048
2055
2059
2062
2067
2073
2087
2088
2067
2062
2060
2056
2055
2035
2035
2038
2039
2037
2038
2044
2054
2057
2054
2055
2055
2059
2061
2062
2065
2067
2078
2074
2068
2067
2063
2064
2061
2056
2035
2035
2025
2017
1993
1994
2002
2000
1991
1975
1974
1980
1986
1987
1981
1966
1961
1967
1963
1958
1961
1965
1982
1972
1962
1966
1977
1984
1985
1984
1992
2004
2013
2003
2004
2009
2017
2017
2016
2018
2009
2001
2004
2005
2001
2000
2003
2010
2011
2015
2011
2041
2033
2019
2017
2018
2016
2017
2011
2015
2014
2016
2016
2015
2003
1999
1998
1998
1985
1984
1991
1997
1995
2006
2004
2008
2016
2023
2026
2036
2045
2050
2050
2047
2051
2058
2071
2077
2065
2054
2044
2045
2056
2070
2049
2047
2050
2056
2026
2039
2058
2058
2039
2012
2029
2043
2042
2032
2013
2003
2010
2011
1997
2008
2024
2014
1996
2000
2010
2020
2029
2020
2021
2028
2041
2044
2043
2036
2022
2030
2020
2001
1982
1974
1974
1977
1979
1950
1948
1954
1961
1968
1974
1972
1970
1997
1993
1993
1997
2021
2051
2039
2038
2047
2060
2069
2067
2071
2074
2067
2056
2057
2065
2058
2057
2056
2056
2041
2042
2036
2035
2044
2060
2060
2050
2044
2043
2043
2051
2056
2055
2049
2047
2056
2070
2071
2063
2054
2054
2054
2064
2064
2063
2067
2063
2054
2056
2062
2058
2046
2037
2035
2033
2036
2039
2041
2040
2037
2047
2026
2034
2044
2042
2036
2032
2029
2040
2043
2051
2046
2035
2028
2022
2021
2024
2022
2025
2012
2008
2006
2007
1995
1998
1994
1996
2000
2003
2002
1994
2008
2014
2007
2000
2003
1992
1982
1988
1996
1987
1990
1986
1977
1979
1991
1997
1996
2004
1992
1993
2003
2032
2039
2042
2038
2047
2039
2044
2056
2066
2062
2055
2046
2041
2051
2054
2050
2040
2016
2022
2024
2024
2023
2023
2021
2009
2004
2000
1997
2001
2011
2005
1996
1998
1996
2002
2008
2001
1997
1995
1989
1983
1985
1990
2001
2006
2007
1998
1985
1991
1990
1994
1998
2006
2005
1999
2006
2016
2019
2023
2033
2042
2047
2053
2060
2051
2064
2061
2051
2053
2051
2058
2058
2051
2044
2040
2051
2060
2036
2037
2041
2045
2019
2010
2001
2007
2011
2018
2025
2024
2019
2012
2004
2008
2015
2012
2013
2014
2017
2014
2012
2011
2014
2018
2016
2015
2013
2007
2024
2026
2019
2015
2017
2018
2031
2047
2054
2057
2051
2049
2053
2054
2055
2067
2080
2084
2087
2088
2085
2084
2085
2081
2073
2065
2060
2061
2066
2069
2074
2066
2059
2046
2039
2037
2038
2041
2007
2012
2017
2019
2018
2008
2003
2009
2008
2000
1991
1991
1996
2017
2001
1998
1996
1999
2016
2008
2004
2008
2002
1992
1989
1985
1979
1977
1982
1983
1962
1971
1974
1975
1976
1987
1991
1999
2004
2014
2019
2026
2038
2038
2042
2040
2031
2051
2057
2066
2062
2057
2059
2060
2055
2049
2050
2052
2049
2039
2039
2044
2045
2045
2021
2026
2026
2023
2028
2042
2035
2022
2003
1999
2003
2010
2013
2020
2016
2005
2002
2006
2016
2025
2024
2023
2008
2007
2009
2014
2017
2021
2025
2030
2012
2011
2011
2019
2027
2017
2018
2015
2014
2017
2011
2019
2030
2030
2031
2040
2043
2058
2057
2053
2050
2047
2061
2063
2063
2074
2079
2066
2059
2053
2035
2034
2043
2044
2025
2020
2029
2033
2036
2038
2027
2024
2025
2026
2025
2027
2031
2028
2028
2026
2021
2016
2020
2013
2010
2001
1999
2000
2002
2000
2006
2013
2025
2024
2020
2023
2030
2038
2041
2024
2020
2014
2010
2005
2011
2022
2021
2010
2009
2003
2000
2009
2013
2008
2000
2006
1998
2006
2013
2008
2010
2011
2013
2009
2005
2010
2009
1999
2024
2031
2033
2026
2031
2032
2026
2026
2030
2041
2040
2041
2043
2025
2017
2024
2038
2040
2042
2040
2043
2041
2025
2028
2029
2033
2032
2031
2025
2031
2032
2038
2041
2043
2052
2058
2055
2052
2056
2054
2048
2042
2034
2029
2026
2030
2026
2031
2016
2017
2025
2030
2016
2013
2018
2012
2004
2002
2006
2005
2001
2000
1999
1999
2007
2001
2006
2010
2007
1991
1989
1991
1988
1993
2008
2009
2002
2005
2008
2014
2020
2041
2047
2053
2049
2043
2093
2124
2135
2128
2098
2055
2019
1988
1937
1942
1953
1975
2070
2080
2086
2089
2101
2087
2080
2081
2081
2086
2099
2107
2104
2062
2060
2054
2053
2062
2052
2043
2026
2016
2005
1997
1983
1972
1988
1996
2005
2007
1966
1962
1964
1975
1990
2007
2009
2006
2016
2024
2031
2030
2024
2002
2015
2028
2051
2132
2141
2133
2122
2113
2073
2068
2055
2053
2068
2081
2090
2095
2069
2049
2038
2036
2019
2016
2007
1999
1997
1984
1982
1979
1981
1972
1966
1972
1979
2004
2014
2016
2018
2027
2030
2039
2038
2039
2013
2000
1991
1977
1971
1973
1981
1990
2022
2023
2023
2007
1965
1963
1970
1985
1989
2003
2007
2005
2002
1996
1985
1979
1966
1975
1972
1973
1985
2000
2025
2024
2026
2030
2031
2034
2036
2041
2028
2036
2044
2051
2050
2040
2033
2031
2018
1995
1987
1981
1967
1969
1968
1976
1975
1986
1979
1981
1985
1954
1946
1931
1916
1905
1877
1862
1854
1855
1866
1879
1884
1886
1886
1885
1879
1865
1847
1847
1844
1838
1835
1810
1818
1829
1851
1867
1888
1920
1948
2009
2026
2047
2070
2091
2173
2198
2222
2245
2268
2298
2328
2363
2472
2505
2531
2550
2606
2611
2614
2620
2628
2610
2614
2619
2607
2604
2600
2586
2567
2523
2507
2480
2448
2503
2534
2515
2441
2342
2033
1948
1884
1854
1850
1846
1845
1864
1872
1871
1885
1897
1894
1893
1885
1873
1866
1850
1834
1823
1813
1798
1780
1772
1773
1693
1652
1605
1562
1413
1389
1381
1394
1399
1472
1492
1510
1525
1527
1531
1553
1593
1762
1785
1804
1830
1847
1862
1840
1818
1813
1830
1859
1898
1947
2123
2132
2116
2082
1951
1932
1931
1947
1969
2023
2028
2024
2023
2024
2031
2035
2035
2052
2048
2040
2029
2003
2000
2012
2019
2036
2104
2125
2150
2177
2206
2231
2255
2276
2324
2339
2346
2320
2170
2120
2069
2035
2019
2009
2034
2050
2050
2041
2032
2028
2015
1978
1973
1975
1980
2002
2028
2031
2031
2024
2010
1993
1977
1964
1948
1962
1967
1964
1970
1979
1989
1985
1978
1984
1993
1999
2009
2023
2046
2061
2072
2116
2124
2117
2110
2092
2095
2104
2114
2124
2153
2160
2171
2184
2194
2205
2209
2222
2232
2234
2232
2235
2237
2239
2239
2251
2255
2232
2216
2199
2182
2171
2159
2148
2144
2094
2072
2055
2033
1940
1933
1930
1933
1944
1949
1954
1953
1947
1941
1934
1919
1905
1888
1893
1897
1902
1902
1899
1911
1922
1940
1950
1953
1963
1964
1992
2006
2014
2024
2063
2080
2090
2092
2086
2116
2119
2118
2121
2125
2120
2124
2121
2127
2117
2108
2101
2089
2087
2088
2090
2099
2086
2077
2068
2065
2046
2036
2028
2021
2018
2016
2008
1994
1960
1959
1947
1938
1928
1914
1908
1899
1889
1880
1872
1864
1855
1821
1817
1817
1815
1837
1834
1838
1853
1862
1880
1885
1901
1913
1921
1928
1930
1939
1966
1969
1972
1989
2005
2038
2049
2059
2072
2074
2063
2058
2064
2073
2085
2092
2091
2106
2111
2109
2100
2092
2077
2069
2055
2050
2053
2058
2051
2044
2034
2025
2021
2030
2032
2025
2014
2012
2014
2001
2002
1997
2003
2014
2025
2038
2043
2066
2073
2075
2085
2106
2110
2112
2114
2117
2128
2136
2142
2144
2150
2156
2147
2137
2115
2124
2124
2116
2111
2073
2059
2061
2057
2055
2045
2034
2023
1982
1974
1961
1960
1938
1928
1923
1924
1926
1926
1923
1921
1916
1910
1905
1908
1909
1890
1881
1875
1875
1891
1901
1906
1918
1932
1961
1970
1983
1990
2000
2006
2011
2018
2044
2053
2067
2074
2062
2075
2075
2078
2079
2056
2057
2063
2069
2082
2090
2091
2093
2117
2120
2121
2118
2122
2135
2139
2146
2149
2145
2144
2151
2158
2147
2146
2146
2141
2116
2112
2105
2103
2094
2082
2070
2069
2070
2072
2067
2057
2046
2017
2014
2012
2011
2008
2006
2000
1996
1999
2004
2003
2007
2013
2007
2001
2006
2014
2022
2023
2019
2013
2003
2007
2008
2004
2009
2012
2004
1995
2003
2009
2011
2005
2005
1964
1968
1977
1977
1973
1970
1968
1963
1967
1970
1974
1966
1952
1945
1942
1939
1933
1928
1926
1935
1939
1941
1956
1964
1976
1986
1989
1991
2000
2000
2029
2039
2054
2064
2060
2059
2063
2074
2076
2099
2094
2089
2086
2078
2078
2084
2084
2096
2091
2089
2089
2068
2076
2074
2070
2066
2052
2053
2053
2046
2041
2041
2043
2039
2003
1994
1986
1985
1971
1964
1964
1963
1957
1955
1952
1949
1965
1964
1960
1956
1959
1986
1990
1991
1991
2000
2003
1999
2009
2022
2027
2030
2032
2031
2047
2046
2048
2046
2043
2045
2049
2054
2064
2079
2083
2088
2088
2076
2072
2071
2073
2070
2058
2053
2043
2044
2036
2032
2037
2046
2045
2037
2038
2038
2039
2038
2042
2049
2042
2030
2023
2021
2016
2023
2015
2013
2011
2011
2007
2004
2000
1994
1999
1993
1990
1986
1993
1994
1994
1998
1995
2008
2020
2014
2005
2002
2007
2009
2037
2033
2034
2044
2060
2071
2071
2071
2080
2083
2085
2090
2096
2094
2092
2092
2097
2064
2061
2066
2068
2040
2036
2036
2037
2039
2032
2023
2018
2020
2013
2013
2011
2016
1997
1998
1995
1991
1997
1996
1993
1994
1991
1967
1972
1968
1964
1963
1965
1968
1961
1968
1971
1975
1982
1989
1972
1979
1989
2000
2002
2007
2003
2006
2019
2022
2030
2042
2048
2049
2047
2046
2049
2027
2023
2017
2012
2008
2009
2005
2002
2027
2020
2015
2013
2016
2027
2035
2038
2039
2034
2023
2019
2024
2030
2041
2043
2049
2043
2051
2057
2057
2067
2052
2053
2060
2063
2061
2059
2056
2060
2061
2061
2058
2059
2057
2057
2059
2059
2050
2051
2047
2047
2051
2059
2055
2055
2056
2052
2056
2052
2049
2045
2043
2033
2031
2024
2027
2031
2027
2013
1999
1990
1985
1985
1989
1996
1993
1995
1975
1985
1980
1979
1976
1985
1981
1974
1978
1982
1985
1982
1984
1998
2003
2001
1999
2026
2036
2037
2033
2034
2014
2012
2010
2007
2012
2024
2029
2023
2014
2017
2030
2039
2047
2039
2027
2021
2027
2033
2046
2052
2052
2045
2035
2036
2037
2045
2047
2045
2044
2032
2026
2030
2037
2041
2017
2007
1997
1995
2000
1998
1999
1995
1999
1986
1978
1983
1986
1990
1999
1994
1986
1984
1993
2001
2012
2017
2014
2012
2017
2024
2036
2048
2050
2051
2031
2032
2037
2044
2046
2050
2053
2050
2061
2066
2081
2088
2087
2085
2090
2091
2080
2078
2080
2076
2083
2073
2067
2064
2055
2032
2036
2038
2028
2012
2011
2016
2017
2024
2018
2010
2005
2006
2010
2012
2019
2031
2033
2040
2039
2034
2052
2047
2045
2041
2038
2033
2024
2020
2025
2038
2041
2040
2036
2044
2044
2044
2047
2050
2039
2037
2032
2032
2037
2047
2049
2044
2033
2028
2033
2039
2016
2012
2005
1996
1992
1990
1992
1992
1986
1973
1974
1974
1971
1961
1962
1963
1959
1960
1960
1965
1961
1961
1982
1981
1980
1979
1979
1982
1994
2008
2011
2009
2015
2009
2023
2025
2034
2046
2057
2041
2041
2044
2050
2057
2061
2062
2065
2047
2048
2046
2044
2032
2038
2041
2041
2039
2035
2030
2021
2022
2015
2015
2015
2013
2015
2016
2012
2013
2011
2014
2020
2031
2036
2036
2035
2030
2026
2027
2034
2041
2042
2026
2025
2023
2020
2019
2009
2005
2009
2008
2009
2009
2017
2031
2023
2019
2012
2005
1947
1938
1930
1928
1918
1908
1900
1894
1903
1912
1915
1924
1937
1944
1925
1915
1905
1828
1808
1790
1775
1757
1699
1685
1669
1658
1649
1650
1644
1629
1645
1656
1670
1692
1773
1793
1820
1848
1884
2000
2036
2070
2096
2128
2164
2205
2243
2410
2461
2504
2561
2616
2768
2812
2849
2890
2929
2964
3001
3029
3130
3156
3180
3196
3227
3228
3232
3231
3229
3177
3149
3114
3069
3007
2943
2889
2845
2716
2673
2627
2555
1928
1755
1597
1470
1404
1359
1365
1357
1319
1281
1264
1245
1205
1220
1270
1322
1364
1419
1399
1378
1361
1349
1286
1287
1285
1266
1224
1170
1117
1062
834
803
799
811
930
968
999
1030
1083
1216
1269
1336
1425
1530
1632
1717
1792
1984
2023
2071
2130
2189
2406
2497
2569
2605
2620
2628
2609
2564
2368
2335
2320
2324
2357
2355
2340
2313
2284
2193
2158
2143
2143
2128
2109
2096
2085
1956
1944
1949
1973
2151
2202
2255
2294
2320
2344
2334
2321
2308
2307
2296
2276
2266
2125
2082
2035
1993
1956
1867
1849
1826
1810
1797
1767
1726
1692
1628
1612
1607
1623
1645
1667
1691
1719
1742
1773
1776
1773
1783
1796
1818
1842
1871
1914
2038
2077
2110
2145
2167
2202
2237
2261
2340
2366
2381
2394
2412
2441
2442
2445
2432
2417
2412
2408
2403
2384
2383
2388
2400
2370
2368
2372
2378
2386
2457
2473
2477
2481
2481
2473
2468
2468
2456
2462
2475
2475
2421
2395
2356
2324
2283
2194
2160
2122
2085
2044
1998
1950
1905
1723
1700
1683
1658
1580
1564
1542
1524
1519
1501
1510
1525
1546
1565
1588
1622
1651
1713
1727
1737
1747
1876
1918
1958
1992
2015
2114
2140
2167
2193
2213
2248
2277
2302
2325
2308
2295
2282
2282
2288
2296
2296
2297
2277
2270
2257
2249
2246
2246
2240
2227
2185
2166
2148
2137
2121
2069
2046
2034
2028
2011
1992
1975
1956
1890
1873
1854
1835
1751
1745
1731
1714
1689
1597
1569
1549
1529
1508
1498
1495
1501
1515
1521
1529
1543
1598
1615
1631
1651
1672
1693
1711
1726
1745
1765
1784
1794
1807
1916
1925
1937
1963
2058
2090
2117
2137
2151
2238
2250
2265
2285
2296
2309
2327
2339
2338
2332
2332
2328
2301
2281
2267
2263
2259
2217
2202
2196
2183
2168
2144
2129
2109
2074
2069
2072
2080
2081
2092
2110
2136
2156
2159
2161
2166
2172
2180
2190
2187
2182
2178
2174
2161
2153
2144
2106
2093
2083
2061
2028
1996
1969
1950
1896
1894
1893
1888
1868
1866
1866
1866
1865
1855
1860
1860
1867
1869
1878
1893
1907
1947
1954
1970
1984
1998
2006
2012
2010
2003
1974
1968
1964
1957
1944
1932
1930
1933
1953
1957
1967
1977
2000
2010
2021
2038
2060
2083
2094
2102
2105
2117
2121
2128
2141
2168
2176
2178
2188
2229
2239
2242
2246
2240
2231
2226
2217
2202
2187
2164
2142
2122
2074
2066
2066
2056
2057
2024
2012
1993
1989
1986
1976
1969
1964
1944
1940
1940
1944
1970
1973
1977
1985
1992
2032
2042
2052
2068
2083
2090
2099
2104
2107
2101
2099
2099
2098
2093
2089
2094
2092
2052
2046
2047
2043
2040
2040
2043
2023
1983
1978
1978
1984
1973
1975
1972
1966
1965
1974
1975
1971
1971
1975
1973
1976
1978
1960
1962
1967
1965
1971
1965
1960
1962
1969
1945
1932
1925
1924
1920
1915
1914
1913
1923
1919
1918
1921
1958
1962
1972
1974
1976
2008
2014
2012
2018
2022
2028
2035
2032
2082
2099
2118
2119
2126
2159
2169
2171
2169
2170
2165
2160
2154
2117
2113
2107
2091
2056
2034
2015
2007
2000
1978
1960
1946
1940
1935
1929
1912
1905
1886
1884
1882
1886
1884
1894
1908
1915
1921
1931
1935
1945
1956
1969
1975
1984
1994
2029
2040
2049
2054
2085
2089
2085
2080
2085
2096
2106
2107
2103
2100
2093
2095
2099
2083
2084
2076
2077
2079
2075
2075
2075
2074
2053
2043
2045
2039
2040
2041
2043
2047
2046
2041
2047
2048
2049
2060
2061
2062
2063
2052
2039
2027
2024
2017
2013
2015
2009
1990
1983
1982
1988
1987
1984
1981
1978
1975
1975
1982
1978
1975
2009
2019
2026
2029
2046
2059
2069
2073
2077
2102
2106
2118
2126
2125
2125
2126
2128
2128
2126
2121
2114
2074
2065
2062
2061
2064
2044
2030
2015
2007
1993
1983
1983
1973
1970
1958
1952
1963
1955
1955
1956
1955
1959
1970
1968
1963
1957
1959
1962
1962
1959
1978
1979
1976
1979
1961
1966
1963
1973
1986
1993
1986
1982
1984
1995
2003
2003
2006
2036
2043
2047
2057
2068
2078
2079
2079
2083
2084
2086
2093
2097
2087
2087
2085
2080
2065
2061
2050
2039
2039
2023
2006
2002
2008
2001
1997
1998
2003
1983
1977
1978
1978
1988
2000
2008
2008
2010
2018
2021
2029
2032
2039
2044
2043
2039
2037
2043
2049
2064
2068
2073
2079
2078
2084
2084
2081
2077
2073
2069
2069
2063
2064
2079
2074
2079
2080
2081
2079
2079
2079
2072
2061
2049
2042
2032
2011
2010
2000
1987
1949
1951
1960
1959
1983
1982
1979
1984
1984
1981
1985
1989
1994
1988
1987
1995
2002
2026
2029
2036
2040
2038
2039
2039
2042
2045
2043
2045
2043
2033
2036
2029
2024
2035
2027
2029
2023
2022
2021
2009
2017
2012
2005
2001
1999
2007
2014
2016
2023
2025
2029
2039
2039
2044
2048
2050
2037
2027
2024
2018
2014
2018
2019
2024
1996
1988
1988
1993
1984
1971
1957
1951
1952
1951
1963
1969
1967
1966
1959
1964
1966
1990
1999
2008
2012
2014
2033
2041
2046
2044
2056
2058
2071
2081
2089
2088
2092
2094
2085
2087
2094
2090
2080
2060
2051
2055
2048
2023
2020
2010
2006
2006
2008
2005
1998
1994
1995
1998
1993
1985
1986
1989
1995
2005
2006
2008
2009
2013
2020
2041
2056
2058
2023
2010
2000
1980
1969
1963
1969
1977
1983
1989
2012
2039
2063
2147
2162
2179
2203
2247
2245
2244
2239
2230
2183
2166
2140
2129
2114
2104
2097
2086
2038
2031
2021
2004
1989
1988
1983
1976
1978
1999
2004
2007
2005
2004
1997
1978
1970
1965
1964
1978
1976
1968
1971
1970
1975
1977
1988
1991
1989
1983
1978
1981
1975
1956
1936
1943
1941
1943
1956
1960
1966
1971
1977
1971
1976
1980
1984
1981
1986
1996
2002
2022
2038
2049
2056
2063
2107
2117
2121
2133
2136
2136
2133
2127
2068
2045
2028
2023
1994
1987
1991
1992
1974
1934
1929
1921
1921
1921
1923
1921
1926
1919
1925
1929
1932
1932
1923
1921
1927
1938
1931
1926
1931
1935
1931
1933
1939
1942
1966
1965
1972
1981
1984
1981
1981
1980
1980
1964
1940
1917
1890
1771
1733
1689
1646
1473
1431
1395
1365
1339
1294
1304
1314
1316
1309
1307
1302
1303
1373
1392
1410
1430
1479
1506
1535
1560
1597
1753
1828
1914
2002
2089
2183
2285
2389
2818
2923
3034
3154
3620
3744
3862
3972
4072
4087
4090
4088
4088
4091
4086
4087
4091
4088
4089
4090
4090
4087
4091
4089
4089
4090
3897
3745
3620
3497
3333
3164
3036
2922
2316
2230
2130
1994
1713
1620
1536
1467
1404
1101
1005
910
800
675
572
474
370
138
123
121
118
114
106
102
95
95
94
92
90
89
90
94
98
100
108
113
117
121
131
190
247
331
440
551
669
786
903
1284
1373
1448
1509
1780
1817
1849
1878
1899
2017
2071
2131
2189
2243
2305
2358
2394
2491
2528
2556
2562
2579
2587
2607
2638
2660
2748
2796
2845
2892
2939
2996
3060
3114
3324
3351
3354
3339
3235
3206
3199
3195
3188
3125
3079
3025
2957
2887
2820
2758
2708
2532
2478
2417
2351
2107
2043
1968
1906
1855
1704
1667
1632
1603
1586
1568
1554
1537
1542
1550
1563
1570
1569
1540
1549
1566
1582
1598
1619
1632
1638
1634
1618
1624
1634
1718
1757
1799
1846
1898
2050
2113
2182
2261
2341
2416
2487
2559
2777
2814
2845
2875
2995
3027
3060
3097
3138
3180
3184
3173
3153
3132
3106
3078
3043
2811
2758
2693
2618
2373
2317
2258
2206
2151
1951
1897
1843
1783
1727
1672
1611
1554
1324
1284
1255
1228
1134
1122
1117
1110
1114
1133
1142
1170
1192
1205
1225
1252
1283
1420
1461
1510
1549
1587
1725
1763
1801
1836
1870
1899
1930
1960
2095
2132
2173
2208
2306
2328
2363
2390
2416
2447
2451
2453
2448
2433
2422
2411
2400
2312
2288
2266
2243
2157
2136
2110
2096
2070
1998
1969
1939
1918
1891
1850
1804
1768
1599
1569
1533
1518
1479
1472
1468
1466
1470
1462
1473
1474
1473
1474
1480
1490
1504
1578
1590
1607
1619
1638
1691
1719
1741
1770
1807
1840
1869
1901
2016
2049
2083
2117
2187
2200
2219
2239
2272
2265
2245
2238
2232
2209
2205
2213
2222
2221
2222
2224
2228
2228
2230
2240
2235
2219
2203
2198
2201
2195
2190
2186
2189
2196
2234
2258
2281
2286
2327
2335
2358
2371
2386
2430
2432
2436
2441
2441
2436
2443
2446
2443
2433
2422
2416
2384
2359
2336
2306
2273
2180
2144
2111
2073
2037
2008
1978
1956
1857
1838
1825
1822
1813
1756
1741
1721
1707
1699
1689
1678
1667
1628
1618
1602
1588
1557
1544
1528
1516
1508
1535
1548
1560
1583
1600
1617
1630
1648
1755
1782
1804
1837
1920
1946
1976
2002
2024
2098
2117
2141
2169
2195
2218
2243
2266
2360
2376
2390
2399
2465
2473
2478
2481
2482
2469
2457
2446
2442
2431
2418
2405
2384
2298
2275
2252
2233
2152
2140
2112
2087
2070
2035
2016
2009
2000
1992
1986
1984
1986
1994
1996
2002
2006
2006
2019
2029
2039
2049
2056
2056
2055
2051
2037
2037
2042
2048
2044
2028
2019
2010
2003
1998
1997
1995
1991
1994
1992
1991
1987
1982
1987
1979
1973
1970
1949
1933
1919
1912
1904
1899
1899
1891
1879
1869
1862
1853
1848
1841
1836
1833
1831
1786
1775
1769
1765
1755
1753
1749
1748
1747
1767
1774
1780
1791
1800
1812
1827
1838
1894
1904
1919
1932
1950
1990
2001
2016
2033
2048
2055
2071
2086
2158
2172
2191
2208
2222
2249
2256
2266
2271
2277
2284
2292
2293
2290
2287
2286
2282
2276
2272
2269
2258
2248
2196
2178
2158
2142
2120
2106
2089
2069
2051
1976
1964
1950
1933
1908
1886
1869
1861
1810
1806
1792
1780
1777
1781
1792
1804
1813
1836
1857
1869
1875
1887
1904
1922
1930
1970
1980
1991
2013
2069
2086
2094
2099
2110
2147
2150
2156
2164
2170
2181
2185
2188
2193
2197
2198
2202
2210
2191
2188
2194
2193
2180
2159
2157
2157
2138
2127
2115
2108
2062
2058
2054
2041
2035
2046
2033
2024
2016
2017
2019
2014
2010
2001
2002
2001
1991
1984
1990
1996
2000
2005
1999
2008
2019
2030
2034
2033
2037
2047
2074
2080
2093
2098
2129
2129
2129
2133
2140
2142
2143
2133
2123
2117
2114
2110
2108
2082
2071
2065
2063
2066
2025
2018
2014
2004
1997
1987
1977
1970
1954
1957
1950
1947
1918
1911
1907
1901
1896
1875
1871
1864
1861
1859
1862
1862
1864
1855
1859
1864
1867
1871
1887
1891
1892
1897
1922
1923
1928
1938
1947
1954
1962
1972
1998
2003
2009
2012
2055
2062
2062
2062
2071
2092
2088
2091
2099
2104
2115
2116
2110
2093
2092
2085
2089
2076
2067
2056
2050
2047
2035
2030
2036
2038
2021
2018
2021
2022
2039
2037
2036
2030
2025
2026
2029
2036
2044
2054
2045
2043
2050
2071
2080
2084
2094
2098
2105
2115
2123
2133
2146
2151
2151
2155
2154
2155
2155
2156
2135
2134
2136
2139
2119
2124
2113
2098
2095
2067
2064
2054
2039
2031
2024
2014
2009
1985
1973
1964
1967
1939
1939
1936
1936
1938
1954
1949
1949
1949
1945
1945
1940
1940
1949
1953
1948
1947
1945
1954
1956
1962
1968
1976
1972
1962
1955
1956
1961
1967
1974
1965
1962
1969
1979
1987
1990
1985
1986
1987
1987
1989
1993
2005
2008
2007
2011
2014
2028
2022
2024
2027
2023
2036
2040
2039
2039
2036
2037
2032
2029
2022
2031
2039
2035
2018
2013
2027
2037
2032
2030
2026
2027
2030
2028
2024
2029
2029
2046
2045
2045
2043
2047
2061
2067
2073
2073
2063
2059
2058
2058
2073
2071
2068
2070
2047
2054
2059
2060
2066
2054
2051
2040
2035
2033
2033
2028
2022
2017
2010
2006
2012
2035
2025
2007
1985
1968
1940
1944
1952
1956
1960
1956
1961
1964
1980
1998
2012
2021
2099
2131
2152
2169
2182
2192
2195
2199
2196
2194
2193
2203
2216
2214
2207
2196
2191
2202
2197
2197
2193
2183
2175
2170
2169
2153
2142
2140
2126
2116
2059
2050
2036
2033
2031
1997
1986
1977
1976
1983
1990
1995
1999
1951
1935
1928
1924
1923
1909
1895
1879
1863
1856
1851
1845
1841
1822
1810
1805
1802
1814
1813
1815
1820
1822
1813
1825
1839
1850
1871
1881
1888
1898
1980
1993
2005
2011
2031
2034
2041
2045
2048
2050
2051
2049
2050
2046
2036
2029
2024
2005
2003
2000
1999
1997
2000
2004
2006
2010
2006
1998
1997
2000
2006
2011
2010
2009
2011
2022
2025
2031
2037
2035
2034
2038
2043
2045
2059
2061
2064
2060
2061
2046
2031
1982
1975
1964
1955
1961
1956
1950
1947
1948
1950
1942
1932
1929
1930
1930
1927
1923
1902
1896
1878
1850
1815
1714
1674
1633
1590
1547
1498
1452
1409
1263
1239
1218
1213
1242
1248
1266
1285
1314
1417
1453
1486
1513
1538
1562
1582
1600
1742
1787
1842
1900
2201
2296
2392
2497
2612
2957
3072
3194
3316
3440
3564
3697
3831
4090
4088
4090
4089
4088
4091
4090
4088
4090
4091
4088
4090
4091
4091
4089
4089
4091
4089
4091
4089
4088
4088
3968
3861
3733
3548
3312
3061
2840
2611
1699
1523
1360
1179
445
254
123
111
107
96
94
92
91
89
87
83
84
82
81
83
80
79
79
79
81
80
82
80
82
82
91
93
97
100
125
141
164
213
300
651
799
963
1122
1264
1391
1505
1618
2139
2255
2366
2484
2895
2957
2999
3018
3038
3147
3178
3203
3227
3245
3262
3274
3264
3156
3117
3085
3057
2910
2870
2843
2821
2785
2665
2635
2602
2587
2571
2555
2539
2523
2503
2502
2489
2467
2352
2314
2282
2251
2222
2077
2033
1980
1929
1893
1859
1820
1771
1542
1474
1409
1343
1131
1100
1073
1050
1044
1041
1034
1027
1038
1058
1090
1107
1122
1300
1368
1431
1482
1522
1746
1831
1894
1944
1989
2051
2136
2221
2469
2539
2625
2710
2902
2946
3000
3053
3109
3226
3263
3311
3353
3385
3408
3419
3417
3465
3465
3464
3464
3408
3387
3357
3324
3295
3173
3123
3077
3026
2969
2910
2844
2775
2449
2350
2255
2171
1820
1709
1600
1512
1434
1158
1076
994
917
847
785
725
665
468
427
397
380
366
395
414
456
494
538
594
663
740
1069
1157
1237
1318
1680
1768
1862
1950
2038
2285
2354
2420
2486
2554
2623
2700
2758
2964
3008
3043
3076
3147
3160
3162
3160
3158
3114
3082
3046
3008
2965
2918
2870
2823
2600
2541
2480
2427
2213
2152
2087
2018
1951
1782
1723
1670
1617
1563
1509
1451
1394
1174
1138
1110
1085
1056
947
933
926
918
905
886
875
870
905
922
939
955
1101
1135
1177
1212
1246
1401
1442
1490
1545
1598
1638
1677
1721
1914
1963
2011
2055
2223
2262
2307
2354
2397
2487
2513
2546
2591
2618
2640
2661
2678
2716
2706
2693
2684
2683
2665
2643
2626
2614
2597
2581
2567
2553
2503
2497
2494
2482
2443
2438
2428
2424
2412
2374
2368
2367
2374
2368
2358
2342
2329
2263
2241
2227
2210
2157
2137
2111
2088
2078
2015
1992
1963
1939
1909
1877
1850
1818
1700
1676
1647
1617
1506
1499
1494
1476
1460
1451
1452
1445
1445
1444
1440
1448
1468
1519
1538
1562
1588
1616
1689
1715
1735
1754
1768
1783
1803
1837
1945
1974
1998
2017
2118
2141
2179
2219
2256
2315
2336
2357
2386
2419
2451
2477
2504
2583
2587
2594
2601
2629
2626
2621
2619
2606
2562
2542
2530
2513
2494
2474
2454
2428
2304
2271
2241
2218
2078
2050
2026
1993
1963
1864
1838
1818
1796
1782
1773
1760
1747
1726
1721
1712
1711
1715
1725
1741
1754
1766
1770
1783
1796
1808
1855
1869
1877
1887
1946
1962
1980
1995
2008
2042
2048
2055
2069
2078
2082
2084
2089
2123
2130
2130
2120
2120
2121
2124
2114
2109
2062
2056
2049
2044
2033
2021
2010
2002
1966
1956
1948
1941
1889
1876
1868
1865
1861
1834
1828
1829
1831
1838
1836
1836
1835
1864
1876
1895
1916
1942
1959
1971
1982
1983
2027
2043
2057
2066
2082
2097
2108
2115
2160
2170
2179
2185
2192
2217
2214
2215
2224
2226
2229
2229
2219
2185
2178
2171
2159
2095
2083
2074
2049
2022
1983
1967
1961
1958
1945
1926
1912
1901
1815
1802
1800
1794
1760
1751
1752
1761
1765
1783
1792
1796
1802
1812
1830
1842
1856
1918
1929
1939
1958
1987
2039
2055
2059
2073
2094
2113
2130
2147
2215
2220
2230
2247
2272
2274
2274
2281
2289
2293
2284
2271
2255
2248
2235
2231
2229
2183
2175
2162
2153
2108
2093
2076
2060
2044
1994
1986
1982
1967
1952
1936
1920
1916
1890
1884
1876
1868
1856
1848
1841
1840
1840
1881
1881
1889
1900
1916
1926
1933
1943
2012
2031
2043
2054
2066
2099
2116
2135
2150
2169
2182
2190
2194
2201
2208
2221
2227
2196
2190
2194
2198
2194
2152
2146
2142
2132
2117
2100
2078
2060
2038
2004
1979
1977
1962
1936
1914
1911
1926
1895
1874
1865
1871
1875
1883
1892
1887
1848
1870
1887
1887
1882
1893
1895
1899
1899
1911
1920
1924
1917
1912
1912
1921
1935
1954
1959
1959
1968
1982
2021
2024
2021
2025
2027
2031
2045
2060
2073
2088
2100
2100
2079
2094
2111
2124
2119
2103
2105
2096
2084
2076
2075
2073
2077
2065
2061
2057
2053
2048
2057
2058
2055
2050
2050
2038
2037
2038
2038
2039
2042
2049
2066
2072
2074
2078
2083
2089
2097
2105
2109
2112
2105
2103
2111
2137
2124
2121
2133
2139
2137
2134
2132
2135
2106
2098
2098
2102
2110
2112
2102
2090
2071
2061
2050
2035
2014
2007
2004
1987
1978
1945
1936
1927
1925
1916
1898
1881
1878
1872
1868
1856
1852
1847
1838
1838
1845
1855
1863
1863
1878
1889
1919
1931
1939
1943
1970
1970
1970
1973
1985
2018
2018
2020
2022
2025
2042
2056
2068
2057
2058
2068
2071
2076
2071
2076
2070
2062
2051
2048
2047
2046
2046
2043
2039
2031
2020
2018
2026
2037
2037
2029
2027
2027
2024
2035
2040
2046
2041
2029
2029
2030
2033
2037
2039
2044
2045
2046
2057
2065
2067
2066
2060
2062
2058
2056
2047
2042
2052
2067
2072
2065
2064
2070
2072
2063
2067
2073
2074
2069
2067
2078
2078
2043
2036
2040
2043
2045
2033
2030
2029
2024
2023
2016
2018
2021
2024
2014
2010
2009
2006
2007
1997
1994
1980
1969
1964
1973
1977
1993
1991
1990
1996
2000
2001
2000
2002
2026
2039
2047
2049
2055
2084
2092
2104
2110
2114
2113
2117
2123
2130
2129
2137
2143
2122
2117
2121
2132
2135
2121
2116
2104
2094
2086
2072
2060
2050
2036
2017
2007
1993
1956
1945
1936
1930
1923
1911
1910
1902
1902
1900
1904
1906
1905
1900
1909
1919
1921
1918
1912
1911
1913
1916
1917
1921
1929
1933
1919
1927
1932
1938
1947
1954
1975
1985
1987
1996
1997
2006
2021
2027
2040
2056
2059
2077
2082
2087
2084
2084
2082
2075
2073
2085
2086
2091
2091
2092
2095
2096
2094
2088
2092
2086
2085
2089
2092
2084
2089
2087
2088
2091
2099
2100
2086
2078
2078
2075
2074
2053
2048
2043
2042
2046
2016
2006
2001
1999
1996
1994
1993
1993
1996
1991
1988
1987
1982
1995
2002
2000
2002
2016
2019
2027
2035
2034
2033
2038
2045
2040
2044
2046
2043
2039
2014
1998
1988
1988
1984
1970
1959
1949
1910
1909
1903
1890
1885
1882
1874
1862
1849
1821
1803
1781
1758
1733
1708
1688
1673
1589
1579
1568
1550
1495
1480
1466
1463
1460
1456
1460
1460
1463
1465
1476
1490
1507
1565
1583
1601
1641
1682
1790
1832
1877
1929
1981
2032
2085
2146
2403
2475
2542
2612
2889
2950
3017
3093
3170
3376
3437
3499
3560
3621
3676
3727
3785
3969
4007
4040
4065
4077
3992
3941
3918
3862
3664
3630
3584
3548
3522
3486
3432
3356
3087
2993
2973
2926
2789
2540
2429
2277
2152
2055
1955
1820
1675
1245
1156
1091
1011
659
551
467
421
389
179
165
153
133
132
132
125
119
111
112
115
115
117
116
119
120
120
123
121
123
122
169
197
246
318
547
602
674
748
838
1124
1244
1363
1456
1531
1601
1678
1747
1962
2028
2091
2141
2339
2395
2454
2496
2536
2661
2687
2730
2779
2832
2876
2920
2955
3033
3054
3073
3098
3133
3220
3260
3301
3341
3358
3354
3334
3312
3214
3203
3189
3183
3118
3070
3019
2964
2912
2805
2766
2737
2695
2655
2617
2572
2515
2290
2257
2221
2170
1953
1900
1852
1816
1781
1623
1573
1527
1482
1445
1396
1347
1297
1176
1148
1127
1126
1131
1160
1183
1214
1235
1262
1299
1337
1383
1609
1674
1745
1826
2081
2142
2202
2263
2326
2514
2566
2623
2671
2716
2749
2775
2801
2920
2954
2990
3025
3093
3096
3100
3096
3083
3046
3023
3000
2979
2944
2909
2881
2847
2647
2601
2559
2508
2295
2229
2173
2115
2048
1850
1782
1730
1677
1625
1577
1540
1502
1293
1242
1193
1156
1121
1073
1078
1078
1082
1080
1084
1092
1099
1129
1142
1164
1191
1319
1355
1393
1430
1479
1583
1614
1647
1679
1722
1776
1817
1851
1989
2022
2058
2091
2178
2205
2225
2246
2264
2323
2326
2328
2331
2330
2326
2328
2329
2299
2281
2271
2262
2255
2219
2203
2192
2186
2183
2180
2173
2148
2057
2044
2027
2019
1978
1962
1942
1918
1904
1883
1864
1848
1838
1817
1798
1788
1776
1751
1746
1739
1736
1727
1734
1739
1740
1735
1743
1754
1754
1759
1763
1772
1779
1780
1793
1806
1811
1811
1819
1823
1833
1845
1861
1886
1904
1917
1921
1936
1949
1968
1978
2056
2073
2099
2120
2137
2196
2223
2235
2254
2282
2311
2339
2356
2462
2480
2509
2550
2651
2656
2662
2675
2692
2731
2754
2766
2766
2768
2775
2777
2769
2742
2719
2692
2678
2584
2562
2533
2497
2461
2353
2308
2270
2241
2211
2166
2118
2079
1902
1863
1813
1760
1629
1591
1561
1526
1493
1401
1374
1352
1332
1316
1304
1289
1280
1253
1255
1256
1254
1264
1306
1329
1352
1363
1379
1402
1427
1450
1554
1586
1619
1647
1768
1800
1832
1868
1900
2005
2045
2072
2105
2141
2182
2214
2236
2345
2364
2382
2399
2411
2452
2465
2477
2491
2494
2498
2502
2505
2509
2522
2532
2537
2520
2514
2516
2515
2462
2449
2435
2417
2388
2310
2277
2246
2233
2214
2184
2156
2132
2038
2024
2005
1993
1980
1945
1935
1928
1922
1910
1899
1891
1894
1869
1862
1859
1864
1851
1852
1856
1863
1866
1858
1849
1846
1846
1842
1837
1840
1838
1816
1810