2018
2017
2019
2014
2005
2005
2009
2017
2018
2021
2020
2021
2021
2021
2020
2025
2030
2012
2010
2006
2008
1988
1983
1978
1973
1968
1965
1967
1964
1959
1949
1932
1928
1927
1920
1919
1922
1921
1904
1909
1909
1905
1905
1913
1917
1922
1928
1935
1941
1947
1954
1959
1960
1963
1974
1982
1985
1989
1998
2028
2035
2044
2052
2060
2086
2094
2100
2109
2123
2131
2146
2154
2170
2170
2172
2170
2163
2154
2154
2156
2154
2127
2127
2115
2107
2098
2092
2081
2070
2021
2011
2009
1994
1957
1944
1936
1932
1922
1915
1915
1909
1905
1904
1907
1907
1902
1904
1902
1908
1912
1954
1962
1962
1968
1999
1998
2004
2015
2024
2012
2008
2006
2005
2003
2006
2008
2008
2024
2036
2040
2044
2063
2069
2070
2078
2085
2095
2093
2105
2110
2116
2116
2125
2132
2128
2132
2129
2123
2119
2113
2105
2108
2111
2096
2099
2104
2107
2103
2090
2084
2085
2074
2073
2076
2074
2058
2054
2057
2055
2052
2043
2043
2044
2047
2051
2050
2053
2054
2055
2058
2058
2055
2059
2061
2056
2054
2049
2040
2032
2033
2034
2027
2017
2013
2012
2003
1975
1967
1956
1951
1951
1946
1942
1942
1917
1914
1905
1904
1895
1890
1892
1898
1904
1905
1909
1911
1915
1918
1913
1920
1928
1939
1942
1951
1966
1995
2005
2015
2019
2056
2067
2072
2080
2081
2083
2085
2094
2097
2092
2093
2095
2100
2098
2093
2095
2096
2087
2088
2087
2085
2079
2067
2068
2068
2065
2060
2056
2048
2044
2027
2025
2023
2019
1998
1986
1985
1978
1965
1958
1959
1956
1960
1955
1955
1956
1955
1958
1957
1959
1955
1963
1964
1968
1972
1978
1981
1988
1987
1995
2013
2019
2025
2036
2047
2050
2057
2064
2090
2100
2111
2113
2134
2136
2138
2137
2144
2146
2143
2135
2134
2125
2125
2122
2116
2112
2102
2093
2085
2063
2060
2061
2055
2040
2033
2032
2031
2028
2013
2011
2006
2002
2000
2000
1998
1993
1990
1993
1989
1989
1982
1979
1983
1982
1983
1971
1969
1963
1968
1966
1966
1971
1974
1964
1966
1976
1983
1983
1991
1993
1992
1993
1992
1997
2002
2006
2005
2007
2008
2006
2012
2012
2018
2022
2033
2040
2043
2046
2045
2049
2050
2053
2061
2060
2059
2055
2053
2053
2052
2054
2055
2059
2063
2063
2064
2063
2051
2055
2053
2055
2049
2050
2053
2059
2045
2035
2032
2031
2031
2034
2033
2032
2031
2025
2021
2017
2013
2008
2006
2005
2010
1989
1983
1980
1979
1981
1970
1965
1964
1968
1971
1966
1965
1965
1967
1964
1964
1964
1956
1958
1964
1967
1986
1989
1994
2002
2010
2022
2027
2033
2039
2046
2051
2046
2051
2063
2069
2071
2075
2086
2091
2096
2102
2101
2087
2096
2088
2086
2092
2093
2101
2099
2097
2089
2084
2086
2088
2092
2086
2080
2075
2073
2074
2069
2065
2074
2070
2065
2069
2069
2066
2062
2062
2041
2040
2031
2028
2005
2010
2009
2004
2002
1980
1969
1968
1960
1951
1944
1942
1937
1926
1930
1932
1941
1875
1876
1923
2033
2129
2011
1917
1828
1746
1730
1780
1862
1953
2012
2048
2086
2134
2128
2081
2030
1991
2017
2033
2056
2073
2073
2066
2091
2118
2147
2149
2129
2117
2103
2077
2070
2076
2093
2032
2029
2027
2029
2036
2010
2001
2012
2038
2073
2093
2091
2065
1905
1911
1938
1964
2076
2088
2093
2084
1954
1845
1725
1675
1769
2032
2097
2039
1819
1646
1595
1495
1293
1058
1112
1114
1091
1188
1393
1473
1416
1473
1729
1816
1937
1947
1876
1813
1783
1781
1993
2159
2273
2410
3065
3222
3372
3458
3792
3817
3828
3896
4008
4088
4088
4089
4088
4091
4082
4088
4089
3832
3736
3638
3520
2802
2611
2439
2280
2115
1645
1499
1324
1143
956
769
597
472
132
122
112
109
106
109
113
119
122
137
141
147
152
164
190
231
304
726
914
1092
1249
1395
1551
1699
1829
1945
2196
2275
2346
2404
2453
2486
2513
2554
2590
2627
2595
2538
2477
2421
2362
2309
2280
2275
2297
2329
2360
2445
2447
2458
2475
2420
2396
2360
2328
2322
2387
2441
2501
2545
2557
2547
2534
2511
2548
2631
2729
2834
3048
3059
3053
3029
2997
2853
2792
2721
2640
2554
2465
2380
2299
1894
1781
1668
1558
1175
1097
1029
975
875
882
894
909
920
941
938
935
942
946
943
942
959
1133
1187
1242
1296
1504
1565
1633
1707
1796
2088
2165
2244
2328
2401
2454
2510
2565
2767
2817
2861
2901
3001
3008
3011
3006
3019
3014
3006
2996
2984
2957
2956
2957
2950
2934
2909
2882
2847
2681
2653
2633
2603
2431
2380
2328
2276
2217
2020
1963
1904
1848
1795
1746
1699
1665
1566
1534
1495
1448
1247
1209
1177
1152
1131
1053
1030
1007
994
984
973
970
974
986
1002
1024
1053
1086
1127
1175
1226
1282
1456
1520
1579
1633
1688
1743
1802
1863
1913
2058
2101
2156
2215
2279
2340
2390
2449
2671
2726
2785
2840
3043
3096
3140
3189
3237
3295
3285
3262
3233
3210
3175
3131
3088
2899
2847
2787
2728
2454
2376
2296
2223
1948
1886
1821
1759
1702
1511
1450
1395
1344
1293
1239
1191
1144
1002
980
966
960
955
970
991
1010
1039
1131
1172
1215
1257
1301
1347
1397
1444
1616
1658
1694
1734
1884
1923
1958
1989
2019
2090
2112
2129
2142
2165
2189
2200
2220
2324
2345
2368
2399
2473
2496
2519
2544
2617
2633
2645
2662
2675
2721
2732
2742
2752
2760
2767
2770
2776
2781
2784
2789
2794
2747
2729
2706
2672
2635
2478
2426
2371
2321
2269
2216
2166
2107
1901
1850
1802
1753
1597
1566
1532
1504
1481
1419
1398
1376
1365
1342
1330
1324
1323
1318
1314
1314
1316
1318
1323
1329
1339
1351
1394
1409
1427
1438
1455
1469
1487
1506
1528
1580
1592
1605
1625
1640
1654
1671
1693
1754
1775
1795
1816
1911
1941
1975
2010
2049
2173
2223
2269
2317
2375
2418
2453
2497
2653
2689
2722
2752
2862
2883
2903
2920
2919
2907
2890
2876
2865
2785
2749
2718
2677
2641
2607
2567
2528
2353
2307
2260
2218
2036
1991
1948
1903
1858
1743
1708
1671
1638
1605
1571
1547
1521
1453
1443
1434
1426
1426
1428
1435
1451
1500
1517
1539
1557
1569
1621
1646
1674
1697
1723
1746
1775
1808
1924
1953
1985
2013
2116
2138
2157
2182
2203
2248
2253
2263
2272
2279
2286
2291
2293
2314
2314
2311
2321
2307
2299
2297
2297
2289
2257
2244
2224
2202
2187
2171
2156
2135
2045
2029
2022
2012
1967
1955
1948
1941
1936
1936
1938
1940
1943
1948
1949
1952
1951
1946
1935
1931
1925
1913
1912
1909
1906
1884
1885
1886
1882
1878
1864
1863
1859
1857
1858
1853
1853
1858
1856
1862
1867
1867
1880
1886
1894
1900
1939
1952
1968
1983
1994
2027
2044
2064
2085
2102
2116
2138
2155
2211
2224
2236
2246
2283
2293
2296
2300
2301
2286
2282
2278
2277
2271
2261
2250
2247
2222
2215
2208
2203
2183
2180
2172
2160
2152
2134
2120
2109
2104
2097
2091
2080
2074
2034
2029
2023
2020
1963
1954
1949
1940
1893
1885
1875
1869
1865
1835
1826
1819
1811
1800
1792
1782
1781
1776
1776
1776
1772
1789
1795
1803
1824
1836
1894
1917
1935
1958
1981
2000
2018
2037
2112
2129
2149
2170
2227
2233
2241
2251
2288
2295
2298
2300
2301
2301
2297
2293
2289
2276
2262
2255
2239
2171
2144
2120
2102
2033
2015
2002
1992
1978
1944
1936
1929
1915
1903
1894
1890
1883
1849
1850
1854
1853
1831
1831
1831
1836
1838
1834
1830
1825
1821
1824
1820
1827
1824
1824
1826
1829
1834
1854
1869
1873
1881
1911
1915
1923
1931
1952
1976
1987
2002
2013
2025
2040
2051
2064
2103
2118
2120
2125
2160
2172
2176
2178
2189
2194
2201
2206
2209
2214
2212
2209
2201
2198
2197
2201
2196
2164
2163
2161
2156
2140
2136
2128
2123
2120
2102
2090
2085
2085
2084
2081
2081
2076
2056
2055
2051
2051
2044
2037
2034
2031
2032
2024
2022
2019
2017
2014
2004
1996
1988
1954
1941
1924
1913
1884
1882
1880
1879
1881
1894
1899
1906
1920
1929
1936
1943
1947
1971
1973
1982
1990
2014
2021
2038
2056
2069
2067
2063
2062
2067
2073
2074
2076
2075
2073
2073
2068
2062
2052
2047
2046
2044
2030
2024
2018
2018
2021
2011
2010
2004
2005
2009
2018
2026
2033
2033
2021
2012
2038
2067
2059
2046
2037
2050
2032
2029
2031
2025
2026
2032
2029
2028
2029
2024
2018
2007
2003
1991
1997
2004
1987
1997
1996
2000
2012
2021
2033
2044
2048
2042
2032
2026
2016
2004
1994
1989
1982
1979
1968
1963
1955
1958
1967
1976
1975
1971
1962
1959
1948
1931
1891
1885
1890
1881
1887
1890
1892
1896
1922
1936
1944
1953
1959
1981
1983
1971
1951
1924
1892
1864
1829
1697
1666
1631
1597
1454
1422
1397
1369
1354
1315
1313
1315
1315
1318
1323
1322
1332
1299
1356
1554
1646
1877
1867
1884
1902
2186
2279
2400
2513
2626
3071
3196
3350
3546
3766
3981
4090
4088
4089
4090
4088
4089
4090
4089
4089
4085
4088
4089
4089
4088
4089
4090
4089
4089
4088
4088
4063
3941
3763
2753
2453
2156
1876
1608
862
612
347
128
95
85
80
75
67
65
65
64
63
64
63
64
64
68
68
69
72
73
77
78
81
91
94
103
112
126
152
198
273
374
751
870
990
1116
1241
1375
1520
1683
1846
2363
2525
2667
2793
2895
2982
3053
3112
3277
3302
3317
3303
3081
3003
2930
2868
2806
2840
2889
2953
3020
3167
3202
3230
3267
3299
3317
3320
3321
3191
3127
3068
2995
2746
2711
2685
2669
2670
2660
2645
2617
2590
2551
2511
2471
2431
2233
2165
2085
1985
1466
1328
1181
1043
900
496
370
247
153
126
119
116
115
116
118
120
129
175
207
256
318
689
790
893
995
1102
1459
1590
1720
1858
2002
2140
2282
2421
2961
3112
3257
3406
3970
4073
4091
4087
4089
4089
4090
4091
4089
4090
4090
4089
4091
4046
3961
3855
3733
3197
3064
2939
2818
2705
2382
2293
2204
2124
2047
1973
1911
1854
1668
1597
1522
1453
1378
1310
1246
1190
1131
983
938
895
845
790
730
685
648
625
593
596
592
598
605
609
607
601
604
623
649
671
795
836
893
951
1009
1197
1275
1359
1448
1541
1638
1739
1859
2362
2477
2601
2723
3139
3224
3297
3361
3503
3523
3542
3548
3559
3539
3535
3519
3494
3467
3441
3407
3358
3120
3043
2963
2880
2460
2349
2236
2131
2026
1696
1599
1497
1399
1308
1225
1153
1093
917
901
890
892
927
939
953
977
1071
1095
1120
1147
1163
1217
1231
1246
1260
1280
1304
1329
1354
1478
1514
1543
1578
1731
1777
1823
1873
1927
2079
2124
2162
2203
2247
2292
2335
2369
2462
2472
2478
2485
2504
2512
2525
2543
2652
2687
2729
2758
2788
2877
2901
2922
2950
2968
2976
2984
2983
2958
2938
2913
2882
2749
2717
2692
2667
2635
2531
2498
2463
2429
2398
2365
2327
2286
2134
2084
2034
1985
1746
1689
1637
1592
1420
1386
1354
1321
1292
1224
1211
1200
1199
1199
1200
1195
1197
1199
1203
1208
1218
1271
1288
1306
1320
1339
1407
1427
1450
1473
1509
1543
1574
1609
1790
1833
1879
1924
2086
2129
2172
2213
2361
2395
2417
2436
2461
2499
2510
2522
2539
2559
2578
2598
2611
2670
2686
2695
2700
2720
2723
2719
2709
2700
2660
2645
2632
2617
2597
2568
2536
2503
2382
2357
2328
2297
2173
2144
2118
2092
2074
1993
1959
1930
1897
1868
1841
1814
1787
1697
1672
1649
1632
1554
1533
1517
1504
1480
1487
1506
1529
1546
1615
1643
1669
1701
1724
1742
1766
1803
1913
1939
1963
1980
2032
2034
2035
2037
2035
2021
2015
2006
1998
1996
1987
1987
1986
1947
1936
1928
1919
1888
1881
1870
1861
1862
1873
1889
1893
1900
1949
1968
1987
2012
2037
2055
2079
2110
2177
2221
2250
2279
2344
2330
2319
2306
2300
2329
2337
2344
2347
2335
2320
2311
2310
2293
2280
2256
2233
2155
2141
2114
2084
2066
2008
1980
1967
1960
1946
1929
1911
1893
1829
1818
1818
1828
1866
1878
1889
1889
1879
1874
1876
1881
1883
1906
1910
1906
1907
1911
1911
1906
1912
1903
1903
1898
1904
1948
1973
1994
2015
2026
2042
2038
2043
2053
2058
2067
2072
2078
2086
2091
2091
2087
2062
2060
2053
2041
2029
2026
2038
2048
2056
2077
2092
2098
2108
2116
2121
2139
2150
2177
2176
2183
2193
2210
2202
2195
2188
2185
2173
2159
2154
2150
2133
2130
2121
2117
2121
2126
2129
2121
2108
2077
2071
2068
2071
2074
2082
2084
2081
2078
2077
2078
2078
2061
2035
2039
2041
2047
2050
2052
2056
2061
2066
2074
2085
2088
2073
2069
2073
2073
2076
2053
2038
2036
2024
2013
2007
1993
1983
1923
1906
1885
1870
1816
1807
1800
1793
1787
1749
1739
1728
1725
1722
1723
1721
1724
1737
1743
1752
1768
1807
1812
1824
1832
1883
1894
1906
1923
1936
1984
1991
2001
2011
2024
2039
2048
2054
2076
2084
2084
2084
2074
2074
2079
2073
2069
2076
2083
2098
2109
2120
2124
2119
2119
2182
2212
2240
2271
2310
2300
2291
2286
2272
2276
2277
2265
2240
2312
2241
2219
2240
2230
2191
2184
2204
2159
2170
2170
2152
2060
2058
2080
2075
2042
2022
2001
1977
1961
1949
1927
1906
1898
1898
1891
1885
1882
1829
1808
1786
1769
1762
1756
1762
1759
1747
1730
1727
1726
1730
1728
1742
1756
1774
1836
1839
1860
1892
1988
2014
2046
2081
2114
2183
2209
2236
2264
2287
2323
2367
2398
2453
2453
2455
2463
2458
2447
2438
2430
2418
2340
2301
2277
2254
2226
2209
2196
2175
2077
2053
2032
2007
1915
1895
1879
1863
1795
1777
1750
1722
1698
1617
1589
1564
1539
1511
1486
1463
1450
1367
1333
1295
1259
1054
998
945
890
841
718
693
674
660
643
623
615
613
642
657
675
703
957
1055
1159
1280
1414
1870
2037
2211
2401
2590
2790
2990
3192
4004
4089
4089
4089
4089
4089
4091
4088
4087
4087
4089
4090
4088
4088
4090
4088
4089
4087
4090
4089
4088
4089
4091
4089
4089
4089
4089
4009
3819
3601
2834
2552
2279
1984
1695
1474
1293
1081
169
102
90
88
73
73
68
69
66
64
64
65
62
63
63
64
64
66
66
68
69
71
73
75
82
86
101
109
120
134
161
219
326
483
674
1184
1353
1511
1668
1810
1947
2086
2224
2693
2787
2864
2915
3078
3115
3163
3207
3365
3386
3406
3412
3406
3332
3302
3269
3223
3198
3186
3197
3219
3350
3353
3346
3330
3187
3146
3103
3059
3021
2860
2798
2712
2612
2513
2421
2328
2253
2035
1995
1957
1919
1728
1683
1639
1594
1418
1370
1312
1255
1197
1008
947
888
841
798
754
704
645
355
287
234
204
226
266
321
374
439
658
742
834
951
1074
1199
1344
1480
2066
2191
2302
2409
2799
2899
3001
3107
3208
3474
3546
3606
3649
3691
3741
3795
3846
4037
4082
4091
4089
4088
4089
4089
4090
4086
4081
4058
4022
3981
3940
3895
3838
3776
3708
3432
3314
3194
3077
2955
2824
2696
2551
1963
1816
1667
1532
1020
898
788
677
581
311
233
181
154
148
143
144
145
155
163
170
185
260
298
350
411
752
849
947
1039
1133
1446
1543
1643
1746
1849
1952
2063
2171
2595
2687
2781
2865
3161
3229
3291
3348
3403
3518
3539
3547
3540
3530
3502
3465
3422
3239
3191
3140
3090
2860
2804
2736
2672
2596
2357
2270
2186
2102
2012
1916
1832
1746
1502
1427
1354
1283
1221
1166
1109
1055
1003
881
854
829
813
797
788
791
794
806
877
908
944
983
1023
1074
1123
1172
1374
1419
1461
1503
1671
1699
1731
1761
1788
1857
1884
1903
1923
1939
1948
1954
1966
2052
2085
2118
2156
2295
2321
2357
2396
2505
2528
2554
2583
2599
2639
2647
2662
2673
2679
2695
2707
2719
2740
2741
2740
2729
2682
2666
2650
2631
2617
2591
2588
2585
2578
2573
2576
2574
2575
2542
2540
2534
2524
2444
2424
2394
2371
2248
2205
2157
2116
2070
1920
1870
1816
1762
1712
1665
1616
1573
1394
1352
1311
1276
1155
1132
1118
1101
1088
1072
1072
1069
1074
1078
1088
1104
1119
1185
1208
1242
1267
1406
1441
1479
1520
1711
1762
1814
1863
1910
2064
2118
2163
2209
2254
2300
2345
2393
2565
2601
2630
2667
2780
2804
2827
2845
2863
2884
2888
2886
2881
2874
2859
2839
2822
2736
2715
2697
2668
2524
2487
2453
2418
2377
2254
2218
2176
2148
2120
2087
2060
2034
1938
1915
1895
1879
1834
1828
1826
1820
1816
1810
1806
1807
1798
1794
1787
1781
1776
1767
1761
1756
1752
1755
1759
1759
1759
1758
1759
1763
1768
1770
1771
1771
1779
1786
1789
1807
1816
1826
1832
1838
1841
1848
1854
1884
1894
1898
1907
1914
1923
1929
1930
1930
1925
1924
1915
1910
1905
1904
1896
1894
1892
1883
1889
1895
1903
1909
1921
1930
1943
2005
2023
2042
2064
2148
2163
2186
2216
2235
2294
2312
2323
2336
2345
2358
2375
2380
2407
2412
2411
2407
2373
2362
2351
2339
2276
2256
2236
2215
2197
2122
2095
2069
2045
2016
1986
1964
1935
1812
1781
1754
1721
1621
1601
1587
1575
1567
1527
1516
1511
1512
1515
1515
1521
1522
1531
1537
1553
1574
1648
1668
1687
1706
1806
1834
1861
1883
1913
2013
2045
2073
2096
2125
2155
2190
2222
2327
2349
2369
2386
2439
2448
2452
2465
2470
2467
2460
2450
2446
2408
2398
2390
2377
2367
2356
2342
2331
2268
2260
2246
2236
2190
2170
2157
2150
2137
2082
2070
2061
2048
2033
2016
2004
1986
1936
1927
1920
1907
1869
1859
1855
1853
1846
1847
1844
1842
1848
1861
1863
1870
1881
1890
1901
1912
1918
1959
1974
1985
1990
2019
2026
2036
2045
2054
2074
2074
2066
2055
2058
2058
2057
2056
2048
2048
2052
2058
2057
2066
2070
2063
2054
2016
2013
2007
2004
2005
2013
2017
2029
2056
2050
2049
2046
2023
2025
2023
2017
2010
1980
1974
1966
1966
1967
1966
1964
1963
1976
1982
1980
1979
1971
1969
1970
1971
1972
1965
1962
1958
1943
1932
1927
1918
1911
1881
1885
1885
1878
1820
1807
1800
1800
1828
1843
1862
1877
1883
1883
1892
1905
1922
2001
2027
2051
2074
2088
2101
2110
2124
2163
2186
2210
2232
2286
2302
2313
2318
2325
2347
2356
2365
2372
2372
2371
2373
2371
2332
2315
2308
2301
2270
2263
2252
2235
2211
2098
2064
2041
2025
2006
1999
1993
1983
1925
1905
1879
1857
1841
1833
1834
1827
1825
1793
1791
1777
1757
1743
1732
1721
1708
1698
1668
1650
1635
1621
1610
1596
1573
1555
1481
1462
1439
1415
1317
1286
1249
1201
1154
1022
980
943
924
906
888
882
890
1017
1067
1115
1167
1217
1273
1460
1522
1587
1654
1729
1807
1895
1997
2114
2521
2683
2845
3011
3175
3338
3504
3671
4088
4089
4090
4087
4088
4089
4088
4089
4090
4089
4089
4088
4088
4087
4088
4088
4090
4088
4088
4089
4089
4090
4091
4090
4087
4088
4089
4090
4090
4089
3587
3371
3135
2880
1885
1643
1409
1179
262
116
99
90
84
73
72
69
69
67
66
63
64
61
60
59
57
58
59
60
59
58
59
60
60
60
65
65
67
70
71
73
73
73
78
87
91
97
105
118
132
161
216
323
824
1002
1173
1340
1508
1681
1867
2049
2594
2758
2909
3043
3171
3287
3398
3507
3613
3917
4028
4088
4090
4088
4088
4087
4089
4087
4088
4088
4091
4089
4090
4089
4089
4088
4087
4062
4011
3948
3725
3667
3606
3533
3195
3102
3007
2908
2808
2462
2346
2225
2103
1984
1853
1724
1594
1093
973
862
751
354
280
207
155
136
122
116
114
114
111
109
110
109
112
121
123
132
218
266
333
416
882
1014
1147
1280
1409
1785
1920
2058
2202
2348
2496
2651
2802
3373
3503
3629
3746
4089
4089
4089
4089
4090
4090
4089
4089
4087
4089
4088
4089
4087
4089
4089
4089
4089
4077
4015
3921
3813
3284
3132
2974
2803
2631
2110
1941
1782
1634
1483
1336
1196
1057
515
391
275
171
112
112
109
107
104
105
105
105
109
111
113
115
119
143
154
177
207
494
596
712
836
1307
1415
1522
1630
1733
2043
2140
2233
2327
2425
2506
2576
2634
2908
2968
3041
3130
3358
3392
3403
3397
3403
3350
3338
3318
3296
3264
3230
3192
3145
2900
2838
2778
2713
2432
2356
2274
2195
1869
1807
1747
1693
1643
1478
1424
1372
1328
1285
1250
1214
1179
1086
1085
1093
1101
1082
1070
1045
1024
1012
984
978
980
982
985
990
993
996
1118
1160
1198
1237
1406
1455
1512
1568
1806
1872
1938
2001
2066
2247
2306
2377
2439
2506
2572
2642
2704
2896
2939
2982
3022
3158
3196
3227
3252
3278
3324
3335
3343
3348
3338
3337
3331
3317
3268
3251
3227
3200
3174
3149
3124
3091
3048
2936
2905
2867
2826
2784
2741
2688
2642
2597
2448
2401
2342
2272
2205
2153
2092
2028
1758
1685
1626
1565
1339
1288
1250
1198
1154
1008
965
925
888
859
844
828
812
790
778
764
762
760
764
769
782
805
902
937
969
1009
1072
1153
1218
1285
1379
1637
1681
1732
1773
1800
1833
1893
1962
2197
2241
2282
2328
2495
2546
2603
2645
2784
2792
2810
2822
2831
2845
2858
2868
2872
2878
2871
2861
2857
2754
2738
2723
2690
2585
2566
2550
2540
2534
2452
2420
2391
2340
2285
2233
2191
2153
2009
1969
1923
1878
1755
1751
1748
1741
1649
1628
1612
1602
1597
1558
1539
1517
1499
1491
1490
1488
1488
1544
1583
1617
1641
1706
1719
1735
1747
1758
1798
1819
1837
1863
1885
1911
1940
1962
2027
2047
2075
2095
2113
2110
2110
2106
2100
2089
2083
2080
2085
2115
2119
2124
2116
2108
2094
2099
2109
2156
2160
2160
2158
2178
2178
2189
2200
2212
2248
2260
2272
2281
2284
2277
2264
2253
2210
2207
2200
2191
2191
2196
2197
2194
2185
2101
2065
2025
1992
1959
1932
1905
1890
1876
1815
1807
1792
1788
1783
1779
1773
1783
1811
1818
1826
1831
1814
1819
1819
1825
1837
1840
1849
1855
1866
1872
1865
1858
1857
1855
1850
1849
1852
1876
1879
1882
1874
1908
1930
1953
1977
2004
2071
2083
2094
2104
2116
2130
2145
2162
2223
2235
2246
2246
2246
2244
2242
2235
2233
2226
2232
2233
2230
2225
2224
2218
2210
2205
2195
2179
2168
2160
2153
2150
2150
2145
2109
2094
2075
2060
2026
2024
2033
2047
2072
2086
2089
2094
2102
2104
2106
2106
2098
2091
2079
2067
2057
2012
2006
2004
1998
2010
2017
2018
2019
2021
2020
2016
2012
2013
2016
2019
2020
2023
2023
2018
2012
2016
2036
2050
2068
2082
2101
2127
2142
2152
2166
2177
2191
2210
2221
2245
2248
2242
2239
2236
2232
2221
2212
2195
2171
2151
2133
2118
2107
2090
2076
2055
2038
1974
1953
1931
1915
1899
1879
1858
1841
1778
1768
1761
1758
1732
1731
1736
1744
1767
1776
1736
1679
1643
1617
1618
1633
1667
1803
1851
1875
1888
1892
1884
1878
1867
1857
1914
1944
1967
1993
2008
2006
1983
1956
1926
1881
1887
1887
1882
1884
1888
1882
1873
1902
1932
1959
1987
2058
2078
2090
2097
2103
2119
2130
2149
2180
2263
2284
2300
2303
2297
2290
2282
2280
2319
2336
2353
2375
2415
2403
2382
2347
2308
2239
2246
2261
2280
2293
2290
2275
2257
2211
2206
2200
2195
2138
2123
2109
2103
2090
2085
2073
2067
2071
2065
2067
2074
2071
2064
2063
2061
2049
2002
1988
1975
1954
1863
1831
1801
1780
1761
1733
1732
1729
1727
1709
1689
1662
1642
1619
1626
1638
1658
1745
1749
1754
1752
1760
1769
1782
1798
1810
1856
1871
1887
1902
1916
1932
1959
1982
2037
2042
2044
2051
2087
2091
2098
2100
2097
2056
2040
2032
2029
2018
2008
2006
2006
1963
1951
1936
1917
1832
1795
1762
1725
1519
1473
1427
1381
1336
1185
1148
1121
1104
1099
1100
1109
1127
1267
1321
1369
1423
1704
1782
1864
1943
2031
2292
2383
2465
2551
2631
2703
2780
2859
3178
3298
3415
3485
3537
3490
3459
3466
3651
3719
3750
3806
3877
3858
3884
3888
3947
4017
4062
4089
4088
4089
4089
4088
4090
4089
4090
4090
4083
4083
3783
3638
3469
3313
3157
2977
2786
2612
1916
1730
1562
1362
579
414
279
172
131
110
106
100
94
92
91
91
91
87
87
87
88
86
88
86
86
84
81
80
81
84
84
83
83
85
86
90
91
92
95
95
98
100
101
119
128
142
163
178
212
261
338
435
789
940
1101
1276
1458
1644
1832
2028
2218
2731
2881
3013
3147
3281
3405
3499
3575
3706
3726
3746
3768
3805
3806
3792
3758
3730
3603
3561
3514
3465
3439
3433
3417
3412
3367
3344
3318
3275
3122
3079
3034
2993
2770
2706
2642
2555
2467
2222
2121
2026
1933
1850
1763
1685
1607
1273
1188
1094
996
602
526
462
413
282
263
250
244
247
327
377
438
510
571
632
701
776
1144
1264
1380
1507
2047
2183
2320
2456
2601
2939
3036
3126
3208
3283
3341
3393
3436
3498
3517
3538
3554
3565
3581
3595
3616
3638
3660
3663
3661
3646
3630
3619
3602
3577
3542
3419
3372
3323
3271
3209
3147
3092
3028
2759
2686
2617
2535
2190
2105
2025
1943
1594
1510
1435
1354
1281
1066
1003
939
874
819
764
720
676
578
556
542
544
624
658
696
740
786
910
949
985
1029
1074
1120
1162
1218
1436
1485
1533
1580
1790
1838
1887
1943
2003
2151
2198
2241
2282
2322
2352
2387
2427
2562
2590
2620
2639
2686
2695
2700
2691
2648
2628
2610
2595
2574
2489
2458
2422
2389
2357
2325
2292
2260
2113
2088
2058
2019
1885
1866
1847
1830
1821
1766
1748
1726
1705
1684
1664
1642
1619
1578
1554
1531
1510
1481
1456
1428
1407
1386
1346
1339
1340
1344
1354
1362
1371
1381
1392
1442
1466
1486
1514
1545
1575
1604
1639
1796
1836
1885
1929
2110
2168
2226
2275
2319
2437
2474
2499
2518
2543
2565
2586
2614
2706
2724
2744
2758
2810
2818
2817
2825
2839
2832
2832
2831
2830
2797
2785
2779
2768
2755
2738
2730
2713
2626
2607
2588
2561
2433
2398
2355
2312
2275
2128
2082
2034
1984
1937
1887
1834
1783
1568
1519
1473
1433
1306
1285
1267
1258
1232
1228
1224
1225
1231
1258
1270
1289
1304
1325
1347
1368
1384
1465
1492
1515
1539
1651
1676
1706
1735
1768
1858
1888
1911
1937
1959
1979
1999
2025
2128
2148
2168
2183
2244
2259
2276
2292
2359
2382
2406
2419
2431
2470
2487
2497
2505
2514
2523
2530
2540
2549
2550
2548
2542
2519
2516
2509
2493
2484
2449
2435
2413
2393
2371
2360
2348
2333
2251
2236
2222
2205
2121
2103
2086
2063
2049
1996
1976
1958
1935
1913
1894
1878
1857
1792
1772
1755
1742
1728
1714
1705
1699
1689
1673
1666
1663
1654
1644
1642
1644
1642
1639
1611
1607
1608
1608
1608
1606
1609
1607
1603
1607
1614
1623
1655
1668
1683
1698
1765
1787
1810
1832
1852
1911
1935
1951
1969
1989
2010
2039
2059
2157
2176
2201
2230
2311
2329
2341
2350
2371
2399
2404
2412
2419
2424
2425
2428
2425
2400
2395
2383
2370
2321
2304
2286
2268
2249
2211
2198
2179
2165
2147
2131
2111
2093
2046
2028
2012
1998
1941
1919
1904
1886
1809
1791
1779
1768
1759
1735
1727
1715
1703
1694
1683
1677
1674
1664
1671
1677
1685
1719
1723
1738
1750
1770
1822
1835
1848
1869
1889
1906
1929
1953
2022
2042
2059
2076
2133
2149
2164
2174
2237
2243
2251
2259
2271
2302
2311
2312
2312
2312
2317
2321
2320
2321
2319
2315
2312
2317
2313
2312
2309
2309
2296
2292
2284
2282
2272
2257
2245
2234
2192
2182
2168
2152
2090
2081
2065
2055
2041
2003
1988
1973
1956
1945
1933
1927
1912
1866
1856
1845
1839
1830
1824
1819
1817
1815
1806
1796
1794
1790
1789
1791
1794
1798
1803
1799
1805
1811
1823
1837
1846
1858
1873
1914
1917
1922
1931
1979
1989
2002
2017
2065
2074
2083
2089
2098
2112
2113
2115
2115
2121
2122
2135
2143
2160
2159
2157
2155
2137
2126
2116
2109
2104
2092
2087
2069
2051
2043
2033
2024
2014
1968
1960
1943
1933
1902
1891
1880
1873
1864
1839
1838
1838
1838
1834
1822
1813
1812
1797
1793
1792
1790
1798
1799
1809
1814
1846
1851
1864
1875
1891
1936
1955
1968
1984
2006
2028
2052
2070
2142
2158
2176
2191
2251
2262
2279
2292
2309
2340
2354
2371
2373
2378
2374
2371
2377
2363
2359
2357
2355
2313
2305
2286
2280
2247
2236
2220
2210
2197
2166
2143
2126
2114
2098
2083
2075
2067
2021
2004
1988
1979
1948
1936
1926
1918
1913
1893
1886
1877
1867
1869
1865
1868
1876
1899
1860
1801
1749
1722
1717
1712
1714
1783
1812
1848
1875
1901
1944
1963
1989
2022
2040
2056
2057
2053
1988
1969
1962
1958
1937
1952
1964
1968
1974
1970
1960
1948
1930
1924
1922
1938
1964
2042
2063
2080
2094
2108
2108
2110
2115
2125
2143
2143
2136
2129
2125
2130
2138
2142
2101
2076
2054
2043
1951
1926
1910
1901
1844
1857
1866
1871
1885
1898
1898
1893
1883
1862
1835
1807
1784
1675
1640
1609
1577
1504
1507
1517
1525
1505
1492
1470
1452
1443
1433
1424
1416
1413
1409
1414
1428
1454
1571
1607
1664
1725
1777
1810
1868
1914
1934
2016
2034
2072
2147
2239
2333
2439
2558
3001
3130
3265
3411
3998
4064
4090
4089
4029
3983
3940
3921
3937
4079
4088
4090
4090
4090
4090
4089
4089
4087
4090
4089
4088
4092
4091
4073
3956
3782
3088
2852
2630
2407
2180
1948
1734
1533
851
709
585
479
142
128
117
111
105
91
85
84
80
78
75
74
75
73
72
71
74
71
73
74
73
74
76
78
76
76
75
77
80
81
83
92
98
103
116
133
165
227
335
972
1117
1256
1384
1896
2010
2122
2234
2680
2814
2950
3093
3243
3661
3788
3900
3989
4067
4090
4088
4088
4087
4065
4028
3982
3796
3739
3677
3616
3561
3401
3357
3319
3292
3274
3254
3238
3222
3086
3037
2985
2925
2529
2428
2368
2364
1957
1809
1640
1387
1183
1150
1157
1135
1132
1162
1143
1077
986
807
737
681
615
235
229
219
156
124
177
212
279
352
439
551
627
637
674
822
968
1110
1246
1396
1597
1754
1812
1849
2145
2278
2378
2466
2582
2726
2845
2885
3147
3261
3344
3444
3544
3600
3600
3562
3702
3732
3737
3747
3693
3681
3643
3562
3391
3321
3276
3213
3089
2914
2905
2880
2876
2889
2874
2810
2701
2346
2252
2105
1955
1610
1497
1408
1341
1270
1022
973
977
988
971
907
809
713
603
626
625
592
415
388
389
420
528
575
668
769
849
1175
1308
1398
1458
1515
1584
1634
1683
1989
2114
2266
2421
2840
2910
2979
3054
3119
3233
3251
3246
3234
3239
3253
3263
3262
3230
3210
3192
3153
3100
3062
3033
2986
2913
2664
2590
2534
2488
2428
2371
2329
2279
2215
2066
2035
2005
1972
1921
1854
1780
1727
1556
1521
1476
1418
1207
1159
1130
1132
1145
1185
1197
1193
1181
1168
1169
1164
1150
1206
1205
1202
1204
1091
1068
1061
1082
1305
1354
1391
1435
1493
1698
1781
1867
1953
2040
2127
2196
2261
2431
2462
2502
2560
2680
2689
2700
2722
2740
2774
2798
2830
2866
2914
2949
2980
3018
3086
3073
3057
3034
2963
2966
2963
2944
2756
2713
2675
2642
2616
2595
2591
2571
2549
2536
2514
2494
2458
2216
2136
2050
1964
1685
1621
1557
1502
1444
1306
1255
1218
1176
1128
1083
1042
1006
905
886
867
856
863
886
917
954
1104
1141
1186
1245
1319
1553
1622
1680
1736
1772
1799
1819
1842
1944
1979
2015
2055
2206
2240
2278
2310
2344
2477
2527
2579
2621
2661
2690
2710
2724
2719
2711
2695
2684
2645
2646
2658
2661
2725
2743
2754
2765
2776
2809
2805
2791
2781
2757
2726
2690
2640
2430
2368
2310
2253
2049
2009
1974
1949
1926
1858
1840
1825
1819
1809
1789
1769
1753
1675
1655
1639
1631
1612
1608
1605
1605
1648
1670
1691
1721
1750
1824
1846
1870
1896
1909
1918
1918
1916
1890
1891
1900
1902
1922
1929
1942
1949
1954
1942
1938
1937
1941
1947
1942
1944
1950
1921
1907
1901
1898
1918
1932
1950
1971
2054
2071
2088
2103
2111
2142
2147
2141
2143
2142
2134
2130
2127
2127
2128
2122
2124
2117
2112
2104
2100
2099
2086
2076
2065
2053
2034
2015
1995
1969
1916
1904
1894
1895
1918
1927
1932
1942
1947
1945
1943
1941
1939
1936
1937
1936
1935
1932
1918
1909
1899
1863
1868
1871
1879
1901
1911
1917
1924
1933
1958
1965
1970
1976
1972
1980
1978
1977
1959
1957
1964
1968
2012
2028
2041
2052
2065
2090
2097
2101
2113
2126
2135
2141
2148
2145
2139
2137
2135
2138
2134
2123
2120
2122
2123
2122
2125
2134
2143
2145
2144
2141
2142
2141
2144
2138
2141
2139
2143
2144
2129
2124
2122
2116
2112
2107
2106
2108
2111
2105
2105
2107
2109
2102
2099
2096
2086
2040
2031
2024
2018
1987
1970
1959
1957
1957
1953
1957
1960
1956
1961
1968
1965
1969
2004
2023
2042
2053
2097
2097
2105
2111
2117
2122
2119
2115
2110
2103
2101
2094
2090
2070
2076
2084
2089
2082
2076
2073
2070
2039
2026
2027
2027
2024
2017
2007
1995
1985
1980
1970
1962
1949
1902
1891
1886
1881
1878
1876
1870
1869
1873
1879
1880
1881
1887
1890
1888
1888
1885
1883
1884
1885
1880
1880
1878
1878
1871
1872
1882
1882
1880
1884
1896
1894
1893
1898
1917
1918
1923
1928
1962
1981
1992
2000
2058
2073
2084
2103
2118
2159
2176
2188
2202
2213
2224
2241
2251
2280
2290
2294
2295
2289
2287
2282
2281
2272
2256
2251
2246
2241
2236
2233
2227
2218
2199
2197
2192
2188
2182
2169
2155
2139
2123
2085
2076
2063
2054
2043
2035
2024
2011
2001
1989
1984
1977
1969
1965
1961
1955
1949
1914
1907
1906
1898
1874
1866
1863
1863
1866
1852
1844
1836
1839
1836
1832
1824
1827
1881
1891
1883
1867
1837
1794
1746
1703
1667
1688
1734
1790
1849
1900
1947
1978
1995
2009
2065
2072
2081
2105
2133
2164
2189
2211
2223
2206
2182
2164
2165
2180
2197
2207
2209
2160
2133
2110
2090
2074
2066
2060
2069
2105
2104
2092
2076
2027
2021
2016
2022
2039
2033
2019
1997
1978
1950
1961
1979
2001
2021
2042
2058
2067
1928
1881
1843
1814
1861
1889
1913
1928
1944
1932
1917
1906
1894
1876
1858
1841
1824
1699
1660
1604
1550
1322
1281
1241
1211
1129
1129
1130
1140
1151
1203
1243
1285
1337
1389
1441
1496
1556
1772
1849
1951
2056
2341
2288
2219
2204
2180
2055
2090
2133
2200
2293
2396
2522
2666
3059
3182
3279
3361
3466
3599
3715
3815
3931
4088
4088
4088
4089
4092
4089
4089
4087
4088
4089
4088
4086
4087
4091
4088
4089
4089
4020
3938
3836
3721
3175
3012
2846
2682
2495
1918
1727
1535
1360
1206
1063