1834
1839
1843
1855
1856
1861
1862
1863
1870
1872
1877
1899
1906
1923
1934
1958
1963
1975
1981
2013
2026
2041
2049
2052
2076
2078
2084
2094
2099
2108
2115
2117
2122
2117
2120
2123
2122
2122
2124
2116
2112
2107
2096
2086
2083
2081
2075
2074
2071
2057
2056
2056
2057
2042
2037
2038
2039
2022
2017
2011
2006
2011
1975
1962
1957
1948
1948
1943
1941
1940
1918
1921
1922
1919
1927
1924
1926
1928
1930
1923
1921
1926
1927
1927
1930
1931
1931
1938
1943
1950
1951
1975
1983
1991
2000
2029
2032
2039
2043
2056
2068
2073
2075
2082
2091
2097
2102
2097
2093
2091
2093
2094
2084
2077
2080
2087
2093
2081
2082
2087
2094
2093
2092
2096
2102
2113
2113
2118
2121
2113
2108
2104
2111
2089
2082
2082
2075
2064
2057
2053
2039
2040
2039
2042
2043
2044
2035
2033
2027
2015
1989
1983
1977
1973
1974
1975
1975
1972
1962
1961
1957
1954
1957
1959
1962
1959
1960
1956
1955
1957
1962
1986
1988
1988
1989
1991
2000
2003
2013
2024
2025
2029
2030
2042
2050
2052
2049
2055
2074
2077
2083
2085
2090
2089
2087
2082
2084
2086
2090
2091
2092
2086
2077
2071
2065
2058
2056
2060
2059
2056
2051
2045
2040
2037
2010
2009
2008
2004
1998
1997
1997
1990
1967
1967
1964
1960
1951
1951
1953
1950
1959
1957
1962
1959
1952
1949
1948
1948
1950
1947
1942
1937
1935
1960
1962
1963
1965
1973
1980
1992
1995
2003
2018
2026
2035
2049
2052
2053
2056
2063
2073
2076
2084
2089
2096
2092
2091
2096
2093
2097
2098
2094
2090
2095
2098
2094
2091
2096
2101
2099
2101
2087
2086
2084
2080
2074
2069
2062
2059
2063
2063
2060
2052
2044
2039
2039
2035
2030
2029
2028
2030
2024
2000
1995
1988
1983
1993
1991
1989
1998
1997
1968
1970
1973
1982
1981
1981
1982
1984
1980
1984
1991
1993
1994
2000
2000
1974
1927
1770
1769
1796
1841
1883
1916
1946
1977
2065
2079
2085
2087
2094
2103
2132
2178
2269
2267
2261
2242
2227
2183
2184
2177
2168
2162
2157
2155
2159
2109
2094
2079
2071
2054
2052
2043
2028
2013
1956
1942
1932
1921
1909
1887
1879
1877
1871
1867
1864
1865
1924
1939
1946
1951
1901
1895
1889
1886
1891
1938
1958
1974
1995
2007
2016
2020
2015
2014
2020
2019
2018
2017
2019
2012
2016
2011
1993
2002
2013
2028
2041
2049
2055
2059
2070
2072
2069
2070
2110
2119
2127
2127
2123
2119
2120
2128
2136
2133
2130
2124
2119
2113
2104
2096
2091
2064
2054
2053
2056
2035
2024
2015
2016
2013
1994
1993
1989
1991
1992
1993
1989
1990
1950
1937
1927
1931
1953
1968
1985
2001
2037
2035
2028
2032
2039
2044
2042
2038
2035
2031
2024
2025
2024
1999
1991
1990
1980
1975
1974
1965
1955
1913
1909
1902
1903
1906
1905
1908
1909
1909
1909
1907
1907
1908
1916
1917
1918
1926
1971
1974
1983
1992
1995
2001
1995
1990
1990
1986
1979
1973
1963
1945
1946
1946
1946
1946
1944
1943
1936
1943
1943
1944
1943
1940
1943
1935
1928
1925
1915
1902
1893
1891
1901
1905
1916
1924
1977
1997
2019
2036
2063
2120
2142
2174
2205
2233
2263
2290
2316
2419
2448
2481
2505
2611
2631
2653
2668
2739
2761
2775
2783
2790
2813
2786
2724
2651
2575
2485
2409
2396
2406
2431
2445
2446
2470
2469
2465
2482
2496
2484
2512
2528
2512
2459
2406
2376
2340
2142
2093
2048
2001
1764
1712
1649
1572
1303
1255
1205
1147
1079
815
728
658
612
589
603
657
720
1109
1203
1298
1383
1605
1652
1708
1772
1836
1962
1972
1968
1958
1937
1903
1876
1855
1842
1870
1899
1929
2041
2053
2072
2092
2213
2237
2266
2282
2296
2276
2264
2251
2238
2211
2196
2196
2199
2226
2225
2214
2199
2175
2188
2199
2207
2211
2158
2112
2060
2001
1949
1900
1860
1825
1806
1816
1816
1798
1727
1709
1695
1687
1506
1441
1383
1350
1336
1342
1345
1351
1372
1398
1431
1481
1539
1637
1637
1640
1634
1716
1752
1806
1847
2014
2043
2074
2108
2155
2255
2282
2309
2330
2349
2369
2390
2405
2420
2431
2450
2480
2538
2547
2560
2570
2586
2632
2650
2651
2655
2655
2667
2677
2688
2721
2723
2725
2722
2749
2753
2757
2760
2745
2740
2726
2705
2682
2612
2584
2562
2531
2489
2446
2402
2357
2144
2097
2056
2022
1867
1831
1795
1757
1728
1640
1617
1592
1581
1581
1593
1608
1625
1667
1660
1661
1655
1665
1672
1686
1707
1727
1781
1800
1818
1834
1847
1855
1862
1864
1896
1907
1918
1942
1998
2020
2040
2059
2083
2139
2158
2170
2185
2194
2207
2223
2237
2331
2355
2374
2392
2419
2422
2425
2421
2379
2373
2360
2343
2325
2234
2193
2148
2107
2070
2042
2022
2010
1952
1935
1917
1895
1801
1776
1754
1736
1666
1651
1634
1621
1611
1580
1577
1578
1573
1571
1572
1566
1563
1552
1546
1552
1560
1611
1622
1642
1663
1680
1741
1765
1784
1803
1824
1841
1861
1888
1938
1952
1958
1963
1975
1989
2007
2023
2027
2042
2047
2051
2056
2070
2075
2092
2111
2130
2162
2169
2179
2197
2205
2207
2199
2201
2171
2167
2158
2153
2151
2149
2151
2160
2136
2124
2115
2106
2099
2074
2069
2065
2057
2049
2045
2041
2041
2018
2010
2001
1996
1936
1928
1921
1916
1903
1858
1851
1848
1840
1838
1835
1845
1853
1885
1891
1899
1906
1930
1936
1946
1952
1960
1975
1977
1984
1993
2004
2011
2016
2027
2031
2029
2023
2021
2022
2021
2026
2035
2039
2040
2045
2047
2047
2049
2051
2057
2060
2070
2100
2119
2138
2154
2171
2180
2196
2213
2232
2253
2260
2266
2283
2298
2314
2327
2334
2306
2286
2265
2237
2214
2201
2191
2178
2169
2136
2128
2124
2116
2105
2086
2071
2054
2011
1999
1987
1985
1961
1950
1948
1947
1943
1943
1942
1942
1944
1948
1947
1948
1950
1959
1965
1970
1978
2016
2029
2042
2060
2072
2089
2093
2101
2106
2104
2106
2111
2117
2116
2112
2106
2105
2102
2101
2102
2102
2106
2108
2111
2105
2101
2099
2105
2111
2113
2119
2116
2113
2115
2121
2128
2128
2126
2127
2121
2116
2111
2108
2092
2085
2073
2065
2016
2005
1993
1985
1984
1964
1951
1952
1949
1940
1938
1943
1939
1920
1914
1912
1912
1914
1913
1916
1919
1929
1958
1969
1980
1988
1997
2000
2016
2027
2040
2041
2044
2040
2029
2027
2028
2026
2023
2019
2014
2012
2005
2005
1996
1984
1980
1974
1959
1953
1953
1932
1918
1916
1913
1880
1882
1878
1881
1882
1883
1884
1886
1889
1892
1887
1890
1893
1931
1940
1943
1944
1960
1970
1980
1992
2014
2017
2010
2009
2008
1997
1992
1997
1996
1996
1995
1996
2001
2001
1999
2004
2011
2045
2056
2064
2074
2084
2114
2120
2130
2136
2147
2155
2164
2173
2180
2179
2179
2178
2133
2122
2113
2115
2096
2090
2083
2077
2076
2057
2053
2043
2036
2028
2023
2017
2010
1978
1972
1975
1980
2005
2015
2028
2035
2047
2050
2052
2055
2061
2067
2070
2079
2084
2100
2097
2100
2097
2096
2091
2088
2083
2063
2060
2055
2047
2040
2027
2026
2022
2020
2015
2008
2001
2000
1986
1983
1980
1977
1979
1979
1981
1980
1985
2001
2011
2016
2023
2036
2041
2050
2056
2053
2051
2051
2048
2033
2030
2033
2031
2009
2004
1996
2001
2008
2012
2009
2010
2011
2011
2011
2011
2016
2022
2030
2031
2032
2036
2037
2039
2040
2042
2043
2041
2039
2034
2033
2033
2036
2030
2029
2023
2027
2030
2026
2015
2015
2016
1995
1994
1994
1993
1991
1987
1985
1982
1979
1981
1972
1970
1973
1969
1964
1968
1967
1985
1989
1996
2008
2017
2030
2028
2026
2026
2031
2032
2036
2043
2045
2044
2041
2048
2049
2043
2034
2034
2026
2026
2026
2032
2037
2014
2014
2004
2000
2004
2012
2012
2013
2004
2000
1996
1988
1984
1991
1993
1993
2000
1993
1995
1993
1993
2003
2009
2011
2015
2033
2035
2040
2052
2051
2056
2051
2052
2049
2049
2047
2050
2056
2061
2062
2065
2061
2061
2062
2068
2071
2062
2058
2058
2060
2059
2057
2058
2056
2057
2052
2057
2058
2056
2053
2049
2047
2039
2030
2023
2016
2016
2014
2009
2010
2005
2000
2007
2008
2011
2008
2001
2000
2000
2000
2004
1982
1982
1981
1981
1986
1987
1989
1995
2000
2007
2016
2025
2050
2048
2054
2060
2059
2059
2061
2055
2052
2055
2049
2048
2053
2048
2052
2062
2058
2045
2046
2042
2038
2040
2040
2042
2042
2037
2036
2032
2026
2024
2031
2027
2026
2028
2013
2012
2013
2009
2003
2004
2002
1999
1979
1980
1983
1984
1994
2006
2013
2014
2013
2010
2019
2022
2030
2033
2039
2036
2038
2043
2047
2051
2053
2055
2041
2025
2024
2023
2025
2022
2026
2027
2021
2020
2011
2006
2004
2000
2002
2009
2020
2031
2030
2025
2024
2025
2024
2022
2026
2035
2036
2025
2015
2011
2009
2006
2003
2003
1986
1988
1990
1986
1988
1991
1994
1997
1990
1997
2001
2008
2011
2024
2025
2027
2030
2028
2034
2037
2044
2050
2050
2055
2055
2052
2052
2060
2064
2064
2062
2061
2065
2065
2060
2056
2049
2049
2026
2021
2024
2021
2021
2024
2029
2032
2034
2028
2026
2026
2031
2040
2046
2047
2038
2013
1973
1932
1898
1931
1987
2046
2104
2183
2169
2150
2123
2112
2092
2099
2102
2111
2111
2109
2097
2075
2017
2014
2018
2023
2035
2051
2068
2086
2095
2067
2048
2028
2012
1999
1996
1996
2007
2026
2071
2063
2049
2034
2015
1995
1975
1967
1987
1996
2008
2018
2006
1998
1985
1977
1990
2001
2014
2012
2001
1936
1910
1891
1882
1886
1888
1902
1922
2014
2017
2014
2001
1929
1927
1933
1950
1964
1988
1989
1983
1982
1982
1985
1993
2005
2039
2051
2067
2082
2036
2023
2017
2012
2048
2062
2078
2085
2085
2079
2071
2068
2059
2057
2057
2061
2056
2055
2041
2030
2011
1988
2007
2024
2039
2046
2018
2005
1997
1994
1993
1992
1996
2001
2021
2025
2028
2021
1963
1954
1952
1950
1959
1963
1958
1958
1957
1956
1956
1955
1953
1956
1959
1948
1940
1872
1839
1819
1792
1727
1722
1721
1724
1728
1732
1726
1719
1722
1729
1728
1725
1727
1717
1707
1710
1712
1722
1737
1751
1776
1902
1925
1947
1981
2006
2076
2108
2139
2174
2205
2229
2259
2299
2451
2493
2532
2571
2767
2820
2870
2917
3048
3074
3106
3139
3175
3263
3287
3299
3314
3323
3323
3316
3305
3230
3209
3187
3165
3018
2971
2927
2877
2822
2646
2579
2509
2440
2379
2312
2247
2177
1917
1883
1791
1602
901
689
646
592
839
903
1006
1111
1171
1181
1169
1181
1213
1204
1196
1229
1261
1320
1293
1262
1243
1185
1212
1229
1251
1270
1238
1216
1187
1167
1154
1152
1161
1188
1321
1365
1411
1429
1428
1451
1505
1565
1937
2038
2128
2207
2274
2421
2453
2491
2532
2576
2617
2650
2669
2544
2454
2360
2259
2085
2093
2135
2171
2199
2148
2093
2019
1939
1870
1813
1769
1739
1685
1669
1667
1665
1612
1609
1616
1638
1849
1870
1867
1837
1790
1711
1695
1682
1694
1731
1772
1826
1904
2079
2123
2163
2167
2187
2181
2209
2256
2286
2290
2271
2281
2308
2356
2367
2371
2356
2324
2300
2308
2315
2352
2378
2412
2460
2627
2654
2653
2641
2628
2608
2616
2617
2630
2650
2664
2683
2696
2764
2760
2767
2765
2759
2754
2747
2741
2669
2636
2596
2559
2524
2369
2323
2273
2232
2204
2192
2154
2109
1980
1950
1940
1943
1904
1883
1858
1834
1812
1730
1715
1699
1682
1681
1682
1689
1696
1680
1671
1668
1672
1674
1667
1650
1643
1621
1621
1620
1620
1628
1672
1690
1704
1721
1723
1725
1735
1746
1816
1860
1905
1949
2107
2155
2203
2244
2277
2339
2351
2358
2362
2370
2371
2370
2359
2325
2324
2321
2314
2281
2274
2255
2234
2204
2113
2078
2045
2016
1992
1971
1954
1944
1921
1911
1909
1906
1904
1905
1904
1900
1892
1852
1831
1809
1789
1763
1733
1707
1686
1661
1611
1595
1578
1569
1559
1537
1516
1499
1486
1488
1497
1514
1561
1556
1552
1549
1566
1582
1607
1628
1649
1720
1742
1772
1795
1818
1852
1897
1937
2120
2156
2189
2219
2296
2308
2322
2332
2341
2369
2377
2382
2384
2378
2373
2368
2355
2303
2287
2271
2260
2203
2185
2162
2139
2087
2079
2067
2047
2037
2013
2008
2007
2009
2012
2017
2025
2040
2112
2121
2129
2130
2127
2126
2138
2147
2154
2162
2161
2159
2150
2152
2148
2142
2132
2097
2091
2080
2077
2036
2020
2006
1992
1926
1919
1915
1906
1893
1855
1843
1831
1826
1820
1816
1819
1824
1853
1858
1868
1884
1958
1972
1991
2011
2029
2089
2106
2118
2130
2134
2140
2145
2155
2191
2194
2202
2201
2182
2169
2156
2143
2097
2086
2076
2074
2069
2047
2044
2033
2031
2025
2016
2013
2025
2097
2112
2118
2125
2128
2130
2130
2131
2127
2108
2103
2105
2107
2107
2102
2093
2089
2094
2084
2078
2078
2064
2043
2029
2024
1991
1981
1977
1972
1976
1967
1963
1959
1962
1964
1964
1961
1961
1989
1987
1985
1990
2024
2030
2035
2036
2032
2032
2030
2040
2048
2040
2026
2024
2024
2030
2027
2015
2006
1996
1991
1987
1983
1958
1947
1939
1932
1937
1949
1941
1937
1941
1943
1944
1948
1941
1973
1980
1983
1984
2007
2017
2015
2014
2027
2021
2009
2011
2016
2029
2020
2017
2021
2026
2030
2041
2044
2050
2061
2069
2066
2090
2098
2099
2096
2096
2100
2101
2093
2087
2084
2085
2090
2089
2065
2057
2053
2048
2010
2009
2000
1995
1978
1971
1971
1967
1967
1944
1938
1931
1928
1923
1917
1917
1923
1926
1923
1916
1907
1892
1894
1897
1901
1906
1938
1948
1954
1955
1959
1973
1988
2004
2034
2046
2052
2055
2064
2075
2085
2085
2078
2080
2089
2101
2114
2093
2089
2085
2081
2077
2067
2053
2047
2038
2029
2023
2022
2046
2049
2047
2047
2054
2081
2086
2091
2097
2105
2118
2127
2128
2120
2114
2110
2107
2096
2084
2080
2079
2061
2057
2049
2048
2035
2003
2000
2005
2010
2007
1998
1994
1993
1996
1994
1990
1986
1972
1967
1966
1964
1969
2005
2004
2003
2004
2014
2014
2013
2016
2025
2025
2029
2039
2058
2061
2066
2069
2058
2055
2058
2060
2055
2034
2034
2038
2040
2035
2040
2035
2026
2026
2025
2020
2011
1997
1991
1996
2004
2012
2019
2020
2024
2026
2026
2028
2028
2034
2042
2043
2042
2038
2048
2045
2038
2039
2028
2017
2008
2000
1995
1985
1982
1983
1976
1953
1951
1944
1940
1912
1900
1889
1888
1895
1897
1896
1900
1905
1933
1937
1940
1949
1959
1967
1974
1986
2023
2022
2032
2041
2089
2094
2097
2105
2108
2125
2126
2125
2137
2145
2142
2142
2143
2138
2138
2134
2128
2126
2125
2119
2119
2105
2099
2107
2108
2104
2097
2093
2085
2080
2071
2075
2075
2070
2068
2062
2061
2060
2041
2030
2028
2023
2014
1980
1981
1978
1979
1979
1973
1962
1957
1953
1954
1951
1948
1940
1938
1938
1940
1941
1941
1939
1938
1943
1948
1956
1962
1966
1968
1969
1980
1987
2000
2007
2018
2027
2044
2045
2049
2055
2067
2054
2051
2054
2051
2053
2054
2060
2063
2056
2060
2064
2059
2050
2049
2057
2064
2056
2055
2054
2055
2057
2049
2054
2060
2059
2055
2053
2058
2054
2060
2055
2054
2055
2047
2047
2035
2031
2038
2037
2034
2026
2013
2000
1996
1990
1985
1971
1964
1959
1957
1937
1930
1921
1927
1929
1928
1930
1930
1936
1950
1959
1971
1981
1982
1982
1991
2003
2022
2022
2024
2030
2054
2063
2070
2074
2075
2071
2073
2080
2091
2106
2115
2117
2125
2129
2129
2130
2124
2119
2118
2117
2114
2094
2089
2084
2081
2079
2076
2073
2070
2070
2075
2075
2079
2083
2074
2069
2067
2061
2035
2035
2031
2033
2010
2007
2002
1995
1990
1974
1970
1965
1966
1966
1967
1966
1963
1949
1953
1944
1940
1947
1945
1941
1934
1938
1949
1951
1958
1960
1959
1964
1968
1971
1988
1988
1988
1991
1994
2001
2005
2009
2013
2023
2030
2030
2029
2020
2025
2028
2025
2025
2028
2033
2036
2048
2052
2050
2053
2055
2058
2062
2061
2069
2081
2083
2088
2085
2079
2078
2071
2066
2065
2065
2071
2074
2059
2055
2053
2062
2066
2067
2069
2069
2065
2040
2041
2032
2025
2014
2013
2009
2005
2008
2002
2001
2004
2007
2013
2009
2007
2010
2006
2005
2012
2015
2015
2019
2026
2031
2029
2026
2026
2034
2033
2035
2035
2030
2022
2021
2027
2029
2029
2026
2031
2028
2028
2030
2029
2026
2029
2034
2026
2023
2019
2018
2015
2012
2012
2006
2000
2005
2007
2003
2008
2016
2014
2012
2018
2019
2019
2021
2014
2014
2011
2006
2010
2012
2011
2005
2002
2002
1999
1994
1995
1990
1986
1990
1984
1962
1957
1954
1955
1951
1949
1947
1947
1947
1966
1970
1977
1986
1988
1991
1995
2000
2003
2005
2010
2014
2021
2022
2022
2024
2022
2029
2037
2038
2037
2045
2049
2045
2043
2036
2033
2023
2018
2008
1998
1987
1990
1990
1978
1971
1960
1958
1956
1960
1955
1953
1957
1958
1962
1961
1961
1959
1957
1951
1944
1959
1976
1990
2006
2047
2059
2065
2068
2096
2104
2118
2128
2129
2144
2148
2152
2149
2160
2168
2171
2173
2195
2199
2202
2204
2188
2187
2178
2177
2186
2208
2221
2236
2245
2259
2271
2306
2366
2208
2140
2063
2018
2170
2232
2279
2292
2287
2340
2333
2339
2359
2393
2420
2449
2476
2421
2389
2341
2284
2214
2209
2202
2193
2048
1991
1933
1883
1838
1723
1702
1680
1665
1654
1632
1605
1592
1522
1481
1450
1432
1526
1569
1620
1683
1738
1899
1927
1947
1968
1998
2023
2052
2084
2054
2017
1965
1906
1777
1784
1800
1818
1863
1855
1840
1831
1816
1775
1780
1786
1788
1787
1779
1762
1746
1704
1694
1687
1688
1721
1741
1764
1790
1805
1808
1805
1812
1822
1839
1869
1899
1929
1980
1972
1970
1958
1924
1927
1944
1972
2011
2012
2017
2018
2018
1993
1989
1994
1991
1982
1972
1964
1957
1975
1991
2009
2034
2093
2104
2120
2140
2168
2227
2238
2244
2258
2271
2292
2312
2329
2386
2398
2411
2420
2428
2426
2428
2430
2384
2367
2349
2339
2333
2295
2278
2260
2253
2242
2226
2208
2194
2135
2132
2132
2130
2103
2090
2090
2087
2092
2099
2107
2109
2125
2143
2156
2163
2171
2179
2192
2206
2222
2264
2259
2247
2236
2226
2195
2196
2188
2188
2185
2179
2166
2152
2079
2049
2036
2026
2004
2003
2011
2003
1985
1963
1942
1932
1934
1981
2020
2036
2034
2027
2006
1969
1930
1886
1877
1887
1904
1944
1934
1925
1936
1912
1910
1908
1895
1896
1926
1930
1939
1953
1951
1947
1953
1966
2049
2049
2046
2042
2041
2059
2070
2076
2063
2048
2050
2039
2032
2029
2016
2009
1998
1994
2003
1999
1995
1941
1925
1907
1893
1837
1831
1822
1810
1796
1731
1706
1691
1690
1689
1688
1692
1693
1740
1765
1786
1808
1841
1853
1858
1869
1873
1880
1898
1919
1933
1939
1945
1951
1963
1989
2002
2009
2018
2037
2037
2038
2050
2058
2044
2034
2023
2023
2023
2023
2030
2031
2021
2024
2035
2051
2068
2084
2098
2111
2124
2122
2124
2130
2135
2134
2131
2127
2133
2135
2123
2122
2117
2112
2105
2096
2088
2083
2052
2042
2033
2032
2032
2030
2026
2030
2021
2017
2013
2012
2020
2026
2023
2019
2027
2026
2026
2029
2041
2042
2048
2066
2080
2109
2108
2113
2121
2131
2146
2154
2159
2162
2165
2166
2173
2176
2141
2134
2127
2112
2071
2057
2048
2041
2016
2012
2008
2006
2011
1996
1998
1997
1999
2000
1996
1993
1992
1987
1994
2002
2007
2051
2059
2070
2081
2091
2109
2110
2107
2109
2119
2122
2117
2124
2113
2105
2101
2093
2072
2060
2055
2058
1984
1968
1957
1952
1945
1941
1940
1930
1929
1922
1913
1913
1913
1926
1934
1938
1937
1962
1968
1979
1984
1978
1973
1976
1986
2001
2015
2026
2037
2048
2070
2084
2091
2095
2112
2113
2117
2117
2142
2151
2157
2154
2137
2062
2055
2077
2117
2165
2190
2204
2197
2145
2139
2130
2119
2165
2170
2165
2153
2181
2174
2152
2125
2078
1990
2002
2000
1985
1975
1954
1930
1897
1879
1876
1877
1876
1835
1843
1853
1871
1885
1801
1779
1764
1760
1757
1762
1776
1791
1788
1814
1841
1860
1887
1899
1914
1918
1961
1973
1988
2007
2024
2053
2057
2065
2072
2079
2083
2082
2076
2083
2078
2074
2066
2067
2079
2090
2092
2089
2048
2040
2041
2042
2048
2052
2051
2046
2050
2064
2076
2090
2126
2124
2132
2148
2182
2189
2196
2193
2197
2190
2189
2183
2172
2157
2140
2127
2120
2079
2071
2061
2053
1999
1991
1973
1959
1951
1929
1912
1906
1906
1899
1892
1883
1876
1849
1836
1832
1825
1814
1799
1791
1790
1791
1798
1800
1809
1818
1828
1838
1846
1856
1868
1904
1922
1937
1964
1991
2015
2034
2058
2114
2125
2143
2159
2216
2225
2237
2246
2280
2288
2297
2306
2313
2325
2333
2334
2336
2336
2331
2324
2315
2239
2218
2200
2176
2111
2094
2080
2066
2066
2055
2048
2041
2031
2019
1999
1980
1970
1902
1883
1863
1847
1804
1796
1791
1781
1771
1768
1769
1775
1778
1790
1793
1793
1796
1802
1809
1813
1822
1883
1897
1904
1913
1950
1951
1952
1954
1961
1972
1975
1986
1993
2006
2015
2021
2028
2052
2062
2076
2094
2129
2138
2147
2159
2170
2181
2184
2187
2193
2211
2213
2223
2225
2229
2230
2232
2231
2197
2188
2188
2187
2155
2146
2137
2128
2121
2097
2087
2071
2061
2050
2039
2025
2008
1969
1958
1956
1948
1916
1916
1923
1912
1919
1904
1909
1915
1920
1926
1932
1929
1931
1945
1947
1956
1973
1985
1986
1987
1992
2006
2013
2012
2015
2017
2016
2020
2012
2006
2007
2006
2001
1998
1993
1991
1993
1989
2001
2012
2018
2025
2031
2043
2054
2063
2067
2074
2083
2088
2094
2128
2133
2147
2161
2203
2208
2214
2221
2214
2204
2192
2177
2166
2131
2121
2107
2097
2086
2075
2063
2047
1979
1965
1949
1930
1854
1840
1826
1822
1820
1791
1789
1781
1772
1771
1774
1783
1789
1808
1808
1813
1827
1875
1892
1902
1916
1976
1989
2002
2012
2021
2043
2050
2054
2061
2069
2077
2085
2085
2116
2123
2132
2141
2148
2147
2151
2152
2161
2169
2171
2170
2174
2175
2175
2181
2186
2171
2169
2163
2157
2139
2129
2122
2116
2099
2098
2096
2095
2095
2068
2056
2047
2036
2030
2024
2016
2003
1961
1950
1935
1927
1905
1899
1891
1892
1896
1893
1889
1888
1891
1893
1894
1901
1909
1936
1939
1947
1958
1975
1983
1989
1994
2000
2011
2013
2016
2021
2026
2032
2041
2047
2051
2047
2050
2047
2045
2042
2037
2038
2042
2048
2051
2050
2057
2072
2085
2091
2098
2104
2105
2104
2108
2107
2102
2101
2110
2104
2104
2107
2103
2080
2077
2074
2068
2063
2045
2039
2033
2027
2023
2020
2014
2009
1995
1995
1999
1995
1989
1985
1981
1980
1982
2012
2016
2016
2019
2025
2026
2023
2025
2009
2002
2002
1997
1980
1979
1974
1964
1947
1949
1952
1952
1954
1951
1951
1951
1948
1947
1954
1957
1962
1976
1982
1986
1991
2011
2023
2033
2047
2090
2102
2115
2127
2135
2151
2150
2152
2153
2152
2157
2150
2152
2141
2141
2137
2134
2117
2107
2101
2093
2085
2058
2045
2033
2021
2016
2007
1997
1986
1956
1947
1941
1937
1928
1919
1907
1894
1873
1876
1880
1887
1894
1898
1900
1904
1915
1923
1933
1946
1951
1972
1980
1982
1981
1987
1979
1983
1985
1988
2001
1998
1995
2003
2008
2010
2014
2020
2007
2012
2013
2018
2049
2061
2070
2071
2080
2084
2092
2098
2110
2105
2102
2103
2109
2119
2125
2131
2133
2125
2119
2116
2121
2103
2087
2072
2061
2056
2028
2019
2001
1987
1980
1974
1967
1964
1964
1970
1967
1961
1963
1968
1974
1975
1972
1972
1974
1980
1984
1977
1978
1982
1986
1995
2004
2016
2020
2016
2018
2017
2025
2045
2050
2047
2038
2062
2068
2074
2086
2091
2091
2089
2093
2102
2114
2121
2117
2117
2135
2141
2143
2147
2151
2147
2156
2168
2176
2192
2192
2190
2185
2187
2186
2183
2195
2176
2185
2166
2117
2079
2060
2074
2084
2102
2087
2070
2071
2079
2032
2030
2022
2018
2027
2035
2033
2012
1969
1972
1973
1983
1987
1983
1965
1957
1957
1935
1905
1888
1882
1868
1853
1843
1842
1813
1814
1809
1801
1844
1840
1843
1851
1850
1848
1845
1846
1853
1862
1871
1885
1895
1888
1883
1893
1901
1948
1956
1967
1986
2017
2020
2027
2026
2025
2048
2050
2056
2072
2082
2084
2084
2080
2064
2057
2046
2041
2006
1996
1995
1994
1991
1993
1987
1982
1983
1975
1973
1975
1981
1980
1976
1979
1980
1989
1991
1984
1986
2001
2010
2011
2014
2019
2026
2029
2036
2048
2047
2045
2040
2028
2005
2001
1998
2008
2041
2049
2052
2058
2059
2059
2061
2064
2071
2096
2106
2122
2130
2136
2138
2135
2139
2153
2159
2174
2183
2195
2194
2195
2197
2203
2210
2207
2206
2208
2204
2199
2191
2187
2163
2156
2156
2158
2119
2106
2091
2089
2074
2078
2077
2075
2072
2052
2042
2029
2028
2028
2024
2021
2023
2025
2026
2022
2016
2000
1994
1988
1980
1984
1996
1990
1990
1986
1982
1981
1981
1983
1988
1988
1993
1995
2011
2012
2011
2014
2023
2028
2033
2030
2029
2026
2029
2035
2042
2042
2042
2045
2041
2027
2029
2029
2027
2012
2008
2000
1999
1993
1988
1983
1975
1974
1968
1972
1976
1976
1977
1977
1978
1976
1960
1968
1970
1969
1969
1973
1975
1973
1966
1957
1953
1951
1957
1965
1968
1975
1979
1962
1964
1962
1955
1943
1928
1928
1927
1909
1913
1917
1922
1930
1940
1946
1958
1970
1978
1978
1985
1986
1985
1999
2010
2015
2033
2038
2045
2050
2056
2074
2075
2083
2092
2105
2114
2118
2125
2134
2135
2135
2131
2101
2095
2093
2093
2089
2058
2051
2043
2038
2035
2030
2022
2015
1997
1981
1974
1968
1962
1957
1951
1947
1945
1951
1952
1953
1955
1963
1964
1969
1978
2009
2015
2016
2018
2031
2041
2040
2043
2042
2043
2050
2059
2067
2084
2087
2091
2090
2079
2079
2084
2082
2079
2069
2065
2060
2056
2055
2056
2056
2049
2069
2071
2063
2074
2090
2093
2090
2085
2073
2078
2077
2076
2079
2084
2080
2073
2068
2068
2067
2065
2062
2043
2036
2031
2019
1977
1970
1966
1960
1940
1934
1921
1919
1922
1915
1922
1925
1920
1915
1923
1924
1922
1917
1916
1920
1925
1936
1953
1962
1968
1976
1993
1992
1999
2012
2018
2014
2020
2037
2030
2041
2048
2046
2060
2060
2067
2071
2092
2097
2090
2093
2099
2110
2111
2119
2119
2120
2128
2132
2131
2142
2143
2139
2132
2127
2123
2120
2121
2120
2124
2121
2113
2105
2099
2094
2086
2084
2074
2066
2060
2064
2047
2050
2048
2038
2011
2001
1995
1997
1996
1989
1986
1985
1975
1970
1967
1968
1969
1960
1954
1950
1948
1940
1942
1943
1934
1932
1927
1928
1928
1926
1930
1928
1931
1933
1939
1940
1943
1947
1961
1961
1968
1972
1991
2000
2003
2008
2021
2062
2076
2083
2091
2096
2107
2116
2125
2148
2149
2146
2143
2140
2143
2138
2138
2132
2134
2131
2126
2112
2074
2064
2055
2053
2042
2032
2027
2014
1976
1970
1961
1959
1950
1945
1941
1934
1937
1924
1925
1926
1921
1923
1918
1915
1921
1932
1936
1942
1944
1946
1953
1959
1963
1969
1969
1962
1960
1957
1957
1960
1970
1978
1986
1991
1998
2003
2024
2026
2028
2032
2069
2075
2088
2091
2105
2115
2109
2107
2108
2108
2112
2113
2116
2124
2131
2142
2152
2166
2158
2146
2133
2104
2098
2104
2105
2093
2086
2075
2062
2060
2053
2035
2013
2000
1974
1968
1973
1981
1974
1977
1978
1970
1979
1985
1993
2004
2010
2012
2014
2016
2017
2010
2004
2011
2013
2047
2059
2058
2058
2054
2057
2055
2050
2040
2028
2021
2012
2008
2001
1998
1992
1995
1983
1980
1974
1973
1965
1964
1963
1967
2008
2014
2022
2031
2044
2056
2058
2053
2048
2046
2048
2051
2058
2067
2076
2081
2085
2077
2071
2074
2069
2064
2062
2062
2055
2047
2037
2031
2023
2008
1985
1988
1992
1993
1987
1984
1984
1976
1973
1973
1975
1972
1971
1979
1975
1973
1978
1976
1969
1972
1973
1966
1962
1966
1967
1986
1984
1984
1983
1999
2001
2001
2011
2021
2041
2052
2057
2061
2066
2071
2074
2083
2078
2083
2089
2093
2104
2106
2110
2111
2105
2104
2103
2098
2099
2097
2091
2086
2084
2057
2052
2056
2057
2050
2045
2042
2046
2036
2035
2033
2029
2028
2032
2030
2038
2037
2040
2041
2038
2032
2017
2010
2002
2000
1994
1982
1970
1967
1969
1965
1970
1970
1973
1969
1966
1969
1967
1971
1974
1970
1969
1968
1968
1974
1978
1986
1985
1988
1988
1982
1997
2002
2006
2013
2022
2030
2034
2035
2059
2062
2069
2073
2086
2091
2096
2096
2095
2095
2090
2088
2090
2081
2074
2066
2060
2065
2061
2055
2055
2040
2035
2034
2036
2019
2020
2020
2018
2019
2007
2003
2000
2002
2008
2004
2000
1999
2001
1995
2005
2014
2001
2002
2006
2004
2001
1995
1995
1994
1999
1994
1987
1985
1990
1989
1990
1985
1989
1978
1978
1979
1986
1990
1995
2001
2011
2015
2027
2034
2035
2042
2045
2047
2047
2048
2070
2079
2082
2078
2089
2092
2099
2098
2100
2105
2107
2111
2120
2123
2119
2117
2113
2087
2081
2078
2081
2068
2066
2059
2054
2013
2011
2006
1997
1986
1964
1961
1957
1955
1951
1953
1957
1956
1940
1945
1955
1960
1967
1965
1967
1961
1961
1954
1956
1963
1969
1970
1983
1987
1998
2029
2032
2029
2026
2013
2015
2016
2013
2021
2020
2028
2035
2046
2038
2041
2037
2028
2025
2033
2036
2039
2042
2042
2044
2048
2061
2064
2068
2078
2078
2076
2072
2071
2068
2065
2062
2061
2057
2056
2052
2052
2061
2068
2060
2056
2054
2046
2043
2036
2023
2017
2006
2009
2011
2014
2011
2014
2015
2017
1993
1987
1986
1992
1999
2001
2001
2003
2016
2021
2027
2022
2025
2034
2035
2033
2033
2034
2034
2033
2033
2018
2017
2018
2015
2014
2016
2017
2020
2019
2013
2016
2021
2026
2030
2037
2042
2047
2046
2039
2037
2037
2043
2045
2040
2033
2031
2029
2024
2021
2022
2016
2006
2003
2005
2009
2010
2008
2005
2000
1998
1994
1994
1999
2001
2006
2006
2008
2008
2014
2018
2021
2029
2032
2036
2042
2045
2040
2034
2037
2049
2049
2053
2051
2020
2013
2012
2006
2003
1999
1995
1991
1994
1995
1993
1993
1991
1986
1991
1997
1990
1991
1983
1975
1978
1988
1989
1997
2002
2003
2016
2019
2017
2014
2019
2026
2031
2037
2042
2044
2043
2044
2033
2035
2036
2038
2040
2045
2034
2029
2023
2016
2006
2000
1999
2002
2003
2003
2006
2001
2004
2003
2007
2025
2027
2026
2030
2029
2034
2041
2049
2052
2051
2059
2060
2070
2097
2106
2116
2123
2126
2126
2133
2131
2132
2129
2125
2123
2121
2123
2121
2129
2138
2156
2139
2119
2107
2067
2066
2059
2064
2045
2041
2040
2041
2044
2050
2044
2039
2035
2029
2022
2009
1995
1968
1970
1971
1972
1964
1963
1965
1966
1963
1949
1947
1945
1941
1940
1938
1937
1933
1930
1923
1921
1918
1928
1941
1957
1965
1972
1968
1960
1961
1970
1984
1982
1980
1978
1983
1992
2003
2010
2033
2031
2029
2023
2049
2048
2047
2046
2045
2050
2054
2056
2060
2062
2061
2066
2069
2060
2060
2053
2047
2034
2039
2046
2054
2048
2047
2048
2048
2050
2028
2016
2007
1998
1979
1965
1956
1953
1936
1929
1923
1933
1949
1955
1959
1955
1945
1942
1941
1944
1948
1941
1945
1952
1954
1958
1953
1961
1972
2006
2013
2023
2032
2070
2069
2079
2082
2092
2114
2120
2119
2114
2110
2121
2122
2130
2126
2123
2122
2116
2107
2110
2116
2122
2122
2118
2107
2103
2103
2110
2109
2101
2096
2088
2081
2079
2075
2053
2053
2052
2055
2055
2054
2051
2049
2038
2018
2010
2005
1999
1993
1990
1988
1988
1987
1988
1987
1990
2016
2026
2029
2035
2045
2045
2042
2040
2043
2035
2030
2031
2033
2033
2023
2018
2019
2035
2034
2029
2028
2023
2030
2034
2030
2033
2018
2020
2019
2023
2032
2032
2033
2035
2038
2039
2047
2049
2079
2085
2090
2086
2059
2056
2059
2060
2061
2057
2045
2039
2032
2026
2021
2016
2009
1987
1981
1971
1964
1951
1946
1944
1942
1943
1943
1946
1951
1959
1963
1964
1963
1969
1976
1969
1969
1967
1954
1955
1953
1953
1956
1959
1966
1969
1975
1988
1987
1990
1996
2003
2012
2017
2023
2035
2042
2046
2049
2050
2048
2046
2042
2048
2062
2062
2063
2063
2063
2060
2070
2069
2084
2083
2086
2086
2080
2078
2073
2066
2048
2043
2043
2043
2040
2053
2054
2054
2055
2055
2051
2054
2047
2029
2025
2025
2025
2000
1996
1988
1985
1981
1964
1966
1968
1958
1951
1952
1964
1962
1944
1942
1941
1945
1951
1951
1953
1959
1972
1975
1985
1986
1988
2001
1998
1994
1994
2001
2000
1998
2005
2019
2024
2024
2036
2054
2060
2067
2078
2088
2085
2087
2084
2088
2094
2096
2102
2103
2130
2138
2137
2136
2126
2124
2126
2122
2108
2103
2101
2099
2091
2078
2070
2065
2063
2061
2054
2054
2050
2032
2024
2023
2024
1997
1995
1992
1995
2002
1993
1988
1988
1985
1982
1985
1985
1983
1974
1965
1958
1954
1952
1955
1951
1950
1955
1974
1970
1970
1985
1986
1993
2004
2009
2024
2030
2030
2033
2052
2055
2052
2058
2085
2083
2081
2078
2091
2096
2103
2104
2101
2102
2099
2093
2096
2095
2092
2084
2081
2068
2063
2060
2062
2057
2036
2027
2017
2013
2013
2012
2007
2005
2017
2019
2025
2024
2007
2006
2013
2015
1989
1988
1984
1977
1974
1957
1957
1954
1948
1948
1946
1948
1943
1931
1932
1934
1933
1956
1954
1955
1964
1974
1980
1985
1984
1991
1990
1993
2003
2005
2011
2026
2039
2048
2083
2091
2096
2099
2089
2098
2097
2094
2086
2077
2074
2076
2080
2077
2074
2071
2064
2057
2052
2043
2037
2020
2019
2015
2019
2004
1998
2002
2011
2021
2026
2021
2017
2020
2022
2022
2025
2025
2013
2013
2014
2008
2002
2000
2004
2008
2011
2024
2027
2030
2032
2029
2030
2028
2029
2031
2024
2023
2024
2019
2021
2021
2027
2025
2024
2030
2032
2035
2043
2049
2049
2045
2043
2041
2038
2036
2027
2027
2025
2024
2031
2032
2036
2040
2046
2057
2062
2064
2068
2066
2063
2060
2063
2055
2058
2065
2067
2063
2055
2050
2043
2049
2055
2060
2054
2048
2031
2020
2015
2019
2020
2017
2020
2017
2030
2034
2030
2026
2015
2017
2028
2028
2029
2021
2011
2011
2010
2012
2010
2015
2017
2011
2002
2001
2000
1999
1995
1994
1998
1995
1988
1981
1979
1983
1985
1981
1984
1985
1987
1987
1986
1986
1996
1998
1996
1997
1985
1981
1989
1995
2001
2000
2007
2009
2018
2024
2029
2030
2033
2043
2042
2044
2047
2058
2058
2058
2066
2067
2069
2066
2063
2059
2053
2051
2052
2059
2058
2060
2056
2054
2043
2035
2035
2030
2020
2022
2024
2029
2030
2011
2005
1994
1995
1990
1988
1983
1978
1995
2000
1999
1999
1989
1989
1993
1998
2008
2010
2009
2008
2008
2015
2011
2015
2027
2035
2038
2045
2047
2052
2050
2060
2066
2058
2053
2051
2054
2056
2047
2045
2046
2042
2038
2040
2046