2108
2063
2053
2043
2030
2012
1997
1990
1987
1926
1916
1907
1911
1885
1886
1876
1872
1873
1873
1875
1876
1889
1941
1940
1941
1955
1956
1959
1960
1968
1974
1972
1973
1967
1969
1965
1958
1957
1950
1946
1948
1950
1958
1974
1975
1984
1995
2026
2025
2020
2024
2037
2050
2051
2064
2075
2074
2072
2073
2078
2088
2102
2109
2112
2143
2148
2153
2155
2158
2148
2149
2147
2146
2146
2138
2127
2121
2125
2122
2118
2114
2086
2081
2080
2077
2070
2052
2042
2045
2046
2050
2053
2054
2048
2024
2030
2030
2027
2037
2034
2029
2025
2030
2055
2051
2048
2052
2051
2042
2028
2027
2041
2036
2033
2030
2034
2017
2018
2022
2022
2031
2034
2037
2037
2018
2017
2004
1996
1975
1969
1962
1967
1975
1973
1977
1982
1979
1972
1971
1976
1982
1964
1966
1958
1960
1967
1967
1970
1968
1974
1952
1957
1957
1958
1963
1961
1960
1956
1995
2004
2013
2017
2027
2035
2039
2041
2046
2057
2063
2056
2048
2053
2060
2059
2057
2056
2061
2070
2069
2053
2056
2059
2060
2058
2035
2032
2021
2012
1998
2001
2001
2000
1996
1987
1978
1968
1974
1986
1980
1982
1982
1979
1974
1974
1972
1973
1968
1964
1962
1982
1992
1997
2005
2007
2004
2014
2019
2020
2016
2018
2027
2043
2034
2029
2030
2037
2046
2047
2058
2062
2063
2055
2069
2075
2082
2076
2072
2077
2077
2086
2087
2088
2094
2099
2096
2070
2064
2065
2062
2055
2048
2049
2050
2046
2054
2054
2054
2055
2047
2040
2037
2027
2026
2024
2032
2036
2033
2039
2041
2043
2045
2024
2019
2024
2024
2026
2030
2036
2037
2008
2016
2023
2035
2042
2037
2039
2043
2051
2042
2053
2060
2056
2055
2055
2052
2054
2066
2063
2064
2058
2051
2036
2038
2038
2036
2039
2041
2034
2021
1971
1971
1973
1972
1955
1941
1936
1936
1939
1946
1946
1941
1943
1941
1940
1942
1949
1965
1975
1981
1986
2001
2012
2018
2024
2027
2039
2037
2035
2037
2037
2036
2036
2038
2011
2016
2014
2013
2017
2015
2014
2016
2009
2009
2013
2014
2020
2021
2015
2016
2019
2043
2056
2059
2048
2046
2046
2047
2052
2067
2073
2071
2060
2056
2051
2057
2062
2059
2043
2033
2029
2030
2042
2040
2037
2031
2030
2025
2022
2016
2009
2027
2029
2030
2020
2025
2038
2051
2051
2043
2038
2036
2033
2033
2046
2061
2066
2072
2050
2058
2074
2077
2074
2077
2073
2072
2078
2089
2087
2083
2078
2075
2069
2064
2064
2055
2056
2044
2031
2028
2020
2023
2018
2010
2011
2009
1999
1995
1976
1979
1984
1982
1944
1942
1948
1954
1957
1951
1954
1959
1962
1962
1964
1972
1977
2000
2005
2007
2004
2019
2019
2023
2034
2037
2021
2019
2018
2023
2027
2025
2025
2032
2003
2000
2003
2010
2009
2004
1999
2002
2004
2011
2005
2002
2010
2014
2007
2005
2013
2030
2026
2026
2028
2034
2038
2052
2060
2073
2058
2056
2061
2066
2076
2087
2086
2083
2068
2068
2065
2066
2073
2068
2063
2054
2050
2041
2039
2041
2037
2031
2018
2017
2012
1990
1988
1991
1999
1996
1986
1986
1983
1984
1987
1993
1996
1994
1994
1986
1983
1979
1995
1998
2003
1999
2003
2026
2026
2029
2035
2039
2035
2034
2043
2048
2063
2068
2068
2085
2087
2091
2095
2105
2204
2220
2228
2212
2152
2066
2000
1945
1848
1882
1918
1956
2132
2137
2141
2153
2158
2129
2150
2162
2162
2170
2193
2209
2199
2068
2041
2037
2031
2020
2023
2025
2011
1992
1976
1964
1941
1913
1866
1874
1892
1902
1904
1885
1878
1878
1877
1891
1898
1904
1907
1910
1910
1907
1887
1863
1882
1916
1959
2137
2147
2129
2091
2052
1977
1974
1990
2025
2058
2089
2114
2150
2166
2146
2124
2106
2045
2034
2030
2027
2027
2009
2000
1990
1979
1976
1983
1996
2020
2105
2131
2140
2150
2149
2142
2133
2129
2120
2038
2012
1991
1988
1991
2003
2016
2021
2032
2016
2001
1995
1991
1964
1963
1958
1958
1971
1994
2012
2023
1999
1974
1957
1940
1933
1953
1976
1990
2000
2031
2029
2035
2040
2042
2041
2039
2037
2064
2073
2084
2092
2064
2052
2047
2039
2030
2021
2020
2022
2027
2019
2019
2029
2034
2026
2021
2017
2008
2003
1980
1982
1981
1979
1972
1961
1952
1953
1984
1978
1982
1982
1936
1932
1930
1932
1936
1920
1899
1868
1826
1680
1617
1566
1529
1497
1478
1465
1452
1478
1500
1526
1547
1569
1649
1686
1726
1759
1778
1796
1801
1812
1886
1908
1938
1977
2192
2258
2324
2394
2457
2647
2699
2744
2799
2857
2912
2963
3012
3191
3234
3272
3313
3461
3488
3512
3546
3576
3599
3554
3490
3409
3302
3179
3043
2922
2626
2606
2595
2577
2473
2427
2378
2333
2290
2205
2175
2148
2122
2086
2041
1985
1924
1576
1485
1391
1291
1204
956
877
806
720
628
544
481
417
338
370
403
435
558
591
613
634
666
769
809
851
890
921
945
980
1019
1266
1349
1440
1550
1908
1939
1943
1914
1882
1869
1895
1933
1982
2038
2091
2141
2166
2208
2203
2209
2217
2257
2271
2288
2306
2326
2376
2399
2437
2494
2544
2588
2630
2679
2874
2896
2902
2906
2906
2869
2829
2775
2732
2688
2639
2586
2535
2359
2329
2305
2278
2141
2105
2069
2040
2021
1958
1949
1941
1935
1937
1936
1942
1943
1861
1829
1788
1744
1673
1674
1679
1688
1692
1640
1629
1619
1614
1611
1617
1626
1633
1668
1680
1702
1716
1720
1747
1760
1779
1788
1795
1810
1830
1852
1983
2030
2077
2121
2307
2362
2423
2483
2535
2671
2711
2752
2783
2822
2858
2880
2892
2944
2938
2934
2930
2836
2811
2786
2761
2742
2662
2625
2595
2557
2511
2449
2401
2364
2228
2213
2185
2136
1955
1906
1862
1827
1798
1717
1698
1682
1666
1651
1629
1597
1562
1451
1443
1435
1425
1366
1362
1361
1371
1381
1444
1474
1503
1530
1565
1594
1609
1627
1734
1761
1788
1816
1845
1953
1989
2022
2051
2074
2100
2125
2156
2288
2323
2355
2379
2416
2425
2424
2427
2440
2441
2442
2436
2433
2433
2425
2415
2396
2297
2272
2253
2241
2155
2125
2090
2061
2029
1946
1929
1912
1907
1902
1883
1851
1822
1728
1721
1707
1699
1692
1683
1669
1663
1663
1666
1658
1652
1645
1619
1620
1622
1627
1647
1651
1667
1676
1684
1719
1738
1755
1776
1797
1809
1827
1839
1894
1905
1916
1931
1970
1985
1996
2007
2022
2050
2064
2080
2094
2108
2122
2141
2156
2193
2195
2202
2215
2233
2244
2247
2250
2251
2271
2270
2266
2260
2258
2260
2268
2285
2333
2342
2351
2358
2351
2350
2353
2352
2349
2305
2277
2250
2228
2217
2191
2164
2144
2089
2077
2055
2039
2026
2000
1995
1981
1967
1957
1947
1931
1923
1860
1863
1858
1844
1796
1789
1778
1777
1778
1755
1747
1746
1746
1740
1733
1728
1721
1717
1710
1714
1726
1785
1805
1825
1846
1856
1900
1911
1926
1939
1952
1961
1975
1998
2060
2073
2093
2114
2179
2196
2222
2241
2259
2284
2295
2307
2324
2334
2339
2336
2335
2345
2341
2339
2333
2300
2284
2273
2259
2239
2188
2181
2171
2168
2156
2146
2138
2134
2085
2081
2082
2085
2079
2041
2032
2026
2016
2004
2002
1994
1986
1953
1950
1942
1929
1912
1914
1916
1914
1911
1926
1927
1927
1924
1931
1941
1950
1943
1961
1970
1980
1979
1977
1990
1998
2004
2005
1998
2001
2002
2012
2016
2025
2028
2031
2023
2006
1997
1994
1999
1995
1990
1989
1988
1999
2002
1998
1993
1991
1988
1993
1987
1990
1997
2002
2005
2004
2008
2019
2023
2029
2026
2025
2022
2016
2041
2037
2034
2037
2042
2033
2026
2019
2016
2008
2010
2007
2004
2006
2008
2020
2036
2045
2050
2058
2064
2064
2071
2072
2071
2075
2069
2069
2057
2037
2028
2024
2010
1997
1963
1950
1942
1939
1917
1917
1914
1917
1918
1906
1906
1907
1904
1901
1900
1905
1907
1922
1922
1919
1920
1938
1941
1943
1952
1963
1991
1991
1997
2002
2009
2021
2040
2056
2070
2075
2086
2097
2099
2113
2119
2126
2130
2135
2140
2140
2144
2133
2135
2150
2158
2155
2158
2159
2160
2161
2145
2138
2136
2141
2141
2132
2130
2132
2093
2085
2087
2087
2048
2039
2034
2023
2013
2005
2004
2001
2002
1994
1983
1984
1985
2008
2004
2000
1997
2007
2013
2022
2027
2026
2020
2023
2025
2033
2049
2059
2064
2069
2069
2065
2069
2070
2084
2076
2077
2075
2078
2062
2067
2068
2066
2058
2050
2047
2046
2022
2023
2022
2021
1992
1991
1987
1989
1993
1984
1981
1987
1991
1988
1984
1983
1987
1984
1973
1964
1965
1973
1962
1953
1942
1935
1938
1939
1938
1942
1919
1917
1920
1918
1907
1915
1927
1930
1935
1948
1957
1964
1976
1981
1984
1982
1980
2006
2017
2022
2019
2033
2025
2014
2002
2010
2031
2034
2032
2036
2036
2041
2040
2043
2051
2053
2056
2062
2040
2042
2045
2055
2063
2052
2049
2044
2040
2039
2043
2059
2064
2065
2070
2069
2066
2094
2087
2080
2084
2092
2089
2091
2097
2101
2106
2106
2104
2102
2102
2095
2094
2096
2083
2071
2075
2071
2057
2053
2064
2071
2059
2048
2028
2018
2024
2042
2043
2038
2034
2030
2023
2023
2017
2006
1998
1995
1999
2003
2000
2003
2007
2006
2013
2013
2013
2015
2021
2038
2029
2022
2026
2038
2030
2011
2007
1993
1986
1986
1981
1959
1961
1962
1964
1969
1972
1981
1983
1976
1979
1990
1999
2002
1998
2003
2012
2016
2026
2032
2031
2031
2026
2035
2025
2020
2022
2021
2016
2009
2009
2024
2032
2034
2030
2025
2021
2024
2028
2024
2019
2015
2018
2025
2017
2021
2029
2033
2025
2021
2016
2025
2026
2026
2026
2025
2021
2027
2034
2033
2025
2022
2028
2035
2029
2017
2015
2013
2014
2013
2023
2021
2008
2005
2005
2014
2010
2018
2030
2037
2040
2044
2040
2045
2049
2059
2065
2058
2058
2049
2048
2047
2042
2039
2045
2031
2027
2019
2024
2026
2037
2040
2038
2041
2048
2048
2042
2041
2057
2064
2058
2047
2060
2063
2056
2065
2086
2060
2039
2013
1986
1966
1949
1930
1909
1860
1885
1918
1943
2037
2060
2079
2096
2109
2212
2244
2272
2288
2286
2267
2245
2228
2154
2130
2113
2103
2071
2052
2034
2020
2005
1962
1955
1957
1959
1960
1963
1970
1972
1945
1929
1919
1917
1915
1907
1906
1909
1913
1912
1904
1908
1916
1994
1994
1988
1990
2007
2007
2007
2005
2002
1973
1961
1957
1962
1963
1967
1971
1975
2000
1995
1996
1985
1978
1987
1992
1988
1980
1963
1971
1984
1998
2018
2042
2067
2092
2148
2160
2172
2179
2173
2141
2130
2126
2123
2114
2102
2091
2077
2030
2016
2011
2003
1989
2002
2008
2002
1995
1987
1971
1963
1961
1955
1949
1954
1960
1959
1957
1956
1957
1962
1963
1969
1980
1996
2012
2013
2010
2016
2022
2022
2018
2015
2007
2000
1986
1983
1947
1944
1946
1948
1945
1935
1917
1900
1881
1847
1805
1754
1708
1507
1466
1439
1407
1334
1345
1367
1394
1423
1555
1602
1638
1683
1716
1746
1761
1777
1813
1810
1822
1834
1918
1945
1978
2025
2075
2255
2322
2393
2460
2530
2616
2691
2774
3092
3177
3250
3333
3408
3622
3685
3732
3770
3818
3865
3900
3926
4028
4037
4047
4052
3993
3955
3903
3845
3788
3554
3460
3354
3248
3137
3031
2923
2816
2397
2241
2084
1945
1348
1188
1037
887
737
397
318
244
178
146
137
139
142
161
172
186
203
209
212
213
210
208
200
204
210
219
255
262
274
287
394
448
499
558
623
917
1025
1120
1210
1294
1380
1477
1579
1882
1970
2042
2112
2395
2470
2542
2613
2683
2852
2882
2918
2955
2974
2992
3013
3031
2991
2965
2927
2882
2778
2756
2726
2702
2675
2514
2461
2416
2378
2335
2308
2287
2273
2226
2238
2243
2254
2341
2369
2389
2393
2392
2380
2362
2334
2304
2266
2236
2212
2184
2096
2053
2012
1964
1912
1754
1702
1650
1608
1572
1544
1523
1505
1470
1468
1479
1497
1529
1552
1582
1610
1638
1718
1746
1778
1816
1857
1895
1938
1992
2223
2273
2325
2378
2582
2619
2660
2691
2725
2808
2846
2872
2892
2900
2906
2915
2915
2887
2883
2873
2860
2825
2806
2800
2789
2792
2757
2749
2743
2731
2707
2689
2670
2645
2526
2486
2449
2408
2212
2164
2110
2056
1990
1769
1697
1635
1574
1502
1433
1372
1311
1140
1098
1059
1035
1011
940
933
935
943
958
980
1004
1041
1185
1230
1281
1337
1561
1620
1675
1736
1801
1981
2038
2098
2146
2196
2239
2282
2323
2489
2529
2563
2602
2691
2703
2714
2714
2718
2707
2698
2682
2672
2669
2653
2636
2614
2512
2485
2453
2412
2255
2214
2182
2151
2101
1955
1910
1859
1812
1779
1744
1715
1669
1502
1460
1435
1416
1392
1325
1302
1277
1261
1245
1234
1221
1219
1221
1217
1235
1244
1345
1371
1395
1423
1442
1505
1527
1545
1574
1605
1631
1655
1681
1799
1836
1868
1900
2029
2059
2088
2118
2151
2228
2253
2272
2291
2316
2347
2368
2382
2456
2468
2479
2481
2493
2495
2495
2489
2482
2473
2464
2454
2441
2430
2424
2420
2413
2369
2362
2358
2344
2317
2311
2305
2306
2300
2288
2277
2260
2252
2254
2249
2236
2223
2201
2195
2192
2180
2146
2128
2107
2101
2098
2028
2007
1992
1970
1948
1934
1922
1907
1795
1766
1745
1725
1719
1681
1673
1668
1663
1658
1661
1659
1666
1683
1687
1694
1714
1763
1772
1779
1790
1802
1833
1847
1866
1877
1887
1900
1921
1934
2014
2028
2051
2070
2126
2136
2157
2186
2206
2267
2277
2282
2293
2309
2320
2342
2354
2383
2383
2393
2397
2382
2375
2373
2371
2357
2325
2307
2290
2273
2263
2254
2241
2226
2202
2131
2113
2101
2085
2067
2044
2030
2004
1957
1941
1920
1905
1903
1894
1886
1881
1867
1844
1840
1837
1828
1821
1819
1818
1827
1842
1847
1848
1859
1872
1881
1890
1909
1923
1969
1975
1980
1984
2020
2025
2026
2038
2045
2054
2065
2071
2064
2056
2061
2062
2057
2051
2037
2029
2027
2023
2001
1991
1974
1960
1960
1949
1941
1933
1914
1912
1908
1900
1891
1891
1896
1889
1886
1895
1898
1904
1904
1900
1899
1899
1904
1916
1923
1931
1932
1934
1938
1947
1940
1943
1970
1984
1997
2010
2031
2036
2050
2065
2083
2123
2123
2129
2138
2149
2156
2157
2160
2154
2158
2163
2161
2167
2153
2151
2144
2139
2140
2145
2142
2139
2112
2106
2102
2088
2050
2040
2028
2013
1996
1949
1938
1936
1921
1918
1909
1902
1890
1834
1828
1831
1832
1815
1809
1808
1814
1814
1844
1839
1853
1869
1882
1896
1911
1928
1984
1999
2013
2029
2083
2102
2116
2132
2143
2173
2177
2183
2197
2203
2202
2203
2209
2234
2225
2224
2222
2218
2192
2181
2167
2152
2147
2139
2131
2123
2082
2081
2071
2061
2020
2020
2019
2016
2009
1987
1987
1983
1974
1967
1974
1980
1978
1969
1974
1977
1986
1994
2003
2011
2007
2001
2010
2023
2036
2039
2039
2037
2039
2051
2081
2083
2083
2089
2122
2119
2122
2133
2150
2182
2176
2165
2159
2161
2165
2169
2169
2126
2131
2122
2104
2094
2082
2076
2062
2050
2035
2017
2004
1996
1986
1975
1959
1943
1897
1893
1893
1888
1883
1882
1877
1864
1862
1863
1869
1868
1866
1874
1873
1882
1900
1942
1944
1946
1953
1958
1958
1969
1974
1986
1992
2001
2000
1992
2019
2028
2039
2044
2013
2014
2017
2017
2014
2028
2015
2012
2008
2004
2008
2009
2006
1995
1993
1995
1991
1991
1995
2003
2006
2003
1998
1997
1999
2003
2004
1999
1999
2004
2013
2016
2022
2021
2029
2047
2050
2044
2049
2060
2075
2080
2079
2080
2077
2080
2081
2097
2100
2099
2100
2104
2103
2120
2124
2126
2124
2130
2135
2138
2142
2143
2148
2148
2148
2138
2125
2123
2126
2121
2114
2114
2108
2096
2080
2076
2071
2053
2035
2018
2009
1983
1979
1974
1975
1965
1944
1941
1934
1934
1935
1935
1936
1939
1924
1921
1919
1922
1944
1954
1961
1968
1970
1992
2003
2009
2021
2030
2036
2046
2051
2047
2042
2052
2063
2072
2069
2074
2078
2082
2075
2068
2071
2070
2062
2060
2058
2046
2026
2017
2015
2008
2005
1996
1986
1982
1985
1977
1971
1969
1971
1969
1975
1978
1981
1993
1990
1996
2002
2011
2015
2015
2014
2019
2025
2029
2029
2039
2040
2042
2034
2031
2007
2006
2001
2000
2002
1994
2009
2011
2009
2006
2006
1994
1992
1999
1998
2001
2008
2008
2012
2012
2019
2028
2031
2028
2023
2021
2023
2027
2028
2028
2035
2031
2029
2025
2012
2018
2021
2021
2017
2018
2020
2017
2020
2015
2011
2014
2021
2033
2036
2037
2034
2053
2065
2080
2098
2106
2043
2011
1989
1972
1960
1954
1968
1988
2027
2029
2031
2028
2032
2079
2085
2105
2140
2181
2203
2222
2233
2215
2208
2197
2189
2159
2155
2147
2137
2123
2098
2088
2084
2073
2055
2048
2040
2034
1983
1974
1971
1959
1951
1946
1943
1943
1932
1892
1882
1880
1885
1894
1908
1920
1933
1970
1978
1972
1972
1944
1945
1952
1957
1963
1969
1972
1974
1985
1990
1996
1990
1992
1990
1999
2015
2023
2011
2000
1986
1982
1988
2006
2009
2005
2005
2014
2028
2046
2060
2088
2089
2084
2083
2089
2067
2057
2054
2051
2049
2045
2042
2040
2031
2023
2013
1999
1971
1974
1978
1978
1976
2008
2008
2010
2012
2004
1999
1998
2000
2007
2016
2016
2015
2025
2028
2038
2049
2055
2060
2058
2057
2054
2057
2062
2070
2074
2059
2059
2053
2039
1980
1968
1962
1962
1964
1949
1943
1946
1942
1926
1918
1913
1917
1945
1936
1921
1897
1831
1806
1780
1752
1732
1663
1637
1615
1600
1596
1586
1569
1546
1477
1469
1464
1461
1452
1410
1413
1413
1413
1415
1414
1413
1411
1445
1460
1488
1518
1686
1745
1804
1861
1925
2160
2248
2339
2424
2508
2597
2687
2781
3133
3219
3313
3409
3722
3803
3873
3941
4006
4092
4089
4089
4088
4092
4088
4090
4089
4087
4089
4087
4087
4086
4011
3891
3761
3619
3186
3079
2964
2870
2786
2687
2565
2440
1817
1674
1566
1484
1210
1178
1107
1015
911
618
519
442
370
289
213
165
147
110
107
105
104
104
99
100
100
97
97
98
101
99
112
118
125
133
203
244
295
345
404
703
814
918
1033
1164
1291
1418
1542
1816
1829
1850
1891
2163
2233
2291
2341
2392
2540
2585
2618
2651
2684
2717
2755
2789
2947
2983
3014
3030
3020
3022
3038
3049
3057
3073
3092
3113
3123
3127
3126
3119
3108
3047
3008
2975
2940
2899
2755
2724
2702
2665
2621
2565
2501
2433
2093
2014
1935
1853
1624
1591
1567
1550
1529
1454
1435
1407
1380
1343
1326
1315
1319
1293
1290
1282
1285
1324
1341
1358
1375
1390
1483
1519
1564
1631
1698
1749
1787
1818
1919
1955
1992
2033
2307
2378
2442
2509
2578
2733
2788
2851
2913
2963
3011
3053
3083
3162
3163
3158
3149
3192
3186
3170
3142
3129
3102
3073
3041
3010
2982
2955
2928
2891
2623
2561
2502
2442
2164
2100
2038
1993
1936
1710
1632
1564
1505
1445
1383
1320
1266
1129
1105
1087
1068
1049
1045
1044
1043
1040
1038
1035
1042
1057
1147
1186
1230
1278
1436
1476
1525
1580
1627
1788
1828
1870
1917
1970
2018
2056
2086
2225
2263
2314
2369
2516
2558
2588
2613
2631
2654
2662
2660
2656
2646
2637
2641
2636
2614
2588
2561
2545
2517
2506
2494
2464
2432
2371
2342
2305
2261
2207
2162
2124
2087
2040
1918
1875
1836
1804
1767
1724
1680
1633
1601
1523
1492
1474
1461
1442
1423
1403
1395
1347
1353
1358
1352
1397
1394
1395
1411
1423
1420
1423
1432
1451
1463
1481
1499
1516
1651
1672
1694
1720
1828
1861
1893
1932
1972
2043
2063
2075
2102
2129
2138
2153
2176
2243
2259
2272
2294
2352
2375
2386
2390
2400
2438
2444
2449
2461
2466
2461
2462
2474
2514
2527
2542
2561
2579
2571
2575
2565
2556
2544
2536
2530
2523
2471
2459
2439
2418
2401
2354
2332
2319
2308
2288
2259
2228
2209
2138
2110
2085
2056
2015
1976
1945
1919
1898
1820
1786
1761
1741
1714
1685
1656
1627
1601
1533
1513
1498
1478
1458
1443
1440
1440
1441
1438
1436
1436
1463
1479
1496
1528
1545
1572
1591
1614
1643
1670
1709
1742
1767
1892
1916
1956
1986
2126
2158
2186
2210
2242
2322
2348
2371
2385
2397
2413
2425
2445
2482
2492
2507
2511
2511
2508
2503
2497
2499
2502
2498
2496
2485
2435
2434
2419
2395
2328
2304
2287
2278
2270
2211
2194
2178
2155
2133
2111
2095
2073
2019
2002
1986
1971
1924
1914
1903
1895
1900
1874
1874
1873
1873
1873
1867
1871
1875
1870
1865
1858
1853
1856
1840
1851
1858
1864
1874
1886
1897
1899
1909
1911
1914
1922
1942
1952
1954
1950
1949
1945
1937
1935
1934
1937
1937
1938
1939
1945
1941
1942
1946
1931
1933
1941
1948
1954
1949
1959
1966
1976
1986
2002
2011
2024
2049
2054
2060
2062
2070
2119
2124
2130
2135
2146
2153
2164
2177
2205
2215
2215
2217
2225
2224
2219
2217
2218
2180
2168
2160
2153
2140
2118
2101
2085
2026
2002
1980
1972
1913
1893
1870
1848
1835
1801
1796
1781
1774
1774
1771
1764
1750
1727
1720
1720
1720
1735
1747
1755
1763
1785
1826
1832
1849
1874
1887
1903
1915
1934
2002
2028
2050
2060
2075
2107
2115
2130
2145
2152
2162
2168
2180
2207
2206
2208
2213
2227
2232
2238
2242
2244
2242
2235
2230
2230
2225
2217
2212
2210
2165
2156
2146
2137
2106
2097
2085
2086
2084
2048
2040
2037
2025
2007
1997
1987
1983
1954
1954
1953
1956
1945
1943
1943
1939
1930
1933
1923
1923
1938
1950
1954
1954
1961
1990
1994
2003
2015
2070
2079
2091
2104
2108
2131
2138
2151
2157
2160
2161
2158
2160
2157
2157
2142
2131
2126
2110
2110
2109
2110
2105
2093
2086
2084
2046
2041
2036
2030
2001
1989
1984
1985
1985
1955
1949
1945
1944
1942
1933
1936
1937
1916
1918
1916
1917
1919
1914
1923
1931
1937
1931
1934
1932
1935
1935
1942
1946
1959
1960
1955
1955
1956
1970
1977
1986
1991
1989
1986
1987
1982
1993
1992
1993
1994
2000
2005
1999
1996
1996
1998
1995
1994
1994
1994
1996
2002
2009
2008
2006
2006
2008
2016
2030
2033
2038
2042
2055
2076
2080
2088
2093
2099
2100
2103
2112
2146
2155
2160
2154
2161
2157
2165
2166
2169
2164
2161
2164
2164
2164
2156
2144
2137
2131
2134
2130
2123
2091
2088
2087
2079
2062
2042
2041
2035
2022
2014
2006
2001
1992
1951
1940
1937
1937
1939
1919
1910
1908
1904
1894
1895
1903
1900
1901
1897
1898
1899
1914
1921
1930
1939
1953
1973
1977
1987
1995
2001
2005
2017
2019
2038
2045
2058
2064
2062
2066
2076
2080
2081
2076
2074
2070
2068
2069
2072
2066
2061
2050
2046
2050
2056
2060
2057
2043
2030
2030
2034
2037
2035
2037
2030
2021
2012
2006
2006
2010
2000
1996
1997
1994
1994
1990
1990
1994
1985
1976
1977
2000
2002
1993
1994
1990
1991
1992
1995
2008
2000
1999
1992
1994
1995
2000
1999
1998
1996
2015
2023
2027
2023
2026
2034
2031
2040
2044
2051
2053
2043
2045
2048
2040
2036
2042
2039
2039
2036
2028
2029
2029
2026
2027
2022
2018
2023
2030
2026
2023
2025
2027
2053
2050
2056
2068
2064
2074
2077
2075
2070
2071
2081
2091
2103
2114
2115
2106
2108
2112
2128
2130
2126
2126
2112
2111
2111
2117
2108
2100
2096
2094
2070
2067
2068
2068
2043
2037
2041
2051
2049
2006
2000
2000
2004
1998
1997
1994
1995
1991
1990
1984
1977
1967
1978
1977
1975
1977
1972
1966
1969
1974
1939
1947
1954
1962
1966
1970
1965
1969
1973
1963
1970
1980
1983
1975
1972
1971
1976
1971
1951
1942
1962
1992
1985
1985
1991
2002
1998
1986
1981
1987
2001
2013
2012
2008
2020
2024
2036
2032
2032
2034
2034
2033
2038
2048
2061
2072
2078
2030
2029
2023
2017
2023
2013
2000
1995
1997
2014
2011
1997
1990
1992
2003
2016
2012
2012
2019
2027
2035
2051
2058
2061
2067
2072
2085
2077
2078
2080
2075
2068
2063
2065
2058
2053
2044
2038
2005
2006
2008
2002
2003
2022
2020
2012
2012
2011
2017
2023
2024
2022
2024
2027
2032
2035
2027
2029
2031
2025
2025
2029
2034
2038
2019
2014
2005
2006
1981
1969
1957
1952
1943
1925
1927
1918
1909
1892
1877
1864
1849
1832
1827
1816
1809
1742
1732
1730
1727
1718
1685
1667
1644
1634
1625
1622
1623
1627
1620
1614
1614
1618
1665
1688
1701
1718
1726
1812
1840
1879
1919
1961
1999
2039
2091
2294
2353
2416
2484
2552
2740
2804
2871
2942
3009
3079
3149
3212
3449
3498
3549
3598
3748
3766
3783
3790
3791
3808
3799
3789
3771
3737
3694
3654
3631
3316
3216
3127
3018
2563
2450
2354
2283
2209
1859
1757
1659
1553
1458
1383
1319
1251
945
852
751
663
447
421
383
331
289
228
223
220
220
208
203
207
217
287
323
361
398
432
516
552
590
631
689
747
808
867
1079
1127
1169
1213
1429
1498
1564
1644
1732
1949
1994
2032
2073
2117
2159
2202
2252
2563
2619
2658
2698
2786
2797
2796
2814
2837
2853
2854
2856
2858
2851
2844
2831
2821
2739
2716
2699
2683
2668
2600
2564
2530
2491
2453
2417
2390
2378
2314
2282
2242
2204
2022
1986
1952
1916
1882
1809
1764
1729
1704
1685
1659
1624
1614
1610
1621
1636
1646
1684
1709
1725
1738
1762
1861
1901
1930
1955
1977
2007
2038
2065
2151
2169
2180
2188
2233
2242
2264
2289
2310
2359
2370
2384
2403
2420
2438
2467
2492
2577
2600
2627
2663
2695
2753
2757
2772
2788
2799
2807
2811
2817
2830
2829
2815
2802
2722
2707
2683
2661
2646
2585
2544
2498
2456
2416
2376
2340
2311
2110
2064
2014
1967
1788
1741
1709
1683
1652
1539
1508
1480
1453
1424
1385
1354
1328
1289
1289
1289
1294
1291
1297
1314
1321
1341
1406
1435
1476
1521
1555
1585
1623
1659
1814
1845
1880
1916
1959
2084
2119
2159
2201
2236
2274
2311
2338
2450
2479
2507
2522
2527
2528
2527
2539
2547
2547
2535
2513
2492
2416
2382
2347
2318
2282
2253
2216
2175
2130
2021
1978
1943
1902
1859
1821
1786
1744
1706
1612
1589
1572
1557
1547
1528
1505
1489
1443
1435
1438
1429
1415
1417
1418
1418
1422
1436
1435
1436
1437
1440
1452
1465
1476
1522
1535
1548
1561
1668
1691
1716
1734
1761
1875
1903
1933
1964
2002
2044
2084
2122
2242
2277
2309
2335
2356
2414
2435
2449
2458
2469
2473
2484
2499
2528
2532
2536
2542
2524
2512
2503
2494
2490
2458
2446
2423
2409
2394
2377
2362
2341
2285
2275
2262
2250
2200
2187
2170
2148
2146
2123
2118
2118
2116
2108
2095
2089
2085
2067
2054
2048
2046
2035
2036
2027
2016
2009
1977
1959
1949
1944
1936
1925
1924
1922
1867
1855
1845
1832
1813
1765
1754
1744
1744
1749
1753
1750
1747
1732
1735
1746
1753
1804
1813
1817
1830
1849
1914
1934
1950
1972
1996
2015
2021
2039
2141
2162
2177
2180
2216
2232
2254
2270
2279
2284
2284
2288
2289
2285
2286
2281
2276
2248
2234
2221
2208
2205
2180
2169
2160
2142
2120
2111
2113
2095
2073
2061
2053
2045
2030
2028
2027
2031
2036
2002
2001
2000
2000
1988
1978
1974
1971
1951
1943
1951
1952
1927
1915
1909
1911
1921
1913
1908
1907
1917
1922
1917
1911
1925
1939
1950
1953
1952
1966
1965
1968
1980
1983
1997
2002
1996
1998
2009
2013
2009
2014
2025
2035
2036
2025
2029
2030
2034
2030
2031
2027
2027
2025
2028
2012
2016
2008
2005
1990
1984
1984
1981
1980
1976
1980
1978
1971
1965
1963
1969
1979
2009
2012
2017
2026
2012
2021
2039
2052
2066
2054
2062
2067
2078
2082
2088
2103
2112
2095
2096
2107
2114
2112
2109
2111
2107
2109
2105
2094
2090
2097
2095
2082
2077
2077
2066
2064
2060
2050
2039
2005
1986
1973
1970
1963
1954
1947
1939
1905
1900
1893
1886
1884
1889
1889
1876
1866
1880
1880
1888
1892
1880
1878
1884
1894
1926
1940
1955
1962
1992
1990
1999
2018
2035
2054
2061
2069
2074
2080
2090
2095
2096
2114
2112
2108
2106
2103
2113
2112
2113
2114
2109
2106
2104
2114
2100
2092
2090
2083
2068
2077
2078
2076
2073
2066
2065
2064
2063
2061
2059
2057
2058
2052
2054
2059
2066
2072
2074
2070
2068
2063
2047
2040
2035
2037
2042
2041
2044
2041
2051
2058
2065
2059
2045
2051
2063
2069
2071
2064
2057
2060
2063
2060
2065
2073
2076
2065
2065
2072
2073
2071
2076
2073
2073
2074
2073
2070
2067
2072
2056
2051
2045
2036
2001
1985
1983
1984
1978
1942
1935
1931
1931
1930
1921
1913
1911
1889
1889
1891
1892
1876
1875
1881
1888
1893
1911
1913
1924
1931
1941
1941
1942
1952
1994
2000
1998
2000
2007
2027
2045
2050
2046
2053
2055
2048
2055
2048
2048
2044
2043
2037
2036
2035
2027
2025
2011
2019
2014
2012
2019
2016
2013
2008
2014
2010
2007
2014
2030
2026
2035
2042
2044
2047
2051
2059
2060
2058
2059
2068
2075
2090
2092
2093
2096
2099
2095
2094
2095
2101
2099
2097
2104
2103
2097
2091
2092
2097
2095
2086
2087
2091
2089
2087
2085
2079
2080
2078
2070
2067
2061
2055
2051
2054
2060
2049
2044
2041
2043
2045
2029
2023
2024
2019
2009
2004
2007
2008
1979
1975
1972
1965
1958
1957
1952
1948
1937
1951
1947
1943
1950
1953
1954
1956
1955
1980
1987
1996
2004
1999
2009
2010
2019
2032
2036
2039
2037
2044
2048
2054
2063
2061
2070
2070
2065
2072
2070
2050
2054
2044
2038
2034
2027
2018
2005
2006
1995
2001
2011
2011
2007
2009
2016
2021
2012
2016
2009
2007
2012
2014
2007
2002
2008
2011
2009
2001
1990
1991
1990
1987
1977
1972
1981
1993
1988
1985
1993
2001
2000
2005
2012
2021
2023
2027
2011
2014
2019
2023
2021
2021
2034
2043
2040
2037
2036
2046
2031
2032
2031
2031
2036
2035
2035
2043
2050
2054
2056
2055
2058
2078
2077
2073
2071
2070
2065
2068
2066
2073
2086
2095
2095
2089
2079
2080
2075
2069
2056
2059
2058
2056
2054
2045
2043
2043
2045
2046
2043
2038
2043
2022
2020
2025
2025
2024
2033
2049
2073
2075
2004
1969
1928
1899
1883
1867
1865
1877
1939
1962
1974
1997
2019
2016
1995
1984
1978
1976
1981
1991
1996
2006
2010
2014
2032
2085
2086
2090
2104
2129
2154
2150
2143
2127
2104
2083
2074
2069
2024
2017
2004
1997
1971
1976
1988
2001
2004
1976
1963
1941
1925
1918
1916
1917
1921
2007
2017
2021
2011
1965
1976
2003
2020
2038
2066
2058
2059
2056
2043
2033
2025
2026
2029
2035
2038
2034
2032
2050
2042
2042
2042
2033
2030
2033
2034
2004
1978
1963
1952
1974
1994
2022
2052
2074
2085
2069
2046
2025
1997
1976
1968
1961
2013
2019
2029
2033
1988
1996
2012
2029
2048
2095
2119
2131
2139
2142
2141
2141
2137
2148
2158
2169
2166
2153
2123
2106
2106
2096
2086
2079
2075
2075
2003
1996
1991
1989
2022
2032
2044
2056
2062
2040
2029
2024
2013
2000
1989
1989
1981
1978
1966
1945
1924
1835
1826
1820
1810
1804
1772
1749
1728
1708
1691
1682
1677
1671
1692
1704
1716
1714
1705
1693
1682
1666
1654
1640
1634
1625
1618
1592
1589
1590
1591
1659
1685
1709
1729
1744
1791
1810
1830
1856
1884
1912
1947
1986
2150
2208
2252
2304
2364
2533
2604
2674
2749
2826
2904
2977
3045
3271
3329
3382
3427
3613
3656
3695
3726
3751
3779
3749
3750
3856
3962
3900
3748
3641
3182
3124
3074
2990
2755
2695
2649
2631
2566
2160
2039
1872
1734
1659
1590
1496
1389
1071
958
882
860
717
698
684
706
757
728
706
694
666
617
581
576
579
566
558
554
561
575
663
712
756
789
808
818
819
819
841
882
939
992
1237
1286
1314
1331
1350
1477
1561
1641
1713
1765
1804
1836
1869
2002
2038
2083
2138
2342
2377
2402
2418
2452
2519
2553
2597
2642
2687
2730
2758
2774
2709
2682
2649
2620
2675
2726
2786
2846
2880
2862
2818
2772
2729
2686
2649
2622
2609
2608
2599
2573
2514
2449
2306
2267
2252
2247
2250
2248
2235
2223
2106
2071
2059
2053
2040
2034
2030
2019
1997
1872
1847
1831
1805
1780
1766
1752
1719
1524
1468
1423
1402
1390
1454
1490
1537
1581
1628
1665
1688
1695
1843
1908
1983
2048
2307
2345
2387
2418
2442
2526
2559
2596
2640
2677
2707
2734
2754
2735
2723
2725
2733
2784
2788
2792
2789
2780
2706
2677
2644
2616
2594
2575
2548
2522
2382
2347
2321
2285
2124
2092
2054
2010
1976
1843
1797
1752
1713
1684
1653
1626
1600
1507
1486
1459
1439
1428
1412
1421
1437
1454
1470
1482
1503
1529
1583
1606
1627
1640
1707
1725
1734
1763
1794
1874
1898
1915
1926
1941
1957
1972
1986
2052
2066
2076
2090
2112
2135
2149
2164
2172
2178
2189
2202
2207
2217
2220
2204
2191
2113
2091
2078
2063
2050
2031
2024
2011
1996
1993
1983
1967
1958
1945
1939
1934
1916
1863
1847
1839
1831
1826
1795
1780
1776
1775
1762
1748
1741
1735
1676
1680
1682
1682
1686
1711
1720
1725
1733
1739
1737
1736
1744
1780
1791
1805
1821
1839
1850
1851
1857
1874
1919
1936
1949
1963
1975
1987
1992
2003
2085
2108
2140
2165
2215
2223
2232
2255
2272
2299
2306
2311
2316
2320
2323
2324
2321
2340
2354
2357
2369
2389
2407
2415
2427
2436
2434
2432
2426
2429
2435
2443
2449
2449
2439
2427
2419
2408
2396
2367
2353
2344
2332
2315
2302
2293
2259
2173
2145
2122
2098
1966
1934
1896
1860
1821
1719
1687
1670
1654
1623
1592
1575
1546
1471
1465
1459
1453
1450
1469
1471
1466
1466
1476
1487
1500
1506
1576
1589
1607
1639
1736
1764
1801
1825
1849
1954
1984
2012
2046
2075
2106
2140
2156
2231
2244
2261
2277
2311
2313
2320
2322
2335
2327
2318
2313
2318
2313
2313
2319
2327
2312
2317
2316
2314
2305
2308
2305
2301
2300
2287
2288
2282
2270
2250
2229
2210
2194
2130
2101
2080
2066
2059
2036
2015
1990
1978
1973
1969
1968
1963
1934
1939
1942
1937
1947
1956
1958
1954
1951
1951
1950
1953
1956
1965
1962
1952
1949
1947
1953
1952
1950
1934
1933
1931
1917
1912
1939
1939
1927
1925
1929
1939
1938
1930
1932
1935
1936
1940
1940
1945
1945
1950
1957
1956
1952
1951
1954
1952
1966
1978
1981
1999
2011
2015
2017
2045
2047
2054
2058
2057
2091
2102
2111
2122
2125
2130
2143
2151
2152
2159
2164
2162
2147
2149
2145
2145
2136
2132
2121
2108
2097
2090
2085
2080
2075
2029
2025
2026
2020
2016
1983
1963
1953
1946
1935
1915
1900
1900
1869
1867
1865
1858
1848
1851
1851
1862
1865
1856
1858
1865
1867
1866
1871
1880
1891
1905
1910
1919
1936
1949
1978
1990
1994
2001
2011
2023
2037
2049
2085
2093
2100
2102
2144
2144
2153
2158
2162
2175
2173
2177
2174
2177
2174
2173
2171
2157
2158
2156
2152
2121
2111
2105
2097
2094
2076
2069
2054
2041
2037
2031
2023
2015
2013
2014
2012
2010
2026
2030
2026
2028
2042
2041
2034
2039
2047
2051
2056
2059
2062
2065
2060
2062
2068
2052
2053
2054
2055
2059