2188
2187
2191
2187
2182
2121
2098
2072
2053
2045
2042
2040
2037
2003
1981
1969
1958
1903
1899
1908
1923
1937
1988
1996
2001
1995
1987
1978
1979
1989
2044
2053
2045
2028
1916
1891
1875
1859
1858
1888
1905
1927
1935
1935
1932
1927
1924
1858
1853
1857
1874
1893
1900
1897
1897
1888
1882
1878
1885
1889
2009
2030
2032
2028
2026
2033
2047
2058
2067
2117
2126
2129
2129
2126
2129
2124
2115
2099
2105
2116
2112
2046
2025
2000
1992
1984
1959
1961
1963
1959
1959
1962
1950
1943
1943
1948
1955
1960
1963
1977
1975
1978
1978
1971
1961
1948
1933
1966
1979
1996
2013
2030
2024
2020
2017
2013
2005
2001
1991
1979
1965
1956
1954
1945
1904
1893
1892
1881
1840
1826
1817
1797
1768
1643
1601
1564
1533
1500
1464
1440
1418
1365
1376
1385
1398
1479
1508
1532
1561
1588
1639
1652
1666
1680
1699
1724
1750
1785
1940
1983
2024
2070
2122
2326
2398
2469
2540
2624
2714
2794
2870
3179
3256
3332
3412
3717
3791
3855
3914
3971
4091
4088
4086
4088
4089
4088
4088
4089
4091
4091
4087
4088
3894
3811
3714
3616
3518
3168
3056
2940
2818
2699
2580
2458
2344
1885
1678
1479
1282
1070
632
548
492
451
434
427
407
379
233
204
199
201
213
220
228
222
201
175
181
186
184
185
196
215
228
242
235
227
222
308
359
410
470
534
722
772
825
874
933
1012
1108
1200
1661
1779
1891
1991
2321
2409
2495
2582
2660
2870
2906
2934
2941
2922
2889
2850
2824
2790
2801
2825
2842
2849
2797
2750
2699
2654
2604
2550
2506
2479
2400
2379
2355
2326
2259
2259
2259
2270
2290
2332
2327
2313
2293
2270
2261
2260
2272
2268
2278
2297
2315
2302
2276
2253
2241
2223
2156
2138
2124
2102
2072
2025
1976
1918
1796
1772
1751
1744
1693
1674
1654
1647
1656
1709
1739
1788
1827
1868
1917
1960
2006
2112
2132
2156
2203
2259
2413
2470
2523
2569
2616
2672
2722
2752
2880
2901
2920
2938
3005
3014
3024
3020
3007
2994
2984
2968
2953
2939
2915
2888
2860
2743
2710
2679
2647
2568
2529
2498
2457
2412
2260
2196
2132
2074
2023
1985
1940
1887
1666
1621
1570
1515
1324
1294
1264
1239
1205
1097
1073
1052
1021
1001
1001
1010
1018
1105
1122
1138
1155
1186
1282
1323
1372
1433
1487
1546
1621
1675
1939
1993
2048
2111
2357
2405
2433
2452
2484
2553
2563
2566
2572
2577
2596
2616
2630
2574
2558
2540
2517
2361
2338
2321
2295
2260
2166
2138
2110
2095
2083
2055
2019
1992
1903
1881
1867
1845
1739
1710
1678
1650
1621
1568
1559
1543
1518
1489
1460
1438
1423
1356
1351
1357
1370
1378
1321
1311
1318
1336
1343
1337
1335
1350
1464
1482
1505
1538
1580
1703
1746
1793
1839
1888
1938
1980
2029
2176
2204
2222
2241
2268
2311
2358
2385
2398
2465
2478
2481
2475
2469
2465
2464
2457
2454
2421
2403
2389
2371
2354
2338
2326
2313
2238
2221
2204
2189
2192
2170
2157
2154
2147
2150
2159
2170
2174
2207
2229
2240
2245
2251
2262
2257
2262
2268
2256
2249
2252
2249
2244
2236
2225
2214
2141
2120
2087
2060
1997
1970
1931
1900
1875
1842
1827
1796
1770
1765
1769
1758
1741
1681
1678
1680
1681
1678
1692
1711
1732
1749
1760
1786
1816
1838
1855
1873
1898
1923
1994
2006
2021
2038
2060
2114
2131
2153
2167
2176
2188
2203
2217
2263
2260
2264
2279
2300
2303
2311
2326
2327
2325
2321
2329
2339
2342
2338
2328
2321
2331
2319
2313
2317
2293
2284
2267
2256
2252
2187
2173
2154
2131
2109
2091
2071
2053
1986
1963
1942
1924
1829
1804
1783
1772
1773
1739
1729
1720
1721
1732
1739
1738
1742
1755
1764
1777
1783
1801
1860
1875
1891
1902
1920
1943
1971
1999
2075
2096
2113
2121
2146
2168
2179
2181
2172
2178
2181
2178
2179
2179
2173
2163
2147
2107
2100
2089
2085
2039
2025
2014
2005
2003
1989
1981
1974
1971
1965
1951
1939
1928
1922
1919
1914
1908
1886
1886
1888
1894
1901
1877
1866
1858
1856
1868
1877
1882
1883
1874
1878
1884
1884
1890
1926
1941
1948
1950
1960
1970
1981
1997
2069
2077
2085
2093
2138
2154
2169
2183
2196
2183
2178
2185
2195
2194
2194
2195
2188
2126
2115
2111
2104
2021
2015
2013
1997
1986
1961
1950
1942
1933
1916
1905
1907
1918
1918
1919
1914
1902
1898
1920
1927
1936
1956
1971
1978
1992
2004
2038
2050
2056
2064
2089
2097
2104
2109
2120
2125
2128
2120
2121
2128
2119
2115
2120
2109
2107
2102
2088
2083
2088
2093
2097
2090
2073
2075
2065
2059
2064
2069
2068
2069
2056
2061
2058
2062
2044
2045
2042
2038
2034
2034
2036
2038
2038
2032
2020
2016
2018
2023
2022
2015
2007
2000
2001
1999
1992
1986
1986
1991
1981
1974
1998
2002
2005
1999
1995
2002
2016
2027
2036
2038
2045
2046
2051
2063
2075
2081
2088
2074
2069
2067
2070
2053
2048
2051
2044
2033
2026
2010
2000
1991
1975
1965
1959
1960
1911
1910
1902
1897
1899
1886
1874
1872
1873
1867
1868
1883
1888
1895
1900
1906
1911
1965
1977
1982
1981
1988
2018
2038
2052
2060
2059
2056
2059
2065
2082
2088
2101
2098
2077
2079
2077
2079
2079
2061
2064
2058
2050
2048
2058
2060
2057
2054
2045
2041
2038
2036
2028
2024
2025
2020
2012
2013
2020
2022
2018
2018
2015
2019
2022
2029
2039
2043
2044
2062
2065
2068
2072
2068
2063
2062
2062
2057
2053
2048
2048
2039
2044
2053
2056
2052
2062
2064
2069
2085
2092
2094
2097
2100
2099
2106
2111
2113
2097
2099
2106
2109
2113
2099
2091
2076
2069
2062
2056
2053
2050
2015
2007
1994
1989
1963
1954
1948
1942
1940
1918
1916
1919
1918
1918
1924
1930
1921
1920
1916
1918
1926
1929
1949
1957
1964
1968
1981
1988
1990
1996
2020
2021
2024
2035
2039
2049
2055
2058
2059
2056
2062
2061
2060
2061
2074
2082
2087
2091
2094
2095
2085
2088
2090
2092
2089
2081
2075
2070
2067
2064
2058
2054
2051
2047
2022
2023
2025
2018
1996
1992
1983
1982
1980
1980
1981
1984
1976
1967
1965
1965
1966
1954
1959
1958
1953
1953
1956
1956
1961
1957
1951
1956
1959
1957
1969
1972
1979
1988
2008
2016
2019
2024
2039
2056
2059
2060
2062
2067
2075
2079
2089
2080
2087
2091
2085
2081
2081
2083
2088
2087
2081
2089
2084
2081
2082
2081
2076
2071
2056
2051
2047
2041
2043
2022
2020
2026
2043
2063
2061
2028
1970
1730
1748
1793
1856
2075
2103
2124
2133
2136
2144
2164
2183
2202
2210
2219
2228
2227
2142
2104
2081
2062
2087
2092
2091
2097
2091
2027
2014
2005
2000
1997
1996
1998
2001
1951
1932
1919
1898
1895
1908
1925
1948
1972
2022
2029
2028
2020
2011
1997
1985
1980
2050
2074
2082
2075
2054
1951
1939
1928
1925
1937
1964
1992
2008
2043
2040
2027
2011
1978
1972
1970
1973
1981
1975
1965
1952
1951
1952
1961
1967
1976
2026
2035
2036
2032
2009
2006
2015
2027
2046
2081
2092
2094
2091
2081
2073
2063
2053
2045
2043
2043
2045
2044
2018
2005
1994
1984
1984
1980
1985
1993
1990
1984
1978
1969
1995
1995
2001
2010
2021
2028
2034
2034
2030
2024
2027
2032
2038
2071
2082
2098
2110
2100
2092
2092
2097
2105
2121
2119
2108
2098
2084
2073
2063
2055
2026
2019
2014
2011
1995
1992
1990
1982
1966
1941
1934
1932
1930
1932
1924
1904
1879
1735
1712
1677
1644
1634
1621
1623
1631
1640
1655
1662
1668
1671
1705
1708
1717
1729
1718
1705
1692
1682
1694
1749
1794
1839
1878
1924
1965
2014
2056
2219
2275
2319
2362
2562
2606
2653
2708
2762
2889
2934
2975
3018
3057
3092
3134
3172
3245
3247
3248
3258
3263
3238
3228
3215
3192
3149
3101
3067
3019
2817
2779
2767
2782
2264
2091
1941
1840
1810
1845
1871
1884
1871
1832
1797
1758
1707
1617
1621
1624
1620
1517
1477
1423
1354
1287
1230
1230
1240
1250
1241
1211
1163
1105
905
871
855
845
838
861
855
850
847
835
822
815
799
950
1016
1091
1166
1421
1471
1514
1539
1566
1705
1769
1841
1911
1982
2029
2055
2060
2022
2033
2062
2103
2297
2315
2309
2292
2277
2195
2178
2176
2183
2188
2199
2214
2228
2168
2147
2135
2131
2184
2205
2228
2245
2260
2248
2237
2219
2207
2216
2239
2274
2321
2512
2527
2535
2527
2504
2439
2426
2413
2405
2407
2406
2402
2398
2280
2264
2245
2233
2232
2227
2208
2180
2144
2035
2022
2015
2018
2028
2032
2028
2026
1967
1953
1938
1942
1953
1955
1966
1998
2026
2093
2116
2136
2150
2167
2189
2210
2233
2336
2354
2375
2398
2408
2406
2397
2389
2391
2396
2411
2420
2426
2422
2410
2404
2387
2369
2366
2370
2372
2371
2329
2316
2302
2286
2277
2274
2276
2275
2314
2292
2265
2241
2122
2112
2101
2081
2055
1987
1955
1915
1877
1838
1806
1774
1746
1717
1721
1713
1694
1596
1578
1572
1567
1558
1571
1571
1573
1577
1582
1586
1594
1605
1705
1740
1774
1802
1833
1896
1914
1930
1951
1971
1991
2013
2042
2121
2130
2148
2149
2092
2087
2082
2082
2079
2059
2057
2046
2033
2017
1998
1986
1974
1998
2009
2019
2025
2003
1993
1989
1984
1981
1970
1973
1969
1960
1964
1960
1940
1920
1878
1875
1874
1867
1866
1834
1812
1792
1772
1752
1743
1738
1728
1704
1701
1700
1700
1696
1699
1705
1716
1740
1803
1824
1848
1871
1895
1913
1931
1945
2006
2023
2048
2078
2139
2147
2154
2153
2158
2168
2166
2170
2176
2177
2167
2161
2155
2130
2132
2126
2115
2109
2102
2093
2093
2087
2081
2080
2079
2075
2085
2097
2111
2130
2150
2156
2157
2162
2198
2214
2222
2232
2242
2241
2246
2253
2264
2272
2279
2280
2281
2286
2286
2280
2275
2263
2249
2241
2220
2206
2203
2196
2183
2168
2094
2070
2050
2044
2000
1991
1981
1966
1962
1913
1905
1890
1879
1871
1867
1869
1873
1856
1856
1861
1867
1864
1871
1876
1880
1891
1900
1901
1899
1903
1906
1907
1905
1897
1909
1902
1902
1902
1897
1911
1915
1911
1911
1921
1929
1932
1940
1986
1997
2012
2016
2067
2083
2104
2125
2136
2147
2157
2170
2182
2192
2204
2210
2218
2240
2249
2250
2246
2229
2220
2203
2198
2191
2153
2142
2134
2122
2105
2084
2069
2059
2029
2015
2013
2015
1992
1990
1990
1994
2002
2002
2002
1995
1995
1994
1999
2007
2013
2011
2009
2007
1999
1993
1996
1996
1999
1997
1974
1981
1983
1978
1976
1975
1973
1965
1939
1936
1941
1944
1956
1957
1954
1962
1971
1969
1968
1977
1972
1967
1965
1968
1971
1982
1988
1993
1992
1983
2000
2006
2006
2003
1999
2002
1998
2004
2016
2016
2018
2029
2023
2032
2030
2030
2035
2031
2031
2030
2030
2025
2028
2034
2045
2042
2039
2033
2028
2038
2037
2032
2035
2043
2032
2036
2045
2040
2036
2034
2039
2042
2041
2038
2039
2038
2010
2007
2003
2008
2010
2004
2000
1985
1977
1971
1962
1948
1944
1945
1939
1940
1943
1941
1957
1953
1956
1968
1973
1977
1984
1989
2002
2012
2016
2017
2034
2050
2060
2062
2067
2074
2067
2063
2070
2076
2082
2085
2086
2089
2089
2089
2091
2085
2080
2082
2077
2075
2079
2080
2086
2092
2086
2083
2085
2086
2092
2091
2089
2085
2086
2070
2062
2065
2072
2076
2075
2070
2070
2060
2060
2057
2053
2028
2024
2016
2009
2000
1987
1986
1984
1983
1974
1958
1953
1953
1961
1967
1965
1962
1968
1970
1976
1981
1986
2010
2022
2022
2025
2033
2039
2051
2061
2075
2080
2087
2102
2114
2113
2114
2116
2114
2095
2079
2070
2069
2062
2062
2056
2047
2037
2036
2026
2021
2000
1992
1983
1977
1977
1963
1958
1964
1964
1962
1958
1956
1957
1972
1973
1972
1969
1964
1981
1982
1984
1987
1995
2001
2005
2005
2004
2010
2017
2017
2015
2016
2020
2013
2004
2000
1993
1991
1989
1991
1993
1991
1986
1978
1981
1983
1989
1995
2003
2005
2005
2009
2022
2019
2017
2016
2020
2027
2029
2032
2040
2051
2063
2073
2051
2063
2071
2078
2081
2062
2066
2070
2063
2052
2049
2052
2053
2050
2048
2052
2056
2058
2041
2038
2046
2059
2061
2059
2059
2056
2054
2054
2051
2045
2038
2041
2060
2075
2078
2085
2085
2079
2081
2088
2087
2086
2089
2054
2048
2047
2047
2038
2035
2034
2030
2024
2024
2025
2026
2016
2012
2002
2000
2004
2003
2006
1998
1994
1971
1963
1962
1971
1985
1964
1959
1954
1961
1964
1969
1975
1982
1989
1988
1985
1994
2012
2015
2010
2008
2020
2022
2021
2026
2036
2047
2055
2058
2056
2040
2041
2042
2048
2052
2053
2052
2044
2037
2035
2036
2038
2041
2015
2012
2018
2024
2022
2020
2021
2020
2014
1995
1993
2001
2004
1992
1982
1991
1987
1968
1976
1981
1979
1985
1986
1986
1990
1997
2013
2012
2010
2006
2006
2008
2018
2021
2025
2019
2026
2029
2039
2039
2042
2045
2048
2039
2049
2057
2056
2059
2067
2072
2072
2079
2084
2085
2083
2076
2069
2067
2062
2064
2071
2073
2076
2078
2061
2060
2068
2069
2067
2058
2062
2068
2067
2073
2068
2064
2060
2055
2050
2049
2050
2033
2030
2034
2042
2022
2022
2026
2033
2038
2016
2012
2012
2020
2012
2003
2006
2014
1998
1996
1998
1999
1996
1982
1982
1974
1958
1952
1964
1970
1986
2004
2018
2028
2039
2081
2084
2088
2084
2076
2043
2046
2054
2054
2046
2039
2031
2024
1999
2006
2009
2012
1990
1979
1966
1957
1949
1940
1938
1933
1928
1924
1921
1909
1908
1920
1931
1943
1955
1989
1997
2011
2021
2019
2010
2002
2004
2018
2031
2042
2045
2038
2041
2039
2043
2043
2076
2077
2072
2078
2082
2075
2069
2061
2063
2059
2047
2040
2046
2057
2055
2060
2063
2064
2057
2052
2049
2045
2046
2048
2046
2039
2020
2016
2021
2031
2026
2025
2024
2025
2026
2034
2031
2025
2019
2014
2005
2009
2016
2011
2004
1994
1990
1993
1996
2006
2013
2010
2005
2010
2018
2023
2031
2028
2023
2023
2038
2048
2061
2061
2057
2065
2063
2070
2074
2072
2081
2093
2093
2081
2083
2086
2083
2077
2064
2062
2071
2041
2039
2020
2000
1976
1896
1877
1861
1849
1830
1820
1830
1838
1866
1886
1892
1893
1899
1900
1902
1897
1890
1893
1893
1883
1878
1887
1889
1889
1898
1950
1964
1960
1962
1980
2008
2024
2037
2047
2067
2081
2091
2099
2174
2205
2230
2252
2348
2371
2391
2414
2432
2462
2482
2492
2495
2502
2508
2516
2524
2515
2507
2500
2493
2420
2422
2432
2374
2309
2248
2139
2115
2153
2142
2091
2057
2061
2028
2024
2006
1985
1978
1928
1896
1884
1870
1845
1822
1813
1805
1757
1758
1768
1766
1747
1724
1711
1708
1696
1655
1646
1622
1606
1610
1614
1620
1614
1588
1594
1612
1615
1649
1652
1671
1690
1707
1734
1741
1749
1756
1766
1789
1819
1837
1891
1894
1897
1902
1958
1974
1989
2001
2010
2015
2006
2007
2020
2028
2026
2030
2036
2032
2042
2052
2058
2071
2100
2105
2109
2113
2116
2114
2116
2130
2159
2153
2142
2145
2163
2178
2187
2199
2214
2217
2221
2225
2230
2232
2226
2213
2200
2158
2155
2148
2145
2112
2101
2091
2080
2067
2053
2055
2052
2039
2017
2002
1991
1984
1992
1993
1988
1986
1991
1990
1985
1978
1970
1974
1970
1971
1977
1989
2006
2019
2030
2064
2077
2096
2104
2147
2147
2147
2158
2166
2162
2162
2171
2181
2191
2204
2214
2222
2259
2265
2273
2267
2270
2278
2273
2271
2270
2269
2263
2259
2251
2222
2221
2216
2216
2191
2185
2179
2167
2156
2131
2121
2108
2093
2073
2058
2047
2037
1984
1964
1948
1932
1888
1875
1865
1862
1856
1807
1797
1782
1775
1769
1761
1767
1768
1762
1767
1778
1795
1836
1848
1854
1869
1891
1946
1961
1960
1973
1990
2006
2017
2033
2098
2096
2104
2116
2120
2116
2120
2109
2097
2091
2085
2078
2067
2043
2039
2041
2046
2028
2027
2024
2017
2014
2010
2001
1988
1984
1979
1971
1954
1950
1929
1927
1924
1928
1929
1932
1926
1920
1917
1896
1885
1884
1885
1877
1877
1876
1873
1853
1854
1851
1848
1853
1864
1866
1875
1883
1894
1905
1912
1918
1966
1979
1993
2002
2036
2044
2048
2056
2061
2081
2091
2095
2092
2089
2092
2089
2080
2086
2092
2096
2101
2095
2093
2101
2100
2096
2084
2078
2081
2087
2080
2075
2071
2078
2079
2078
2079
2081
2093
2096
2103
2107
2105
2121
2118
2118
2124
2127
2121
2122
2119
2148
2139
2138
2146
2136
2129
2123
2127
2131
2110
2102
2099
2098
2106
2103
2106
2097
2063
2062
2059
2063
2061
2044
2033
2025
2014
1997
1983
1975
1969
1950
1939
1932
1922
1903
1906
1908
1911
1913
1911
1911
1913
1911
1912
1916
1916
1918
1921
1926
1933
1942
1967
1970
1975
1974
1976
1992
1999
2016
2019
2015
2013
2013
2019
2045
2046
2054
2062
2055
2052
2066
2075
2083
2102
2103
2103
2112
2120
2134
2142
2144
2132
2129
2127
2118
2110
2108
2101
2091
2086
2085
2081
2075
2068
2064
2058
2048
2044
2015
2007
2002
2004
2007
1984
1990
1983
1983
1986
1989
1997
1999
1980
1988
1999
2004
2023
2026
2033
2042
2046
2059
2059
2062
2064
2063
2049
2040
2047
2052
2048
2056
2055
2033
2030
2035
2042
2042
2025
2013
2007
2011
2016
2019
2023
2028
2022
2013
2005
2003
1999
2009
1997
1991
1987
1981
1978
1979
1982
1964
1955
1965
1969
1953
1947
1949
1948
1944
1954
1962
1959
1966
1979
1985
1990
1995
1999
2002
2006
2014
2030
2030
2032
2042
2047
2063
2078
2081
2078
2080
2080
2072
2065
2067
2073
2074
2068
2060
2060
2055
2064
2070
2059
2052
2044
2036
2029
2024
2018
2021
1995
1997
1994
1994
1991
1988
1979
1973
1982
1985
1979
1973
1973
1977
1971
1969
1975
1991
1991
1989
1985
1990
2001
1991
1989
1996
2005
2017
2027
2030
2021
2029
2031
2031
2050
2049
2044
2043
2036
2050
2059
2062
2069
2061
2047
2047
2060
2068
2061
2066
2071
2083
2078
2078
2088
2092
2085
2083
2087
2090
2093
2095
2092
2088
2066
2062
2062
2065
2046
2049
2052
2058
2045
2022
2026
2037
2040
2029
2014
2009
2011
2003
2003
2004
2004
2004
2006
2008
2012
2017
2018
2023
2032
2037
2031
2022
2031
2042
2044
2048
2053
2053
2056
2041
2041
2040
2033
2034
2034
2029
2020
2018
2016
2010
2010
1980
1976
1968
1972
1978
1956
1950
1951
1954
1952
1955
1956
1960
1963
1964
1963
1962
2002
2013
2012
2006
2004
2030
2026
2021
2022
2030
2033
2037
2035
2013
2018
2008
2008
2012
2002
2018
2020
2017
2007
2004
1999
1999
1989
1986
1990
2001
1999
1994
1995
1996
2010
2012
2001
2004
2012
2018
2023
2019
2012
2015
2023
2025
2023
2018
2020
2021
2026
2025
2021
2025
2027
2024
2012
2012
2016
2019
2035
2036
2041
2042
2050
2059
2065
2060
2057
2067
2070
2077
2083
2086
2088
2097
2106
2107
2105
2105
2115
2117
2118
2113
2110
2111
2109
2105
2103
2098
2092
2088
2088
2088
2077
2070
2064
2062
2055
2044
2038
2031
2024
2014
2005
2009
2011
1986
1978
1968
1972
1982
1988
1993
1991
1979
1978
1973
1978
1983
1980
1975
1972
1973
1975
1978
1977
1971
2006
2012
2015
2019
2023
2027
2031
2034
2041
2047
2050
2053
2055
2043
2043
2046
2041
2030
2030
2029
2021
2017
2014
2019
2028
2021
2016
2021
2021
2011
1999
1997
1995
1995
1985
1989
1989
1992
1999
1998
2002
2014
2014
2009
2002
2005
2012
1998
1999
1998
2000
1994
1990
1992
1986
1981
1976
1975
1979
1978
1976
1974
1980
1990
1993
2000
2006
2008
2011
2020
2023
2033
2040
2045
2044
2038
2044
2050
2054
2064
2071
2072
2073
2071
2075
2080
2088
2085
2077
2072
2072
2078
2074
2077
2065
2066
2065
2068
2075
2074
2075
2081
2073
2076
2073
2065
2059
2058
2065
2061
2058
2037
2030
2024
2027
2036
2022
2022
2013
2016
2016
2008
2009
2009
2024
2015
2019
2021
2021
2024
2026
2030
2030
2028
2030
2028
2026
2021
2019
2025
2030
2011
2016
2017
2019
2001
2004
2012
2018
2017
2007
1997
2000
2003
2005
2002
1996
1996
1999
1997
1998
2002
2003
2021
2018
2004
2005
2011
2016
2017
2011
2047
2043
2052
2050
2044
2036
2039
2053
2059
2048
2045
2039
2034
2040
2048
2048
2049
2014
2012
2005
2006
2001
1995
1997
2004
1996
1992
1981
1979
1990
1999
1996
1997
2001
2006
2006
2003
1999
2009
2010
2012
2015
2014
2041
2041
2034
2035
2037
2037
2033
2022
2032
2034
2023
2018
2002
2010
2013
2009
2007
2001
1999
2008
2013
2009
2015
2025
2026
2020
2012
2024
2027
2034
2030
2025
2026
2029
2056
2064
2071
2072
2065
2068
2078
2084
2102
2103
2102
2088
2089
2079
2077
2087
2083
2084
2080
2080
2074
2048
2048
2044
2040
2024
2022
2018
2021
2020
2014
2008
1999
1991
1992
1985
1975
1974
1970
1960
1966
1972
1972
1977
1984
1983
1977
1963
1966
1968
1976
1978
1982
1987
1992
2009
1994
1992
2001
2010
1999
1995
1989
1984
1993
2001
1997
1986
2006
2011
2006
2002
2006
2011
2014
2013
2010
1999
2000
2005
2008
2004
2003
2015
2029
1998
2000
2010
2018
2029
2038
2042
2044
2042
2056
2056
2052
2055
2056
2056
2065
2079
2077
2078
2091
2104
2130
2144
2130
2108
2101
2077
2091
2102
2095
2093
2104
2117
2122
2128
2126
2121
2119
2129
2148
2157
2155
2138
2120
2118
2117
2110
2117
2124
2131
2133
2107
2105
2100
2085
2078
2054
2043
2043
2026
2017
2008
2013
2031
2027
2014
2006
1994
1971
1964
1963
1959
1956
1907
1905
1909
1915
1917
1914
1906
1891
1927
1923
1919
1910
1871
1856
1847
1847
1859
1874
1885
1893
1888
1887
1887
1892
1903
1939
1948
1940
1929
1919
1921
1932
1944
1945
1959
1968
1977
1987
2021
2028
2030
2039
2068
2069
2075
2082
2082
2076
2068
2058
2055
2050
2041
2043
2044
2051
2049
2056
2060
2051
2045
2036
2031
2030
2019
2019
2026
2035
2036
2038
2034
2033
2010
2003
2014
2027
2017
2018
2014
2012
2021
2038
2041
2051
2051
2053
2059
2063
2070
2099
2094
2087
2086
2088
2085
2089
2093
2093
2087
2089
2086
2083
2085
2088
2093
2092
2088
2089
2087
2086
2090
2099
2097
2096
2101
2095
2095
2096
2102
2077
2065
2063
2063
2048
2046
2044
2042
2041
2025
2025
2023
2025
2024
2017
2013
2021
2027
2034
2032
2034
2046
2043
2036
2035
2033
2041
2042
2044
2046
2046
2038
2044
2052
2044
2045
2039
2039
2039
2049
2051
2050
2041
2038
2041
2040
2027
2023
2019
2020
2019
1984
1980
1987
1999
1999
1984
1983
1989
1998
1994
1988
1992
1991
1994
1984
1982
1982
1988
1981
1979
1981
1973
1971
1962
1956
1966
1967
1965
1958
1953
1938
1945
1959
1960
1977
1978
1975
1980
1982
2001
2011
2015
2012
2006
2011
2020
2025
2015
2016
2012
2019
2028
2028
2034
2035
2037
2030
2025
2019
2009
2025
2019
2023
2018
1995
1987
1986
1987
1996
1998
1994
1991
1990
1995
1995
1998
2002
2004
2006
2005
2007
2015
2020
2025
2026
2028
2042
2044
2038
2037
2038
2031
2031
2030
2047
2059
2067
2062
2066
2053
2051
2054
2061
2067
2069
2075
2092
2105
2105
2105
2110
2117
2113
2115
2116
2109
2101
2100
2094
2096
2098
2096
2087
2086
2067
2064
2062
2060
2056
2048
2034
2026
2030
2009
2009
1999
1981
1962
1959
1966
1961
1950
1956
1959
1950
1949
1957
1960
1960
1952
1942
1936
1942
1953
1959
1958
1961
1960
1967
1977
1987
1993
2000
1998
1996
1998
2001
1998
1986
1989
1996
1995
1998
2000
2002
2010
2012
2013
2011
2019
2044
2052
2056
2056
2057
2063
2066
2059
2066
2068
2072
2072
2074
2071
2063
2071
2082
2088
2079
2064
2059
2066
2079
2087
2075
2039
2043
2049
2050
2046
2052
2074
2084
2087
2079
2062
2053
2057
2076
2072
2072
2073
2060
2055
2058
2074
2089
2081
2067
2067
2070
2065
2061
2058
2054
2053
2043
2037
2041
2045
2043
2039
2045
2050
2025
2029
2044
2048
2048
2037
2021
2018
2008
1998
1987
1984
1966
1962
1962
1964
1968
1962
1959
1959
1961
1966
1968
1968
1973
1981
1979
1987
1994
2025
2027
2023
2028
2034
2036
2042
2055
2061
2060
2061
2057
2052
2066
2060
2046
2035
2038
2020
2006
2002
1994
1992
1996
2000
1990
1962
1955
1953
1959
1975
1987
1985
1972
1965
1977
1976
1979
1981
1987
1987
1984
1989
2004
2011
2011
2010
2013
2001
1998
2001
2009
2003
2008
2001
1992
1992
1992
1991
1991
1983
1981
1976
1972
1999
2003
2006
2020
2028
2031
2035
2032
2038
2046
2057
2061
2065
2084
2092
2093
2096
2092
2090
2085
2087
2090
2093
2092
2088
2085
2050
2046
2058
2061
2036
2029
2026
2032
2045
2033
2037
2035
2029
2022
2015
2013
2014
2025
2032
2036
2043
2047
2053
2063
2069
2071
2071
2070
2070
2064
2067
2069
2072
2075
2082
2090
2089
2079
2074
2064
2060
2065
2060
2056
2060
2069
2070
2041
2039
2036
2035
2021
2020
2018
2013
2012
2026
2023
2022
2019
2014
2008
2005
2000
1996
1998
1998
1998
1983
1986
1986
1990
2002
2004
1994
1994
2000
2001
2002
2008
2013
1996
2001
2000
2002
1996
1987
1991
1986
1974
1972
1975
1971
1974
1970
1967
1964
1976
1974
1971
1981
1994
1998
2008
2016
2017
2025
2034
2033
2036
2043
2043
2047
2056
2062
2064
2056
2054
2056
2053
2053
2052
2048
2038
2030
2026
2029
2013
2012
2011
2007
2002
2003
2008
2011
2010
2019
2017
2018
2015
2019
2019
2023
2030
2030
2045
2038
2033
2034
2041
2040
2050
2045
2038
2036
2034
2031
2030
2030
2023
2019
2024
2025
2037
2049
2052
2053
2050
2054
2056
2063
2066
2072
2073
2072
2063
2058
2064
2070
2073
2070
2071
2070
2061
2066
2059
2057
2060
2064
2052
2039
2036
2027
2027
2029
2026
2010
2005
2007
2010
2016
2010
2012
2006
2001
1999
2000
2006
2013
2031
2032
2015
2005
2010
2017
2019
2022
2025
2019
2007
2004
1998
1999
2003
1996
1989
1960
1961
1959
1957
1965
1941
1939
1935
1930
1929
1934
1940
1941
1947
1953
1956
1958
1987
1996
1997
2001
1998
2016
2022
2031
2035
2043
2050
2051
2051
2068
2077
2080
2080
2082
2078
2081
2089
2091
2099
2092
2087
2091
2088
2083
2079
2083
2067
2062
2057
2061
2053
2064
2056
2048
2050
2050
2035
2026
2023
2035
2032
2030
2029
2004
2006
2009
2017
2022
2008
2011
2011
2012
2023
2022
2028
2035
2025
2028
2035
2042
2029
2024
2020
2028
2034
2033
2048
2052
2043
2033
2038
2034
2025
2002
2005
2019
2031
2027
2026
2032
2034
2032
2037
2036
2044
2048
2050
2045
2040
2045
2060
2058
2066
2067
2066
2072
2070
2073
2071
2063
2057
2055
2051
2027
2030
2038
2036
2015
2006
2000
1993
1990
1967
1958
1947
1942
1943
1942
1942
1950
1962
1962
1957
1961
1974
1980
1983
1991
1995
1995
1997
1999
2002
2001
2004
2013
2015
2034
2040
2035
2027
2017
2024
2030
2029
2034
2022
2023
2020
2016
2012
2014
2020
2030
2045
2043
2037
2033
2027
2023
2023
2031
2039
2035
2031
2025
2023
2030
2040
2042
2040
2058
2055
2056
2067
2068
2068
2059
2054
2054
2054
2055
2055
2060
2044
2042
2048
2043
2018
2021
2024
2026
2022
2016
2018
2015
2018
2022
2018
2021
2032
2041
2031
2033
2033
2045
2044
2046
2042
2047
2048
2043
2048
2055
2056
2057
2058
2057
2065
2064
2063
2063
2063
2048
2045
2040
2036
2036
2032
2028
2028
2023
2027
2030
2031
2022
2021
2021
2019
2017
2029
2029
2028
2030
2027
2027
2037
2037
2047
2040
2041
2039
2021
2020
2014
2004
1997
1953
1943
1940
1943
1944
1937
1933
1931
1913
1907
1906
1905
1890
1888
1885
1884
1891
1896
1903
1895
1890
1893
1893
1896
1900
1910
1921
1923
1927
1956
1959
1963
1975
1994
1997
2002
2010
2025
2039
2049
2050
2051
2071
2063
2061
2090
2113
2149
2177
2180
2166
2169
2186
2203
2205
2220
2240
2253
2248
2251
2242
2227
2227
2228
2234
2234
2224
2213
2201
2197
2205
2204
2200
2200
2202
2190
2150
2134
2118
2119
2108
2076
2070
2065
2067
2059
2048
2044
2046
2015
2010
1997
1992
1952
1938
1925
1932
1927
1901
1893
1887
1890
1886
1873
1851
1847
1837
1835
1829
1823
1812
1812
1826
1829
1823
1849
1864
1868
1874
1880
1884
1882
1892
1941
1959
1972
1979
1985
1987
1992
2009
2028
2029
2032
2037
2046
2068
2068
2063
2067
2076
2073
2068
2064
2058
2054
2046
2032
2023
2020
2009
2000
2005
2007
2012
2015
2018
2026
2030
2041
2055
2062
2065
2068
2066
2070
2080
2082
2080
2080
2054
2046
2051
2056
2042
2044
2042
2037
2040
2027
2023
2026
2023
2021
2023
2025
2014
2008
1999
1993
1987
1986
1982
1983
1983
1980
1970
1969
1972
1974
1972
1976
1992
2009
2007
2020
2036
2033
2023
2055
2050
2052
2067
2072
2078
2085
2086
2097
2089
2087
2091
2119
2119
2119
2123
2128
2156
2157
2157
2170
2170
2169
2174
2187
2172
2175
2182
2174
2146
2141
2129
2129
2128
2094
2095
2089
2079
2071
2066
2059
2048
2041
2028
2015
2012
2011
1988
1986
1982
1980
1978
1976
1969
1967
1964
1973
1970
1968
1972
1972
1974
1970
1971
1954
1944
1942
1942
1935
1923
1921
1922
1931
1937
1943
1943
1936
1945
1956
1959
1954
1980
1975
1968
1978
1986
1994
2004
2005
2029
2037
2043
2054
2083
2086
2087
2086
2087
2092
2097
2098
2103
2092
2087
2087
2088
2073
2060
2047
2038
2001
1995
1985
1976
1970
1950
1941
1938
1930
1931
1939
1933
1920
1901
1897
1905
1918
1929
1954
1957
1957
1964
1980
1987
1994
1995
2022
2025
2021
2024
2030
2036
2039
2047
2045
2026
2032
2044
2050
2055
2057
2063
2065
2035
2031
2033
2022
2027
2028
2022
2018
2014
2009
2018
2025
2027
2020
2018
2030
2042
2066
2081
2079
2079
2085
2086
2095
2107
2108
2101
2096
2091
2093
2094
2092
2089
2083
2054
2061
2064
2062
2065
2066
2068
2069
2062
2060
2059
2053
2056
2032
2029
2023
2014
1989
1988
1977
1970
1971
1953
1949
1945
1943
1944
1953
1960
1957
1951
1951
1954
1960
1963
1965
1964
1960
1964
1970
1972
1982
1987
1982
1981
1982
1990
2009
2013
2014
2020
2027
2031
2037
2045
2044
2058
2064
2070
2069
2069
2070
2070
2068
2075
2077
2077
2087
2088
2087
2091
2103
2118
2114
2116
2116
2124
2126
2135
2144
2153
2144
2142
2138
2140
2147
2142
2131
2129
2121
2113
2095
2090
2089
2070
2063
2057
2051
2021
2014
2012
2009
2006
1978
1980
1973
1963
1954
1959
1951
1939
1926
1930
1926
1927
1947
1949
1956
1959
1963
1975
1985
1995
1995
1991
1997
2001
2006
2005
2001
1999
2007
2020
2012
2009
2013
2017
2007
1992
1988
1999
2003
1998
2002
2012
2006
2013
2012
2016
2017
2029
2040
2044
2047
2046
2039
2038
2034
2056
2059
2061
2068
2058
2052
2053
2055
2058
2048
2040
2024
2018
2018
2011
2004
1998
1974
1976
1973
1972
1944
1941
1942
1940
1937
1938
1941
1946
1941
1937
1941
1947
1960
1964
1967
1976
1978
1968
1978
1981
1979
1983
2000
2001
2001
2010
2016
2018
2016
2018
2032
2035
2043
2048
2050
2057
2065
2072
2080
2078
2073
2076
2071
2071
2064
2067
2072
2064
2069
2081
2082
2082
2085
2082
2084
2090
2086
2081
2090
2094
2095
2096
2099
2094
2080
2072
2069
2068
2069
2067
2065
2062
2058
2060
2058
2057
2050
2044
2046
2045
2044
2042
2037
2025
2020
2020
2017
2025
2034
2038
2030
2025
2018
2015
2004
2009
2015
2016
2012
2013
2011
2011
2017
2012
2011
2013
2010
2010
2010
2004
2003
2011
2011
2009
2009
2008
2012
2017
2020
2024
2019
2022
2020
2024
2030
2038
2041
2036
2040
2026
2022
2029
2037
2016
2022
2025
2025
2023
2010
2003
2006
2010
2017
2014
2010
2013
2018
2016
2007
2008
2010
2008
2012
2012
2004
1996
1994
1993
1983
1979
1986
1993
1981
1984
1991
1996
1994
1997
1996
1998
2002
2005
2005
2012
2017
2006
2005
2004
2003
1996
1997
2002
2001
2002
2012
2019
2020
2021
2028
2035
2040
2045
2042
2046
2047
2058
2065
2078
2083
2086
2096
2103
2105
2100
2090
2098
2100
2098
2095
2081
2080
2077
2079
2088
2079
2066
2054
2054
2055
2059
2063
2061
2019
2015
2016
2014
1998
2000
2001
2000
1992
1976
1977
1976
1984
1992
1992
1992
1993
2014
2015
2019
2014
2036
2036
2034
2041
2040
2048
2038
2033
2038
2040
2037
2034
2031
2022
2023
2029
2028
2028
2015
2015
2020
2023
2018
2017
2017
2020
2012
2012
2013
2014
1985
1987
1988
1995
2004
2012
2016
2019
2018
2015
2010
2010
2012
2008
2003
1996
1996
1983
1981
1977
1968
1972
1979
1971
1967
1968
1963
1963
1965
1960
1967
1975
1979
1978
2002
2011
2023
2030
2030
2040
2042
2051
2049
2054
2063
2063
2062
2079
2076
2075
2079
2080
2083
2084
2076
2076
2078
2082
2080
2075
2078
2075
2074
2074
2075
2062
2063
2071
2076
2057
2046
2047
2053
2055
2066
2083
2078
2042
2053
2054
2044
2040
2053
2056
2045
2039
2049
2051
2050
2055
2047
2035
2034
2038
2024
2017
2012
2014
2014
2007
2006
2010
2019
2015
2011
2010
2013
2016
2011
2007
2005
2010
2005
1996
2001
1982
1979
1989
1992
1994
1978
1990
1989
1992
1995
1998
1997
2008
2010
2004
2005
2009
2019
2025
2024
2020
2018
2012
2010
2011
2009
2013
2004
1998
2002
2029
2038
2044
2046
2037
2017
2014
2016
2023
2025
2019
2003
1999
1988
1988
1992
1996
2017
2008
2001
2003
2013
2032
2024
2021
2019
2017
2017
2015
2008
2009
2008
2004
2005
2009
2015
2019
2019
2019
2023
2027
2028
2032
2024
2023
2035
2036
2024
2017
2013
2012
2028
2028
2022
2023
2027
2037
2038
2035
2036
2042
2050
2051
2049
2043
2047
2056
2061
2069
2066
2066
2072
2082
2081
2074
2069
2066
2069
2067
2066
2074
2064
2066
2070
2065
2062
2063
2058
2053
2047
2046
2046
2040
2037
2040
2034
2034
2030
2017
2008
1999
1998
2002
1989
1986
1987
1989
1991
2003
2008
2002
2005
2003
2005
2006
1988
1994
1998
2004
2004
2007
2008
2012
2011
2002
2004
2010
2024
2022
2016
2018
2016
2023
2026
2032
2031
2030
2008
2003
2005
2013
2017
2019
2020
2023
2035
2035
2038
2042
2046
2045
2044
2041
2042
2031
2029
2030
2031
2021
2019
2027
2034
2045
2055
2053
2049
2048
2060
2058
2059
2064
2064
2057
2052
2057
2064
2060
2052
2047
2036
2042
2050
2053
2044
2033
2036
2037
2035
2043
2046
2053
2057
2031
2026
2031
2029
2008
1991
1982
1975
1971
1937
1930
1935
1940
1934
1920
1913
1902
1888
1888
1886
1880
1861
1866
1863
1859
1858
1881
1874
1871
1877
1871
1873
1887
1901
1938
1945
1959
1965
1992
2009
2029
2037
2041
2058
2065
2079
2094
2109
2121
2131
2134
2144
2148
2149
2144
2145
2200
2216
2236
2252
2251
2246
2244
2249
2239
2252
2255
2269
2266
2268
2265
2252
2242
2236
2232
2222
2214
2209
2202
2191
2178
2139
2125
2109
2096
2077
2079
2078
2071
2066