2095
2093
2095
2096
2094
2084
2071
2062
2066
2073
2057
2046
2046
2052
2050
2045
2048
2047
2043
2048
2052
2055
2055
2055
2055
2051
2048
2047
2046
2049
2051
2043
2024
2028
2039
2036
2037
2038
2040
2036
2045
2050
2047
2044
2045
2049
2049
2049
2054
2050
2053
2054
2053
2052
2049
2046
2046
2046
2046
2042
2035
2024
2020
2025
2029
2030
2020
2003
1996
1996
2006
2005
1998
1992
1992
1996
1995
1991
2005
1997
1992
1995
2003
2012
2014
2012
2008
2006
2002
2005
2008
2021
2025
2027
2030
2009
2008
2005
2008
2009
1996
1993
1989
1988
1988
1987
1984
1981
1965
1969
1979
1980
1978
1974
1978
1977
1971
1969
1975
1982
1991
2007
2009
2002
2008
2032
2033
2030
2030
2035
2039
2043
2048
2056
2051
2047
2054
2055
2070
2077
2086
2088
2085
2089
2083
2080
2082
2066
2070
2074
2077
2075
2083
2093
2086
2058
2055
2055
2050
2054
2048
2043
2043
2047
2041
2042
2041
2043
2046
2039
2033
2030
2026
2025
2027
2019
2017
2027
2024
2019
2012
2009
2008
2011
2012
2007
2009
2011
2008
1998
1998
2001
1997
2003
1999
1998
2001
2006
1998
1990
1994
1997
1987
1988
1994
1999
1995
1999
2005
2006
2008
2005
2012
2021
2021
2023
2023
2024
2019
2025
2023
2018
2019
2025
2027
2027
2028
2027
2032
2031
2033
2027
2018
2018
2028
2032
2007
2014
2013
2010
1998
2001
2001
2002
2006
2001
2000
1999
2010
2009
2012
2011
2006
2017
2009
2006
2006
2008
2009
2006
2006
2002
2003
2011
2012
2008
2018
2021
2025
2022
2034
2032
2035
2036
2045
2059
2061
2060
2064
2058
2062
2065
2067
2077
2081
2080
2080
2068
2068
2064
2066
2064
2076
2072
2058
2055
2054
2056
2055
2056
2054
2053
2052
2053
2045
2048
2050
2051
2056
2042
2037
2038
2042
2047
2046
2044
2036
2047
2058
2061
2052
2047
2043
2029
2029
2028
2029
2029
2022
2012
2004
2002
2001
2008
2006
1998
1994
2004
1996
1998
1999
2008
2016
2008
2016
2022
2025
2024
2030
2027
2026
2022
2020
2017
2021
2030
2019
2022
2016
2017
2014
2012
2023
2021
2011
2005
2003
2010
2017
2014
2016
2009
2009
2008
2003
2005
2009
2004
1994
1985
1985
1995
1995
2002
2011
1994
1994
1997
2007
2013
2004
1999
1996
1998
1995
1996
2002
2007
2023
2018
2024
2028
2031
2029
2027
2027
2027
2029
2029
2025
2020
2030
2034
2028
2023
2021
2012
2003
2000
1997
1988
1983
1986
1993
2001
2008
2015
2018
2026
2025
2012
2012
2020
2022
2027
2029
2029
2044
2045
2044
2040
2042
2048
2050
2047
2022
2020
2026
2031
2018
2026
2035
2030
2026
2024
2018
2013
2026
2034
2031
2027
2034
2045
2048
2055
2058
2065
2065
2061
2057
2053
2098
2116
2127
2123
2103
2076
2065
2059
1993
1997
2007
2026
2029
2039
2056
2073
2086
2071
2065
2058
2049
2033
2024
2027
2030
2025
2021
2023
2023
2042
2047
2055
2055
2050
2055
2042
2036
2031
2034
2031
2027
2021
2004
1997
2002
2006
1992
2003
2011
2014
2015
2007
2000
1998
1993
1998
2010
2012
2005
2028
2036
2038
2033
2034
2053
2050
2046
2052
2049
2051
2053
2049
2026
2029
2026
2019
1999
1991
1992
1999
2004
2001
1998
1998
1997
1998
1992
1978
1974
1996
1988
1980
1976
1986
2021
2022
2015
2014
2018
2019
2019
2019
1999
2003
2015
2020
2021
2020
2025
2026
2027
2045
2052
2051
2044
2044
2040
2040
2045
2045
2028
2023
2024
2024
2024
2018
2010
2002
2004
2011
2018
2022
2029
2021
2016
2019
2024
2023
2020
2016
2015
2026
2036
2036
2038
2028
2028
2028
2031
2032
2044
2039
2042
2043
2030
2028
2044
2053
2020
2020
2013
2010
1997
2003
2014
2018
2015
2009
2013
2018
2012
1997
1985
1967
1946
1931
1919
1911
1910
1917
1917
1913
1917
1923
1948
1941
1932
1929
1931
1941
1946
1953
1992
2006
2029
2046
2121
2139
2154
2177
2195
2216
2223
2232
2251
2264
2272
2274
2270
2237
2277
2445
2574
2523
2463
2417
2307
2238
2204
2155
2089
2039
2014
1999
2026
2039
2103
2052
2004
2025
2071
1980
2000
2014
1970
1913
1914
1943
1950
1949
1925
1933
1973
1919
1934
1933
1902
1866
1832
1811
1801
1811
1818
1828
1833
1838
1841
1837
1837
1823
1885
1884
1879
1862
1836
1843
1856
1863
1880
1898
1924
1941
1947
1991
1997
2011
2024
2033
2053
2066
2073
2090
2108
2104
2103
2104
2091
2078
2071
2064
2053
2088
2119
2135
2134
2070
2060
2055
2051
2039
2033
2037
2039
2051
2056
2058
2069
2095
2088
2082
2078
2068
2062
2055
2039
2025
2020
2019
2023
2030
2059
2071
2082
2101
2060
2055
2057
2051
2048
2038
2028
2025
2022
2014
1988
1959
1939
1912
1929
1937
1929
1906
1901
1896
1893
1900
1917
1936
1950
1955
1970
1987
1997
2009
2065
2079
2079
2083
2106
2100
2100
2098
2098
2073
2064
2073
2075
2071
2075
2084
2090
2091
2088
2079
2071
2064
2062
2064
2070
2071
2065
2060
2056
2063
2070
2073
2067
2068
2074
2067
2064
2068
2052
2048
2043
2044
2034
2039
2032
2023
2035
2046
2052
2054
2050
2041
2038
2031
2030
2008
2004
1997
1994
2006
2030
2042
2044
2050
2054
2044
2042
2053
2048
2045
2036
2037
2053
2055
2058
2074
2093
2111
2109
2109
2112
2116
2109
2101
2099
2096
2093
2081
2068
2061
2029
2037
2030
2023
2018
2010
2005
2001
1957
1943
1929
1920
1922
1919
1918
1923
1927
1950
1959
1969
1973
1982
1986
1990
1991
1995
1994
1994
1989
1999
2005
2008
2014
2014
2004
2009
2011
2013
2013
2006
1997
1997
1968
1961
1964
1969
1961
1961
1956
1964
1960
1963
1964
1961
1959
1965
1960
1958
1958
1979
1983
1990
1998
1996
1994
2006
2033
2043
2036
2039
2045
2047
2045
2036
2036
2041
2046
2049
2051
2051
2056
2072
2082
2089
2092
2092
2099
2107
2105
2101
2105
2104
2105
2109
2114
2114
2111
2108
2105
2110
2113
2107
2099
2096
2100
2100
2104
2101
2090
2088
2093
2096
2089
2089
2082
2074
2067
2063
2064
2057
2046
2035
2022
2015
1981
1974
1964
1958
1954
1955
1960
1962
1940
1942
1942
1944
1941
1938
1939
1933
1921
1921
1921
1925
1924
1934
1940
1935
1935
1969
1968
1968
1963
1965
1988
1996
2003
2015
2018
2014
2014
2015
2025
2035
2047
2049
2055
2060
2064
2072
2081
2071
2068
2071
2075
2072
2073
2087
2090
2087
2077
2078
2088
2100
2099
2101
2100
2097
2093
2092
2090
2084
2075
2062
2058
2070
2064
2066
2064
2051
2024
2017
2023
2030
2026
2030
2029
2023
2019
2024
2039
2036
2034
2044
2047
2051
2039
2022
2021
2020
2021
2026
2039
2041
2034
2033
2036
2033
2021
2017
2009
2009
2003
1998
1987
1980
1976
1969
1970
1964
1962
1962
1959
1959
1956
1949
1959
1964
1970
1974
1982
1990
1994
2000
2002
2012
2021
2020
2021
2030
2037
2043
2049
2054
2054
2056
2054
2054
2058
2017
2021
2017
2017
2019
2025
2032
2034
2035
2030
2038
2040
2041
2028
2028
2028
2024
2034
2038
2037
2036
2034
2034
2034
2033
2031
2033
2037
2040
2041
2030
2024
2032
2032
2029
2025
2021
2019
2020
2013
2016
2026
2010
2007
2005
2005
2010
2025
2037
2030
2017
2005
2011
2013
2009
1999
1997
1998
1997
1993
1998
1993
1989
1993
1995
1998
2003
2007
2019
2026
2023
2028
2037
2044
2045
2042
2057
2066
2069
2065
2062
2065
2069
2064
2065
2048
2050
2058
2062
2059
2054
2054
2056
2043
2047
2054
2053
2052
2039
2027
2033
2040
2030
2033
2026
2023
2017
2019
2024
2030
2035
2036
2036
2042
2041
2038
2037
2044
2040
2043
2050
2046
2035
2029
2028
2027
2027
2032
2025
2026
2032
2035
2031
2025
2016
2018
2033
2019
2005
2010
2019
2019
2017
2013
2010
2011
2002
1990
1979
1986
1998
2004
1996
1984
1969
1967
1975
1995
1989
1984
1993
2000
2004
2005
2009
2019
2009
2008
2021
2030
2033
2029
2029
2029
2023
2021
2025
2024
2005
2008
2017
2028
2030
2027
2033
2031
2030
2036
2037
2037
2035
2044
2036
2031
2026
2023
2022
2025
2025
2014
2011
2015
2017
2019
2017
2011
2010
2019
2026
2032
2040
2054
2048
2046
2039
2036
2035
2033
2028
2036
2033
2033
2022
2013
2018
2029
2027
2022
2022
2038
2037
2036
2039
2041
2036
2041
2044
2044
2047
2048
2056
2055
2062
2060
2055
2050
2051
2047
2052
2053
2054
2058
2062
2069
2067
2045
2040
2032
2036
2046
2044
2041
2039
2021
2026
2023
2028
2031
2032
2030
2028
2020
2017
2016
2020
2021
2029
2019
2017
2014
2020
2018
2011
2009
2007
2001
1999
1993
1994
1976
1981
1978
1976
1996
1999
1996
1996
2000
2009
2007
2007
2010
2016
2027
2032
2029
2035
2034
2036
2039
2033
2031
2030
2025
2018
2009
2010
2012
2017
2019
2015
2009
2013
2007
2006
2005
2008
1998
1996
2006
2010
2006
2009
2003
2003
2012
2016
2010
1998
1999
2008
2002
2005
2017
2018
2018
2026
2037
2033
2014
2017
2010
2015
2019
2019
2020
2018
2013
2010
2007
2012
2009
2008
2007
2010
2014
2010
2021
2025
2024
2027
2029
2031
2031
2050
2050
2046
2045
2046
2044
2089
2076
2064
2122
2158
2124
2083
1994
1984
2001
2004
2029
2035
2029
2037
2051
2077
2078
2063
2049
2058
2065
2101
2134
2131
2125
2125
2124
2044
2048
2039
2036
2094
2096
2110
2130
2127
2100
2079
2051
2026
2021
2031
2045
2055
2077
2059
2037
2024
1997
2003
2006
2000
2000
1977
1962
1954
1947
1943
1944
1944
1940
1949
1967
1977
1977
1957
1947
1943
1953
1969
2006
2011
2009
2010
2015
2014
2012
2006
2012
2019
2032
2043
2071
2059
2044
2039
2029
2016
2018
2011
2015
2021
2030
2026
2019
1968
1966
1965
1970
1975
1982
1987
1988
1980
1970
1966
1969
1965
1996
2004
2013
2021
2028
2035
2049
2057
2069
2081
2090
2093
2088
2086
2088
2076
2060
2027
2015
2015
2020
2017
2015
2015
2003
2008
2014
2010
2003
1991
1985
1985
1980
1984
1980
1987
1999
1994
2012
2005
1997
1993
1987
1930
1905
1871
1846
1825
1804
1773
1750
1738
1746
1753
1760
1766
1790
1796
1809
1828
1840
1855
1873
1886
1918
1926
1930
1932
1939
1942
1952
1971
2001
2105
2151
2199
2244
2280
2315
2351
2373
2387
2442
2452
2507
2582
2638
2710
2800
2864
2882
2862
2812
2751
2602
2574
2569
2565
2547
2498
2474
2470
2464
2440
2432
2435
2421
2385
2391
2407
2409
2283
2241
2178
2114
2067
1937
1899
1862
1820
1779
1743
1701
1640
1399
1334
1272
1231
1206
1190
1199
1191
1170
1144
1119
1096
1085
1144
1188
1234
1258
1306
1319
1333
1370
1416
1550
1603
1655
1713
1759
1799
1827
1859
2004
2040
2075
2122
2312
2338
2357
2368
2372
2369
2361
2354
2369
2386
2381
2371
2366
2256
2226
2199
2175
2150
2146
2150
2163
2171
2126
2110
2094
2086
2088
2103
2117
2134
2150
2155
2150
2134
2130
2125
2129
2140
2156
2178
2159
2140
2126
2111
2107
2116
2113
2108
2087
2071
2059
2034
1964
1939
1917
1897
1886
1883
1868
1847
1804
1783
1755
1744
1764
1769
1771
1780
1786
1804
1814
1838
1864
1888
1911
1940
1972
2029
2058
2061
2066
2128
2150
2176
2185
2195
2211
2227
2235
2237
2246
2261
2265
2260
2274
2274
2284
2305
2373
2404
2425
2426
2424
2427
2416
2409
2398
2387
2381
2375
2368
2344
2321
2300
2274
2150
2130
2120
2112
2095
2039
2023
2012
1992
1968
1944
1924
1906
1809
1779
1758
1746
1687
1682
1680
1678
1672
1661
1655
1661
1665
1657
1648
1655
1682
1745
1759
1768
1801
1875
1890
1919
1958
1995
2045
2061
2085
2117
2152
2169
2175
2175
2237
2250
2249
2255
2298
2301
2290
2268
2259
2255
2245
2230
2217
2208
2197
2196
2203
2141
2132
2123
2103
2077
2030
2017
2009
1998
1992
1983
1963
1945
1898
1892
1896
1887
1863
1860
1868
1866
1843
1821
1815
1805
1788
1772
1761
1766
1775
1722
1716
1721
1730
1769
1771
1774
1788
1807
1871
1893
1908
1929
1943
1953
1971
1986
2064
2082
2087
2098
2113
2129
2141
2140
2133
2143
2145
2146
2141
2137
2128
2122
2124
2126
2133
2139
2144
2151
2145
2141
2136
2136
2128
2133
2139
2144
2139
2137
2132
2128
2135
2132
2127
2127
2148
2145
2142
2147
2156
2163
2166
2162
2155
2152
2145
2145
2147
2113
2102
2082
2077
2018
2010
1995
1982
1969
1932
1922
1907
1892
1885
1883
1869
1855
1817
1819
1823
1830
1822
1818
1822
1823
1825
1848
1853
1866
1877
1880
1889
1897
1893
1934
1944
1954
1950
1971
1976
1984
1988
1989
2003
2007
2003
2000
2004
2015
2031
2035
2055
2069
2090
2101
2110
2118
2135
2153
2163
2182
2190
2201
2212
2216
2223
2232
2240
2274
2277
2273
2274
2254
2250
2252
2255
2247
2211
2182
2154
2145
2136
2118
2098
2091
2022
2010
1991
1983
1978
1966
1966
1958
1949
1944
1941
1935
1934
1915
1920
1929
1931
1931
1939
1948
1956
1964
1959
1969
1974
1979
1995
2000
2004
2012
2027
2032
2035
2035
2041
2038
2030
2021
2032
2019
2007
2008
2015
2016
2010
1996
1986
1986
1978
1971
1966
1970
1954
1951
1962
1958
1954
1962
1974
1971
1964
1981
1986
1985
1976
1978
1987
1992
1988
1999
2002
2009
2001
1986
1982
1990
1995
1997
2002
2004
2005
2014
2025
2035
2041
2042
2032
2029
2023
2033
2050
2068
2077
2072
2068
2062
2068
2070
2075
2076
2075
2072
2074
2084
2086
2086
2084
2079
2074
2068
2060
2040
2038
2032
2015
1969
1968
1960
1953
1962
1931
1929
1933
1935
1934
1939
1945
1948
1960
1971
1963
1960
1968
1983
1994
2001
2011
2029
2034
2039
2047
2055
2062
2071
2075
2106
2112
2114
2119
2127
2131
2132
2128
2131
2124
2117
2110
2100
2091
2090
2102
2120
2095
2093
2089
2076
2072
2073
2066
2068
2067
2067
2067
2066
2066
2066
2064
2056
2046
2024
2027
2026
2015
2016
2005
1994
1995
1995
1979
1986
1988
1986
1979
1969
1970
1970
1977
1988
1990
1988
1992
1994
1998
1999
2006
2000
2002
2013
2015
2035
2034
2028
2032
2039
2040
2047
2056
2063
2038
2037
2028
2019
2014
2012
2013
2010
1981
1975
1961
1957
1961
1935
1933
1930
1927
1927
1924
1917
1912
1928
1938
1953
1956
1957
1955
1954
1961
1968
1963
1972
1973
1964
1964
1965
1969
1973
1974
1998
1998
2006
2011
2012
2020
2022
2022
2040
2042
2039
2040
2060
2064
2066
2079
2093
2074
2083
2094
2090
2071
2071
2078
2072
2053
2055
2057
2056
2055
2052
2053
2051
2052
2050
2043
2041
2044
2034
2034
2042
2050
2047
2042
2039
2038
2044
2045
2043
2042
2038
2038
2035
2032
2032
2038
2033
2026
2028
2035
2043
2054
2058
2063
2058
2061
2063
2066
2071
2068
2068
2067
2078
2085
2078
2073
2075
2078
2082
2088
2092
2083
2088
2090
2087
2090
2098
2094
2088
2087
2089
2091
2086
2085
2064
2055
2042
2029
1999
1994
1988
1983
1978
1950
1944
1938
1931
1921
1927
1939
1946
1943
1943
1948
1953
1973
1979
1991
1988
1986
1989
1990
1988
1994
1994
2004
2009
2007
2033
2025
2015
2008
2022
2028
2032
2024
2025
2024
2028
2028
2016
2013
2021
2027
2025
1990
1993
2001
2011
2011
2001
2016
2023
2027
2029
2016
2011
2010
2038
2038
2032
2031
2036
2032
2016
2014
2029
2029
2012
2003
2010
2012
2007
2005
2012
2012
2015
2014
2013
1991
1984
1994
2009
1995
1981
1981
1995
2004
2000
2004
2002
2001
1999
1993
1993
2001
2026
2015
2007
2004
2036
2041
2042
2044
2042
2031
2030
2045
2060
2067
2057
2054
2055
2036
2082
2121
2163
2203
1978
1952
1943
1921
1904
1899
1909
1908
1906
1926
1910
1927
2031
2046
2006
1976
2027
2097
2075
2102
2155
2187
2198
2226
2281
2264
2272
2270
2260
2226
2221
2243
2267
2251
2227
2220
2189
2170
2178
2182
2160
2138
2063
2029
2013
2000
1911
1888
1866
1846
1821
1767
1758
1762
1773
1784
1791
1795
1795
1821
1815
1825
1842
1844
1864
1888
1906
1935
1973
2015
2054
2081
2097
2089
2080
2082
2112
2115
2103
2092
2094
2063
2049
2034
2028
2023
2023
2032
2044
2089
2096
2082
2058
2008
2023
2027
2022
1987
1973
1954
1940
1936
1965
1983
1990
1994
2005
2036
2051
2061
2063
2033
2027
2035
2051
2075
2094
2105
2114
2115
2097
2079
2060
2036
2011
1995
1991
1985
1950
1951
1944
1932
1930
1938
1942
1941
1944
1977
1982
1995
1998
1993
1987
1986
1996
2020
2022
2022
2030
2032
2034
2029
2024
2011
2001
2006
2000
1995
2006
2015
2020
2020
1977
1960
1948
1934
1812
1779
1749
1718
1691
1615
1601
1594
1591
1586
1585
1579
1576
1573
1566
1561
1568
1575
1621
1654
1685
1715
1737
1758
1781
1813
1947
1984
2026
2077
2305
2381
2453
2528
2608
2826
2900
2975
3051
3129
3207
3286
3349
3589
3641
3683
3714
3798
3799
3790
3782
3776
3698
3700
3738
3738
3665
3557
3428
3311
2724
2600
2445
2335
1792
1673
1570
1458
1298
968
821
667
586
541
446
329
245
145
149
149
154
172
207
209
246
294
326
343
380
438
657
722
784
841
1135
1209
1290
1377
1635
1697
1767
1841
1903
2138
2200
2262
2325
2362
2391
2425
2468
2588
2631
2670
2700
2738
2730
2726
2703
2663
2566
2540
2512
2503
2500
2502
2508
2503
2469
2446
2419
2398
2409
2402
2393
2397
2382
2287
2250
2218
2186
2171
2171
2179
2194
2215
2215
2205
2184
2057
2043
2035
2019
2004
1914
1886
1851
1803
1757
1731
1707
1674
1630
1633
1649
1652
1647
1585
1563
1547
1548
1557
1580
1608
1627
1695
1689
1685
1678
1656
1655
1647
1643
1653
1649
1650
1661
1679
1695
1728
1787
1853
2079
2139
2201
2270
2333
2484
2540
2605
2660
2703
2743
2791
2840
2908
2924
2938
2948
2952
2964
2982
2991
2987
2975
2954
2930
2907
2883
2853
2820
2791
2761
2647
2608
2573
2531
2491
2448
2407
2368
2206
2165
2132
2104
1930
1877
1824
1766
1703
1539
1494
1461
1432
1397
1352
1304
1269
1151
1135
1121
1120
1116
1123
1140
1169
1199
1227
1260
1304
1348
1495
1539
1595
1648
1890
1943
1993
2044
2090
2191
2230
2272
2323
2357
2395
2438
2483
2618
2638
2660
2689
2763
2773
2782
2784
2790
2797
2781
2769
2756
2738
2722
2700
2673
2547
2504
2464
2407
2180
2106
2044
1984
1930
1745
1684
1627
1578
1530
1492
1455
1414
1291
1266
1241
1230
1216
1220
1232
1244
1261
1320
1343
1367
1395
1413
1435
1463
1486
1623
1652
1692
1732
1869
1894
1913
1935
1958
2030
2046
2064
2076
2078
2088
2104
2118
2167
2173
2185
2197
2211
2245
2269
2288
2302
2315
2324
2326
2334
2351
2346
2347
2351
2346
2343
2339
2327
2315
2290
2273
2261
2255
2243
2227
2220
2211
2204
2168
2173
2181
2184
2189
2198
2202
2196
2200
2199
2199
2208
2205
2189
2193
2200
2200
2189
2183
2182
2171
2134
2122
2112
2100
2030
2020
2008
2004
2006
1978
1966
1955
1932
1910
1899
1892
1876
1802
1776
1753
1749
1684
1675
1661
1639
1622
1599
1591
1587
1593
1602
1603
1598
1597
1622
1641
1663
1681
1772
1797
1817
1845
1882
1973
2016
2050
2077
2108
2146
2184
2208
2360
2388
2419
2453
2550
2567
2581
2593
2606
2605
2603
2597
2581
2562
2545
2538
2514
2399
2369
2346
2329
2204
2178
2158
2134
2108
2061
2040
2019
2005
1996
1978
1952
1929
1864
1856
1844
1823
1772
1764
1754
1747
1745
1714
1715
1709
1706
1712
1717
1717
1721
1772
1784
1794
1806
1876
1893
1904
1925
1950
2007
2031
2047
2060
2078
2093
2109
2124
2184
2198
2202
2208
2216
2217
2213
2209
2208
2207
2211
2205
2197
2180
2168
2148
2140
2081
2070
2063
2053
2041
2000
1984
1969
1960
1949
1936
1928
1916
1873
1862
1860
1860
1850
1846
1847
1861
1862
1861
1859
1859
1866
1880
1893
1914
1930
1993
2005
2020
2040
2086
2100
2114
2128
2139
2154
2160
2170
2174
2174
2177
2184
2185
2174
2169
2170
2160
2107
2097
2085
2074
2063
2023
2010
1998
1995
1984
1968
1950
1936
1888
1884
1886
1881
1866
1857
1859
1853
1853
1867
1882
1889
1888
1884
1889
1902
1919
1969
1973
1980
1984
2000
2013
2029
2044
2050
2075
2084
2094
2102
2104
2117
2129
2144
2146
2145
2153
2163
2167
2173
2170
2169
2168
2162
2163
2167
2163
2156
2142
2120
2109
2067
2057
2049
2039
2032
1993
1983
1973
1963
1951
1946
1938
1933
1917
1913
1916
1920
1926
1916
1911
1904
1907
1920
1928
1933
1934
1954
1962
1970
1977
1983
1993
2006
2019
2038
2071
2079
2090
2101
2112
2131
2152
2166
2176
2172
2170
2171
2169
2168
2171
2168
2170
2142
2145
2143
2139
2123
2111
2105
2095
2093
2070
2060
2055
2049
2041
2026
2018
2007
1961
1952
1947
1944
1896
1884
1876
1869
1871
1879
1871
1876
1882
1883
1875
1879
1883
1892
1893
1890
1894
1922
1930
1943
1957
1970
1994
2002
2007
2014
2024
2028
2036
2048
2071
2078
2089
2096
2103
2119
2117
2111
2114
2121
2129
2122
2113
2105
2095
2090
2084
2081
2079
2069
2053
2044
2030
2031
2028
2017
2007
2000
2001
2004
1980
1979
1981
1994
1972
1974
1986
1989
1990
1986
1991
1998
2012
2015
2015
2010
2015
2061
2062
2065
2068
2085
2098
2112
2107
2109
2116
2114
2116
2118
2120
2117
2116
2117
2097
2089
2085
2091
2060
2054
2053
2054
2056
2026
2026
2031
2032
2030
2020
2007
2000
1983
1985
1982
1976
1971
1962
1959
1958
1964
1968
1964
1966
1957
1949
1956
1964
1956
1959
1954
1952
1945
1944
1950
1958
1969
1980
1979
1980
1980
1984
2018
2021
2031
2037
2066
2068
2071
2080
2099
2115
2118
2123
2126
2131
2144
2155
2160
2138
2130
2122
2123
2085
2088
2088
2074
2060
2033
2032
2031
2026
2010
1996
1989
1975
1939
1940
1939
1933
1914
1910
1901
1904
1907
1908
1908
1909
1916
1922
1921
1924
1931
1957
1956
1959
1975
1993
2007
2015
2016
2011
2016
2020
2028
2040
2038
2037
2039
2047
2032
2030
2032
2044
2054
2045
2048
2050
2051
2050
2046
2049
2052
2066
2067
2065
2062
2061
2060
2058
2057
2060
2062
2070
2070
2073
2078
2077
2073
2072
2078
2090
2103
2102
2082
2084
2091
2090
2083
2078
2075
2075
2074
2075
2076
2077
2072
2074
2079
2080
2076
2041
2035
2026
2023
2024
2021
2031
2037
2038
2035
2037
2034
2037
2027
2023
2028
2038
2038
2041
2033
2027
2035
2033
2038
2036
2039
2035
2038
2048
2064
2042
2029
2019
2011
1997
1949
1941
1939
1942
1942
1943
1949
1946
1939
1942
1940
1934
1936
1927
1929
1936
1926
1954
1958
1963
1966
1969
1963
1969
1985
2013
2023
2027
2031
2028
2032
2042
2048
2052
2067
2063
2060
2066
2079
2083
2086
2080
2069
2065
2065
2057
2020
2016
2008
1998
1989
1957
1962
1968
1965
1962
1965
1963
1952
1943
1951
1958
1960
1953
1950
1941
1938
1954
1959
1962
1970
1981
1987
1997
2004
2013
2026
2017
2011
2007
2014
2015
2020
2022
2019
2023
2032
2033
2041
2036
2017
1993
1977
1910
1874
1841
1814
1796
1719
1686
1665
1660
1652
1637
1617
1599
1539
1529
1514
1494
1407
1399
1391
1391
1393
1404
1425
1444
1464
1499
1538
1574
1611
1762
1809
1854
1897
2119
2195
2268
2351
2440
2736
2833
2935
3037
3136
3237
3339
3435
3918
3942
3975
4006
4053
4083
4089
4090
4089
4091
4088
4088
4091
4090
4087
4089
4089
3864
3795
3708
3609
3202
3070
2959
2857
2736
2326
2197
2066
1941
1831
1721
1590
1441
832
679
535
388
241
119
114
112
109
109
105
103
103
95
95
93
94
97
97
102
104
105
117
128
139
160
190
232
296
378
743
830
920
1011
1409
1512
1611
1715
1818
2040
2108
2165
2218
2265
2311
2357
2408
2545
2576
2590
2599
2522
2516
2516
2523
2541
2606
2626
2636
2646
2653
2641
2623
2608
2570
2567
2575
2580
2523
2513
2504
2505
2499
2504
2512
2527
2536
2535
2517
2501
2486
2422
2394
2369
2357
2361
2323
2290
2257
2223
2192
2170
2161
2137
2012
1974
1944
1907
1694
1653
1623
1582
1541
1443
1418
1409
1402
1392
1392
1407
1427
1510
1535
1554
1573
1705
1731
1767
1808
1850
1982
2030
2080
2130
2171
2219
2260
2302
2468
2509
2553
2586
2699
2735
2769
2806
2850
2962
2989
3012
3035
3049
3059
3074
3085
3112
3109
3099
3085
2970
2925
2882
2830
2777
2621
2565
2514
2466
2401
2341
2283
2217
1937
1861
1790
1720
1505
1463
1418
1381
1340
1240
1217
1196
1170
1144
1118
1113
1112
1123
1138
1152
1171
1272
1307
1334
1372
1413
1530
1560
1596
1646
1699
1757
1811
1856
2029
2071
2108
2140
2173
2279
2311
2346
2370
2399
2424
2447
2468
2528
2539
2545
2547
2533
2520
2501
2476
2447
2342
2305
2264
2231
2195
2161
2119
2084
1958
1924
1888
1854
1744
1723
1703
1677
1652
1597
1582
1568
1556
1543
1537
1536
1541
1505
1496
1497
1499
1496
1499
1512
1520
1520
1554
1562
1574
1596
1621
1642
1665
1697
1812
1840
1875
1910
2020
2050
2074
2107
2140
2191
2203
2215
2220
2219
2218
2221
2229
2240
2241
2245
2246
2228
2220
2210
2205
2198
2168
2174
2174
2171
2162
2160
2169
2179
2179
2190
2197
2208
2240
2245
2264
2279
2293
2339
2351
2365
2382
2392
2394
2396
2388
2388
2381
2381
2379
2369
2330
2314
2296
2284
2264
2257
2249
2227
2137
2119
2104
2095
2022
1996
1968
1947
1922
1869
1848
1826
1804
1791
1776
1754
1721
1653
1634
1621
1607
1560
1558
1551
1545
1537
1543
1542
1545
1542
1544
1552
1570
1586
1642
1667
1693
1712
1805
1826
1862
1895
1930
2024
2060
2089
2119
2152
2184
2213
2236
2351
2382
2406
2431
2509
2521
2525
2541
2549
2580
2575
2571
2574
2578
2566
2548
2536
2486
2464
2446
2424
2320
2294
2269
2248
2221
2132
2108
2085
2065
2045
2019
1996
1975
1886
1877
1869
1856
1847
1848
1845
1836
1841
1851
1860
1863
1865
1866
1870
1879
1886
1910
1915
1914
1915
1920
1924
1926
1933
1948
1955
1961
1965
1965
1950
1950
1958
1965
1961
1957
1958
1960
1956
1960
1959
1949
1939
1926
1913
1911
1906
1904
1899
1896
1885
1897
1902
1901
1901
1905
1897
1891
1891
1900
1906
1915
1924
1929
1951
1957
1968
1978
2001
1998
2008
2019
2028
2058
2069
2078
2091
2105
2116
2123
2129
2162
2164
2161
2155
2184
2186
2194
2195
2194
2202
2197
2186
2172
2171
2179
2191
2190
2117
2116
2117
2112
2034
2020
2012
1992
1970
1919
1904
1904
1897
1890
1875
1855
1843
1820
1809
1804
1811
1809
1817
1819
1824
1830
1878
1895
1905
1918
1933
1946
1952
1976
2053
2066
2074
2091
2123
2140
2157
2180
2191
2185
2193
2200
2203
2205
2210
2220
2224
2220
2219
2215
2214
2217
2194
2195
2192
2190
2177
2164
2158
2162
2109
2093
2081
2063
2028
2019
2009
2003
1999
1965
1957
1949
1944
1942
1944
1936
1926
1917
1916
1920
1932
1943
1947
1953
1955
1965
1999
1997
1993
2002
2016
2028
2033
2036
2073
2083
2087
2091
2110
2118
2121
2125
2129
2128
2128
2126
2123
2112
2101
2089
2078
2051
2043
2031
2016
1995
1986
1974
1974
1976
1959
1958
1959
1957
1948
1940
1932
1930
1903
1898
1900
1900
1871
1874
1877
1878
1883
1895
1891
1886
1884
1887
1894
1916
1930
1948
1956
1965
1980
2009
2017
2027
2036
2040
2040
2044
2053
2064
2077
2073
2072
2073
2085
2093
2099
2103
2104
2124
2115
2104
2094
2091
2095
2109
2117
2081
2079
2078
2073
2051
2042
2039
2030
2019
2005
2014
2021
2018
2013
2008
2007
1998
1994
1994
1998
1996
1992
1997
2001
2005
2008
2026
2021
2011
2010
2013
2021
2037
2049
2057
2060
2070
2077
2106
2111
2109
2116
2119
2121
2129
2133
2137
2145
2147
2138
2135
2113
2113
2110
2100
2065
2056
2042
2031
2028
2006
1998
1982
1973
1964
1961
1957
1957
1931
1933
1926
1919
1916
1918
1920
1924
1924
1932
1931
1939
1948
1955
1961
1971
1976
1994
1980
1981
1994
2022
2022
2028
2028
2026
2028
2037
2043
2048
2048
2055
2061
2062
2056
2052
2056
2059
2057
2053
2051
2052
2058
2063
2068
2074
2078
2067
2066
2063
2055
2050
2049
2045
2040
2037
2029
2022
2010
2008
2008
2005
2010
2013
1994
1990
1994
2000
1997
1992
1983
1983
1991
1981
1980
1982
1984
1989
1987
1984
1987
1991
1991
1996
1996
2026
2032
2029
2032
2034
2022
2031
2040
2042
2039
2038
2037
2040
2050
2047
2045
2042
2023
2018
2021
2043
2086
1919
1839
1783
1742
1722
1716
1714
1741
1947
2004
2047
2083
2146
2171
2176
2155
2129
2141
2140
2134
2128
2142
2145
2149
2147
2182
2201
2223
2244
2270
2313
2317
2341
2361
2355
2322
2291
2259
2129
2105
2096
2094
2063
2078
2074
2053
2031
1989
1972
1955
1941
1921
1899
1885
1876
1898
1906
1909
1910
1900
1890
1890
1898
1908
1911
1915
1916
1909
1899
1905
1918
1924
1937
1945
1954
1959
1965
1987
2000
2011
2018
2015
2002
1991
1991
1994
1994
1985
1980
1993
2006
2020
2037
2056
2060
2062
2061
2066
2038
2029
2029
2024
2021
2020
2022
2021
2025
2013
2006
1998
1998
2000
2006
2014
2022
2019
2022
2029
2041
2032
2039
2037
2037
2005
2008
2013
2017
2025
2010
1990
1974
1964
1954
1944
1936
1926
1910
1911
1916
1918
1914
1908
1907
1910
1906
1892
1892
1886
1876
1856
1846
1835
1828
1797
1783
1775
1776
1709
1690
1657
1616
1572
1439
1384
1351
1332
1316
1295
1284
1289
1340
1365
1389
1406
1443
1457
1469
1486
1517
1620
1660
1709
1762
1821
1881
1950
2032
2391
2485
2589
2697
3128
3236
3335
3439
3535
3803
3900
3998
4075
4088
4091
4089
4089
4090
4089
4091
4088
4085
4088
4088
4088
4090
4087
4089
4088
4088
4089
4089
4088
4088
3927
3735
3484
3250
2404
2204
2012
1826
1644
1135
967
793
633
499
367
230
139
100
98
94
90
89
79
80
79
79
78
75
78
75
78
78
79
78
87
89
91
93
96
113
119
133
148
166
201
263
342
812
937
1058
1186
1650
1748
1848
1939
2034
2322
2400
2462
2527
2580
2620
2650
2684
2797
2803
2805
2799
2800
2794
2785
2767
2743
2691
2675
2656
2645
2636
2636
2632
2627
2630
2619
2597
2571
2489
2466
2443
2427
2411
2361
2352
2341
2327
2317
2301
2285
2271
2269
2255
2238
2217
2195
2127
2107
2082
2056
2041
2023
1998
1972
1835
1805
1780
1767
1707
1694
1677
1665
1658
1663
1664
1668
1672
1668
1662
1670
1687
1767
1793
1810
1827
1948
1985
2037
2076
2123
2254
2299
2354
2414
2473
2535
2589
2646
2873
2918
2969
3018
3180
3212
3237
3256
3277
3317
3323
3325
3319
3299
3281
3263
3232
3074
3030
2981
2926
2661
2588
2528
2467
2400
2186
2116
2035
1961
1894
1805
1722
1660
1396
1337
1270
1212
1019
981
944
914
888
821
812
799
803
821
835
840
862
973
1018
1062
1105
1149
1311
1367
1422
1487
1565
1638
1706
1775
2035
2100
2163
2230
2419
2461
2507
2549
2592
2682
2716
2737
2753
2770
2784
2782
2768
2742
2734
2735
2726
2632
2589
2547
2517
2490
2347
2303
2255
2207
2154
2105
2048
1984
1747
1687
1628
1579
1382
1342
1301
1264
1221
1135
1109
1092
1081
1069
1056
1056
1056
1091
1108
1128
1154
1258
1295
1345
1390
1429
1549
1593
1632
1680
1728
1767
1805
1854
2018
2046
2073
2111
2153
2226
2245
2261
2291
2322
2345
2360
2362
2395
2398
2410
2417
2403
2408
2400
2389
2379
2356
2348
2344
2341
2340
2335
2335
2331
2312
2312
2306
2295
2297
2286
2279
2285
2286
2302
2308
2299
2291
2278
2278
2286
2297
2294
2293
2301
2313
2291
2284
2277
2267
2256
2233
2219
2208
2203
2196
2175
2157
2135
2059
2049
2038
2013
1909
1895
1875
1842
1808
1744
1729
1706
1683
1662
1638
1608
1588
1543
1533
1528
1527
1510
1518
1524
1537
1538
1576
1590
1601
1619
1642
1665
1684
1710
1812
1843
1880
1919
1965
2048
2071
2114
2162
2205
2236
2263
2290
2409
2436
2467
2495
2577
2587
2598
2605
2609
2616
2611
2606
2606
2599
2599
2590
2571
2502
2478
2452
2431
2300
2267
2247
2221
2189
2099
2072
2047
2016
1990
1964
1949
1937
1864
1844
1833
1822
1777
1775
1774
1757
1750
1740
1743
1752
1767
1775
1786
1787
1812
1850
1868
1891
1910
1981
1995
2015
2033
2049
2090
2089
2094
2098
2101
2106
2111
2116
2116
2100
2091
2086
2091
2068
2056
2050
2049
2039
2030
2015
2000
1958
1948
1938
1931
1880
1868
1856
1856
1860
1823
1811
1807
1796
1780
1771
1775
1780
1782
1781
1777
1784
1792
1802
1840
1856
1872
1883
1941
1960
1980
1999
2022
2057
2073
2084
2097
2112
2128
2144
2159
2193
2200
2206
2213
2235
2224
2218
2208
2196
2193
2173
2155
2148
2143
2122
2099
2078
2033
2020
2007
1998
1947
1934
1924
1916
1906
1865
1853
1843
1843
1844
1850
1848
1844
1845
1849
1850
1855
1882
1894
1904
1906
1912
1946
1959
1984
2003
2019
2033
2052
2069
2121
2149
2164
2182
2222
2230
2239
2253
2261
2280
2278
2284
2283
2279
2276
2272
2272
2264
2251
2242
2227
2199
2196
2196
2186
2164
2128
2109
2093
2089
2084
2071
2056
2045
1972
1954
1952
1952
1943
1919
1908
1906
1910
1908
1903
1898
1901
1899
1907
1924
1933
1965
1975
1977
1984
1996
2037
2054
2069
2075
2085
2097
2102
2106
2125
2123
2128
2134
2144
2150
2146
2138
2136
2124
2116
2110
2103
2091
2079
2071
2060
2004
1996
1979
1962
1909
1909
1901
1886
1874
1847
1850
1847
1842
1840
1838
1833
1826
1841
1840
1830
1836
1855
1857
1847
1848
1866
1869
1872
1882
1893
1897
1901
1912
1929
1959
1964
1978
1993
2025
2037
2054
2068
2081
2101
2104
2113
2118
2131
2143
2147
2143
2147
2153
2151
2151
2152
2134
2126
2120
2120
2116
2106
2108
2110
2083
2066
2057
2048
2042
2025
2013
2014
2009
1990
1987
1990
1992
1996
1998
2003
2014
2015
2016
2024
2035
2044
2052
2055
2055
2058
2094
2103
2106
2111
2117
2130
2141
2142
2140
2147
2155
2164
2169
2172
2173
2170
2176
2151
2143
2142
2143
2130
2116
2103
2099
2071
2066
2059
2052
2009
2001
1983
1969
1968
1947
1939
1937
1928
1921
1915
1918
1914
1885
1881
1883
1877
1861
1859
1860
1859
1861
1875
1871
1870
1882
1887
1895
1902
1906
1947
1946
1952
1965
2007
2019
2024
2019
2016
2032
2036
2041
2049
2054
2058
2067
2078
2076
2081
2088
2087
2069
2064
2062
2062
2059
2027
2038
2045
2037
2021
2007
2008
2002
1993
1977
1969
1972
1973
1973
1966
1963
1976
1993
1986
1988
1998
2010
2009
2009
2007
2025
2031
2037
2033
2042
2045
2052
2056
2062
2067
2070
2075
2073
2073
2066
2056
2044
2057
2070
2070
2027
1928
1771
1785
1813
1872
1944
2004
2031
2033
2083
2077
2077
2079
2147
2164
2186
2201
2216
2281
2270
2250
2220
2204
2203
2210
2214
2199
2204
2215
2225
2183