4091
4088
4088
4091
4090
4087
4089
4089
3864
3795
3708
3609
3202
3070
2959
2857
2736
2326
2197
2066
1941
1831
1721
1590
1441
832
679
535
388
241
119
114
112
109
109
105
103
103
95
95
93
94
97
97
102
104
105
117
128
139
160
190
232
296
378
743
830
920
1011
1409
1512
1611
1715
1818
2040
2108
2165
2218
2265
2311
2357
2408
2545
2576
2590
2599
2522
2516
2516
2523
2541
2606
2626
2636
2646
2653
2641
2623
2608
2570
2567
2575
2580
2523
2513
2504
2505
2499
2504
2512
2527
2536
2535
2517
2501
2486
2422
2394
2369
2357
2361
2323
2290
2257
2223
2192
2170
2161
2137
2012
1974
1944
1907
1694
1653
1623
1582
1541
1443
1418
1409
1402
1392
1392
1407
1427
1510
1535
1554
1573
1705
1731
1767
1808
1850
1982
2030
2080
2130
2171
2219
2260
2302
2468
2509
2553
2586
2699
2735
2769
2806
2850
2962
2989
3012
3035
3049
3059
3074
3085
3112
3109
3099
3085
2970
2925
2882
2830
2777
2621
2565
2514
2466
2401
2341
2283
2217
1937
1861
1790
1720
1505
1463
1418
1381
1340
1240
1217
1196
1170
1144
1118
1113
1112
1123
1138
1152
1171
1272
1307
1334
1372
1413
1530
1560
1596
1646
1699
1757
1811
1856
2029
2071
2108
2140
2173
2279
2311
2346
2370
2399
2424
2447
2468
2528
2539
2545
2547
2533
2520
2501
2476
2447
2342
2305
2264
2231
2195
2161
2119
2084
1958
1924
1888
1854
1744
1723
1703
1677
1652
1597
1582
1568
1556
1543
1537
1536
1541
1505
1496
1497
1499
1496
1499
1512
1520
1520
1554
1562
1574
1596
1621
1642
1665
1697
1812
1840
1875
1910
2020
2050
2074
2107
2140
2191
2203
2215
2220
2219
2218
2221
2229
2240
2241
2245
2246
2228
2220
2210
2205
2198
2168
2174
2174
2171
2162
2160
2169
2179
2179
2190
2197
2208
2240
2245
2264
2279
2293
2339
2351
2365
2382
2392
2394
2396
2388
2388
2381
2381
2379
2369
2330
2314
2296
2284
2264
2257
2249
2227
2137
2119
2104
2095
2022
1996
1968
1947
1922
1869
1848
1826
1804
1791
1776
1754
1721
1653
1634
1621
1607
1560
1558
1551
1545
1537
1543
1542
1545
1542
1544
1552
1570
1586
1642
1667
1693
1712
1805
1826
1862
1895
1930
2024
2060
2089
2119
2152
2184
2213
2236
2351
2382
2406
2431
2509
2521
2525
2541
2549
2580
2575
2571
2574
2578
2566
2548
2536
2486
2464
2446
2424
2320
2294
2269
2248
2221
2132
2108
2085
2065
2045
2019
1996
1975
1886
1877
1869
1856
1847
1848
1845
1836
1841
1851
1860
1863
1865
1866
1870
1879
1886
1910
1915
1914
1915
1920
1924
1926
1933
1948
1955
1961
1965
1965
1950
1950
1958
1965
1961
1957
1958
1960
1956
1960
1959
1949
1939
1926
1913
1911
1906
1904
1899
1896
1885
1897
1902
1901
1901
1905
1897
1891
1891
1900
1906
1915
1924
1929
1951
1957
1968
1978
2001
1998
2008
2019
2028
2058
2069
2078
2091
2105
2116
2123
2129
2162
2164
2161
2155
2184
2186
2194
2195
2194
2202
2197
2186
2172
2171
2179
2191
2190
2117
2116
2117
2112
2034
2020
2012
1992
1970
1919
1904
1904
1897
1890
1875
1855
1843
1820
1809
1804
1811
1809
1817
1819
1824
1830
1878
1895
1905
1918
1933
1946
1952
1976
2053
2066
2074
2091
2123
2140
2157
2180
2191
2185
2193
2200
2203
2205
2210
2220
2224
2220
2219
2215
2214
2217
2194
2195
2192
2190
2177
2164
2158
2162
2109
2093
2081
2063
2028
2019
2009
2003
1999
1965
1957
1949
1944
1942
1944
1936
1926
1917
1916
1920
1932
1943
1947
1953
1955
1965
1999
1997
1993
2002
2016
2028
2033
2036
2073
2083
2087
2091
2110
2118
2121
2125
2129
2128
2128
2126
2123
2112
2101
2089
2078
2051
2043
2031
2016
1995
1986
1974
1974
1976
1959
1958
1959
1957
1948
1940
1932
1930
1903
1898
1900
1900
1871
1874
1877
1878
1883
1895
1891
1886
1884
1887
1894
1916
1930
1948
1956
1965
1980
2009
2017
2027
2036
2040
2040
2044
2053
2064
2077
2073
2072
2073
2085
2093
2099
2103
2104
2124
2115
2104
2094
2091
2095
2109
2117
2081
2079
2078
2073
2051
2042
2039
2030
2019
2005
2014
2021
2018
2013
2008
2007
1998
1994
1994
1998
1996
1992
1997
2001
2005
2008
2026
2021
2011
2010
2013
2021
2037
2049
2057
2060
2070
2077
2106
2111
2109
2116
2119
2121
2129
2133
2137
2145
2147
2138
2135
2113
2113
2110
2100
2065
2056
2042
2031
2028
2006
1998
1982
1973
1964
1961
1957
1957
1931
1933
1926
1919
1916
1918
1920
1924
1924
1932
1931
1939
1948
1955
1961
1971
1976
1994
1980
1981
1994
2022
2022
2028
2028
2026
2028
2037
2043
2048
2048
2055
2061
2062
2056
2052
2056
2059
2057
2053
2051
2052
2058
2063
2068
2074
2078
2067
2066
2063
2055
2050
2049
2045
2040
2037
2029
2022
2010
2008
2008
2005
2010
2013
1994
1990
1994
2000
1997
1992
1983
1983
1991
1981
1980
1982
1984
1989
1987
1984
1987
1991
1991
1996
1996
2026
2032
2029
2032
2034
2022
2031
2040
2042
2039
2038
2037
2040
2050
2047
2045
2042
2023
2018
2021
2043
2086
1919
1839
1783
1742
1722
1716
1714
1741
1947
2004
2047
2083
2146
2171
2176
2155
2129
2141
2140
2134
2128
2142
2145
2149
2147
2182
2201
2223
2244
2270
2313
2317
2341
2361
2355
2322
2291
2259
2129
2105
2096
2094
2063
2078
2074
2053
2031
1989
1972
1955
1941
1921
1899
1885
1876
1898
1906
1909
1910
1900
1890
1890
1898
1908
1911
1915
1916
1909
1899
1905
1918
1924
1937
1945
1954
1959
1965
1987
2000
2011
2018
2015
2002
1991
1991
1994
1994
1985
1980
1993
2006
2020
2037
2056
2060
2062
2061
2066
2038
2029
2029
2024
2021
2020
2022
2021
2025
2013
2006
1998
1998
2000
2006
2014
2022
2019
2022
2029
2041
2032
2039
2037
2037
2005
2008
2013
2017
2025
2010
1990
1974
1964
1954
1944
1936
1926
1910
1911
1916
1918
1914
1908
1907
1910
1906
1892
1892
1886
1876
1856
1846
1835
1828
1797
1783
1775
1776
1709
1690
1657
1616
1572
1439
1384
1351
1332
1316
1295
1284
1289
1340
1365
1389
1406
1443
1457
1469
1486
1517
1620
1660
1709
1762
1821
1881
1950
2032
2391
2485
2589
2697
3128
3236
3335
3439
3535
3803
3900
3998
4075
4088
4091
4089
4089
4090
4089
4091
4088
4085
4088
4088
4088
4090
4087
4089
4088
4088
4089
4089
4088
4088
3927
3735
3484
3250
2404
2204
2012
1826
1644
1135
967
793
633
499
367
230
139
100
98
94
90
89
79
80
79
79
78
75
78
75
78
78
79
78
87
89
91
93
96
113
119
133
148
166
201
263
342
812
937
1058
1186
1650
1748
1848
1939
2034
2322
2400
2462
2527
2580
2620
2650
2684
2797
2803
2805
2799
2800
2794
2785
2767
2743
2691
2675
2656
2645
2636
2636
2632
2627
2630
2619
2597
2571
2489
2466
2443
2427
2411
2361
2352
2341
2327
2317
2301
2285
2271
2269
2255
2238
2217
2195
2127
2107
2082
2056
2041
2023
1998
1972
1835
1805
1780
1767
1707
1694
1677
1665
1658
1663
1664
1668
1672
1668
1662
1670
1687
1767
1793
1810
1827
1948
1985
2037
2076
2123
2254
2299
2354
2414
2473
2535
2589
2646
2873
2918
2969
3018
3180
3212
3237
3256
3277
3317
3323
3325
3319
3299
3281
3263
3232
3074
3030
2981
2926
2661
2588
2528
2467
2400
2186
2116
2035
1961
1894
1805
1722
1660
1396
1337
1270
1212
1019
981
944
914
888
821
812
799
803
821
835
840
862
973
1018
1062
1105
1149
1311
1367
1422
1487
1565
1638
1706
1775
2035
2100
2163
2230
2419
2461
2507
2549
2592
2682
2716
2737
2753
2770
2784
2782
2768
2742
2734
2735
2726
2632
2589
2547
2517
2490
2347
2303
2255
2207
2154
2105
2048
1984
1747
1687
1628
1579
1382
1342
1301
1264
1221
1135
1109
1092
1081
1069
1056
1056
1056
1091
1108
1128
1154
1258
1295
1345
1390
1429
1549
1593
1632
1680
1728
1767
1805
1854
2018
2046
2073
2111
2153
2226
2245
2261
2291
2322
2345
2360
2362
2395
2398
2410
2417
2403
2408
2400
2389
2379
2356
2348
2344
2341
2340
2335
2335
2331
2312
2312
2306
2295
2297
2286
2279
2285
2286
2302
2308
2299
2291
2278
2278
2286
2297
2294
2293
2301
2313
2291
2284
2277
2267
2256
2233
2219
2208
2203
2196
2175
2157
2135
2059
2049
2038
2013
1909
1895
1875
1842
1808
1744
1729
1706
1683
1662
1638
1608
1588
1543
1533
1528
1527
1510
1518
1524
1537
1538
1576
1590
1601
1619
1642
1665
1684
1710
1812
1843
1880
1919
1965
2048
2071
2114
2162
2205
2236
2263
2290
2409
2436
2467
2495
2577
2587
2598
2605
2609
2616
2611
2606
2606
2599
2599
2590
2571
2502
2478
2452
2431
2300
2267
2247
2221
2189
2099
2072
2047
2016
1990
1964
1949
1937
1864
1844
1833
1822
1777
1775
1774
1757
1750
1740
1743
1752
1767
1775
1786
1787
1812
1850
1868
1891
1910
1981
1995
2015
2033
2049
2090
2089
2094
2098
2101
2106
2111
2116
2116
2100
2091
2086
2091
2068
2056
2050
2049
2039
2030
2015
2000
1958
1948
1938
1931
1880
1868
1856
1856
1860
1823
1811
1807
1796
1780
1771
1775
1780
1782
1781
1777
1784
1792
1802
1840
1856
1872
1883
1941
1960
1980
1999
2022
2057
2073
2084
2097
2112
2128
2144
2159
2193
2200
2206
2213
2235
2224
2218
2208
2196
2193
2173
2155
2148
2143
2122
2099
2078
2033
2020
2007
1998
1947
1934
1924
1916
1906
1865
1853
1843
1843
1844
1850
1848
1844
1845
1849
1850
1855
1882
1894
1904
1906
1912
1946
1959
1984
2003
2019
2033
2052
2069
2121
2149
2164
2182
2222
2230
2239
2253
2261
2280
2278
2284
2283
2279
2276
2272
2272
2264
2251
2242
2227
2199
2196
2196
2186
2164
2128
2109
2093
2089
2084
2071
2056
2045
1972
1954
1952
1952
1943
1919
1908
1906
1910
1908
1903
1898
1901
1899
1907
1924
1933
1965
1975
1977
1984
1996
2037
2054
2069
2075
2085
2097
2102
2106
2125
2123
2128
2134
2144
2150
2146
2138
2136
2124
2116
2110
2103
2091
2079
2071
2060
2004
1996
1979
1962
1909
1909
1901
1886
1874
1847
1850
1847
1842
1840
1838
1833
1826
1841
1840
1830
1836
1855
1857
1847
1848
1866
1869
1872
1882
1893
1897
1901
1912
1929
1959
1964
1978
1993
2025
2037
2054
2068
2081
2101
2104
2113
2118
2131
2143
2147
2143
2147
2153
2151
2151
2152
2134
2126
2120
2120
2116
2106
2108
2110
2083
2066
2057
2048
2042
2025
2013
2014
2009
1990
1987
1990
1992
1996
1998
2003
2014
2015
2016
2024
2035
2044
2052
2055
2055
2058
2094
2103
2106
2111
2117
2130
2141
2142
2140
2147
2155
2164
2169
2172
2173
2170
2176
2151
2143
2142
2143
2130
2116
2103
2099
2071
2066
2059
2052
2009
2001
1983
1969
1968
1947
1939
1937
1928
1921
1915
1918
1914
1885
1881
1883
1877
1861
1859
1860
1859
1861
1875
1871
1870
1882
1887
1895
1902
1906
1947
1946
1952
1965
2007
2019
2024
2019
2016
2032
2036
2041
2049
2054
2058
2067
2078
2076
2081
2088
2087
2069
2064
2062
2062
2059
2027
2038
2045
2037
2021
2007
2008
2002
1993
1977
1969
1972
1973
1973
1966
1963
1976
1993
1986
1988
1998
2010
2009
2009
2007
2025
2031
2037
2033
2042
2045
2052
2056
2062
2067
2070
2075
2073
2073
2066
2056
2044
2057
2070
2070
2027
1928
1771
1785
1813
1872
1944
2004
2031
2033
2083
2077
2077
2079
2147
2164
2186
2201
2216
2281
2270
2250
2220
2204
2203
2210
2214
2199
2204
2215
2225
2183
2165
2147
2132
2133
2133
2113
2105
2100
2097
2090
2089
2085
2025
2015
2006
1994
1989
1997
2009
2027
2046
2057
2063
2053
2037
2018
1995
1978
1972
1985
2004
2023
2032
1967
1969
1974
1977
1974
1955
1950
1945
1938
1935
1927
1921
1925
1914
1903
1891
1894
1935
1917
1901
1887
1882
1907
1904
1898
1899
1914
1919
1919
1919
1880
1896
1917
1936
1971
1967
1968
1972
1978
1972
1982
1994
2002
1999
1998
1988
1971
1944
1942
1935
1932
1942
1944
1931
1924
1917
1921
1916
1907
1898
1863
1860
1865
1863
1843
1844
1835
1829
1833
1811
1807
1792
1778
1769
1765
1761
1756
1672
1653
1628
1615
1517
1484
1440
1398
1356
1208
1157
1112
1072
1037
1006
978
959
1044
1094
1158
1236
1563
1643
1719
1798
1879
2103
2182
2258
2356
2452
2539
2630
2721
3145
3247
3357
3473
3888
3995
4083
4087
4089
4091
4087
4090
4090
4089
4090
4088
4088
4087
4088
4090
4089
4089
4089
4088
4088
4088
4089
4089
4090
4087
4091
4089
4089
4089
4086
4087
4089
4069
3375
3133
2898
2672
2437
1616
1353
1087
814
541
275
117
104
81
82
77
74
72
67
66
66
63
63
61
62
62
60
60
61
62
63
62
62
64
64
64
66
67
68
72
73
73
76
85
87
91
97
134
147
167
201
266
606
764
910
1037
1177
1334
1497
1667
2277
2396
2502
2615
2982
3054
3118
3180
3248
3388
3396
3412
3436
3469
3496
3513
3547
3569
3567
3567
3553
3433
3403
3373
3354
3321
3170
3101
3029
2969
2916
2858
2807
2769
2607
2554
2501
2449
2243
2197
2140
2091
2036
1852
1793
1736
1695
1657
1630
1609
1598
1472
1430
1396
1369
1312
1312
1307
1300
1301
1309
1308
1315
1325
1337
1350
1374
1400
1540
1583
1625
1659
1695
1839
1891
1958
2029
2102
2169
2241
2323
2661
2746
2831
2898
3120
3168
3216
3271
3331
3496
3540
3583
3611
3644
3674
3701
3723
3676
3641
3603
3562
3353
3298
3236
3162
3083
2800
2698
2605
2516
2417
2317
2214
2114
1720
1634
1555
1482
1155
1076
1000
934
873
739
713
681
640
596
560
530
502
433
432
439
465
571
602
639
682
717
820
870
921
979
1053
1120
1186
1259
1569
1655
1732
1824
2156
2231
2297
2361
2418
2602
2658
2711
2755
2786
2806
2835
2853
2876
2861
2856
2836
2730
2694
2668
2646
2616
2463
2394
2328
2273
2221
2164
2112
2048
1795
1741
1700
1671
1644
1571
1555
1545
1530
1518
1506
1501
1500
1499
1492
1481
1478
1496
1493
1490
1489
1484
1464
1458
1460
1469
1480
1484
1481
1482
1516
1543
1560
1574
1654
1677
1686
1698
1718
1820
1846
1874
1904
1940
1985
2032
2065
2238
2274
2313
2349
2451
2490
2510
2520
2525
2548
2564
2585
2593
2587
2570
2574
2583
2549
2545
2537
2534
2510
2502
2498
2495
2489
2487
2474
2472
2471
2470
2456
2452
2451
2427
2421
2414
2403
2393
2340
2327
2319
2307
2297
2283
2266
2244
2165
2140
2117
2092
1989
1946
1916
1905
1806
1774
1749
1717
1679
1581
1558
1535
1505
1473
1444
1416
1384
1314
1310
1303
1291
1278
1306
1318
1330
1345
1369
1409
1450
1483
1609
1646
1704
1763
1958
2015
2061
2104
2144
2305
2349
2398
2445
2492
2533
2581
2612
2743
2771
2785
2793
2836
2842
2830
2824
2812
2767
2756
2730
2703
2691
2676
2659
2650
2533
2520
2496
2470
2368
2340
2304
2265
2234
2155
2135
2105
2073
2050
2026
1994
1957
1865
1843
1815
1788
1767
1696
1674
1651
1632
1613
1603
1588
1564
1505
1502
1501
1506
1502
1514
1527
1542
1563
1595
1608
1631
1654
1672
1686
1708
1734
1801
1808
1826
1845
1906
1916
1930
1937
1943
1963
1963
1972
1981
1990
1991
1987
1986
1970
1971
1971
1971
1947
1943
1930
1927
1930
1936
1938
1941
1945
1944
1938
1941
1949
1968
1974
1977
1990
2011
2008
2009
2024
2031
2049
2056
2066
2079
2087
2097
2097
2105
2150
2154
2164
2174
2182
2185
2189
2194
2196
2189
2180
2178
2184
2187
2179
2165
2164
2143
2140
2132
2119
2070
2053
2042
2028
2008
1977
1955
1945
1934
1926
1920
1906
1897
1884
1874
1871
1874
1886
1894
1897
1899
1907
1929
1937
1942
1954
1962
1979
1997
2019
2074
2089
2107
2127
2153
2217
2235
2253
2263
2271
2284
2304
2316
2350
2352
2351
2342
2339
2334
2332
2328
2321
2283
2264
2245
2236
2227
2215
2194
2179
2104
2092
2080
2057
2034
2023
2012
2006
1990
1953
1947
1947
1952
1944
1940
1926
1917
1900
1906
1910
1912
1906
1917
1928
1930
1935
1954
1963
1966
1970
1978
1977
1974
1978
1984
1983
1982
1984
2009
2014
2017
2019
2010
2009
2007
2010
2015
2021
2021
2021
2018
2002
2007
2015
2023
2022
2015
2013
2008
2007
1991
1991
1985
1974
1953
1944
1944
1936
1905
1893
1881
1868
1849
1843
1839
1841
1835
1811
1812
1816
1819
1822
1818
1820
1815
1828
1830
1848
1862
1871
1918
1935
1948
1958
1967
1976
1992
2010
2061
2068
2080
2089
2127
2147
2156
2160
2157
2153
2154
2160
2153
2149
2153
2153
2145
2104
2104
2102
2098
2072
2062
2055
2048
2041
2039
2042
2039
2030
2023
2023
2024
2030
2047
2049
2053
2051
2071
2075
2073
2079
2085
2106
2115
2129
2145
2155
2157
2165
2166
2156
2153
2153
2157
2177
2171
2171
2178
2181
2178
2172
2157
2138
2132
2127
2130
2133
2125
2116
2113
2106
2072
2066
2060
2049
2036
1999
1989
1990
1988
1978
1964
1962
1961
1930
1929
1927
1915
1912
1903
1898
1899
1898
1894
1888
1882
1887
1890
1886
1895
1895
1906
1914
1919
1922
1910
1917
1926
1938
1948
1968
1977
1980
1984
1997
2017
2030
2025
2045
2041
2045
2039
2038
2046
2055
2065
2071
2063
2057
2061
2062
2049
2046
2046
2046
2033
2037
2044
2045
2039
2024
2018
2009
2007
2009
2002
1990
1988
1987
1990
1989
1990
1977
1975
1975
1982
1993
1992
1991
1991
1989
1994
1994
1993
2003
2010
2006
2003
2004
1999
1951
1886
1816
1762
1850
1885
1905
1930
1971
2020
2040
2042
2068
2071
2084
2097
2176
2233
2278
2287
2281
2284
2270
2255
2255
2250
2253
2248
2236
2251
2240
2209
2189
2153
2139
2124
2111
2116
2123
2095
2071
2052
2039
2026
2029
2027
1961
1968
1975
1975
1939
1953
1976
2016
2053
2024
2015
2010
2005
1996
1973
1953
1946
2009
2022
2026
2031
2037
2031
2021
2006
1997
1992
1999
1984
1961
1961
1969
1971
1968
1921
1920
1933
1951
1958
1967
1967
1965
1965
1961
1960
1963
1960
1999
2008
2016
2008
1997
2004
2009
2017
2020
2048
2052
2050
2047
2040
2033
2026
2019
2000
1991
1994
2001
1986
1993
1993
1992
1990
1974
1973
1977
1975
1965
1964
1968
1963
1940
1926
1906
1906
1942
1941
1939
1949
1959
1962
1954
1951
1955
1957
1965
1972
1974
1966
1969
1967
1974
1990
1997
2001
1998
1998
1988
1984
1977
1973
1971
1958
1941
1924
1887
1883
1883
1877
1822
1803
1784
1764
1733
1640
1618
1598
1575
1552
1540
1528
1516
1526
1531
1536
1541
1584
1593
1601
1620
1635
1662
1685
1706
1730
1757
1792
1831
1873
2044
2099
2160
2232
2518
2599
2675
2755
2825
3061
3139
3218
3297
3374
3443
3513
3586
3817
3861
3906
3937
4038
4056
4076
4086
4088
4063
4042
4008
3968
3922
3875
3822
3755
3444
3354
3267
3165
2755
2662
2569
2470
2365
2036
1938
1837
1725
1613
1481
1339
1176
589
514
434
349
277
161
153
146
139
134
130
130
127
125
132
134
135
144
146
147
155
165
197
215
230
253
290
333
380
427
603
657
716
783
1068
1140
1212
1283
1350
1574
1657
1749
1846
1928
1996
2068
2145
2368
2423
2473
2526
2767
2802
2824
2837
2842
2839
2829
2819
2810
2808
2805
2807
2801
2733
2711
2686
2654
2542
2513
2488
2470
2453
2382
2357
2331
2306
2287
2270
2255
2234
2163
2124
2094
2076
2044
2054
2057
2063
2079
2125
2128
2129
2141
2146
2147
2140
2130
2142
2140
2130
2125
2053
2031
2005
1980
1966
1934
1923
1916
1916
1920
1923
1931
1948
2034
2069
2091
2118
2276
2321
2354
2382
2418
2513
2545
2590
2633
2676
2722
2770
2812
2960
2996
3029
3057
3120
3127
3131
3121
3112
3075
3050
3028
3010
2995
2970
2948
2919
2782
2743
2708
2671
2450
2381
2325
2270
2217
2044
1991
1934
1886
1821
1769
1718
1670
1469
1420
1367
1319
1176
1146
1113
1084
1068
1002
985
976
972
967
963
960
970
1051
1083
1112
1144
1295
1331
1373
1422
1474
1609
1669
1727
1782
1844
1908
1974
2029
2236
2280
2324
2367
2515
2540
2568
2593
2602
2612
2615
2610
2604
2591
2584
2573
2555
2431
2394
2350
2293
2089
2044
2004
1966
1928
1807
1766
1731
1697
1661
1625
1589
1554
1452
1437
1424
1401
1376
1341
1339
1347
1354
1343
1329
1335
1353
1376
1378
1386
1400
1448
1464
1479
1497
1527
1586
1606
1617
1643
1680
1710
1729
1749
1877
1913
1943
1975
2097
2133
2167
2204
2245
2351
2383
2413
2435
2461
2488
2516
2540
2608
2614
2619
2624
2622
2608
2590
2569
2553
2510
2486
2469
2457
2438
2407
2376
2356
2276
2264
2247
2230
2178
2169
2163
2159
2160
2158
2151
2146
2151
2153
2154
2145
2141
2147
2152
2161
2164
2162
2146
2136
2138
2137
2104
2091
2080
2073
2058
2039
2022
1997
1929
1909
1891
1876
1820
1799
1780
1764
1754
1735
1717
1705
1702
1702
1699
1699
1700
1721
1735
1756
1767
1835
1861
1885
1906
1923
1997
2028
2049
2071
2101
2128
2152
2171
2234
2258
2278
2298
2329
2327
2324
2325
2324
2336
2331
2326
2328
2327
2321
2309
2296
2279
2273
2265
2266
2231
2219
2201
2181
2174
2154
2137
2120
2111
2089
2072
2056
2043
1973
1959
1947
1934
1855
1833
1827
1818
1806
1787
1781
1760
1740
1729
1718
1718
1719
1724
1730
1737
1746
1751
1773
1795
1819
1839
1852
1867
1879
1891
1979
2004
2027
2051
2138
2150
2163
2184
2204
2232
2233
2233
2231
2233
2236
2242
2237
2213
2202
2184
2163
2069
2059
2046
2023
2008
1967
1944
1936
1942
1939
1925
1903
1887
1853
1849
1850
1848
1827
1818
1812
1816
1820
1838
1834
1826
1826
1834
1836
1846
1861
1906
1912
1917
1928
1983
1993
2007
2021
2029
2052
2068
2072
2079
2101
2114
2115
2118
2129
2142
2151
2166
2176
2165
2166
2165
2169
2163
2153
2141
2138
2131
2122
2116
2114
2083
2066
2054
2043
2006
2007
1998
1984
1975
1942
1938
1939
1932
1923
1904
1896
1904
1883
1876
1881
1897
1908
1915
1913
1924
1935
1951
1971
1982
1990
2034
2055
2064
2070
2126
2135
2159
2170
2166
2196
2205
2213
2215
2217
2215
2224
2236
2194
2195
2201
2192
2164
2145
2127
2119
2111
2105
2089
2064
2048
2041
2037
2026
2011
1988
1974
1967
1967
1946
1946
1941
1933
1927
1919
1924
1932
1936
1942
1943
1937
1941
1954
1968
1984
1984
1985
2002
1993
1994
2000
2009
2019
2028
2042
2051
2045
2048
2051
2059
2061
2057
2066
2078
2079
2085
2087
2092
2101
2108
2109
2117
2122
2118
2117
2111
2117
2126
2127
2119
2128
2104
2089
2082
2083
2084
2046
2043
2045
2039
2022
2003
1995
1988
1942
1932
1923
1907
1882
1877
1873
1871
1871
1885
1880
1884
1894
1902
1906
1900
1894
1927
1931
1939
1959
1989
2008
2013
2015
2021
2028
2033
2039
2043
2046
2056
2060
2060
2051
2047
2045
2040
2042
2037
2033
2033
2027
2014
2020
2024
2028
2022
2020
2021
2020
2019
2018
2015
2011
2009
2010
2017
2019
2016
2013
2010
2010
2023
2027
2021
2021
2030
2026
2025
2036
2049
2074
2073
2067
2068
2075
2083
2093
2093
2095
2096
2095
2088
2081
2083
2087
2088
2088
2087
2081
2075
2078
2090
2079
2080
2079
2072
2070
2071
2075
2075
2074
2076
2065
2057
2055
2061
2060
2057
2048
2035
2024
2015
2009
1966
1965
1962
1957
1935
1929
1922
1918
1913
1902
1899
1904
1905
1909
1917
1923
1925
1951
1951
1949
1956
1991
2002
2014
2018
2030
2039
2044
2055
2068
2077
2085
2090
2087
2085
2092
2096
2097
2091
2087
2077
2074
2072
2066
2060
2054
2054
2048
2041
2040
2038
2024
2020
2017
2015
2001
1994
2002
2012
2016
2013
2012
2010
2019
2026
2023
2025
2033
2033
2039
2041
2036
2023
2016
2018
2024
2015
2024
2030
2025
2031
2029
2035
2029
2019
2012
2010
2009
2006
2005
2005
2008
2009
2010
2022
2023
2029
2033
2038
2048
2056
2067
2067
2056
2041
2021
1996
1955
1954
1955
1954
1965
1991
2012
2016
2071
2074
2088
2101
2134
2144
2149
2144
2140
2117
2116
2116
2110
2109
2110
2112
2113
2110
2105
2097
2092
2086
2090
2092
2088
2081
2070
2066
2059
2047
2024
2025
2067
2095
1920
1896
1924
1940
1943
1985
2002
1998
1988
1961
1958
1961
1959
1962
1965
1980
2004
1959
1940
1926
1925
1968
1978
1990
1988
1993
1979
1975
1969
1952
1934
1925
1922
1919
1947
1944
1932
1938
1892
1894
1909
1929
1940
1966
1978
1986
1990
1986
1978
1968
1960
2030
2044
2050
2044
2048
2068
2068
2052
2036
2032
2036
2041
2041
2079
2084
2077
2064
2017
2010
2015
2016
2021
2037
2022
1999
1991
1998
2000
1990
1990
1980
1996
2012
2020
1989
1989
1989
1987
1993
2010
2024
2034
2043
2053
2060
2057
2050
2074
2082
2091
2093
2114
2108
2110
2107
2109
2101
2097
2092
2091
2091
2087
2082
2076
2055
2047
2051
2066
2076
2086
2093
2085
2077
2073
2066
2064
2062
2050
2054
2069
2086
2089
2082
2071
2072
2076
2075
2068
2065
2062
2059
2055
2050
2056
2035
2032
2035
2031
2008
2003
1995
1986
1979
1926
1906
1891
1884
1877
1866
1845
1837
1767
1757
1743
1729
1736
1738
1750
1765
1778
1802
1804
1805
1814
1830
1848
1850
1846
1885
1891
1893
1897
1944
1958
1976
1992
2010
2065
2088
2112
2136
2154
2175
2200
2220
2299
2319
2344
2375
2435
2460
2482
2497
2518
2575
2591
2605
2623
2642
2660
2678
2693
2693
2696
2701
2712
2729
2567
2489
2406
2314
2230
2181
2172
2171
2272
2268
2263
2263
2238
2257
2280
2293
2301
2306
2312
2283
2238
2202
2177
2148
2119
2036
2022
2005
1980
1768
1714
1663
1617
1586
1525
1524
1515
1495
1477
1463
1429
1387
1319
1332
1336
1343
1433
1450
1459
1466
1470
1506
1532
1565
1597
1624
1645
1660
1673
1626
1594
1590
1597
1694
1724
1746
1770
1781
1764
1751
1743
1740
1749
1763
1784
1802
1804
1803
1803
1805
1823
1834
1860
1893
1923
1921
1917
1915
1905
1906
1912
1929
1946
2049
2066
2079
2093
2105
2139
2147
2159
2178
2194
2213
2231
2241
2206
2203
2195
2179
2162
2164
2165
2159
2145
2102
2085
2066
2054
2050
2050
2049
2055
2071
2069
2065
2059
2063
2068
2074
2078
2087
2126
2126
2136
2142
2142
2151
2157
2166
2205
2213
2238
2257
2278
2289
2291
2298
2310
2323
2327
2332
2340
2337
2330
2328
2336
2297
2296
2299
2305
2358
2362
2368
2377
2373
2353
2356
2360
2363
2377
2392
2399
2404
2390
2380
2371
2357
2346
2344
2329
2304
2283
2239
2231
2216
2196
2184
2183
2173
2160
2095
2073
2043
2017
1944
1941
1934
1929
1918
1892
1880
1871
1857
1846
1834
1837
1848
1835
1831
1832
1837
1834
1841
1832
1843
1861
1872
1885
1903
1916
1937
1936
1930
1925
1917
1915
1918
1925
1924
1936
1937
1937
1938
1937
1936
1942
1940
1958
1960
1953
1951
1949
1945
1944
1945
1944
1943
1938
1932
1928
1926
1922
1925
1920
1913
1908
1908
1911
1891
1879
1869
1863
1859
1820
1815
1809
1798
1783
1769
1768
1769
1771
1785
1797
1802
1817
1827
1839
1842
1844
1862
1864
1874
1888
1897
1905
1915
1923
1948
1951
1952
1951
1956
1960
1964
1974
1977
1991
1999
2001
2003
2006
2014
2023
2035
2074
2071
2077
2083
2100
2097
2096
2087
2083
2090
2086
2078
2079
2085
2077
2062
2055
2055
2064
2073
2074
2068
2063
2062
2063
2073
2086
2094
2098
2110
2121
2128
2131
2134
2150
2150
2159
2175
2160
2160
2159
2155
2152
2134
2126
2123
2121
2117
2113
2109
2103
2087
2082
2069
2059
2045
2052
2061
2055
2054
2062
2079
2093
2094
2086
2083
2085
2095
2049
2034
2024
2020
2021
2022
2026
2029
2032
2026
2012
2006
2002
2025
2020
2013
2020
2037
2046
2057
2060
2063
2077
2076
2084
2092
2093
2090
2097
2112
2099
2101
2107
2121
2125
2125
2125
2126
2118
2109
2109
2106
2110
2108
2100
2103
2098
2070
2071
2062
2049
2001
1998
2000
1998
1996
1973
1970
1970
1963
1956
1957
1971
1971
1968
1961
1955
1949
1957
1951
1951
1954
1965
1964
1970
1982
1990
1997
1989
1980
1974
1980
1977
1979
1988
1990
1981
1978
1972
1980
1990
1995
1994
1997
1988
1994
1998
1999
1994
1993
1987
1989
1997
2031
2033
2024
2018
2015
2013
2008
2014
2040
2040
2041
2037
2036
2041
2042
2040
2033
2014
2011
2009
2003
2004
1996
2000
2000
1992
1994
1996
1988
1993
1989
1984
1975
1965
1971
1971
1975
1976
1982
1985
1992
1992
2012
2021
2030
2026
2030
2033
2043
2050
2047
2041
2046
2048
2050
2053
2054
2060
2052
2033
2019
2016
2003
1997
1994
1989
1981
1980
1979
1976
1973
1965
1962
1965
1968
1968
1987
1999
2006
2014
2022
2027
2031
2033
2047
2074
2075
2069
2071
2075
2081
2089
2103
2114
2109
2102
2096
2099
2106
2110
2102
2091
2074
2072
2068
2073
2074
2071
2061
2057
2032
2033
2031
2031
2040
2037
2035
2036
2041
2039
2041
2040
2044
2050
2050
2038
2037
2040
2041
2037
2032
2025
2032
2031
2020
2015
2016
2013
2005
2001
1981
1983
1989
2002
1992
2000
2004
2010
2016
2012
2024
2027
2031
2030
2030
2032
2043
2053
2048
2053
2059
2096
2099
2101
2096
2088
2088
2086
2082
2082
2086
2083
2073
2062
2044
2045
2038
2027
2000
1995
1995
1991
1982
1962
1950
1949
1956
1949
1954
1954
1951
1966
1968
1967
1967
1973
1971
1972
1973
1978
1978
1978
1983
1993
1991
1986
1989
1999
1999
2003
2010
2020
2035
2040
2041
2044
2049
2041
2043
2045
2051
2056
2053
2046
2041
2049
2043
2036
2029
2030
2030
2029
2031
2027
2022
2025
2023
2027
2026
2028
2034
2037
2033
2027
2028
2027
2042
2037
2032
2022
2019
2014
2009
2012
2020
2019
2013
2015
2014
2003
2014
2010
2006
2006
1997
1998
2003
2001
2008
2011
2011
2003
2022
2025
2021
2018
2045
2053
2053
2044
2041
2065
2062
2058
2058
2055
2057
2059
2062
2052
2055
2052
2044
2031
2025
2023
2026
2021
2024
2016
2004
1992
1993
1999
2002
2001
2006
2005
2008
2017
2020
2024
2023
2022
2025
2032
2044
2051
2043
2037
2024
2023
2028
2025
2022
2028
2039
2041
2045
2050
2045
2045
2047
2041
2048
2054
2060
2058
2058
2066
2063
2070
2074
2071
2071
2072
2069
2070
2070
2065
2052
2046
2046
2043
2037
2036
2028
2019
2014
2010
2004
1990
1973
1971
1972
1972
1964
1969
1968
1963
1968
1971
1972
1963
1946
1946
1953
1964
1973
1967
1976
1976
1973
1971
1978
1979
1988
2008
2016
2025
2026
2043
2049
2049
2050
2053
2066
2068
2069
2071
2067
2070
2069
2077
2070
2075
2077
2076
2046
2047
2044
2035
2029
2001
2001
2000
2005
2007
2001
1996
1998
2016
2024
2024
2024
2037
2034
2036
2050
2054
2063
2072
2072
2070
2070
2074
2070
2068
2066
2068
2068
2069
2049
2040
2034
2031
2032
2009
2007
2006
2007
2009
2006
1998
2000
2004
2003
2002
2002
2004
1998
2005
2012
2007
2011
2017
2014
2013
2007
2003
1998
1996
1999
1996
1994
1992
1998
1994
1991
1993
2001
1994
1988
1984
1992
2010
2012
1993
1963
1848
1849
1854
1876
1970
1993
2011
2035
2052
2107
2140
2167
2186
2194
2204
2204
2209
2181
2173
2159
2152
2169
2166
2159
2147
2139
2113
2115
2110
2106
2100
2090
2088
2081
2012
1990
1981
1981
1994
2002
2004
2011
2029
2038
2029
2026
2027
2024
2012
2008
2006
1966
1968
1972
1972
1974
1972
1968
1963
1960
1958
1960
1956
1964
1968
1968
1960
1954
1959
1960
1962
1966
1968
1958
1955
1953
1948
1949
1971
1990
2002
2010
2017
2027
2034
2039
2045
2060
2083
2100
2135
2140
2140
2133
2123
2121
2105
2085
2045
2038
2037
2041
2029
2022
2014
2011
2006
2003
2007
2012
2015
2012
2010
2008
2008
2004
2002
1996
2001
1965
1960
1963
1971
1981
1987
1989
1996
2002
2009
2005
2009
2022
2030
2028
2033
2034
2026
2020
2019
2014
2005
1986
1991
1982
1981
1983
1992
2001
1995
1993
2005
2010
2004
2018
2014
2016
2026
2037
2066
2075
2079
2074
2073
2085
2094
2102
2102
2104
2104
2108
2109
2119
2112
2109
2113
2116
2114
2105
2096
2090
2088
2080
2072
2072
2076
2077
2079
2084
2061
2052
2041
2029
2023
2026
2030
2030
2026
2019
2021
2021
2018
2030
2038
2042
2047
2057
2050
2046
2041
2036
2024
2014
2006
1986
1977
1971
1968
1933
1925
1915
1899
1889
1860
1855
1850
1847
1845
1845
1852
1859
1872
1887
1910
1931
1954
1961
1963
1972
1984
1998
2003
1999
1992
2003
2015
2013
2013
1998
1995
1993
1989
1977
1966
1960
1962
1962
1952
1948
1943
1950
1963
1976
1990
2008
2046
2056
2069
2084
2135
2160
2180
2188
2200
2212
2216
2220
2219
2223
2225
2236
2252
2297
2302
2301
2297
2303
2297
2296
2289
2280
2259
2249
2245
2248
2248
2235
2227
2226
2196
2200
2198
2192
2184
2163
2144
2138
2142
2135
2122
2119
2125
2098
2092
2083
2081
2039
2021
2012
2012
2010
2008
2016
1990
1953
1941
1914
1873
1831
1721
1704
1689
1683
1705
1722
1750
1789
1829
1872
1888
1915
1933
1946
1951
1966
1977
1996
2002
2005
2002
1973
1962
1956
1939
1925
1868
1848
1838
1826
1809
1795
1784
1773
1775
1780
1796
1807
1874
1896
1922
1938
1951
1977
1987
2000
2002
1989
1987
1991
1989
2009
2020
2032
2026
1952
1921
1907
1900
1895
1904
1903
1902
1902
1899
1901
1904
1905
1956
1954
1949
1949
1944
1922
1909
1902
1908
1916
1931
1944
1938
1933
1954
1959
1963
2011
2036
2055
2054
2042
2054
2063
2057
2032
2013
2000
1994
2005
1983
1987
1997
2002
2013
2025
2047
2083
2127
2176
2202
2230
2263
2290
2320
2330
2339
2386
2392
2382
2375
2372
2373
2371
2372
2381
2358
2349
2338
2331
2317
2306
2301
2306
2283
2266
2250
2245
2227
2220
2218
2217
2225
2182
2156
2150
2146
2134
2114
2099
2081
2021
2001
1988
1981
1943
1935
1929
1932
1936
1934
1927
1926
1936
1940
1934
1938
1945
1943
1936
1944
1955
1937
1926
1919
1913
1913
1901
1905
1917
1931
1935
1949
1969
1975
2024
2040
2052
2062
2076
2111
2109
2103
2098
2092
2085
2096
2103
2055
2045
2040
2030
2038
2038
2054
2070
2068
2068
2076
2077
2081
2084
2085
2080
2066
2039
2042
2037
2027
1963
1959
1953
1940
1939
1917
1914
1916
1911
1907
1900
1894
1887
1877
1870
1854
1850
1844
1847
1846
1838
1837
1847
1854
1851
1848
1848
1849
1843
1841
1834
1841
1849
1861
1857
1863
1876
1895
1898
1905
1911
1921
1937
1948
1959
1967
1972
1994
2002
2005
2010
1997
1987
1968
1960
1954
1951
1965
1965
1960
1960
1965
1975
1990
2044
2055
2075
2088
2123
2131
2140
2158
2169
2165
2172
2181
2195
2201