1884
1887
1888
1889
1888
1885
1888
1892
1914
1922
1933
1946
1974
1987
2005
2020
2056
2057
2062
2071
2080
2094
2095
2098
2107
2115
2121
2121
2115
2107
2104
2100
2107
2095
2092
2092
2092
2090
2073
2069
2067
2066
2053
2055
2049
2045
2041
2038
2036
2031
2027
2026
2026
2017
2006
2001
1998
1996
1993
1992
1991
1991
1994
1992
1995
1992
1993
1995
1996
1998
1996
2002
2010
2009
2015
2016
2028
2033
2041
2044
2061
2059
2063
2065
2071
2080
2084
2082
2084
2091
2093
2096
2098
2089
2089
2083
2086
2082
2079
2070
2064
2060
2046
2046
2045
2041
2044
2043
2039
2030
1998
1997
1995
1988
1970
1966
1962
1954
1938
1940
1934
1932
1930
1926
1928
1929
1930
1934
1941
1940
1942
1961
1960
1965
1970
1989
1989
1989
1995
1997
2010
2017
2028
2039
2045
2053
2053
2054
2053
2054
2050
2056
2054
2055
2049
2049
2055
2063
2066
2067
2065
2064
2060
2057
2060
2063
2047
2041
2034
2033
2030
2033
2026
2019
2001
1996
1998
1999
1998
1996
1990
1987
1988
1993
1998
2009
2018
2042
2050
2062
2072
2079
2081
2088
2094
2108
2114
2109
2105
2097
2094
2096
2097
2095
2089
2090
2090
2094
2092
2089
2084
2089
2078
2080
2084
2080
2045
2040
2037
2034
2006
2003
2006
2005
1999
1974
1975
1978
1975
1973
1974
1971
1973
1971
1966
1966
1967
1955
1960
1963
1967
1965
1970
1979
1985
1991
2005
2005
2006
2008
2007
2011
2016
2023
2020
2025
2029
2039
2036
2039
2042
2045
2047
2054
2058
2058
2059
2055
2062
2068
2075
2071
2071
2069
2060
2043
2046
2048
2047
2030
2025
2026
2023
2017
2010
2008
1999
1993
1983
1971
1959
1954
1949
1943
1935
1932
1929
1929
1931
1935
1935
1936
1947
1956
1968
1974
1981
1989
1995
2011
2012
2020
2030
2053
2055
2059
2060
2061
2062
2068
2075
2077
2086
2085
2083
2091
2094
2090
2083
2073
2074
2069
2070
2073
2063
2061
2054
2048
2051
2049
2042
2036
2038
2040
2041
2046
2045
2032
2036
2034
2041
2038
2039
2037
2038
2056
2058
2058
2061
2062
2047
2048
2049
2050
2048
2047
2044
2040
2021
2017
2020
2022
2007
2006
2003
2003
2022
2025
2026
2022
2024
2022
2022
2020
2023
2023
2030
2027
2027
2025
2025
2035
2038
2029
2028
2029
2024
2025
2024
2023
2022
2018
2013
2007
2007
2007
1994
1991
1995
1992
1993
1997
1999
2001
1998
2006
2002
1996
1999
2003
2003
2003
2003
2006
2010
2013
2019
2037
2039
2047
2052
2053
2049
2042
2044
2053
2061
2062
2056
2054
2055
2057
2062
2061
2050
2042
2030
2023
2004
1998
1991
1991
1968
1960
1960
1957
1952
1945
1946
1952
1956
1958
1961
1965
1964
1972
1977
1982
1988
2000
2003
2005
2007
2015
2039
2050
2057
2059
2060
2058
2062
2066
2076
2079
2082
2083
2100
2103
2112
2119
2128
2124
2119
2114
2115
2109
2104
2099
2096
2089
2080
2069
2066
2043
2044
2044
2048
2052
2057
2054
2061
2062
2055
2059
2055
2052
2049
2050
2043
2044
2033
2023
2017
2014
2010
2010
2010
2011
2015
2011
2009
2012
2009
2007
2007
2000
1994
1992
1974
1967
1964
1967
1970
1966
1963
1965
1961
1956
1959
1959
1948
1953
1959
1965
1979
1986
1991
1995
2004
2010
2011
2013
2016
2019
2022
2027
2031
2033
2032
2034
2036
2023
2021
2021
2021
2024
2017
2018
2006
2003
1998
2002
2009
2010
2020
2023
2027
2033
2020
2020
2019
2018
2018
2015
2024
2026
2023
2026
2029
2028
2033
2045
2044
2055
2064
2058
2057
2056
2061
2057
2051
2046
2041
2047
2038
2038
2033
2026
2019
2013
2011
2014
2010
2003
2005
2007
2008
2003
2007
2008
2018
2015
2013
2014
2015
2019
2018
2022
2034
2035
2040
2047
2054
2055
2054
2055
2059
2070
2075
2077
2074
2075
2060
2046
2040
2033
2028
2023
2023
2022
2004
1997
1988
1979
1970
1962
1962
1958
1948
1940
1933
1932
1932
1926
1924
1920
1922
1925
1923
1927
1927
1927
1932
1942
1946
1955
1955
1956
1958
1963
1991
1992
1997
2005
2043
2052
2058
2070
2079
2093
2100
2108
2122
2125
2129
2133
2137
2157
2165
2163
2161
2167
2167
2163
2158
2159
2158
2160
2155
2160
2164
2160
2162
2166
2171
2170
2166
2163
2145
2136
2131
2128
2107
2099
2097
2095
2088
2063
2060
2055
2052
2047
2037
2027
2018
1981
1972
1963
1961
1928
1917
1905
1898
1894
1877
1875
1873
1874
1874
1873
1873
1874
1877
1876
1880
1881
1878
1882
1886
1888
1908
1914
1916
1923
1922
1946
1948
1949
1952
1961
1965
1974
1980
2004
2016
2024
2033
2057
2064
2064
2067
2067
2069
2071
2079
2083
2086
2085
2085
2090
2093
2094
2095
2096
2101
2092
2092
2096
2097
2094
2090
2086
2079
2078
2076
2080
2075
2073
2064
2057
2052
2045
2038
2027
2021
2015
2001
1999
1997
1998
1987
1983
1981
1978
1952
1950
1949
1948
1944
1926
1926
1924
1917
1910
1909
1911
1908
1896
1897
1908
1914
1935
1939
1945
1947
1956
1979
1988
1996
1998
2004
2010
2021
2030
2059
2065
2074
2085
2111
2121
2131
2142
2172
2179
2185
2193
2198
2211
2217
2227
2235
2241
2248
2249
2250
2241
2236
2232
2228
2194
2188
2188
2182
2173
2138
2131
2127
2127
2122
2116
2106
2100
2058
2050
2042
2029
1987
1980
1974
1962
1916
1910
1900
1895
1901
1885
1875
1872
1876
1874
1875
1871
1864
1868
1867
1866
1868
1867
1872
1876
1879
1883
1882
1886
1889
1892
1897
1909
1921
1925
1955
1957
1968
1981
1994
2005
2019
2030
2037
2077
2088
2098
2102
2112
2118
2123
2118
2125
2142
2141
2142
2144
2144
2141
2139
2143
2130
2129
2129
2130
2095
2093
2098
2093
2068
2065
2062
2061
2053
2021
2014
2015
2006
1996
1989
1988
1987
1969
1963
1963
1967
1965
1964
1965
1968
1968
1981
1974
1965
1962
1955
1951
1949
1945
1929
1924
1927
1931
1944
1946
1947
1950
1975
1975
1986
1988
1995
2010
2012
2012
2014
2015
2027
2039
2043
2047
2050
2057
2063
2085
2094
2101
2108
2132
2138
2137
2144
2155
2153
2155
2157
2148
2143
2137
2133
2131
2101
2096
2083
2082
2048
2043
2033
2026
2020
1995
1992
1984
1984
1986
1979
1979
1974
1952
1951
1947
1948
1960
1957
1952
1949
1944
1946
1946
1939
1938
1948
1952
1953
1956
1957
1962
1967
1976
1986
1981
1979
1979
1985
1986
1992
1994
1997
2000
2011
2025
2037
2046
2054
2062
2069
2109
2117
2130
2136
2148
2147
2146
2149
2151
2150
2150
2146
2149
2143
2144
2136
2133
2126
2121
2119
2119
2104
2104
2102
2099
2085
2081
2073
2065
2058
2033
2029
2027
2026
2027
2025
2021
2022
2001
1995
1994
1989
1984
1979
1971
1965
1960
1946
1942
1943
1941
1933
1932
1932
1931
1927
1912
1914
1911
1910
1907
1908
1907
1908
1921
1928
1933
1942
1960
1967
1977
1980
2007
2009
2013
2016
2019
2020
2023
2027
2031
2029
2031
2034
2035
2025
2023
2028
2034
2041
2042
2045
2048
2046
2044
2045
2047
2047
2047
2047
2044
2043
2033
2030
2035
2033
2031
2032
2038
2042
2055
2055
2057
2060
2064
2066
2064
2062
2057
2058
2060
2063
2058
2050
2044
2031
2028
2007
2004
2000
1997
1995
1994
1997
2009
2013
2013
2010
2012
2014
2014
2010
2010
2014
2013
2017
2023
2028
2025
2024
2031
2036
2040
2051
2055
2061
2070
2077
2075
2073
2076
2085
2086
2083
2077
2066
2066
2065
2053
2055
2056
2055
2051
2040
2038
2040
2044
2041
2046
2040
2039
2044
2042
2035
2037
2037
2040
2047
2051
2052
2053
2053
2053
2047
2044
2034
2032
2027
2024
2029
2031
2030
2027
2027
2004
1998
1993
1992
1957
1952
1950
1948
1931
1926
1929
1927
1927
1915
1910
1907
1907
1905
1896
1899
1908
1945
1948
1952
1953
1972
1984
1994
2005
2008
2017
2016
2020
2022
2023
2029
2039
2044
2057
2062
2064
2062
2066
2067
2071
2073
2071
2079
2082
2093
2102
2100
2100
2108
2112
2110
2097
2095
2092
2096
2102
2097
2092
2092
2073
2069
2068
2067
2070
2070
2072
2072
1996
1972
1959
1959
1967
1994
1995
2000
2011
2018
2031
2042
2052
2061
2068
2073
2088
2135
2133
2125
2109
2088
2003
1988
1978
1979
1983
1997
2008
2021
2004
1985
1971
1957
1984
1997
2013
2022
2011
2003
1998
1996
1999
2038
2052
2062
2064
2065
2058
2046
2034
1995
1987
1982
1974
1974
1976
1972
1968
1964
1977
1988
1997
2012
2023
2015
2007
1996
1936
1914
1895
1878
1867
1859
1854
1854
1857
1869
1869
1867
1860
1851
1839
1830
1827
1833
1880
1896
1909
1915
1918
1914
1911
1914
1910
1912
1929
1941
1977
1982
1982
1975
1939
1939
1949
1963
1989
2052
2076
2096
2117
2137
2162
2184
2200
2310
2340
2369
2390
2431
2433
2430
2426
2419
2401
2392
2386
2372
2370
2366
2353
2349
2364
2365
2374
2377
2354
2351
2347
2344
2318
2316
2315
2318
2327
2340
2346
2349
2351
2357
2358
2353
2353
2358
2350
2341
2320
2181
2149
2114
2090
2066
2006
1992
1974
1955
1943
1921
1891
1860
1760
1745
1730
1723
1710
1711
1718
1717
1724
1729
1738
1741
1742
1759
1761
1766
1771
1779
1778
1776
1773
1761
1749
1736
1724
1682
1672
1661
1653
1624
1610
1594
1577
1559
1523
1518
1511
1512
1513
1514
1522
1521
1517
1508
1503
1502
1517
1526
1538
1547
1561
1581
1586
1596
1611
1620
1629
1634
1641
1688
1697
1715
1721
1752
1757
1774
1791
1849
1865
1888
1917
1945
2022
2049
2074
2098
2121
2141
2161
2178
2258
2266
2280
2294
2342
2351
2361
2380
2438
2457
2479
2509
2535
2602
2618
2634
2646
2664
2675
2684
2691
2721
2730
2735
2747
2758
2751
2738
2726
2713
2664
2648
2637
2621
2604
2585
2572
2547
2434
2407
2384
2368
2310
2294
2287
2285
2229
2217
2211
2205
2203
2178
2167
2156
2147
2135
2127
2122
2117
2100
2101
2098
2091
2075
2076
2072
2066
2055
2025
2015
2001
1986
1971
1955
1941
1924
1877
1872
1873
1866
1861
1862
1854
1852
1851
1833
1826
1813
1810
1806
1801
1801
1806
1802
1799
1797
1795
1790
1789
1774
1760
1746
1727
1722
1720
1717
1681
1669
1656
1646
1620
1612
1607
1600
1593
1594
1593
1591
1593
1593
1595
1598
1605
1626
1639
1660
1674
1726
1747
1763
1780
1795
1827
1836
1856
1872
1889
1905
1918
1935
1964
1974
1971
1979
1989
2003
2014
2030
2046
2097
2118
2137
2155
2171
2186
2198
2203
2213
2248
2249
2248
2256
2266
2269
2272
2278
2297
2298
2298
2300
2306
2309
2303
2307
2290
2278
2269
2263
2255
2216
2202
2192
2177
2160
2143
2135
2127
2106
2100
2094
2089
2078
2075
2072
2069
2064
2046
2046
2048
2053
2056
2060
2062
2068
2074
2078
2079
2076
2056
2049
2049
2048
2039
2002
1992
1986
1976
1969
1966
1968
1964
1946
1940
1930
1925
1926
1926
1928
1925
1923
1906
1894
1888
1879
1866
1856
1846
1842
1839
1835
1837
1837
1842
1845
1849
1846
1847
1855
1857
1865
1869
1878
1886
1891
1898
1899
1912
1913
1919
1927
1931
1935
1937
1941
1954
1981
1993
2005
2017
2027
2032
2031
2032
2031
2037
2046
2050
2064
2067
2074
2081
2086
2082
2083
2087
2097
2104
2106
2105
2112
2133
2136
2141
2147
2155
2160
2164
2167
2176
2184
2180
2180
2183
2187
2193
2196
2197
2211
2214
2210
2203
2195
2189
2183
2181
2180
2180
2181
2177
2174
2157
2154
2152
2147
2138
2132
2135
2138
2135
2119
2121
2118
2127
2126
2116
2113
2108
2084
2079
2073
2069
2064
2065
2058
2056
2039
2039
2036
2029
2032
2025
2023
2019
2010
2001
1995
1982
1972
1931
1923
1919
1915
1881
1878
1869
1859
1853
1832
1828
1834
1832
1825
1819
1819
1815
1801
1811
1820
1826
1850
1853
1861
1871
1908
1915
1925
1936
1942
1952
1953
1958
1971
1981
1986
1989
1997
2002
2003
2004
2009
2007
2012
2010
2003
1981
1966
1959
1957
1957
1939
1937
1937
1938
1943
1950
1952
1956
1980
1990
1995
2006
2038
2048
2055
2061
2065
2068
2079
2073
2070
2077
2083
2089
2091
2093
2099
2102
2107
2113
2113
2108
2106
2116
2127
2130
2132
2137
2147
2147
2149
2153
2151
2151
2159
2169
2182
2185
2185
2185
2187
2185
2185
2187
2184
2182
2179
2171
2170
2165
2163
2157
2153
2135
2122
2110
2107
2102
2089
2077
2067
2053
2013
2004
2005
1999
1993
1990
1989
1986
1979
1957
1952
1946
1945
1951
1952
1949
1946
1928
1928
1928
1930
1921
1919
1918
1916
1931
1934
1937
1940
1944
1945
1945
1949
1957
1965
1975
1974
1974
1982
1980
1986
1990
1990
1981
1982
1980
1977
1978
1977
1975
1978
1985
1989
1989
1991
1978
1977
1976
1978
1986
1987
1987
1992
2004
2006
2007
2008
2011
2013
2016
2016
2017
2024
2027
2028
2032
2019
2024
2022
2019
2026
2024
2029
2037
2036
2038
2034
2032
2036
2034
2035
2038
2044
2043
2046
2046
2042
2041
2044
2045
2043
2035
2031
2035
2029
2028
2023
2027
2030
2033
2035
2030
2030
2032
2027
2022
2017
2017
2018
2024
2019
2024
2040
2036
2034
2033
2036
2050
2061
2065
2067
2064
2067
2068
2070
2062
2061
2060
2067
2070
2069
2066
2062
2060
2059
2062
2065
2068
2069
2066
2060
2054
2050
2044
2045
2037
2044
2044
2045
2042
2046
2044
2038
2036
2033
2036
2027
2026
2021
2023
2009
2007
2005
2002
2001
2002
2004
2009
2005
2010
2006
2005
2012
2018
2021
2025
2027
2033
2037
2039
2046
2053
2055
2058
2065
2072
2076
2079
2085
2095
2097
2100
2101
2101
2099
2093
2083
2077
2062
2054
2049
2045
2042
2032
2022
2017
2001
1996
1996
1996
1990
1988
1994
1997
2000
2004
1998
1990
1987
1987
1993
1995
2001
2005
2009
2006
2007
2009
2003
2002
2000
1999
1977
1973
1969
1968
1953
1948
1944
1948
1946
1944
1944
1944
1951
1959
1969
1971
1972
1973
1978
1981
1983
1993
1988
1992
1995
2009
2015
2024
2027
2018
2014
2012
2007
2004
2004
2006
2005
2009
2009
2013
2014
2013
2001
2000
2008
2012
2020
2023
2035
2041
2046
2053
2056
2050
2049
2057
2063
2064
2063
2065
2064
2067
2069
2061
2060
2063
2068
2063
2069
2074
2075
2076
2070
2069
2068
2074
2073
2071
2073
2074
2073
2068
2067
2068
2077
2080
2074
2070
2069
2065
2063
2062
2065
2060
2051
2051
2051
2028
2022
2022
2021
2019
2019
2020
2026
2018
2017
2014
2014
2016
2011
2012
2006
2003
2006
2002
2000
2006
2018
2018
2015
2017
2021
2022
2023
2027
2026
2024
2018
2015
2018
2012
2013
2011
2015
2019
2026
2027
2016
1860
1841
1847
1864
1962
1984
2000
2018
2032
2012
2000
1998
2003
2016
2031
2051
2078
2082
2063
2058
2054
2040
2038
2037
2029
1991
1977
1973
1967
1966
1995
2006
2016
2026
2029
2033
2035
2038
2061
2071
2087
2103
2112
2091
2074
2057
2045
2036
2046
2061
2076
2079
2083
2080
2070
2031
2018
2011
2016
2017
2018
2024
2029
2033
2013
2010
2019
2027
2028
2030
2034
2039
2038
2041
2039
2035
2033
2032
2032
2022
2011
1975
1974
1976
1972
1952
1954
1956
1962
2036
2049
2062
2074
2080
2068
2056
2048
2043
2041
2044
2048
2053
2021
2009
2002
2005
2007
2018
2036
2046
2059
2056
2049
2043
2041
2034
2033
2026
2021
2019
2017
2013
2007
1976
1960
1953
1941
1900
1893
1887
1883
1883
1879
1876
1873
1873
1863
1853
1846
1835
1778
1755
1738
1724
1671
1666
1661
1650
1634
1637
1638
1644
1657
1708
1727
1747
1774
1799
1824
1851
1878
1992
2024
2054
2081
2170
2189
2212
2231
2249
2296
2318
2337
2357
2380
2410
2440
2477
2622
2653
2680
2704
2801
2825
2847
2869
2854
2820
2778
2742
2717
2674
2669
2668
2677
2683
2690
2707
2719
2733
2727
2726
2726
2777
2768
2752
2731
2718
2675
2657
2633
2603
2570
2529
2487
2440
2155
2069
1988
1910
1678
1631
1591
1552
1381
1346
1311
1285
1267
1239
1239
1234
1231
1219
1205
1192
1172
1117
1117
1120
1134
1215
1213
1209
1190
1207
1245
1299
1352
1404
1501
1522
1536
1545
1562
1594
1625
1658
1726
1735
1761
1797
1815
1819
1824
1825
1819
1796
1778
1753
1740
1736
1739
1748
1755
1785
1798
1816
1832
1864
1859
1855
1852
1881
1877
1871
1864
1853
1820
1802
1785
1768
1759
1749
1735
1728
1740
1735
1728
1720
1672
1653
1638
1630
1630
1634
1638
1649
1662
1710
1719
1730
1743
1774
1809
1844
1879
2027
2083
2136
2191
2402
2450
2502
2551
2598
2723
2768
2821
2872
2915
2952
2988
3020
3096
3112
3133
3150
3184
3185
3179
3180
3151
3142
3137
3131
3116
3073
3053
3026
2997
2977
2952
2931
2904
2782
2759
2728
2698
2591
2556
2525
2497
2467
2373
2343
2317
2286
2258
2229
2204
2175
2059
2032
2005
1977
1828
1795
1755
1711
1561
1537
1523
1505
1483
1433
1425
1421
1430
1454
1466
1462
1453
1398
1405
1431
1448
1574
1603
1627
1647
1697
1709
1729
1745
1751
1752
1761
1776
1798
1815
1833
1854
1880
1981
1998
2017
2032
2016
2017
2020
2019
2021
2026
2033
2042
2046
2044
2042
2033
2021
1969
1971
1972
1963
1911
1904
1892
1872
1817
1810
1804
1796
1791
1777
1768
1756
1738
1726
1718
1713
1700
1665
1654
1650
1653
1687
1701
1713
1721
1724
1734
1742
1747
1754
1767
1777
1789
1800
1814
1826
1838
1855
1919
1939
1963
1991
2104
2135
2161
2184
2196
2229
2245
2261
2274
2288
2295
2301
2313
2347
2353
2360
2366
2349
2343
2339
2338
2327
2322
2317
2313
2309
2285
2284
2279
2273
2266
2260
2254
2250
2168
2149
2130
2109
2049
2037
2022
1999
1940
1928
1915
1905
1900
1862
1848
1840
1828
1817
1808
1798
1783
1766
1766
1763
1759
1745
1742
1745
1748
1752
1773
1781
1795
1810
1818
1828
1838
1848
1881
1900
1911
1922
1993
2010
2026
2035
2058
2070
2083
2098
2108
2125
2123
2121
2120
2125
2137
2151
2166
2197
2198
2207
2217
2243
2250
2261
2272
2281
2291
2292
2295
2300
2303
2305
2307
2302
2296
2297
2296
2298
2300
2295
2292
2287
2282
2256
2246
2239
2228
2222
2215
2202
2189
2179
2151
2142
2135
2121
2112
2100
2084
2071
2053
2050
2043
2033
2009
2006
2001
1994
1979
1975
1979
1984
1980
1969
1963
1963
1956
1951
1951
1954
1961
1957
1963
1956
1951
1949
1950
1954
1961
1964
1958
1959
1957
1964
1965
1968
1969
1977
1986
1999
2006
2003
2010
2021
2031
2028
2013
2015
2009
2009
2013
2001
2002
1998
1999
1999
2001
2003
2005
1992
1989
1980
1972
1952
1956
1949
1938
1916
1907
1899
1896
1896
1890
1885
1878
1877
1879
1889
1883
1883
1885
1881
1887
1890
1898
1904
1904
1910
1914
1923
1923
1927
1930
1929
1932
1944
1952
1969
1978
1985
1985
2008
2012
2029
2040
2051
2048
2047
2047
2050
2054
2061
2067
2064
2057
2059
2067
2071
2072
2077
2080
2086
2092
2095
2101
2104
2110
2112
2112
2111
2119
2131
2135
2138
2132
2127
2128
2128
2126
2117
2115
2116
2114
2093
2083
2079
2082
2076
2061
2056
2055
2051
2052
2048
2049
2054
2042
2038
2044
2044
2045
2041
2035
2037
2049
2052
2048
2047
2044
2051
2052
2051
2049
2055
2057
2059
2057
2030
2033
2034
2036
2022
2026
2031
2024
2029
2014
2018
2026
2028
2029
2027
2032
2033
2035
2037
2038
2041
2044
2046
2049
2050
2053
2049
2047
2041
2047
2047
2044
2044
2053
2045
2041
2035
2029
2022
2025
2021
2021
2025
2014
2019
2017
2009
1999
1996
1995
1997
1997
1995
1995
1996
1995
1995
1991
1993
1992
1973
1973
1982
1984
1978
1978
1974
1975
1964
1960
1957
1950
1953
1954
1960
1966
1967
1961
1959
1965
1968
1979
1978
1981
1988
1990
1993
1997
2001
2009
2027
2022
2024
2026
2024
2016
2012
2017
2006
2006
2007
2011
2006
2009
2010
2008
1992
1992
2001
2008
2017
2026
2028
2029
2033
2035
2033
2029
2029
2030
2033
2028
2026
2021
2018
2025
2030
2031
2037
2044
2044
2044
2039
2044
2050
2054
2061
2066
2062
2068
2074
2085
2094
2098
2102
2109
2119
2119
2116
2105
2096
2093
2092
2087
2089
2092
2087
2060
2055
2050
2051
2025
2019
2014
2017
2021
2013
2013
2019
2023
2023
2023
2029
2033
2039
2042
2040
2040
2044
2047
2050
2058
2062
2071
2071
2073
2084
2088
2093
2093
2092
2099
2097
2098
2097
2097
2091
2081
2074
2066
2048
2048
2045
2033
2008
1999
1989
1980
1960
1965
1969
1975
1978
1960
1960
1963
1969
1970
1971
1968
1965
1947
1944
1947
1951
1964
1963
1964
1961
1960
1947
1943
1946
1948
1948
1949
1954
1954
1941
1933
1937
1936
1934
1935
1936
1942
1946
1950
1953
1957
1960
1979
1988
1999
2008
2020
2024
2029
2041
2056
2066
2071
2077
2090
2096
2099
2106
2111
2132
2135
2135
2137
2135
2132
2132
2138
2133
2128
2126
2127
2117
2112
2108
2103
2089
2080
2076
2074
2069
2048
2039
2027
2020
2015
2010
2002
1993
1974
1977
1976
1981
1984
1992
1999
2001
2005
2007
2014
2019
2024
2034
2037
2038
2044
2054
2059
2066
2073
2086
2079
2077
2080
2085
2087
2086
2088
2086
2064
2063
2055
2046
2064
2136
2171
2124
1867
1780
1777
1822
1980
2019
2041
2089
2126
2116
2098
2075
2069
2058
2037
2004
1962
1949
1938
1943
1957
1980
1997
2015
2049
2077
2081
2065
2016
1960
1933
1909
1877
1868
1863
1854
1877
1894
1907
1916
1921
1923
1919
1901
1909
1931
1954
1966
1955
1950
1941
1925
1911
1900
1909
1924
1994
2013
2010
1999
1988
1979
1958
1934
1874
1859
1867
1889
2024
2068
2098
2127
2149
2183
2206
2233
2262
2279
2304
2344
2371
2476
2407
2352
2323
2110
2103
2082
2057
2076
2098
2124
2138
2147
2186
2180
2170
2165
2158
2153
2154
2158
2152
2172
2184
2193
2219
2224
2221
2220
2228
2255
2254
2248
2225
2199
2186
2175
2160
2065
2034
2007
1985
1957
1960
1957
1960
1880
1856
1839
1811
1778
1699
1700
1710
1736
1759
1778
1790
1788
1734
1724
1712
1706
1754
1778
1800
1822
1844
1883
1890
1893
1902
1909
1914
1929
1941
1920
1901
1885
1867
1787
1775
1761
1754
1749
1746
1748
1765
1794
1857
1867
1883
1892
1892
1887
1883
1873
1854
1849
1849
1851
1876
1884
1887
1884
1883
1902
1913
1930
1939
1951
1977
2000
2018
2033
2035
2047
2051
2101
2122
2149
2179
2314
2342
2369
2387
2411
2507
2539
2576
2620
2663
2707
2747
2786
2916
2933
2948
2966
2986
2992
3006
3016
3023
2940
2880
2832
2767
2695
2616
2562
2522
1812
1709
1555
1438
1369
1447
1505
1479
1464
1461
1548
1653
1681
1676
1674
1658
1678
1712
1704
1686
1708
1821
1885
1940
1967
2045
2047
2065
2071
2054
1971
1925
1897
1909
1933
1951
1972
2008
2036
2068
2089
2095
2134
2164
2214
2273
2321
2295
2262
2240
2240
2253
2267
2307
2362
2423
2487
2557
2614
2668
2652
2652
2654
2530
2475
2404
2329
2262
2089
2047
2008
1968
1922
1878
1824
1754
1467
1361
1254
1162
819
741
675
616
431
401
369
348
339
388
405
422
449
469
493
524
568
869
977
1086
1185
1546
1647
1741
1835
1919
2166
2230
2283
2337
2372
2397
2413
2423
2454
2455
2456
2455
2489
2498
2506
2508
2577
2600
2618
2633
2648
2655
2663
2673
2681
2690
2709
2729
2763
2837
2851
2866
2880
2897
2905
2915
2918
2922
2891
2882
2871
2852
2840
2816
2787
2763
2639
2602
2557
2503
2257
2198
2133
2069
1814
1759
1714
1671
1633
1540
1519
1501
1493
1494
1494
1507
1522
1608
1628
1650
1666
1739
1775
1820
1865
1911
2037
2074
2103
2132
2161
2204
2250
2297
2449
2469
2478
2484
2489
2490
2496
2503
2475
2462
2449
2434
2418
2364
2346
2331
2318
2299
2279
2257
2229
2070
2033
2008
1983
1933
1936
1935
1939
1941
1942
1939
1935
1935
1934
1925
1927
1921
1894
1881
1862
1852
1856
1860
1862
1855
1854
1846
1835
1830
1830
1815
1801
1783
1762
1733
1615
1573
1532
1490
1449
1413
1375
1330
1202
1191
1181
1183
1215
1242
1270
1298
1440
1480
1521
1564
1600
1728
1777
1831
1895
1957
2013
2066
2112
2284
2327
2363
2394
2477
2493
2503
2505
2507
2502
2505
2504
2489
2483
2481
2476
2471
2456
2438
2424
2420
2351
2336
2307
2276
2166
2136
2106
2084
2067
2020
2008
1998
1982
1979
1975
1977
1985
1974
1977
1978
1979
1980
1981
1983
1983
1994
1992
1993
2000
2001
2007
2004
2003
1998
1961
1946
1933
1912
1858
1846
1830
1819
1811
1765
1758
1745
1743
1744
1748
1750
1754
1772
1784
1798
1809
1878
1900
1928
1954
2078
2111
2138
2172
2201
2282
2300
2323
2343
2358
2368
2381
2388
2382
2382
2378
2369
2327
2313
2292
2275
2258
2188
2170
2144
2121
2102
2078
2057
2039
1981
1966
1952
1943
1906
1905
1903
1899
1916
1920
1926
1930
1931
1939
1948
1958
1963
1969
1968
1977
1985
2014
2023
2029
2032
2013
2006
1995
1988
1976
1932
1918
1904
1892
1879
1866
1855
1843
1802
1799
1799
1800
1801
1808
1812
1817
1845
1857
1871
1884
1893
1938
1956
1978
2002
2020
2038
2062
2090
2176
2203
2224
2241
2290
2309
2328
2339
2351
2356
2360
2363
2365
2367
2366
2364
2359
2315
2300
2287
2270
2209
2189
2165
2137
2072
2057
2048
2036
2032
2004
1996
1986
1983
1980
1974
1967
1962
1936
1930
1929
1932
1936
1937
1941
1944
1950
1956
1959
1959
1961
1966
1967
1968
1965
1941
1935
1929
1921
1900
1892
1886
1882
1859
1857
1851
1846
1832
1809
1805
1802
1805
1808
1815
1821
1824
1834
1845
1861
1877
1964
1987
2010
2030
2052
2102
2122
2135
2144
2153
2159
2160
2156
2160
2158
2163
2166
2149
2144
2141
2136
2132
2106
2099
2083
2071
2057
2032
2050
2135
2133
1914
1686
1537
1479
1572
1719
1839
2153
2211
2223
2236
2262
2212
2193
2203
2215
2208
2216
2253
2281
2260
2223
2190
2182
2224
2217
2185
2123
2080
1983
1956
1945
1948
1958
1978
2001
2021
2060
2018
1959
1917
2017
2024
2001
1965
1907
1883
1839
1776
1720
1795
1889
2004
2113
2189
2224
2213
2167
1852
1814
1811
1849
2135
2179
2189
2169
2117
1871
1791
1716
1648
1572
1496
1426
1367
1365
1424
1485
1543
1759
1829
1902
1969
2035
2144
2172
2205
2238
2274
2315
2361
2399
2398
2369
2338
2317
2326
2356
2395
2439
2471
2458
2464
2481
2519
2708
2819
2960
3114
3242
3309
3310
3222
2550
2440
2387
2400
2802
2916
3027
3117
3190
3269
3236
3174
3107
3032
2959
2891
2828
2602
2527
2444
2361
2070
1995
1914
1840
1405
1274
1144
1012
885
602
547
511
482
478
463
441
401
318
357
415
473
646
687
717
726
715
593
592
627
696
798
922
1055
1178
1252
1176
1090
1014
1178
1324
1487
1653
2078
2140
2203
2268
2349
2602
2688
2770
2844
2916
2979
3044
3107
3301
3358
3410
3453
3573
3581
3576
3565
3537
3385
3316
3235
3146
3039
2900
2738
2570
1936
1845
1782
1744
1710
1689
1653
1603
1553
1446
1437
1440
1458
1488
1524
1564
1613
1678
1664
1639
1593
1547
1504
1480
1477
1489
1614
1654
1686
1713
1714
1705
1684
1664
1648
1643
1660
1685
1706
1730
1745
1759
1770
1820
1841
1861
1877
1941
1962
2006
2042
2243
2299
2347
2398
2441
2562
2598
2626
2650
2666
2675
2681
2688
2764
2796
2824
2839
2859
2847
2828
2814
2802
2288
2293
2301
2328
2393
2426
2398
2370
2458
2440
2447
2492
2696
2729
2755
2768
2761
2587
2523
2467
2421
2386
2349
2313
2282
2037
1978
1922
1863
1610
1575
1560
1540
1386
1349
1305
1266
1251
1253
1247
1228
1196
1180
1172
1153
1122
1037
1046
1080
1128
1176
1312
1352
1376
1403
1445
1485
1521
1570
1747
1826
1902
1967
2017
2058
2088
2110
2127
2193
2222
2248
2280
2311
2343
2370
2399
2489
2523
2564
2597
2621
2685
2701
2710
2717
2698
2665
2633
2602
2472
2450
2434
2421
2283
2232
2193
2147
2096
1985
1939
1903
1867
1826
1795
1763
1729
1560
1528
1500
1472
1382
1360
1340
1326
1225
1211
1203
1203
1208
1229
1230
1234
1247
1246
1255
1267
1282
1380
1418
1452
1486
1628
1667
1707
1756
1820
2016
2089
2150
2202
2249
2301
2347
2384
2562
2594
2630
2665
2749
2765
2782
2792
2454
2148
2202
2262
2055
2188
2176
2185
2308
2442
2448
2370
2341
2509
2603
2730
2841
3114
3135
3145
3159
3186
3277
3324
3398
3453
3454
3443
3474
3489
3288
3208
3140
3109
2840
2772
2667
2553
2219
2148
2101
2056
2000
1806
1717
1615
1514
1435
1354
1295
1249
1290
1307
1320
1327
1219
1183
1141
1098
1064
1072
1076
1076
1074
1056
1010
957
920
802
820
855
887
1035
1067
1100
1127
1223
1264
1318
1379
1442
1593
1627
1649
1664
1680
1696
1738
1774
1945
1977
1996
2005
1999
2012
2028
2049
2090
2217
2247
2272
2282
2290
2290
2282
2285
2341
2359
2377
2390
2316
2272
2236
2201
2132
2133
2128
2119
2105
1997
1951
1903
1860
1834
1809
1784
1758
1732
1724
1713
1706
1675
1674
1678
1682
1689
1746
1779
1820
1862
1898
1939
1981
2019
2175
2206
2237
2257
2342
2349
2351
2357
2361
2362
2364
2356
2350
2309
2294
2284
2270
2250
2238
2233
2232
2239
2250
2263
2267
2308
2327
2354
2381
2420
2535
2560
2580
2595
2611
2617
2625
2636
2697
2711
2727
2742
2722
2706
2690
2684
2643
2635
2627
2619
2602
2539
2522
2505
2490
2476
2467
2462
2454
2382
2362
2345
2324
2246
2224
2200
2169
2131
2018
1978
1942
1905
1871
1833
1801
1767
1663
1633
1608
1580
1465
1441
1426
1417
1405
1411
1415
1429
1451
1511
1535
1565
1597
1619
1652
1686
1721
1831
1857
1883
1894
1957
1968
1983
1998
2004
2016
2012
2008
2004
2006
2004
2008
2014
2015
2020
2017
2004
1966
1959
1955
1951
1931
1925
1920
1917
1909
1897
1899
1895
1894
1888
1872
1854
1841
1745
1719
1697
1667
1562
1543
1523
1505
1490
1460
1456
1452
1450
1443
1434
1433
1439
1467
1481
1492
1505
1576
1600
1630
1654
1773
1798
1826
1860
1895
1973
2013
2038
2064
2094
2126
2144
2163
2248
2273
2332
2393
2178
2099
2016
2000
2091
2182
2254
2310
2383
2600
2632
2720
2830
2910
2941
2951
2958
2859
2789
2738
2711
2519
2473
2438
2392
2353
2195
2146
2124
2104
2070
2040
2030
2006
1932
1898
1866
1849
1900
1939
1984
2031
2070
2109
2117
2127
2120
2106
2091
2076
2064
1982
1968
1962
1954
1938
1960
1972
1965
1792
1744
1702
1681
1684
1741
1765
1779
1793
1802
1813
1824
1843
1840
1832
1811
1778
1739
1749
1771
1818
1873
2012
2041
2060
2084
2116
2143
2179
2220
2375
2403
2422
2428
2264
2202
2145
2099
2046
2047
2047
2052
2047
2011
2000
1996
2002
2017
2042
2068
2094
2150
2160
2175
2188
2224
2223
2215
2195
2183
2120
2117
2130
2139
2155
2175
2201
2223
2290
2305
2313
2316
2295
2284
2262
2230
2190
2055
1999
1937
1872
1803
1725
1664
1629
1663
1700
1750
1798
2039
2120
2207
2304
2696
2773
2852
2920
2985
3089
3110
3124
3128
3125
3113
3091
3067
2852
2776
2691
2600
2241
2137
2035
1932
1831
1430
1303
1202
1114
1020
939
895
875
801
794
774
765
788
812
836
868
1024
1056
1088
1117
1141
1206
1233
1264
1304
1341
1375
1413
1463
1661
1708
1749
1797
1978
2025
2073
2123
2165
2316
2370
2431
2490
2554
2624
2689
2760
3027
3078
3119
3152
3201
3188
3169
3145
2893
2795
2691
2571
2435
2056
1925
1802
1696
1596
1508
1432
1358
1146
1111
1083
1072
1124
1144
1179
1209
1253
1347
1401
1448
1480
1517
1573
1626
1661
1854
1898
1959
2017
2209
2250
2296
2334
2359
2384
2382
2365
2344
2327
2298
2258
2225
2169
2158
2153
2155
2149
2146
2152
2155
2165
2200
2222
2240
2254
2274
2289
2299
2316
2338
2365
2379
2394
2405
2419
2433
2448
2459
2495
2486
2470
2463
2389
2360
2328
2299
2264
2130
2083
2034
1986
1945
1914
1884
1856
1807
1792
1778
1774
1762
1755
1754
1757
1782
1880
1919
1955
1998
2035
2073
2107
2136
2155
2192
2209
2229
2250
2272
2284
2298
2318
2350
2343
2341
2334
2243
2215
2183
2141
1939
1878
1819
1757
1698
1529
1481
1444
1405
1372
1351
1333
1322
1307
1318
1337
1354
1474
1510
1546
1588
1636
1791
1841
1897
1949
2001
2062
2114
2173
2377
2425
2469
2514
2659
2688
2715
2737
2753
2742
2739
2738
2727
2673
2651
2624
2603
2577
2550
2519
2488
2336
2293
2254
2218
2048
2003
1960
1912
1867
1729
1692
1654
1613
1573
1538
1490
1457
1379
1364
1355
1352
1363
1376
1384
1397
1409
1448
1465
1490
1514
1534
1566
1598
1632
1780
1820
1868
1922
2114
2171
2224
2271
2441
2472
2502
2525
2546
2587
2595
2595
2604
2610
2608
2603
2588
2526
2503
2480
2455
2343
2317
2293
2266
2239
2140
2099
2053
2014
1978
1950
1916
1889
1782
1761
1740
1724
1683
1676
1678
1682
1687
1686
1684
1691
1700
1743
1762
1777
1798
1811
1825
1839
1853
1913
1932
1950
1969
2016
2029
2038
2043
2046
2047
2043
2047
2046
2046
2047
2052
2053
2045
2057
2063
2070
1980
1945
1917
1903
1974
2002
2030
2053
2065
2070
2068
2055
2056
2062
2062
2062
2062
2090
2101
2106
2102
2088
2086
2083
2082
2085
2075
2084
2096
2089
2095
2099
2107
2110
2124
2128
2139
2149
2217
2224
2239
2243
2275
2279
2278
2285
2286
2305
2314
2321
2319
2318
2314
2292
2282
2217
2189
2160
2141
2053
2028
1999
1967
1933
1840
1812
1789
1768
1746
1731
1718
1706
1675
1678
1682
1684
1715
1734
1754
1773
1841
1852
1867
1878
1904
1959
1975
1990
2002
2021
2037
2050
2065
2090
2096
2095
2092
2056
2047
2040
2028
2000
1995
1994
1992
1983
1928
1903
1880
1855
1833
1813
1793
1767
1701
1680
1665
1648
1592
1584
1585
1590
1600
1638
1648
1654
1659
1661
1664
1679
1698
1790
1819
1858
1891
2041
2078
2113
2150
2190
2305
2338
2369
2400
2433
2467
2500
2535
2656
2690
2719
2733
2777
2791
2810
2838
2930
2950
2967
2988
3007
3069
3082
3091
3098
3110
3120
3130
3128
3097
3090
3079
3060
2969
2934
2900
2861
2833
2706
2659
2611
2557
2494
2435
2383
2328
2088
2028
1964
1897
1646
1585
1524
1467
1224
1175
1120
1072
1028
873
828
793
758
727
702
675
644
542
527
517
509
488
492
508
514
521
570
585
607
626
649
675
705
736
913
966
1022
1086
1341
1412
1486
1558
1852
1918
1978
2040
2098
2269
2320
2365
2409
2448
2484
2518
2545
2648
2661
2680
2698
2732
2733
2732
2733
2733
2729
2724
2719
2706
2693
2679
2664
2644
2581
2564
2545
2522
2459
2446
2437
2425
2410
2367
2357
2347
2336
2322
2297
2281
2275
2201
2178
2155
2127
2076
2059
2042
2026
1975
1977
1972
1975
1980
1991
1991
2002
2016
2024
2032
2034
2042
2084
2101
2111
2123
2155
2159
2171
2187
2206
2252
2264
2277
2288
2323
2394
2481
2557
2359
2221
2140
2074
2046
2121
2212
2267
2642
2728
2806
2846