1901
1939
1974
2088
2116
2146
2178
2207
2294
2323
2344
2366
2382
2398
2422
2437
2509
2520
2526
2532
2544
2543
2535
2525
2519
2501
2489
2485
2473
2462
2450
2433
2411
2311
2290
2264
2235
2128
2102
2070
2042
2012
1926
1908
1888
1868
1855
1843
1828
1818
1760
1758
1755
1752
1754
1758
1750
1745
1743
1738
1743
1746
1748
1741
1744
1756
1758
1802
1813
1825
1835
1844
1874
1881
1893
1904
1917
1927
1934
1949
1972
1976
1989
2005
2038
2040
2043
2054
2061
2073
2084
2085
2090
2101
2116
2130
2145
2172
2171
2178
2186
2177
2183
2185
2187
2195
2161
2148
2139
2141
2139
2128
2126
2121
2072
2065
2064
2061
2057
2034
2017
2003
1994
1980
1984
1992
1989
1936
1928
1920
1919
1913
1912
1907
1903
1901
1901
1894
1892
1896
1900
1892
1885
1887
1881
1877
1874
1868
1862
1863
1861
1865
1866
1891
1902
1910
1916
1928
1944
1952
1969
2014
2030
2052
2064
2123
2131
2154
2180
2193
2235
2239
2237
2237
2244
2258
2267
2269
2287
2291
2291
2291
2292
2298
2301
2298
2291
2279
2278
2276
2267
2238
2218
2198
2190
2135
2125
2111
2092
2081
2012
1997
1988
1974
1955
1939
1931
1917
1852
1840
1827
1818
1759
1751
1745
1734
1719
1729
1714
1707
1708
1715
1711
1713
1722
1747
1767
1775
1786
1835
1842
1866
1890
1910
1950
1965
1981
1998
2020
2040
2059
2078
2132
2147
2167
2177
2182
2214
2218
2220
2225
2229
2239
2250
2256
2271
2276
2273
2271
2250
2244
2235
2232
2235
2210
2203
2193
2172
2155
2154
2141
2117
2098
2084
2075
2065
2054
2049
2045
2042
2037
1988
1992
1985
1976
1966
1960
1954
1948
1904
1898
1897
1898
1892
1887
1885
1887
1888
1892
1887
1885
1894
1898
1898
1896
1905
1934
1945
1947
1951
1960
1965
1964
1969
1979
1982
1981
1984
1989
2007
2011
2012
2019
2034
2048
2053
2054
2060
2073
2075
2081
2086
2083
2089
2098
2101
2091
2091
2092
2095
2101
2100
2092
2083
2082
2100
2094
2089
2087
2081
2077
2074
2062
2036
2028
2024
2021
1987
1980
1976
1972
1971
1968
1955
1955
1950
1944
1941
1939
1948
1951
1941
1940
1936
1930
1930
1934
1935
1939
1935
1930
1926
1926
1950
1955
1960
1968
1974
1984
1989
2006
2015
2032
2042
2050
2054
2066
2070
2076
2086
2112
2117
2119
2126
2142
2143
2143
2153
2162
2158
2166
2172
2179
2184
2182
2183
2182
2167
2171
2176
2177
2149
2151
2144
2143
2135
2121
2113
2109
2097
2086
2082
2079
2077
2038
2028
2023
2019
2023
2009
1997
1991
1987
1977
1967
1957
1946
1923
1921
1926
1916
1899
1906
1911
1908
1897
1889
1889
1889
1883
1880
1887
1887
1883
1898
1907
1915
1921
1936
1935
1939
1933
1929
1951
1953
1950
1948
1954
1960
1969
1973
1998
2003
2007
2010
2027
2044
2052
2058
2061
2057
2061
2064
2066
2071
2075
2080
2084
2087
2088
2081
2071
2069
2057
2064
2058
2057
2056
2056
2048
2043
2039
2033
2026
2015
2016
2014
2012
2010
2022
2034
2033
2033
2042
2056
2060
2066
2069
2054
2060
2069
2075
2066
2068
2068
2070
2071
2071
2069
2061
2059
2050
2048
2055
2069
2069
2068
2071
2072
2088
2088
2079
2073
2077
2084
2088
2087
2085
2082
2085
2094
2097
2079
2081
2078
2081
2081
2057
2049
2049
2046
2036
2035
2033
2030
1998
1990
1987
1989
1975
1970
1967
1962
1965
1974
1967
1966
1964
1963
1968
1973
1977
1972
1984
1988
1981
1979
1979
1985
1990
1987
1992
2000
2001
1995
1991
1989
1993
1999
2015
2013
2013
2013
2018
2020
2026
2026
2027
2018
2020
2025
2020
2020
2017
2014
2022
2015
2017
2017
2022
2008
2007
2004
2002
2005
2007
2001
1997
1997
2004
2003
1999
2004
2006
2011
2015
2009
2014
2023
2022
2020
2030
2034
2028
2017
2016
2032
2044
2055
2056
2060
2063
2061
2062
2068
2072
2067
2056
2050
2051
2058
2063
2068
2042
2041
2040
2040
2033
2030
2026
2026
2024
2008
2008
2009
2006
1998
1995
1988
1990
1993
1992
2001
2005
2026
2023
2029
2036
2041
2056
2050
2042
2045
2054
2055
2060
2061
2062
2064
2072
2074
2081
2082
2072
2069
2059
2052
2053
2047
2048
2052
2044
2037
2035
2054
2055
2053
2054
2041
2033
2024
2023
2029
2014
2015
2017
2008
2000
2000
2005
2006
1990
1992
1997
2002
2014
2010
2001
1998
2000
1995
1987
1980
1978
1986
1992
2002
2006
1978
1972
1982
1980
1969
1970
1977
1991
2004
2004
2003
2007
2004
2027
2029
2021
2016
2029
2029
2034
2043
2047
2040
2042
2049
2055
2069
2074
2068
2062
2055
2058
2067
2082
2073
2068
2063
2064
2064
2052
2034
2030
2040
2041
2034
2022
2021
1995
1992
1992
1993
1969
1973
1971
1971
1980
1991
2000
2007
2002
2000
1997
2002
1997
1992
1992
1994
1990
2001
2004
2020
2029
2037
2048
2050
2053
2064
2074
2069
2073
2070
2063
2061
2058
2053
2046
2039
2031
2032
2042
2040
2044
2042
2044
2049
2049
2047
2044
2037
2037
2039
2048
2050
2056
2057
2050
2052
2058
2056
2057
2056
2048
2053
2052
2054
2052
2054
2060
2063
2060
2045
2046
2037
2031
2033
2029
2033
2036
2025
2025
2019
2008
1986
1980
1964
1962
1966
1968
1975
1974
1983
1986
1985
1986
1995
1993
1997
2000
2000
2001
2022
2017
2014
2014
2015
2012
2011
2020
2036
2039
2039
2039
2038
2041
2047
2049
2042
2047
2055
2061
2063
2061
2056
2053
2043
2036
2019
2009
1997
1985
1971
1958
1940
1922
1902
1907
1919
1919
1901
1901
1901
1906
1906
1885
1881
1884
1883
1889
1895
1901
1912
1928
1919
1913
1905
1903
2018
2080
2117
2117
2105
2108
2113
2093
2150
2166
2175
2198
2302
2309
2322
2337
2344
2259
2256
2254
2237
2225
2228
2235
2238
2188
2168
2159
2165
2147
2140
2137
2127
2103
2088
2080
2055
2035
2019
1997
1980
1979
1984
1970
1966
1963
1972
1970
1979
1998
2000
2003
1995
1990
2002
2015
2011
1999
1997
2002
2006
2011
2014
1972
1953
1943
1937
1920
1891
1894
1901
1917
1924
1914
1901
1892
1874
1873
1867
1865
1872
1895
1899
1905
1911
1904
1904
1911
1915
1943
1950
1953
1964
2003
2012
2007
2011
2023
2020
2017
2038
2045
2033
2013
2008
1998
2043
2062
2077
2083
2088
2083
2079
2084
2086
2120
2124
2122
2132
2141
2145
2152
2151
2101
2099
2101
2099
2079
2084
2094
2101
2097
2080
2075
2071
2058
2051
2037
2025
2007
1966
1961
1960
1964
1920
1903
1890
1878
1867
1871
1865
1857
1849
1837
1831
1837
1844
1853
1859
1869
1881
1890
1923
1939
1948
1949
1957
1963
1955
1955
2020
2031
2043
2055
2109
2124
2136
2149
2170
2217
2232
2244
2254
2266
2264
2270
2278
2271
2272
2281
2294
2303
2295
2274
2259
2250
2238
2239
2234
2235
2236
2227
2217
2210
2162
2147
2146
2133
2095
2077
2068
2057
2035
1974
1958
1947
1939
1935
1931
1924
1919
1893
1889
1887
1883
1876
1875
1880
1884
1888
1894
1901
1897
1888
1884
1885
1882
1885
1900
1905
1913
1912
1910
1911
1913
1919
1921
1932
1926
1930
1927
1930
1931
1928
1922
1910
1907
1909
1907
1908
1931
1937
1939
1945
1944
1950
1952
1955
1991
2004
2015
2018
2029
2045
2059
2071
2093
2093
2097
2106
2103
2104
2109
2115
2118
2102
2097
2095
2105
2109
2105
2098
2098
2112
2106
2116
2118
2111
2102
2101
2096
2087
2091
2091
2086
2084
2058
2055
2049
2049
2041
2028
2022
2016
2007
1997
1995
1991
1984
1975
1976
1982
1983
1979
1977
1975
1974
1972
1978
1984
1993
1995
2014
2017
2024
2033
2069
2074
2081
2084
2092
2104
2107
2108
2109
2111
2112
2122
2130
2134
2130
2128
2130
2121
2112
2106
2121
2129
2117
2117
2120
2117
2109
2101
2092
2079
2046
2031
2009
2000
1958
1946
1932
1922
1913
1886
1871
1858
1851
1848
1842
1839
1837
1838
1839
1845
1844
1852
1860
1859
1866
1882
1895
1902
1900
1902
1914
1928
1932
1937
1965
1971
1982
1986
2008
2021
2028
2034
2031
2046
2056
2069
2078
2080
2078
2089
2099
2121
2124
2131
2140
2152
2163
2162
2161
2167
2169
2176
2180
2183
2190
2184
2181
2185
2164
2159
2150
2137
2130
2107
2096
2095
2094
2083
2071
2063
2055
2038
2042
2047
2042
2008
2005
2005
2009
2008
2003
2003
2001
1993
1981
1982
1981
1975
1967
1975
1983
1984
1983
1987
1993
1997
1993
1985
1982
1984
1987
1986
1988
1990
1984
1972
1976
1979
1982
1968
1974
1979
1983
1988
2001
2001
2005
2008
2009
2012
2017
2024
2057
2060
2066
2069
2072
2085
2075
2057
2055
2057
2058
2053
2056
2061
2054
2050
2049
2045
2049
2041
2035
2037
2036
2035
2029
2026
2023
2019
2023
2028
2008
2003
1998
1997
2003
1989
1991
1989
1981
1964
1968
1963
1959
1958
1953
1950
1955
1952
1954
1954
1957
1951
1957
1961
1960
1955
1970
1961
1956
1964
1974
1985
1985
1979
2011
2013
2016
2023
2055
2060
2069
2072
2078
2084
2089
2101
2104
2112
2125
2135
2134
2132
2137
2142
2145
2150
2145
2146
2147
2154
2152
2150
2146
2140
2133
2123
2113
2110
2092
2083
2078
2072
2065
2043
2039
2033
2033
2032
2023
2012
2007
1992
1990
1989
1994
1961
1947
1946
1945
1950
1931
1927
1924
1918
1911
1912
1918
1922
1926
1931
1928
1925
1925
1944
1951
1958
1961
1980
1984
1987
1997
2019
2026
2029
2031
2040
2040
2053
2062
2042
2038
2030
2027
2039
2049
2045
2047
2039
2031
2023
2023
2029
2035
2030
2023
2020
2010
2008
2009
2011
2010
1991
1983
1989
1997
2000
2002
2004
2000
1996
1998
2002
2009
2004
2003
2011
2022
2025
2041
2047
2043
2038
2038
2039
2044
2035
2034
2034
2030
2021
2018
2022
2029
2032
2040
2042
2040
2037
2033
2042
2048
2054
2059
2067
2067
2069
2071
2082
2090
2096
2100
2097
2101
2104
2099
2093
2111
2102
2100
2105
2104
2102
2089
2077
2074
2042
2033
2028
2032
2034
2040
2045
2045
2007
2005
2011
2022
2012
2011
2007
2007
2021
2025
2032
2038
2040
2040
2028
2023
2021
2045
2045
2038
2040
2037
2048
2053
2057
2056
2051
2056
2051
2046
2042
2043
2044
2045
2013
2009
2001
1992
1967
1960
1962
1957
1960
1956
1948
1937
1930
1938
1943
1937
1928
1940
1948
1960
1960
1951
1951
1954
1960
1972
1982
1987
1995
1995
1991
1997
2001
2009
2039
2038
2031
2034
2040
2037
2032
2036
2037
2035
2043
2051
2065
2055
2053
2061
2064
2041
2046
2051
2047
2045
2016
2012
2012
2005
2002
2002
2002
2000
1991
1983
1977
1977
1976
1976
1983
1989
1992
2001
2008
2005
2006
2010
2019
2019
2017
2020
2030
2038
2043
2055
2061
2066
2060
2062
2066
2064
2071
2080
2079
2071
2077
2081
2090
2088
2085
2080
2085
2092
2079
2073
2079
2082
2078
2084
2091
2077
2085
2090
2085
2083
2094
2103
2101
2101
2085
2090
2091
2091
2089
2079
2063
2057
2056
2051
2055
2050
2024
2018
2011
2008
2002
1993
1987
1981
1976
1967
1967
1977
1974
1970
1959
1945
1946
1924
1919
1924
1930
1933
1937
1937
1948
1964
1974
1970
1964
1968
2014
2023
2025
2029
2057
2063
2069
2073
2078
2059
2055
2053
2049
2045
2039
2037
2040
2026
2022
2017
2015
1996
1990
1979
1975
1978
1981
1981
1989
1985
1984
1984
1983
1990
1993
1994
1996
2005
1997
2000
2013
2016
2027
2028
2031
2040
2049
2049
2053
2056
2053
2049
2053
2045
2035
2030
2030
2027
2027
2014
2014
2016
2015
2009
2008
2010
2012
2012
2029
2033
2040
2046
2056
2066
2071
2081
2088
2083
2075
2076
2074
2069
2061
2065
2070
2077
2078
2076
2071
2074
2085
2087
2083
2077
2078
2080
2088
2093
2094
2090
2082
2075
2057
2053
2044
2038
2031
1995
1988
1987
1989
1988
1979
1979
1990
1979
1972
1974
1977
1979
1980
1979
1974
1969
1957
1966
1968
1970
1976
1981
1969
1956
1957
1955
1951
1952
1968
1967
1970
1977
1983
1990
1984
1977
1976
1975
1986
1992
1995
1980
1982
1977
1980
1986
1997
2002
2003
2003
2002
2002
2005
2002
2030
2025
2026
2032
2058
2074
2079
2081
2082
2087
2085
2086
2089
2093
2102
2123
2149
2132
2121
2110
2100
2061
2067
2079
2090
2101
2118
2123
2128
2135
2140
2131
2119
2111
2075
2061
2062
2065
2044
2039
2041
2046
2058
2069
2063
2043
2021
2012
2019
2028
2029
1998
1993
1990
1982
1998
1995
1991
1982
1976
1976
1980
1981
1975
1970
1970
1964
1964
1959
1974
1991
1995
1978
1980
1994
2005
2006
2006
2018
2020
2025
2020
2012
2008
2017
2051
2044
2038
2036
2048
2047
2038
2031
2031
2029
2026
2031
2046
2047
2043
2039
2031
2005
2006
2004
2005
2022
2017
2013
2010
2008
2006
2004
1994
1988
1978
1974
1966
1960
1972
1984
1979
1974
1978
1979
1983
1989
1989
1987
1982
1984
1986
1986
1993
2004
2009
2011
2006
2007
2005
2006
2012
2006
1998
1994
2001
2009
2011
2007
2029
2024
2022
2011
2015
2014
2015
2022
2022
2005
1994
1994
2006
2010
2014
2021
2025
2017
2025
2033
2034
2031
2035
2036
2040
2038
2057
2060
2067
2075
2079
2081
2082
2087
2115
2115
2116
2120
2123
2108
2107
2108
2110
2111
2103
2097
2092
2092
2088
2079
2081
2101
2097
2086
2079
2090
2091
2085
2078
2077
2082
2084
2081
2074
2058
2062
2069
2076
2066
2061
2065
2064
2063
2062
2066
2060
2064
2068
2076
2075
2066
2060
2058
2055
2052
2034
2037
2036
2030
2028
2018
2014
2004
2012
2006
2000
1999
2000
1973
1965
1960
1961
1969
1966
1955
1950
1949
1940
1930
1922
1926
1935
1946
1950
1952
1938
1943
1942
1948
1928
1930
1940
1948
1945
1926
1925
1926
1927
1933
1938
1940
1935
1936
1942
1938
1934
1926
1940
1945
1945
1946
1964
1969
1977
1979
1977
1986
1997
2009
2021
2027
2039
2051
2063
2076
2076
2087
2088
2089
2083
2090
2101
2108
2119
2129
2134
2117
2123
2130
2127
2122
2118
2105
2103
2111
2111
2106
2105
2102
2077
2068
2065
2064
2054
2053
2056
2053
2045
2042
2039
2047
2045
2044
2040
2031
2037
2049
2046
2048
2052
2047
2040
2032
2032
2051
2063
2060
2059
2059
2058
2060
2059
2055
2056
2056
2051
2047
2049
2045
2041
2038
2044
2026
2030
2029
2022
2013
2003
1989
1979
1962
1958
1952
1950
1955
1947
1948
1952
1955
1958
1954
1952
1953
1962
1972
1970
1964
1953
1962
1972
1969
1964
1969
1970
1971
1970
1979
1978
1969
1966
1977
1980
1978
1976
1982
1989
1988
1987
2010
2020
2022
2023
2017
2035
2033
2034
2037
2048
2047
2056
2065
2069
2060
2062
2069
2093
2096
2096
2095
2093
2095
2096
2094
2084
2071
2062
2066
2073
2057
2046
2046
2052
2050
2045
2048
2047
2043
2048
2052
2055
2055
2055
2055
2051
2048
2047
2046
2049
2051
2043
2024
2028
2039
2036
2037
2038
2040
2036
2045
2050
2047
2044
2045
2049
2049
2049
2054
2050
2053
2054
2053
2052
2049
2046
2046
2046
2046
2042
2035
2024
2020
2025
2029
2030
2020
2003
1996
1996
2006
2005
1998
1992
1992
1996
1995
1991
2005
1997
1992
1995
2003
2012
2014
2012
2008
2006
2002
2005
2008
2021
2025
2027
2030
2009
2008
2005
2008
2009
1996
1993
1989
1988
1988
1987
1984
1981
1965
1969
1979
1980
1978
1974
1978
1977
1971
1969
1975
1982
1991
2007
2009
2002
2008
2032
2033
2030
2030
2035
2039
2043
2048
2056
2051
2047
2054
2055
2070
2077
2086
2088
2085
2089
2083
2080
2082
2066
2070
2074
2077
2075
2083
2093
2086
2058
2055
2055
2050
2054
2048
2043
2043
2047
2041
2042
2041
2043
2046
2039
2033
2030
2026
2025
2027
2019
2017
2027
2024
2019
2012
2009
2008
2011
2012
2007
2009
2011
2008
1998
1998
2001
1997
2003
1999
1998
2001
2006
1998
1990
1994
1997
1987
1988
1994
1999
1995
1999
2005
2006
2008
2005
2012
2021
2021
2023
2023
2024
2019
2025
2023
2018
2019
2025
2027
2027
2028
2027
2032
2031
2033
2027
2018
2018
2028
2032
2007
2014
2013
2010
1998
2001
2001
2002
2006
2001
2000
1999
2010
2009
2012
2011
2006
2017
2009
2006
2006
2008
2009
2006
2006
2002
2003
2011
2012
2008
2018
2021
2025
2022
2034
2032
2035
2036
2045
2059
2061
2060
2064
2058
2062
2065
2067
2077
2081
2080
2080
2068
2068
2064
2066
2064
2076
2072
2058
2055
2054
2056
2055
2056
2054
2053
2052
2053
2045
2048
2050
2051
2056
2042
2037
2038
2042
2047
2046
2044
2036
2047
2058
2061
2052
2047
2043
2029
2029
2028
2029
2029
2022
2012
2004
2002
2001
2008
2006
1998
1994
2004
1996
1998
1999
2008
2016
2008
2016
2022
2025
2024
2030
2027
2026
2022
2020
2017
2021
2030
2019
2022
2016
2017
2014
2012
2023
2021
2011
2005
2003
2010
2017
2014
2016
2009
2009
2008
2003
2005
2009
2004
1994
1985
1985
1995
1995
2002
2011
1994
1994
1997
2007
2013
2004
1999
1996
1998
1995
1996
2002
2007
2023
2018
2024
2028
2031
2029
2027
2027
2027
2029
2029
2025
2020
2030
2034
2028
2023
2021
2012
2003
2000
1997
1988
1983
1986
1993
2001
2008
2015
2018
2026
2025
2012
2012
2020
2022
2027
2029
2029
2044
2045
2044
2040
2042
2048
2050
2047
2022
2020
2026
2031
2018
2026
2035
2030
2026
2024
2018
2013
2026
2034
2031
2027
2034
2045
2048
2055
2058
2065
2065
2061
2057
2053
2098
2116
2127
2123
2103
2076
2065
2059
1993
1997
2007
2026
2029
2039
2056
2073
2086
2071
2065
2058
2049
2033
2024
2027
2030
2025
2021
2023
2023
2042
2047
2055
2055
2050
2055
2042
2036
2031
2034
2031
2027
2021
2004
1997
2002
2006
1992
2003
2011
2014
2015
2007
2000
1998
1993
1998
2010
2012
2005
2028
2036
2038
2033
2034
2053
2050
2046
2052
2049
2051
2053
2049
2026
2029
2026
2019
1999
1991
1992
1999
2004
2001
1998
1998
1997
1998
1992
1978
1974
1996
1988
1980
1976
1986
2021
2022
2015
2014
2018
2019
2019
2019
1999
2003
2015
2020
2021
2020
2025
2026
2027
2045
2052
2051
2044
2044
2040
2040
2045
2045
2028
2023
2024
2024
2024
2018
2010
2002
2004
2011
2018
2022
2029
2021
2016
2019
2024
2023
2020
2016
2015
2026
2036
2036
2038
2028
2028
2028
2031
2032
2044
2039
2042
2043
2030
2028
2044
2053
2020
2020
2013
2010
1997
2003
2014
2018
2015
2009
2013
2018
2012
1997
1985
1967
1946
1931
1919
1911
1910
1917
1917
1913
1917
1923
1948
1941
1932
1929
1931
1941
1946
1953
1992
2006
2029
2046
2121
2139
2154
2177
2195
2216
2223
2232
2251
2264
2272
2274
2270
2237
2277
2445
2574
2523
2463
2417
2307
2238
2204
2155
2089
2039
2014
1999
2026
2039
2103
2052
2004
2025
2071
1980
2000
2014
1970
1913
1914
1943
1950
1949
1925
1933
1973
1919
1934
1933
1902
1866
1832
1811
1801
1811
1818
1828
1833
1838
1841
1837
1837
1823
1885
1884
1879
1862
1836
1843
1856
1863
1880
1898
1924
1941
1947
1991
1997
2011
2024
2033
2053
2066
2073
2090
2108
2104
2103
2104
2091
2078
2071
2064
2053
2088
2119
2135
2134
2070
2060
2055
2051
2039
2033
2037
2039
2051
2056
2058
2069
2095
2088
2082
2078
2068
2062
2055
2039
2025
2020
2019
2023
2030
2059
2071
2082
2101
2060
2055
2057
2051
2048
2038
2028
2025
2022
2014
1988
1959
1939
1912
1929
1937
1929
1906
1901
1896
1893
1900
1917
1936
1950
1955
1970
1987
1997
2009
2065
2079
2079
2083
2106
2100
2100
2098
2098
2073
2064
2073
2075
2071
2075
2084
2090
2091
2088
2079
2071
2064
2062
2064
2070
2071
2065
2060
2056
2063
2070
2073
2067
2068
2074
2067
2064
2068
2052
2048
2043
2044
2034
2039
2032
2023
2035
2046
2052
2054
2050
2041
2038
2031
2030
2008
2004
1997
1994
2006
2030
2042
2044
2050
2054
2044
2042
2053
2048
2045
2036
2037
2053
2055
2058
2074
2093
2111
2109
2109
2112
2116
2109
2101
2099
2096
2093
2081
2068
2061
2029
2037
2030
2023
2018
2010
2005
2001
1957
1943
1929
1920
1922
1919
1918
1923
1927
1950
1959
1969
1973
1982
1986
1990
1991
1995
1994
1994
1989
1999
2005
2008
2014
2014
2004
2009
2011
2013
2013
2006
1997
1997
1968
1961
1964
1969
1961
1961
1956
1964
1960
1963
1964
1961
1959
1965
1960
1958
1958
1979
1983
1990
1998
1996
1994
2006
2033
2043
2036
2039
2045
2047
2045
2036
2036
2041
2046
2049
2051
2051
2056
2072
2082
2089
2092
2092
2099
2107
2105
2101
2105
2104
2105
2109
2114
2114
2111
2108
2105
2110
2113
2107
2099
2096
2100
2100
2104
2101
2090
2088
2093
2096
2089
2089
2082
2074
2067
2063
2064
2057
2046
2035
2022
2015
1981
1974
1964
1958
1954
1955
1960
1962
1940
1942
1942
1944
1941
1938
1939
1933
1921
1921
1921
1925
1924
1934
1940
1935
1935
1969
1968
1968
1963
1965
1988
1996
2003
2015
2018
2014
2014
2015
2025
2035
2047
2049
2055
2060
2064
2072
2081
2071
2068
2071
2075
2072
2073
2087
2090
2087
2077
2078
2088
2100
2099
2101
2100
2097
2093
2092
2090
2084
2075
2062
2058
2070
2064
2066
2064
2051
2024
2017
2023
2030
2026
2030
2029
2023
2019
2024
2039
2036
2034
2044
2047
2051
2039
2022
2021
2020
2021
2026
2039
2041
2034
2033
2036
2033
2021
2017
2009
2009
2003
1998
1987
1980
1976
1969
1970
1964
1962
1962
1959
1959
1956
1949
1959
1964
1970
1974
1982
1990
1994
2000
2002
2012
2021
2020
2021
2030
2037
2043
2049
2054
2054
2056
2054
2054
2058
2017
2021
2017
2017
2019
2025
2032
2034
2035
2030
2038
2040
2041
2028
2028
2028
2024
2034
2038
2037
2036
2034
2034
2034
2033
2031
2033
2037
2040
2041
2030
2024
2032
2032
2029
2025
2021
2019
2020
2013
2016
2026
2010
2007
2005
2005
2010
2025
2037
2030
2017
2005
2011
2013
2009
1999
1997
1998
1997
1993
1998
1993
1989
1993
1995
1998
2003
2007
2019
2026
2023
2028
2037
2044
2045
2042
2057
2066
2069
2065
2062
2065
2069
2064
2065
2048
2050
2058
2062
2059
2054
2054
2056
2043
2047
2054
2053
2052
2039
2027
2033
2040
2030
2033
2026
2023
2017
2019
2024
2030
2035
2036
2036
2042
2041
2038
2037
2044
2040
2043
2050
2046
2035
2029
2028
2027
2027
2032
2025
2026
2032
2035
2031
2025
2016
2018
2033
2019
2005
2010
2019
2019
2017
2013
2010
2011
2002
1990
1979
1986
1998
2004
1996
1984
1969
1967
1975
1995
1989
1984
1993
2000
2004
2005
2009
2019
2009
2008
2021
2030
2033
2029
2029
2029
2023
2021
2025
2024
2005
2008
2017
2028
2030
2027
2033
2031
2030
2036
2037
2037
2035
2044
2036
2031
2026
2023
2022
2025
2025
2014
2011
2015
2017
2019
2017
2011
2010
2019
2026
2032
2040
2054
2048
2046
2039
2036
2035
2033
2028
2036
2033
2033
2022
2013
2018
2029
2027
2022
2022
2038
2037
2036
2039
2041
2036
2041
2044
2044
2047
2048
2056
2055
2062
2060
2055
2050
2051
2047
2052
2053
2054
2058
2062
2069
2067
2045
2040
2032
2036
2046
2044
2041
2039
2021
2026
2023
2028
2031
2032
2030
2028
2020
2017
2016
2020
2021
2029
2019
2017
2014
2020
2018
2011
2009
2007
2001
1999
1993
1994
1976
1981
1978
1976
1996
1999
1996
1996
2000
2009
2007
2007
2010
2016
2027
2032
2029
2035
2034
2036
2039
2033
2031
2030
2025
2018
2009
2010
2012
2017
2019
2015
2009
2013
2007
2006
2005
2008
1998
1996
2006
2010
2006
2009
2003
2003
2012
2016
2010
1998
1999
2008
2002
2005
2017
2018
2018
2026
2037
2033
2014
2017
2010
2015
2019
2019
2020
2018
2013
2010
2007
2012
2009
2008
2007
2010
2014
2010
2021
2025
2024
2027
2029
2031
2031
2050
2050
2046
2045
2046
2044
2089
2076
2064
2122
2158
2124
2083
1994
1984
2001
2004
2029
2035
2029
2037
2051
2077
2078
2063
2049
2058
2065
2101
2134
2131
2125
2125
2124
2044
2048
2039
2036
2094
2096
2110
2130
2127
2100
2079
2051
2026
2021
2031
2045
2055
2077
2059
2037
2024
1997
2003
2006
2000
2000
1977
1962
1954
1947
1943
1944
1944
1940
1949
1967
1977
1977
1957
1947
1943
1953
1969
2006
2011
2009
2010
2015
2014
2012
2006
2012
2019
2032
2043
2071
2059
2044
2039
2029
2016
2018
2011
2015
2021
2030
2026
2019
1968
1966
1965
1970
1975
1982
1987
1988
1980
1970
1966
1969
1965
1996
2004
2013
2021
2028
2035
2049
2057
2069
2081
2090
2093
2088
2086
2088
2076
2060
2027
2015
2015
2020
2017
2015
2015
2003
2008
2014
2010
2003
1991
1985
1985
1980
1984
1980
1987
1999
1994
2012
2005
1997
1993
1987
1930
1905
1871
1846
1825
1804
1773
1750
1738
1746
1753
1760
1766
1790
1796
1809
1828
1840
1855
1873
1886
1918
1926
1930
1932
1939
1942
1952
1971
2001
2105
2151
2199
2244
2280
2315
2351
2373
2387
2442
2452
2507
2582
2638
2710
2800
2864
2882
2862
2812
2751
2602
2574
2569
2565
2547
2498
2474
2470
2464
2440
2432
2435
2421
2385
2391
2407
2409
2283
2241
2178
2114
2067
1937
1899
1862
1820
1779
1743
1701
1640
1399
1334
1272
1231
1206
1190
1199
1191
1170
1144
1119
1096
1085
1144
1188
1234
1258
1306
1319
1333
1370
1416
1550
1603
1655
1713
1759
1799
1827
1859
2004
2040
2075
2122
2312
2338
2357
2368
2372
2369
2361
2354
2369
2386
2381
2371
2366
2256
2226
2199
2175
2150
2146
2150
2163
2171
2126
2110
2094
2086
2088
2103
2117
2134
2150
2155
2150
2134
2130
2125
2129
2140
2156
2178
2159
2140
2126
2111
2107
2116
2113
2108
2087
2071
2059
2034
1964
1939
1917
1897
1886
1883
1868
1847
1804
1783
1755
1744
1764
1769
1771
1780
1786
1804
1814
1838
1864
1888
1911
1940
1972
2029
2058
2061
2066
2128
2150
2176
2185
2195
2211
2227
2235
2237
2246
2261
2265
2260
2274
2274
2284
2305
2373
2404
2425
2426
2424
2427
2416
2409
2398
2387
2381
2375
2368
2344
2321
2300
2274
2150
2130
2120
2112
2095
2039
2023
2012
1992
1968
1944
1924
1906
1809
1779
1758
1746
1687
1682
1680
1678
1672
1661
1655
1661
1665
1657
1648
1655
1682
1745
1759
1768
1801
1875
1890
1919
1958
1995
2045
2061
2085
2117
2152
2169
2175
2175
2237
2250
2249
2255
2298
2301
2290
2268
2259
2255
2245
2230
2217
2208
2197
2196
2203
2141
2132
2123
2103
2077
2030
2017
2009
1998
1992
1983
1963
1945
1898
1892
1896
1887
1863
1860
1868
1866
1843
1821
1815
1805
1788
1772
1761
1766
1775
1722
1716
1721
1730
1769
1771
1774
1788
1807
1871
1893
1908
1929
1943
1953
1971
1986
2064
2082
2087
2098
2113
2129
2141
2140
2133
2143
2145
2146
2141
2137
2128
2122
2124
2126
2133
2139
2144
2151
2145
2141
2136
2136
2128
2133
2139
2144
2139
2137
2132
2128
2135
2132
2127
2127
2148
2145
2142
2147
2156
2163
2166
2162
2155
2152
2145
2145
2147
2113
2102
2082
2077
2018
2010
1995
1982
1969
1932
1922
1907
1892
1885
1883
1869
1855
1817
1819
1823
1830
1822
1818
1822
1823
1825
1848
1853
1866
1877
1880
1889
1897
1893
1934
1944
1954
1950
1971
1976
1984
1988
1989
2003
2007
2003
2000
2004
2015
2031
2035
2055
2069
2090
2101
2110
2118
2135
2153
2163
2182
2190
2201
2212
2216
2223
2232
2240
2274
2277
2273
2274
2254
2250
2252
2255
2247
2211
2182
2154
2145
2136
2118
2098
2091
2022
2010
1991
1983
1978
1966
1966
1958
1949
1944
1941
1935
1934
1915
1920
1929
1931
1931
1939
1948
1956
1964
1959
1969
1974
1979
1995
2000
2004
2012
2027
2032
2035
2035
2041
2038
2030
2021
2032
2019
2007
2008
2015
2016
2010
1996
1986
1986
1978
1971
1966
1970
1954
1951
1962
1958
1954
1962
1974
1971
1964
1981
1986
1985
1976
1978
1987
1992
1988
1999
2002
2009
2001
1986
1982
1990
1995
1997
2002
2004
2005
2014
2025
2035
2041
2042
2032
2029
2023
2033
2050
2068
2077
2072
2068
2062
2068
2070
2075
2076
2075
2072
2074
2084
2086
2086
2084
2079
2074
2068
2060
2040
2038
2032
2015
1969
1968
1960
1953
1962
1931
1929
1933
1935
1934
1939
1945
1948
1960
1971
1963
1960
1968
1983
1994
2001
2011
2029
2034
2039
2047
2055
2062
2071
2075
2106
2112
2114
2119
2127
2131
2132
2128
2131
2124
2117
2110
2100
2091
2090
2102
2120
2095
2093
2089
2076
2072
2073
2066
2068
2067
2067
2067
2066
2066
2066
2064
2056
2046
2024
2027
2026
2015
2016
2005
1994
1995
1995
1979
1986
1988
1986
1979
1969
1970
1970
1977
1988
1990
1988
1992
1994
1998
1999
2006
2000
2002
2013
2015
2035
2034
2028
2032
2039
2040
2047
2056
2063
2038
2037
2028
2019
2014
2012
2013
2010
1981
1975
1961
1957
1961
1935
1933
1930
1927
1927
1924
1917
1912
1928
1938
1953
1956
1957
1955
1954
1961
1968
1963
1972
1973
1964
1964
1965
1969
1973
1974
1998
1998
2006
2011
2012
2020
2022
2022
2040
2042
2039
2040
2060
2064
2066
2079
2093
2074
2083
2094
2090
2071
2071
2078
2072
2053
2055
2057
2056
2055
2052
2053
2051
2052
2050
2043
2041
2044
2034
2034
2042
2050
2047
2042
2039
2038
2044
2045
2043
2042
2038
2038
2035
2032
2032
2038
2033
2026
2028
2035
2043
2054
2058
2063
2058
2061
2063
2066
2071
2068
2068
2067
2078
2085
2078
2073
2075
2078
2082
2088
2092
2083
2088
2090
2087
2090
2098
2094
2088
2087
2089
2091
2086
2085
2064
2055
2042
2029
1999
1994
1988
1983
1978
1950
1944
1938
1931
1921
1927
1939
1946
1943
1943
1948
1953
1973
1979
1991
1988
1986
1989
1990
1988
1994
1994
2004
2009
2007
2033
2025
2015
2008
2022
2028
2032
2024
2025
2024
2028
2028
2016
2013
2021
2027
2025
1990
1993
2001
2011
2011
2001
2016
2023
2027
2029
2016
2011
2010
2038
2038
2032
2031
2036
2032
2016
2014
2029
2029
2012
2003
2010
2012
2007
2005
2012
2012
2015
2014
2013
1991
1984
1994
2009
1995
1981
1981
1995
2004
2000
2004
2002
2001
1999
1993
1993
2001
2026
2015
2007
2004
2036
2041
2042
2044
2042
2031
2030
2045
2060
2067
2057
2054
2055
2036
2082
2121
2163
2203
1978
1952
1943
1921
1904
1899
1909
1908
1906
1926
1910
1927
2031
2046
2006
1976
2027
2097
2075
2102
2155
2187
2198
2226
2281
2264
2272
2270
2260
2226
2221
2243
2267
2251
2227
2220
2189
2170
2178
2182
2160
2138
2063
2029
2013
2000
1911
1888
1866
1846
1821
1767
1758
1762
1773
1784
1791
1795
1795
1821
1815
1825
1842
1844
1864
1888
1906
1935
1973
2015
2054
2081
2097
2089
2080
2082
2112
2115
2103
2092
2094
2063
2049
2034
2028
2023
2023
2032
2044
2089
2096
2082
2058
2008
2023
2027
2022
1987
1973
1954
1940
1936
1965
1983
1990
1994
2005
2036
2051
2061
2063
2033
2027
2035
2051
2075
2094
2105
2114
2115
2097
2079
2060
2036
2011
1995
1991
1985
1950
1951
1944
1932
1930
1938
1942
1941
1944
1977
1982
1995
1998
1993
1987
1986
1996
2020
2022
2022
2030
2032
2034
2029
2024
2011
2001
2006
2000
1995
2006
2015
2020
2020
1977
1960
1948
1934
1812
1779
1749
1718
1691
1615
1601
1594
1591
1586
1585
1579
1576
1573
1566
1561
1568
1575
1621
1654
1685
1715
1737
1758
1781
1813
1947
1984
2026
2077
2305
2381
2453
2528
2608
2826
2900
2975
3051
3129
3207
3286
3349
3589
3641
3683
3714
3798
3799
3790
3782
3776
3698
3700
3738
3738
3665
3557
3428
3311
2724
2600
2445
2335
1792
1673
1570
1458
1298
968
821
667
586
541
446
329
245
145
149
149
154
172
207
209
246
294
326
343
380
438
657
722
784
841
1135
1209
1290
1377
1635
1697
1767
1841
1903
2138
2200
2262
2325
2362
2391
2425
2468
2588
2631
2670
2700
2738
2730
2726
2703
2663
2566
2540
2512
2503
2500
2502
2508
2503
2469
2446
2419
2398
2409
2402
2393
2397
2382
2287
2250
2218
2186
2171
2171
2179
2194
2215
2215
2205
2184
2057
2043
2035
2019
2004
1914
1886
1851
1803
1757
1731
1707
1674
1630
1633
1649
1652
1647
1585
1563
1547
1548
1557
1580
1608
1627
1695
1689
1685
1678
1656
1655
1647
1643
1653
1649
1650
1661
1679
1695
1728
1787
1853
2079
2139
2201
2270
2333
2484
2540
2605
2660
2703
2743
2791
2840
2908
2924
2938
2948
2952
2964
2982
2991
2987
2975
2954
2930
2907
2883
2853
2820
2791
2761
2647
2608
2573
2531
2491
2448
2407
2368
2206
2165
2132
2104
1930
1877
1824
1766
1703
1539
1494
1461
1432
1397
1352
1304
1269
1151
1135
1121
1120
1116
1123
1140
1169
1199
1227
1260
1304
1348
1495
1539
1595
1648
1890
1943
1993
2044
2090
2191
2230
2272
2323
2357
2395
2438
2483
2618
2638
2660
2689
2763
2773
2782
2784
2790
2797
2781
2769
2756
2738
2722
2700
2673
2547
2504
2464
2407
2180
2106
2044
1984
1930
1745
1684
1627
1578
1530
1492
1455
1414
1291
1266
1241
1230
1216
1220
1232
1244
1261
1320
1343
1367
1395
1413
1435
1463
1486
1623
1652
1692
1732
1869
1894
1913
1935
1958
2030
2046
2064
2076
2078
2088
2104
2118
2167
2173
2185
2197
2211
2245
2269
2288
2302
2315
2324
2326
2334
2351
2346
2347
2351
2346
2343
2339
2327
2315
2290
2273
2261
2255
2243
2227
2220
2211
2204
2168
2173
2181
2184
2189
2198
2202
2196
2200
2199
2199
2208
2205
2189
2193
2200
2200
2189
2183
2182
2171
2134
2122
2112
2100
2030
2020
2008
2004
2006
1978
1966
1955
1932
1910
1899
1892
1876
1802
1776
1753
1749
1684
1675
1661
1639
1622
1599
1591
1587
1593
1602
1603
1598
1597
1622
1641
1663
1681
1772
1797
1817
1845
1882
1973
2016
2050
2077
2108
2146
2184
2208
2360
2388
2419
2453
2550
2567
2581
2593
2606
2605
2603
2597
2581
2562
2545
2538
2514
2399
2369
2346
2329
2204
2178
2158
2134
2108
2061
2040
2019
2005
1996
1978
1952
1929
1864
1856
1844
1823
1772
1764
1754
1747
1745
1714
1715
1709
1706
1712
1717
1717
1721
1772
1784
1794
1806
1876
1893
1904
1925
1950
2007
2031
2047
2060
2078
2093
2109
2124
2184
2198
2202
2208
2216
2217
2213
2209
2208
2207
2211
2205
2197
2180
2168
2148
2140
2081
2070
2063
2053
2041
2000
1984
1969
1960
1949
1936
1928
1916
1873
1862
1860
1860
1850
1846
1847
1861
1862
1861
1859
1859
1866
1880
1893
1914
1930
1993
2005
2020
2040
2086
2100
2114
2128
2139
2154
2160
2170
2174
2174
2177
2184
2185
2174
2169
2170
2160
2107
2097
2085
2074
2063
2023
2010
1998
1995
1984
1968
1950
1936
1888
1884
1886
1881
1866
1857
1859
1853
1853
1867
1882
1889
1888
1884
1889
1902
1919
1969
1973
1980
1984
2000
2013
2029
2044
2050
2075
2084
2094
2102
2104
2117
2129
2144
2146
2145
2153
2163
2167
2173
2170
2169
2168
2162
2163
2167
2163
2156
2142
2120
2109
2067
2057
2049
2039
2032
1993
1983
1973
1963
1951
1946
1938
1933
1917
1913
1916
1920