3443
3602
3636
3668
3689
3690
3684
3664
3625
3438
3397
3355
3309
3085
3016
2947
2875
2804
2602
2534
2462
2382
2295
2198
2106
2018
1654
1568
1476
1388
1054
983
908
834
572
516
466
423
378
269
247
230
218
219
222
227
242
321
341
374
411
610
672
743
815
890
1135
1222
1302
1375
1449
1526
1618
1710
2043
2121
2201
2282
2559
2625
2694
2757
2817
3006
3060
3105
3158
3200
3244
3282
3318
3421
3443
3449
3455
3453
3444
3436
3418
3410
3312
3291
3273
3242
3211
3186
3157
3121
3077
2922
2864
2805
2739
2678
2607
2540
2475
2202
2131
2058
1990
1759
1710
1669
1630
1603
1520
1491
1469
1449
1425
1405
1385
1374
1339
1335
1328
1320
1314
1307
1301
1298
1299
1299
1291
1284
1279
1277
1270
1266
1259
1246
1227
1222
1223
1228
1236
1245
1258
1266
1354
1388
1417
1452
1619
1660
1699
1743
1917
1964
2017
2067
2122
2276
2330
2375
2422
2473
2516
2561
2603
2737
2758
2780
2800
2819
2819
2821
2818
2804
2767
2754
2741
2726
2707
2684
2659
2638
2507
2473
2438
2400
2234
2193
2155
2117
2084
1963
1920
1878
1833
1790
1744
1696
1644
1478
1444
1410
1378
1290
1273
1258
1247
1231
1244
1260
1281
1315
1421
1462
1506
1539
1577
1615
1659
1701
1881
1924
1972
2021
2190
2227
2266
2301
2340
2455
2491
2527
2560
2590
2613
2643
2666
2729
2736
2741
2753
2780
2786
2784
2781
2758
2745
2724
2701
2678
2611
2579
2550
2517
2488
2453
2425
2396
2280
2249
2214
2182
2016
1984
1949
1919
1895
1851
1834
1810
1775
1739
1699
1667
1636
1577
1584
1596
1609
1641
1654
1669
1688
1780
1803
1825
1844
1870
1935
1953
1965
1987
1999
2015
2032
2051
2121
2129
2139
2141
2136
2129
2127
2121
2116
2101
2094
2088
2085
2087
2083
2078
2075
2045
2042
2039
2039
2008
1998
1990
1990
1969
1966
1963
1965
1980
1993
1989
1994
1988
1988
1980
1974
1960
1957
1958
1964
1971
1971
1960
1949
1940
1929
1938
1938
1939
1939
1935
1931
1915
1904
1841
1831
1825
1832
1835
1833
1828
1815
1753
1729
1706
1693
1675
1633
1619
1611
1604
1600
1585
1587
1589
1621
1636
1650
1671
1742
1756
1777
1804
1820
1868
1886
1903
1915
1927
1938
1946
1952
1994
2006
2024
2048
2116
2131
2143
2161
2179
2242
2263
2288
2319
2345
2369
2388
2404
2433
2436
2443
2449
2451
2452
2451
2448
2410
2395
2381
2368
2358
2316
2308
2293
2277
2258
2242
2225
2211
2162
2149
2137
2125
2051
2033
2018
2007
1995
1949
1942
1933
1925
1915
1904
1902
1897
1877
1881
1882
1886
1894
1899
1905
1909
1903
1911
1920
1931
1943
1965
1976
1986
2000
2016
2025
2033
2037
2072
2078
2081
2087
2105
2096
2089
2082
2082
2062
2055
2045
2036
2029
2025
2021
2019
1968
1953
1941
1928
1890
1886
1887
1889
1896
1901
1904
1908
1921
1944
1957
1977
1989
2005
2018
2037
2047
2110
2130
2155
2181
2263
2284
2298
2316
2340
2389
2398
2406
2417
2417
2419
2419
2417
2385
2373
2361
2344
2255
2227
2204
2183
2085
2062
2044
2026
2020
1965
2037
2051
2011
1979
1964
1940
1887
1752
1721
1726
1755
1791
1781
1744
1723
1727
1688
1710
1730
1736
1744
1764
1772
1786
1845
1880
1917
1934
2087
2129
2167
2196
2209
2244
2249
2241
2236
2228
2216
2205
2187
2130
2097
2069
2051
2030
2013
1994
1974
1954
1867
1847
1829
1811
1792
1787
1775
1761
1761
1751
1748
1750
1750
1750
1747
1756
1770
1859
1882
1904
1919
1939
1943
1959
1978
1996
1997
1998
1977
1966
1956
1945
1929
1921
1928
1917
1910
1897
1829
1808
1791
1776
1850
1891
1934
1982
2025
2103
2113
2116
2114
2112
2117
2114
2111
2071
2053
2023
2000
1898
1887
1882
1888
1887
1925
1933
1941
1953
1963
1980
1991
2009
2136
2166
2193
2213
2225
2225
2235
2253
2289
2281
2261
2245
2224
2158
2153
2146
2153
2167
2182
2202
2221
2249
2248
2258
2264
2286
2290
2298
2312
2321
2277
2254
2233
2206
2183
2168
2154
2150
2132
2115
2105
2087
2006
2002
1997
1989
1982
1979
1978
1972
1966
1953
1951
1956
1969
1986
1990
1998
2009
2013
2017
2024
2028
2079
2091
2093
2090
2078
2057
2053
2053
2049
2048
2042
2040
2040
2022
2022
2018
2014
2041
2053
2065
2080
2127
2132
2138
2139
2137
2117
2111
2104
2105
2109
2108
2103
2099
2077
2067
2059
2049
1993
1984
1982
1981
1982
1975
1972
1970
1956
1913
1899
1888
1883
1872
1859
1843
1834
1780
1764
1746
1729
1745
1760
1772
1787
1802
1841
1855
1865
1877
1887
1897
1909
1915
1920
1911
1912
1911
1899
1899
1898
1892
1884
1881
1880
1876
1871
1874
1878
1884
1890
1929
1938
1943
1960
2001
2012
2023
2032
2100
2115
2133
2147
2166
2204
2218
2231
2241
2254
2267
2277
2282
2305
2301
2303
2306
2267
2250
2237
2230
2222
2175
2151
2134
2118
2105
2093
2077
2064
2029
2016
2011
2001
1972
1970
1969
1965
1935
1919
1907
1897
1893
1854
1844
1843
1838
1837
1832
1832
1840
1850
1849
1854
1861
1930
1949
1967
1981
2028
2043
2058
2069
2083
2102
2111
2116
2118
2119
2121
2123
2124
2129
2136
2141
2138
2154
2147
2147
2151
2155
2189
2191
2196
2199
2196
2194
2188
2184
2159
2152
2145
2138
2114
2106
2096
2091
2092
2088
2079
2079
2074
2061
2053
2041
2026
1969
1954
1933
1916
1842
1825
1809
1788
1752
1752
1747
1753
1763
1779
1790
1794
1808
1826
1836
1848
1867
1927
1939
1955
1966
1995
2009
2021
2029
2041
2042
2045
2048
2052
2045
2042
2034
2029
2060
2067
2077
2088
2097
2101
2110
2117
2147
2155
2165
2170
2173
2183
2183
2177
2179
2183
2184
2185
2187
2194
2191
2195
2202
2179
2174
2168
2169
2165
2160
2152
2135
2127
2122
2117
2116
2106
2061
2058
2049
2038
2000
1995
1997
1998
1976
1965
1957
1957
1956
1947
1939
1935
1934
1937
1930
1931
1932
1920
1924
1928
1925
1948
1956
1961
1961
1973
1987
1996
2000
2004
2001
1995
1994
1996
2007
2011
2012
2014
1998
2001
2005
1999
1956
1954
1956
1960
1975
2009
2010
2009
2007
2008
2009
2012
2013
2003
2002
1998
1995
1953
1948
1939
1939
1945
1958
1952
1947
1955
1956
1965
1974
1973
1986
1991
1996
1997
2009
2009
2013
2017
1990
1994
2003
2005
2006
2004
2006
2010
2012
2016
2021
2026
2029
2047
2052
2057
2059
2084
2101
2109
2103
2106
2108
2098
2094
2093
2081
2073
2067
2072
2071
2074
2070
2072
2054
2058
2054
2051
2057
2066
2062
2061
2058
2050
2047
2049
2049
2051
2046
2035
2030
2033
2036
2044
2051
2045
1970
1947
1933
1930
1934
1943
1963
1988
2004
2026
2025
2023
2021
2019
2024
2028
2032
2023
2018
2012
2016
2048
2056
2071
2081
2094
2131
2141
2148
2155
2160
2160
2158
2156
2170
2164
2157
2149
2116
2105
2099
2086
2041
2025
2015
2008
1991
1953
1946
1943
1932
1925
1918
1916
1914
1882
1875
1872
1866
1822
1804
1793
1772
1763
1710
1696
1684
1679
1672
1673
1682
1689
1708
1720
1733
1743
1800
1812
1823
1841
1889
1897
1900
1906
1919
1961
1975
1991
2013
2034
2061
2088
2112
2230
2265
2307
2347
2526
2574
2621
2668
2710
2809
2837
2868
2894
2918
2938
2954
2969
2987
2981
2972
2962
2874
2840
2811
2774
2589
2537
2491
2445
2391
2221
2154
2089
2030
1971
1903
1827
1762
1500
1433
1374
1314
1130
1081
1039
1010
987
925
903
887
878
876
869
865
861
885
892
904
922
1034
1071
1108
1142
1328
1380
1438
1500
1563
1757
1823
1897
1982
2083
2180
2182
2051
1797
1852
1961
2095
2516
2562
2562
2578
2640
2838
2913
2955
2958
2942
2939
2941
2931
2954
2976
2994
3021
3071
3062
3063
3075
3093
3129
3097
3077
3083
3095
3096
3074
3036
2846
2779
2721
2672
2625
2577
2518
2476
2441
2336
2261
2189
2126
2077
2031
2002
1991
1990
1916
1882
1842
1806
1769
1743
1716
1691
1623
1641
1673
1703
1606
1542
1489
1455
1516
1531
1533
1528
1519
1497
1481
1456
1427
1402
1389
1386
1395
1423
1397
1359
1317
1185
1192
1201
1222
1246
1284
1294
1296
1292
1271
1259
1261
1271
1431
1476
1520
1552
1624
1667
1718
1769
1816
1945
1987
2010
2022
2024
2016
2009
2006
2097
2134
2178
2213
2250
2236
2227
2219
2245
2272
2292
2316
2327
2297
2270
2242
2237
2228
2225
2224
2225
2175
2156
2137
2123
2073
2075
2077
2083
2091
2080
2064
2051
2037
2015
1986
1964
1943
2116
2083
2010
1948
1838
1843
1841
1840
2031
2069
2127
2175
2187
2214
2222
2236
2293
2358
2402
2439
2476
2584
2608
2650
2699
2823
2832
2855
2896
2935
2905
2887
2867
2844
2814
2797
2793
2782
2666
2624
2590
2554
2462
2446
2432
2408
2272
2236
2209
2176
2149
2051
2026
2001
1978
1960
1937
1909
1874
1793
1800
1820
1832
1805
1812
1829
1846
1866
1948
1975
1989
1996
1991
1993
1992
1992
1986
1996
2004
2014
2031
2019
2006
1981
1894
1909
1926
1950
1980
2045
2043
2027
1991
1945
1900
1855
1813
1694
1687
1690
1688
1653
1639
1630
1626
1638
1681
1693
1700
1702
1712
1728
1747
1754
1793
1808
1815
1814
1756
1747
1737
1735
1777
1786
1792
1796
1796
1731
1708
1689
1680
1689
1704
1731
1749
1835
1856
1865
1860
1853
1856
1850
1844
1839
1815
1810
1798
1780
1758
1733
1722
1712
1721
1723
1722
1718
1719
1726
1744
1761
1835
1850
1870
1883
1899
1932
1944
1962
1984
2004
2020
2035
2053
2095
2100
2111
2122
2185
2199
2210
2212
2214
2179
2168
2150
2140
2134
2124
2120
2109
2075
2075
2076
2074
2085
2091
2104
2118
2128
2150
2148
2153
2159
2164
2170
2186
2211
2320
2352
2389
2425
2567
2595
2628
2657
2743
2755
2775
2838
2883
2850
2837
2800
2767
2750
2738
2705
2679
2690
2691
2696
2699
2690
2647
2607
2589
2578
2515
2514
2499
2489
2485
2475
2456
2449
2428
2415
2409
2402
2353
2328
2299
2260
2063
2022
1980
1928
1876
1693
1623
1557
1508
1451
1388
1324
1271
1074
1033
983
947
887
886
896
900
909
919
921
928
936
943
949
965
988
1105
1141
1178
1225
1413
1477
1542
1596
1651
1797
1843
1893
1942
1988
2030
2073
2112
2233
2254
2270
2277
2251
2246
2245
2246
2271
2288
2301
2306
2307
2285
2266
2248
2239
2230
2229
2228
2233
2237
2224
2201
2178
2116
2108
2104
2099
2093
2101
2095
2094
2097
2097
2095
2093
2095
2061
2046
2036
2020
1956
1939
1921
1909
1830
1797
1762
1739
1714
1669
1657
1648
1651
1659
1666
1674
1680
1722
1736
1760
1791
1908
1943
1977
2014
2048
2101
2126
2141
2156
2179
2203
2225
2244
2297
2308
2327
2345
2395
2417
2440
2465
2525
2539
2550
2560
2570
2578
2577
2577
2577
2574
2568
2559
2545
2496
2484
2477
2469
2401
2383
2363
2340
2321
2270
2258
2240
2230
2207
2186
2153
2124
2020
1994
1971
1944
1860
1837
1821
1814
1800
1748
1735
1724
1718
1716
1720
1722
1724
1737
1743
1754
1769
1800
1814
1825
1844
1917
1926
1947
1971
2002
2068
2090
2117
2138
2160
2181
2197
2217
2272
2277
2290
2300
2309
2306
2310
2314
2313
2302
2298
2299
2300
2300
2295
2292
2288
2259
2247
2232
2215
2136
2114
2100
2082
1972
1943
1921
1892
1865
1777
1751
1720
1688
1662
1643
1628
1618
1559
1548
1538
1534
1509
1503
1509
1515
1521
1538
1542
1551
1556
1570
1583
1594
1610
1669
1689
1712
1734
1817
1832
1855
1880
1901
1974
1990
2004
2021
2042
2061
2073
2080
2122
2133
2141
2146
2127
2126
2127
2130
2116
2115
2107
2099
2093
2081
2074
2068
2067
2062
2056
2058
2070
2125
2122
2128
2136
2180
2194
2207
2221
2231
2256
2259
2263
2271
2275
2277
2282
2286
2267
2259
2246
2225
2143
2130
2108
2089
2001
1986
1971
1960
1951
1896
1882
1867
1856
1849
1844
1840
1834
1814
1814
1817
1825
1857
1865
1871
1881
1885
1897
1903
1910
1920
1927
1936
1948
1953
1949
1942
1940
1949
1994
2007
2018
2022
2034
2055
2059
2063
2076
2082
2085
2095
2100
2118
2117
2114
2113
2133
2139
2143
2152
2169
2172
2176
2181
2192
2205
2208
2217
2219
2219
2226
2224
2221
2214
2216
2222
2222
2178
2166
2149
2144
2140
2095
2080
2069
2064
2061
2056
2045
2039
2020
2017
2023
2022
2016
2013
2005
2006
2019
2014
2011
2011
2020
2039
2041
2045
2045
2041
2049
2056
2061
2071
2076
2081
2072
2061
2057
2051
2051
2052
2038
2028
2023
2019
2021
2022
2015
2007
1979
1964
1952
1944
1918
1915
1912
1905
1901
1893
1892
1889
1893
1889
1885
1885
1886
1896
1898
1891
1889
1908
1910
1922
1933
1936
1937
1939
1946
1952
1975
1977
1984
1991
1994
1999
2003
2004
2027
2023
2024
2019
2041
2049
2057
2062
2074
2079
2081
2074
2072
2068
2067
2067
2068
2055
2057
2060
2059
2019
2010
2004
1994
1951
1945
1950
1947
1955
1943
1944
1937
1940
1942
1946
1951
1956
1975
1977
1980
1991
2020
2029
2030
2034
2042
2070
2075
2080
2083
2088
2096
2108
2113
2112
2115
2118
2121
2121
2123
2127
2128
2135
2132
2132
2127
2117
2101
2100
2096
2095
2094
2089
2091
2091
2129
2169
2165
2129
1956
1911
1881
1854
1839
1880
1912
1945
1985
2018
2037
2050
2064
2069
2055
2050
2035
2013
2028
2047
2056
2120
2135
2147
2161
2174
2186
2187
2185
2180
2176
2167
2154
2128
1962
1937
1920
1912
1931
1948
1956
1957
1945
1896
1879
1867
1859
1854
1852
1859
1866
1863
1860
1866
1866
1921
1943
1969
1992
1994
1977
1968
1965
1963
1993
2013
2038
2057
2074
2087
2090
2094
2106
2109
2115
2119
2141
2136
2127
2113
2096
2045
2041
2036
2031
2030
2033
2046
2058
2010
1984
1971
1963
1959
1977
1990
2004
2008
1989
1988
1991
1995
2002
2013
2025
2030
2009
1992
1972
1956
1923
1934
1943
1948
1957
1958
1959
1961
1969
1991
2005
2016
2026
2027
2022
2014
2001
2005
2011
2015
2020
2024
2021
2023
2029
2034
2056
2062
2063
2059
2045
2016
1980
1931
1673
1619
1575
1536
1472
1461
1455
1457
1455
1454
1456
1460
1462
1501
1512
1540
1577
1622
1675
1743
1832
2247
2361
2490
2614
3133
3262
3393
3511
3629
3935
4008
4069
4090
4090
4092
4088
4090
4089
4089
4091
4089
4046
3969
3869
3759
3631
3185
3018
2848
2665
2480
2294
2112
1928
1201
1022
841
668
119
109
105
100
95
89
87
85
85
84
83
83
86
88
88
88
92
95
98
102
109
113
142
158
191
245
327
443
573
709
854
1281
1409
1535
1660
1777
1893
2006
2119
2569
2669
2754
2834
3093
3140
3182
3224
3402
3433
3461
3476
3469
3389
3346
3297
3263
3234
3201
3183
3171
3137
3120
3104
3074
2906
2848
2787
2722
2659
2464
2406
2357
2310
2260
2207
2166
2127
2008
1994
1986
1977
1979
1977
1967
1950
1861
1845
1833
1824
1823
1854
1867
1871
1876
1868
1851
1828
1796
1662
1627
1588
1551
1380
1340
1289
1245
1220
1170
1165
1161
1158
1140
1127
1112
1094
1043
1061
1089
1127
1313
1371
1425
1470
1523
1703
1770
1841
1925
2019
2108
2192
2268
2467
2517
2564
2615
2664
2711
2753
2791
2835
2940
2956
2965
2971
2963
2947
2927
2899
2874
2774
2739
2702
2671
2636
2595
2545
2503
2301
2257
2207
2158
1938
1876
1810
1748
1689
1543
1504
1464
1431
1396
1362
1330
1296
1203
1187
1195
1216
1219
1186
1131
1059
1006
996
1031
1081
1142
1209
1279
1351
1420
1463
1555
1586
1629
1675
1716
1758
1801
1840
1965
1995
2025
2069
2302
2386
2455
2520
2740
2779
2809
2843
2886
2993
3015
3028
3041
3055
3069
3071
3072
2964
2937
2917
2910
2879
2848
2812
2768
2712
2499
2438
2393
2368
2353
2341
2321
2292
2007
1913
1822
1750
1606
1600
1599
1596
1523
1488
1470
1461
1457
1491
1511
1535
1563
1597
1633
1672
1705
1761
1774
1795
1823
1953
1962
1963
1964
1960
1989
2007
2036
2073
2110
2151
2196
2237
2234
2208
2183
2169
2250
2275
2291
2304
2313
2245
2228
2220
2229
2249
2270
2295
2320
2296
2271
2245
2213
2137
2127
2118
2105
2026
2012
1992
1971
1946
1862
1842
1832
1825
1814
1801
1787
1776
1758
1757
1758
1764
1802
1807
1804
1814
1824
1861
1872
1886
1895
1904
1912
1915
1918
1873
1854
1847
1836
1735
1702
1668
1636
1502
1490
1479
1474
1474
1452
1440
1421
1407
1385
1364
1344
1320
1259
1252
1249
1259
1345
1379
1421
1462
1514
1714
1778
1848
1908
1968
2034
2104
2180
2418
2441
2467
2469
2534
2566
2603
2658
2870
2928
2975
2997
3019
3114
3167
3201
3226
3253
3272
3292
3307
3292
3286
3280
3283
3229
3205
3165
3121
3070
2897
2846
2787
2728
2683
2638
2577
2521
2247
2180
2110
2042
1788
1731
1662
1607
1413
1371
1325
1281
1242
1203
1215
1233
1250
1263
1270
1275
1272
1221
1221
1222
1235
1358
1385
1409
1434
1450
1481
1500
1516
1536
1560
1580
1604
1635
1705
1703
1697
1698
1725
1732
1741
1746
1748
1740
1734
1720
1717
1699
1697
1690
1688
1686
1680
1667
1640
1551
1549
1550
1557
1605
1612
1618
1621
1638
1698
1742
1793
1853
1904
1951
1997
2038
2187
2224
2262
2305
2427
2455
2479
2503
2582
2594
2601
2607
2615
2609
2606
2595
2581
2563
2535
2506
2480
2353
2322
2286
2252
2143
2117
2092
2073
2052
2019
2008
1997
1983
1973
1958
1945
1933
1899
1895
1898
1896
1909
1914
1917
1930
2007
2032
2054
2078
2109
2171
2187
2211
2229
2253
2273
2293
2321
2408
2425
2445
2460
2505
2509
2519
2531
2538
2531
2526
2520
2516
2506
2496
2484
2480
2445
2425
2408
2385
2260
2227
2188
2155
2050
2025
2000
1980
1951
1869
1845
1828
1811
1799
1791
1777
1770
1751
1748
1746
1743
1741
1749
1752
1760
1769
1800
1805
1810
1819
1827
1833
1843
1858
1885
1893
1898
1907
1957
1975
1991
2006
2083
2103
2119
2130
2139
2161
2163
2172
2179
2186
2192
2195
2197
2196
2188
2179
2167
2119
2109
2097
2087
2071
2023
2002
1983
1965
1948
1928
1902
1866
1769
1749
1724
1707
1643
1627
1610
1601
1598
1591
1587
1591
1596
1606
1618
1623
1631
1670
1682
1699
1717
1765
1782
1801
1816
1876
1897
1922
1944
1964
2013
2027
2045
2070
2090
2109
2126
2135
2154
2160
2166
2165
2154
2147
2140
2131
2127
2104
2094
2082
2070
2059
2049
2042
2030
1996
1995
1995
1999
2028
2030
2039
2054
2100
2112
2124
2136
2149
2177
2182
2190
2197
2209
2224
2234
2239
2276
2284
2287
2293
2283
2280
2279
2282
2278
2263
2252
2236
2216
2200
2183
2164
2150
2105
2091
2077
2059
1996
1987
1971
1963
1919
1913
1907
1901
1904
1885
1880
1875
1876
1872
1868
1866
1864
1842
1849
1851
1852
1855
1857
1863
1866
1889
1900
1908
1920
1925
1949
1955
1961
1967
1973
1978
1982
1982
2026
2035
2049
2058
2107
2115
2124
2137
2152
2177
2185
2195
2206
2214
2219
2225
2227
2217
2211
2203
2194
2173
2171
2161
2148
2141
2116
2103
2099
2093
2079
2067
2052
2041
2011
2003
2000
1995
1961
1958
1948
1944
1932
1933
1937
1939
1950
1958
1966
1976
1982
1995
2003
2009
2012
2046
2047
2055
2068
2089
2100
2109
2111
2105
2097
2088
2084
2082
2086
2085
2084
2075
2066
2060
2051
2051
2045
2041
2034
2027
2002
1999
1993
1991
1988
1976
1970
1966
1962
1957
1960
1956
1956
1949
1948
1957
1961
1951
1945
1947
1947
1955
1960
1962
1961
1961
1962
1968
1970
1978
1989
1983
1981
1981
2001
2003
2009
2014
2019
2016
2011
2007
2004
1993
1992
1989
1986
1983
1979
1974
1972
1945
1936
1926
1919
1908
1909
1908
1913
1919
1915
1915
1919
1928
1932
1939
1943
1957
1989
1993
2007
2018
2051
2061
2068
2073
2114
2119
2131
2145
2157
2176
2174
2171
2171
2174
2172
2174
2175
2167
2165
2164
2160
2126
2112
2109
2111
2106
2088
2081
2077
2065
2055
2049
2045
2042
2033
2030
2028
2025
2004
2005
2000
2004
1987
1985
1982
1987
1990
1966
1955
1942
1984
2130
2232
2142
1985
1660
1640
1655
1669
1959
1942
1999
2097
2111
2038
2041
2006
1976
1951
1977
2032
2075
2196
2219
2254
2308
2343
2359
2378
2387
2383
2477
2518
2536
2529
2485
2414
2351
2291
2223
2035
2005
1993
1980
1987
2031
2067
2095
2087
2079
2052
1975
1752
1743
1725
1715
1751
1746
1747
1740
1734
1794
1827
1856
1871
1877
1890
1883
1853
1789
1787
1802
1841
2067
2112
2137
2171
2197
2194
2185
2157
2130
2116
2122
2119
2114
2143
2102
2060
2003
1873
1884
1908
1944
2063
2061
2036
1993
1950
1878
1876
1877
1885
1901
1919
1938
1947
1920
1924
1922
1924
1960
1986
2012
2033
2049
2047
2045
2050
2061
2074
2088
2104
2120
2162
2164
2158
2145
2059
2051
2037
2025
1989
1971
1949
1938
1942
2018
2064
2101
2128
2153
2171
2196
2215
2215
2190
2179
2167
2120
2102
2088
2071
2050
1984
1968
1961
1961
1973
1989
2001
2008
2005
1997
1979
1962
1953
1969
1995
2020
2079
2086
2074
2067
2053
2043
2049
2059
2069
2084
2087
2085
2074
2025
2016
2006
1994
1965
1964
1965
1958
1950
1908
1891
1872
1851
1831
1800
1771
1744
1657
1650
1637
1624
1561
1550
1546
1535
1557
1578
1604
1638
1674
1813
1871
1944
2019
2093
2169
2239
2311
2617
2713
2808
2901
3279
3358
3431
3496
3671
3689
3709
3721
3726
3678
3632
3575
3516
3439
3346
3238
3119
2588
2449
2310
2169
1596
1449
1303
1149
1007
645
547
457
374
292
217
163
146
130
129
131
133
153
164
173
197
234
401
488
589
698
815
934
1052
1163
1507
1618
1729
1847
1961
2064
2171
2274
2382
2649
2728
2802
2863
2919
2970
3014
3047
3079
3257
3375
3461
3505
3495
3440
3365
3278
2939
2926
2919
2886
2824
2753
2734
2689
2505
2414
2376
2411
2429
2329
2355
2327
2273
2250
2256
2233
2215
2430
2458
2497
2496
2278
2222
2179
2140
2102
1988
1987
2010
2013
2007
2009
2002
1983
1795
1740
1689
1638
1544
1545
1527
1512
1359
1357
1354
1350
1373
1466
1503
1532
1541
1538
1543
1540
1540
1419
1459
1498
1544
1827
1888
1951
1999
2021
2031
2054
2088
2123
2156
2190
2224
2258
2178
2142
2104
2075
2153
2210
2269
2309
2351
2321
2269
2223
2194
2168
2158
2131
2100
2061
2008
1955
1898
1745
1728
1724
1738
1795
1791
1775
1758
1748
1754
1776
1800
1824
1860
1892
1925
1937
1837
1791
1743
1710
1674
1666
1644
1603
1454
1448
1465
1500
1559
1729
1787
1832
1869
1905
1938
1965
1990
2109
2145
2173
2195
2224
2219
2220
2223
2228
2322
2367
2417
2473
2524
2564
2594
2621
2706
2727
2747
2770
2844
2851
2850
2841
2761
2743
2730
2720
2714
2686
2666
2635
2595
2539
2474
2414
2351
2131
2088
2054
2012
1841
1803
1763
1718
1526
1481
1437
1401
1370
1305
1291
1266
1252
1240
1228
1216
1205
1191
1198
1212
1236
1344
1379
1410
1445
1487
1636
1692
1747
1805
1865
1932
1991
2048
2213
2249
2283
2323
2478
2522
2566
2599
2702
2728
2747
2775
2806
2883
2901
2918
2931
2929
2934
2933
2929
2935
2932
2935
2944
2955
2936
2893
2844
2814
2750
2756
2764
2763
2766
2776
2780
2776
2772
2765
2773
2782
2699
2683
2663
2633
2602
2489
2437
2402
2354
2302
2242
2182
2120
1818
1750
1677
1599
1318
1252
1187
1119
878
823
774
733
697
604
589
561
529
509
497
476
458
412
409
417
421
446
464
475
495
515
600
634
680
729
784
829
869
906
1092
1150
1214
1283
1511
1563
1619
1683
1917
1975
2028
2084
2146
2326
2375
2430
2471
2516
2566
2615
2665
2836
2865
2903
2934
2982
2986
2982
2973
2963
2926
2905
2883
2861
2831
2793
2755
2722
2607
2568
2526
2478
2267
2220
2173
2132
1984
1954
1924
1906
1883
1812
1793
1767
1746
1729
1725
1713
1706
1718
1721
1728
1743
1786
1805
1828
1849
1875
1966
1988
2014
2039
2059
2086
2115
2143
2245
2270
2295
2321
2396
2411
2427
2448
2524
2536
2547
2568
2586
2610
2613
2621
2629
2636
2647
2659
2658
2663
2660
2660
2657
2663
2654
2644
2627
2616
2593
2582
2578
2570
2565
2558
2544
2532
2456
2438
2430
2413
2320
2299
2273
2244
2147
2128
2098
2081
2066
1986
1960
1935
1914
1897
1882
1869
1852
1766
1745
1730
1713
1637
1625
1612
1605
1596
1556
1550
1546
1546
1547
1546
1538
1531
1534
1543
1555
1566
1622
1636
1657
1682
1762
1783
1806
1827
1846
1902
1928
1941
1957
1984
2005
2023
2044
2097
2109
2121
2132
2140
2145
2155
2154
2153
2127
2118
2107
2105
2102
2098
2091
2089
2051
2038
2027
2017
1956
1936
1923
1907
1847
1827
1814
1798
1783
1761
1684
1670
1653
1645
1634
1587
1573
1565
1552
1547
1545
1549
1546
1544
1553
1569
1581
1639
1647
1666
1684
1754
1778
1800
1819
1839
1907
1932
1959
1985
2007
2032
2057
2075
2173
2198
2224
2250
2349
2375
2396
2412
2428
2450
2448
2442
2442
2440
2442
2440
2443
2414
2409
2397
2385
2342
2332
2316
2297
2284
2221
2200
2174
2154
2132
2117
2099
2087
2025
2004
1986
1975
1931
1921
1913
1909
1891
1891
1883
1887
1890
1897
1894
1895
1902
1906
1912
1915
1924
1928
1927
1930
1939
1941
1947
1953
1962
1960
1982
1983
1984
1986
1989
1997
1999
2005
2001
2003
2012
2022
2063
2078
2083
2095
2131
2140
2146
2149
2151
2160
2154
2153
2154
2152
2147
2150
2154
2186
2191
2200
2204
2218
2219
2216
2225
2232
2226
2219
2217
2215
2213
2210
2208
2210
2187
2178
2174
2167
2141
2132
2127
2126
2063
2046
2030
2020
2014
1992
1980
1966
1962
1953
1938
1936
1936
1926
1919
1917
1916
1909
1909
1906
1907
1910
1918
1915
1913
1919
1925
1929
1935
1941
1949
1948
1949
1954
1948
1951
1956
1962
1958
1960
1957
1956
1955
1960
1961
1964
1966
1967
1966
1972
1978
1995
2000
2008
2016
2027
2032
2031
2030
2034
2025
2026
2024
2020
2021
2026
2038
2049
2049
2051
2055
2057
2035
2033
2029
2029
2023
1994
1988
1983
1981
1976
1975
1975
1969
1940
1939
1941
1943
1938
1942
1952
1949
1931
1926
1931
1936
1938
1969
1977
1982
1992
2004
2005
2016
2029
2070
2081
2093
2101
2127
2131
2141
2152
2148
2140
2127
2109
2100
2091
2084
2070
2064
2054
2045
2030
2021
1988
1984
1979
1967
1951
1954
1960
1964
1964
1951
1946
1949
1951
1960
1970
1981
1992
2029
2028
2029
2030
2047
2050
2061
2070
2083
2104
2109
2110
2113
2123
2122
2120
2125
2141
2144
2152
2164
2158
2153
2156
2161
2141
2136
2138
2136
2131
2106
2098
2086
2077
2067
2059
2054
2040
2024
1986
1973
1967
1961
1958
1956
1949
1944
1933
1935
1937
1934
1934
1933
1933
1934
1939
1957
1959
1957
1957
1962
1965
1970
1965
1978
1978
1977
1975
1977
1990
1986
1991
1996
1999
2007
2016
2024
2019
2023
2034
2039
2060
2065
2068
2071
2082
2084
2083
2076
2075
2069
2060
2052
2051
2033
2028
2026
2016
2015
2017
2014
2012
1994
1990
1908
1950
2143
2239
2285
2083
1920
1892
1832
1745
1653
1561
1475
1546
1691
1862
1863
1864
1986
2054
2042
2099
2137
2162
2161
2171
2253
2323
2546
2517
2473
2429
2198
2165
2132
2122
2126
2189
2123
2118
2143
2101
2048
2042
2035
1985
1972
1987
1975
1963
1965
1953
1876
1836
1784
1767
1810
1838
1834
1847
1874
1874
1865
1932
1943
1956
1982
2024
2070
2088
2091
2144
2125
2112
2095
2065
2057
2067
2079
2111
2233
2243
2249
2246
2233
2186
2138
2111
2095
2047
2044
2044
2039
2032
2017
1993
1958
1861
1859
1867
1880
1990
2011
2014
2009
1923
1915
1914
1916
1922
1948
1936
1932
1928
1922
1932
1953
1962
2044
2089
2122
2137
2100
2085
2087
2099
2206
2237
2260
2254
2231
2073
2020
1975
1939
1919
1910
1912
1913
1897
1887
1884
1899
2081
2131
2172
2200
2214
2196
2185
2184
2174
2157
2148
2138
2135
2070
2037
1995
1953
1863
1860
1872
1891
1915
1972
1974
1959
1945
1936
1925
1915
1911
1918
1916
1906
1899
1907
1933
1973
2012
2122
2131
2138
2140
2141
2094
2081
2076
2063
2051
2026
1990
1947
1727
1669
1622
1584
1547
1494
1490
1485
1494
1502
1515
1535
1554
1625
1652
1683
1721
1768
1824
1887
1945
1999
2171
2236
2307
2369
2429
2493
2562
2622
2677
2852
2904
2963
3031
3095
3159
3213
3269
3391
3408
3418
3426
3414
3400
3375
3337
3289
3117
3046
2973
2885
2791
2694
2583
2475
2363
2021
1910
1801
1698
1600
1499
1390
1286
902
815
745
688
616
627
637
651
725
750
780
811
845
971
1019
1061
1110
1164
1221
1281
1339
1558
1614
1671
1727
2001
2075
2140
2195
2244
2343
2366
2377
2384
2386
2375
2362
2359
2351
2360
2376
2383
2393
2402
2414
2427
2441
2525
2569
2618
2671
2723
2769
2794
2803
2805
2745
2705
2656
2610
2567
2535
2500
2468
2355
2327
2292
2265
2157
2140
2125
2112
2105
2125
2138
2147
2146
2136
2127
2122
2103
2010
1999
1997
1994
1732
1729
1728
1769
1863
1899
1926
1927
1913
1883
1864
1852
1854
1858
1850
1849
1846
1732
1704
1680
1662
1574
1551
1522
1508
1526
1532
1537
1545
1563
1647
1679
1722
1758
1798
1840
1884
1946
2231
2288
2329
2370
2474
2488
2504
2530
2561
2656
2683
2697
2694
2684
2660
2635
2607
2491
2472
2463
2454
2363
2325
2271
2214
1943
1875
1813
1759
1715
1595
1564
1543
1524
1510
1499
1488
1471
1472
1492
1518
1546
1647
1667
1687
1709
1734
1766
1770
1765
1755
1738
1719
1706
1699
1723
1738
1763
1789
1924
1961
1991
2033
2197
2242
2281
2310
2334
2373
2372
2366
2359
2358
2357
2360
2364
2419
2436
2446
2455
2483
2496
2509
2523
2531
2517
2510
2499
2482
2466
2444
2419
2384
2250
2218
2186
2157
2041
2013
1981
1947
1830
1799
1776
1765
1748
1708
1695
1688
1678
1674
1670
1677
1684
1726
1747
1762
1778
1835
1852
1871
1888
1901
1923
1930
1938
1944
1951
1947
1951
1955
2005
2021
2035
2043
2031
2028
2020
2015
2017
2024
2034
2040
2040
2015
1999
1981
1976
1977
1980
1980
1991
2001
2003
2002
1996
1980
1979
1969
1963
1958
1900
1871
1841
1821
1787
1752
1735
1720
1692
1689
1691
1692
1674
1675
1680
1695
1712
1771
1800
1829
1852
1878
1901
1925
1951
2079
2123
2174
2224
2443
2494
2555
2611
2836
2895
2952
3008
3060
3169
3195
3220
3240
3254
3269
3283
3295
3263
3248
3230
3208
3099
3064
3038
2994
2651
2321
2098
1903
2030
2123
2047
1955
1967
1838
1946
2006
1909
1950
1907
1961
1991
1937
1783
1730
1682
1674
1658
1634
1627
1597
1546
1488
1375
1293
1222
1187
1130
1061
1048
1080
1070
1004
991
948
913
925
973
1023
1078
1250
1323
1376
1380
1433
1464
1528
1622
1724
1924
1972
1989
1983
1967
1943
1907
1871
1956
2003
2042
2053
1990
1963
1935
1896
1877
1848
1838
1837
1841
1848
1853
1866
1887
1934
1949
1956
1962
1947
1923
1910
1889
1792
1778
1767
1755
1738
1671
1630
1586
1545
1518
1516
1522
1518
1541
1542
1552
1566
1632
1674
1703
1742
1790
1904
1938
1971
1990
2003
2017
2030
2031
2072
2092
2107
2133
2198
2193
2190
2197
2225
2232
2237
2256
2293
2415
2453
2484
2509
2522
2541
2565
2583
2704
2744
2787
2834
2994
3031
3057
3079
3099
3145
3152
3162
3172
3163
3141
3121
3107
2974
2934
2893
2852
2692
2660
2631
2595
2424
2399
2376
2349
2324
2225
2188
2153
2118
2088
2058
2029
2003
1927
1910
1890
1863
1723
1686
1656
1624
1592
1536
1521
1502
1484
1468
1443
1416
1392
1351
1355
1365
1377
1477
1508
1539
1567
1695
1736
1780
1819
1860
1965
1996
2025
2062
2096
2131
2165
2191
2264
2265
2280
2285
2269
2261
2253
2245
2244
2240
2229
2218
2203
2185
2173
2164
2157
2136
2129
2116
2095
2031
2009
2005
1993
1968
1963
1955
1945
1935
1867
1836
1806
1779
1751
1723
1691
1663
1550
1526
1498
1470
1395
1385
1382
1388
1394
1421
1428
1443
1457
1476
1496
1520
1552
1662
1700
1731
1762
1901
1935
1971
2008
2127
2151
2165
2176
2193
2218
2226
2230
2234
2229
2219
2222
2228
2199
2189
2184
2184
2192
2201
2207
2205
2199
2195
2190
2187
2178
2168
2165
2147
2144
2118
2106
2091
2082
2064
2060
2056
2056
2036
2033
2029
2025
2020
2022
2023
2031
2031
2032
2034
2040
2044
2085
2088
2086
2095
2097
2100
2109
2111
2110
2098
2091
2084
2087
2076
2061
2054
2044
1986
1972
1966
1958
1927
1935
1936
1936
1956
1962
1976
1990
2007
2030
2061
2082
2087
2101
2118
2118
2123
2162
2170
2172
2167
2160
2156
2140
2137
2134
2127
2114
2101
2094
2096
2095
2094
2094
2069
2069
2062
2062
2073
2076
2083
2090
2096
2112
2116
2115
2119
2136
2134
2138
2137
2135
2136
2134
2133
2126
2114
2107
2107
2071
2067
2068
2068
2054
2024
2015
2003
1991
1986
1978
1971
1963
1941
1939
1943
1943
1899
1900
1899
1897
1890
1889
1890
1896
1899
1894
1901
1910
1914
1912
1904
1911
1917
1938
1941
1956
1969
2005
2019
2024
2027
2045
2067
2080
2092
2104
2117
2119
2125
2133
2158
2162
2161
2169
2184
2187
2186
2182
2146
2134
2125
2111
2100
2090
2085
2079
2068
2055
2046
2032
2024
1990
1982
1968
1962
1927
1931
1930
1931
1930
1917
1911
1913
1906
1902
1894
1897
1899
1901
1901
1900
1897
1907
1904
1907
1909
1909
1917
1928
1934
1943
1947
1948
1945
1941
1933
1931
1929
1928
1935
1939
1941
1944
1959
1955
1962
1967
1972
1995
2004
2014
2021
2031
2034
2044
2054
2072
2076
2082
2088
2113
2115
2108
2113
2133
2130
2136
2140
2141
2131
2127
2128
2132
2128
2131
2130
2127
2104
2093
2092
2089
2072
2066
2059
2056
2050
2037
2034
2029
2030
2033
2032
2028
2030
2037
2040
2041
2038
2035
2038
2038
2033
2055
2057
2057
2059
2057
2047
2053
2047
2044
2046
2040
2036
2022
1984
1976
1969
1959
1933
1920
1917
1915
1910
1905
1907
1904
1905
1909
1911
1914
1924
1956
1963
1974
1981
2032
2048
2069
2085
2154
2168
2183
2193
2205
2236
2239
2240
2244
2251
2254
2251
2249
2211
2177
2131
2068
2508
2412
2411
2380
2135
1549
1463
1392
1428
1571
1760
1917
1985
1920
1942
2083
2119
2107
2043
2028
2135
2237
2066
2061
2014
1908
1859
1927
2014
2040
2119
2080
1998
1964
1976
1973
1936
1906
1923
1792
1775
1779
1762
1743
1738
1703
1639
1607
1802
1839
1873
1897
1867
1803
1766
1781
1823
1840
1864
1912
2155
2200
2228
2219
2100
2130
2175
2222
2264
2291
2286
2292
2320
2340
2350
2362
2368
2255
2209
2163
2114
1933
1953
1997
2048
2103
2131
2068
2000
1943
1911
1890
1890
1903
2023
2042
2049
2038
1885
1859
1821
1787
1750
1788