2176
2203
2246
2290
2504
2560
2604
2638
2669
2722
2723
2720
2719
2709
2698
2684
2662
2559
2532
2509
2487
2407
2398
2389
2382
2331
2321
2304
2286
2267
2199
2185
2167
2153
2142
2135
2121
2106
2025
2001
1975
1948
1802
1777
1751
1739
1732
1728
1731
1735
1750
1757
1765
1771
1784
1777
1768
1752
1732
1662
1652
1644
1636
1615
1611
1611
1609
1610
1635
1658
1678
1700
1716
1735
1754
1782
1884
1915
1950
1992
2142
2174
2201
2224
2242
2261
2254
2253
2262
2261
2256
2256
2265
2303
2325
2349
2365
2443
2458
2467
2469
2475
2474
2474
2468
2467
2435
2416
2387
2362
2341
2311
2280
2251
2114
2069
2033
1993
1833
1794
1754
1726
1692
1590
1560
1539
1525
1510
1498
1493
1489
1476
1468
1477
1477
1509
1527
1555
1594
1752
1789
1828
1872
1910
1995
2016
2040
2070
2095
2124
2160
2197
2292
2318
2330
2341
2331
2321
2310
2309
2313
2296
2292
2285
2273
2259
2251
2241
2236
2238
2243
2249
2258
2273
2262
2246
2228
2160
2144
2136
2120
2102
2048
2028
2009
1993
1983
1967
1952
1945
1922
1918
1913
1904
1881
1879
1876
1872
1868
1868
1859
1854
1847
1837
1830
1825
1826
1846
1853
1865
1877
1918
1931
1942
1954
2020
2051
2080
2105
2128
2187
2203
2224
2253
2279
2299
2328
2357
2410
2419
2413
2408
2386
2374
2371
2360
2341
2279
2257
2236
2211
2188
2168
2148
2134
2072
2058
2054
2050
1991
1979
1958
1945
1930
1925
1922
1916
1919
1929
1927
1932
1944
1949
1948
1959
1971
1994
1991
1990
1990
1972
1965
1960
1954
1950
1911
1904
1891
1882
1871
1863
1849
1837
1807
1800
1792
1784
1756
1750
1743
1743
1745
1753
1758
1757
1759
1771
1779
1794
1810
1815
1824
1834
1849
1869
1878
1881
1890
1935
1943
1950
1956
1965
1989
2001
2007
2019
2030
2041
2051
2069
2102
2109
2116
2121
2120
2121
2127
2128
2134
2132
2135
2137
2143
2147
2144
2148
2153
2157
2155
2156
2157
2150
2151
2152
2147
2140
2115
2112
2106
2095
2081
2074
2070
2061
2051
2035
2038
2041
2036
2036
2032
2037
2036
2044
2044
2046
2048
2031
2027
2028
2032
2034
2030
2028
2027
2030
2022
2022
2027
2028
2031
2035
2041
2046
2057
2063
2065
2066
2085
2094
2101
2099
2097
2106
2104
2104
2110
2107
2110
2111
2104
2084
2086
2089
2086
2057
2055
2064
2070
2073
2074
2076
2082
2078
2049
2046
2048
2043
2035
2027
2019
2015
2003
1997
1990
1990
1990
1984
1985
1983
1986
2000
2003
2007
2016
2022
2028
2034
2045
2049
2050
2052
2054
2069
2075
2081
2083
2070
2072
2074
2073
2081
2083
2079
2074
2070
2063
2055
2054
2048
2018
2005
2003
1992
1950
1939
1921
1913
1905
1888
1890
1892
1892
1893
1892
1887
1887
1878
1884
1895
1898
1919
1926
1937
1941
1975
1982
1988
2000
2013
2047
2048
2048
2055
2057
2054
2061
2072
2081
2090
2096
2099
2077
2078
2079
2077
2076
2062
2063
2063
2064
2071
2068
2064
2063
2058
2063
2061
2061
2054
2057
2058
2054
2054
2050
2050
2047
2046
2046
2044
2040
2042
2027
2023
2022
2023
2022
2014
2009
2005
2002
1995
1991
1982
1973
1971
1974
1973
1971
1977
1981
1984
1984
1987
1990
1994
1990
1993
2014
2016
2024
2030
2052
2062
2064
2059
2062
2056
2062
2067
2072
2071
2069
2072
2070
2056
2052
2054
2055
2051
2042
2042
2049
2051
2036
2036
2036
2034
2034
2030
2024
2024
2027
2021
2016
2011
2013
2013
2014
2008
2008
1996
1994
1986
1982
1965
1967
1960
1958
1955
1961
1962
1968
1975
1984
1990
1994
2003
2013
2019
2025
2026
2028
2042
2050
2055
2051
2052
2055
2055
2054
2041
2038
2042
2044
2044
2045
2045
2045
2029
2022
2020
2021
2015
2013
2006
2008
2003
2001
2002
2001
2002
2006
2006
2005
2012
2025
2027
2031
2035
2043
2043
2043
2049
2070
2075
2077
2075
2077
2080
2083
2086
2095
2093
2090
2092
2092
2094
2089
2090
2091
2087
2094
2093
2089
2077
2080
2084
2083
2081
2061
2053
2045
2043
2047
2043
2038
2036
2021
2019
2018
2016
2001
1996
1996
1996
1998
2002
1996
1995
1994
1993
1985
1985
1981
1965
1968
1974
1976
1985
1988
1994
1997
2000
2005
2005
2009
2009
2017
2009
1998
2001
2007
2010
2009
2010
2017
2019
2019
2015
2006
2009
2006
2001
2002
2000
1998
1998
1995
2013
2036
2047
2049
1996
1974
1961
1947
1922
1929
1928
1932
1943
1955
1968
1975
1990
2007
2003
2008
2026
2047
2067
2075
2083
2073
2068
2062
2065
2085
2080
2071
2067
2064
2041
2029
2020
2010
2002
1995
1996
1994
1992
1996
1996
1994
1973
1970
1975
1988
1994
2014
2012
2015
2019
2024
2028
2038
2045
2070
2082
2089
2094
2101
2107
2103
2102
2128
2136
2138
2139
2142
2117
2110
2102
2091
2076
2063
2047
2037
2023
2016
2011
2006
1982
1979
1981
1988
1987
2014
2025
2033
2040
2040
2033
2032
2036
2016
2001
1981
1963
1902
1897
1894
1893
1880
1882
1878
1877
1877
1851
1835
1819
1806
1791
1772
1752
1740
1689
1681
1678
1679
1704
1723
1736
1749
1771
1850
1882
1912
1955
1996
2041
2093
2138
2343
2390
2448
2499
2716
2761
2800
2840
2882
2979
3003
3024
3045
3066
3081
3069
3062
3192
3281
3285
3205
2882
2774
2646
2484
2031
1949
1867
1806
1758
1550
1502
1411
1318
1287
1270
1196
1096
1257
908
754
668
670
825
1068
1260
1344
1494
1616
1668
1630
1670
1810
1925
1980
1786
1678
1611
1552
1534
1692
1835
1889
2046
2064
2043
2014
2022
2023
2026
2022
2012
2027
2036
2020
2004
1998
1988
1985
1996
2194
2262
2299
2333
2367
2382
2373
2382
2377
2373
2374
2400
2452
2616
2629
2582
2529
2302
2263
2224
2196
2177
2086
2042
2010
1993
1970
1938
1921
1921
2011
2020
2008
1977
1691
1639
1602
1584
1596
1669
1680
1690
1724
1758
1773
1766
1769
1845
1902
1963
2041
2117
2174
2198
2190
2169
2002
1953
1921
1900
1888
1881
1886
1904
1936
1905
1849
1806
1767
1735
1704
1700
1712
1840
1849
1869
1892
1999
2056
2110
2152
2361
2381
2392
2406
2421
2448
2455
2472
2489
2492
2478
2474
2480
2476
2470
2458
2441
2444
2441
2433
2414
2384
2251
2203
2162
2141
2133
2130
2136
2151
2117
2082
2039
1994
1821
1800
1782
1759
1686
1669
1647
1629
1627
1637
1648
1661
1662
1656
1638
1611
1578
1468
1473
1489
1509
1597
1624
1650
1675
1705
1837
1887
1946
2011
2074
2126
2166
2200
2286
2318
2344
2386
2601
2659
2709
2752
2855
2871
2886
2908
2940
3026
3037
3041
3033
3008
2967
2919
2858
2650
2603
2558
2511
2215
2110
2003
1896
1811
1580
1520
1466
1428
1394
1369
1353
1336
1289
1271
1262
1259
1272
1277
1286
1299
1330
1351
1365
1374
1391
1451
1473
1489
1507
1525
1551
1574
1596
1685
1703
1720
1725
1739
1756
1771
1786
1805
1911
1946
1967
1987
2012
2032
2042
2050
2104
2124
2142
2169
2314
2341
2368
2381
2432
2452
2471
2500
2537
2622
2644
2657
2658
2650
2636
2617
2591
2478
2450
2426
2406
2271
2250
2241
2233
2218
2044
1986
1948
1917
1885
1861
1864
1869
1834
1832
1835
1842
1899
1925
1946
1956
1960
1955
1961
1966
1964
2002
2013
2028
2046
2063
2072
2077
2079
2016
2000
1981
1950
1806
1770
1738
1709
1684
1623
1605
1595
1592
1597
1613
1626
1641
1653
1668
1684
1705
1817
1847
1871
1893
1934
2062
2095
2130
2160
2189
2221
2251
2289
2377
2397
2406
2420
2429
2434
2435
2444
2452
2474
2485
2485
2481
2470
2462
2447
2428
2409
2349
2329
2304
2283
2260
2238
2217
2195
2092
2066
2035
2009
1981
1984
1983
1974
1919
1895
1875
1870
1856
1828
1824
1824
1822
1812
1798
1778
1762
1728
1725
1732
1736
1716
1712
1709
1709
1721
1790
1812
1835
1861
1893
1919
1943
1960
2055
2072
2094
2115
2192
2207
2229
2251
2319
2337
2358
2378
2393
2410
2415
2416
2412
2399
2385
2369
2360
2297
2279
2267
2253
2166
2149
2139
2124
2103
2047
2022
1991
1958
1932
1909
1890
1871
1811
1807
1800
1791
1799
1799
1803
1810
1852
1865
1878
1888
1899
1925
1935
1947
1953
1954
1960
1966
1978
1992
1999
2007
2001
2009
2007
2008
2008
2010
2032
2039
2047
2059
2063
2070
2069
2073
2097
2104
2112
2124
2133
2132
2126
2122
2116
2115
2109
2108
2103
2068
2064
2055
2052
2044
2036
2028
2019
1988
1976
1964
1956
1937
1924
1921
1919
1921
1908
1906
1910
1913
1915
1918
1925
1938
1978
1986
1996
2006
2061
2077
2088
2098
2144
2148
2142
2145
2143
2116
2101
2079
2061
2046
2032
2017
1999
1912
1892
1878
1860
1794
1787
1777
1777
1780
1794
1798
1809
1818
1821
1824
1835
1845
1874
1893
1908
1920
1968
1981
2000
2017
2096
2119
2137
2148
2155
2175
2188
2195
2197
2196
2197
2198
2194
2176
2178
2178
2174
2157
2153
2144
2136
2129
2103
2106
2107
2099
2098
2096
2096
2096
2099
2096
2094
2093
2086
2084
2086
2080
2070
2066
2057
2055
2049
2024
2017
2009
2007
2004
2001
1993
1984
1957
1948
1937
1933
1907
1912
1910
1913
1911
1895
1896
1892
1887
1882
1890
1899
1910
1949
1963
1970
1985
2049
2059
2069
2078
2117
2126
2132
2133
2141
2139
2138
2135
2136
2137
2127
2115
2104
2059
2053
2044
2036
1987
1983
1972
1965
1958
1946
1940
1940
1945
1954
1962
1968
1974
1996
2000
2007
2009
2012
2023
2031
2034
2041
2071
2081
2091
2095
2100
2110
2111
2119
2125
2121
2115
2111
2110
2113
2109
2108
2100
2076
2073
2072
2066
2045
2039
2034
2025
2001
1994
1996
1995
1995
2003
2005
2007
2008
2011
2010
2011
2018
2037
2038
2041
2035
2031
2029
2036
2037
2036
2027
2022
2011
2005
1997
1988
1979
1976
1941
1936
1930
1927
1920
1918
1920
1926
1949
1955
1966
1978
1988
2023
2036
2041
2046
2052
2060
2074
2085
2096
2100
2107
2115
2118
2112
2112
2108
2106
2085
2074
2062
2058
2049
2049
2050
2049
2013
2011
1999
1997
1958
1960
1955
1948
1946
1933
1935
1938
1944
1952
1963
1973
1977
1976
1984
1995
2005
2026
2034
2038
2045
2036
2036
2042
2047
2056
2050
2045
2046
2046
2044
2037
2036
2023
2013
2010
2001
1998
1999
1992
1992
1990
1982
1975
1979
1982
1981
1987
1985
1986
1985
2005
2003
2009
2009
2024
2074
2110
2111
2084
2053
2041
2048
2046
2014
2024
2021
2008
2012
2025
2025
2006
2027
2019
2024
2031
2058
2082
2087
2097
2109
2141
2161
2179
2184
2185
2185
2190
2184
2162
2169
2168
2172
2150
2151
2152
2153
2156
2116
2093
2078
2068
2058
2041
2021
1999
1941
1923
1908
1897
1886
1875
1858
1850
1842
1821
1819
1810
1806
1799
1801
1797
1795
1829
1836
1845
1857
1870
1920
1943
1965
1993
2013
2037
2060
2073
2117
2123
2124
2129
2172
2174
2171
2165
2160
2142
2127
2118
2113
2101
2086
2075
2066
2051
2044
2035
2028
2010
2013
2014
2013
2004
2001
1996
1994
1993
1990
1988
1989
1991
1985
1978
1973
1970
1965
1967
1962
1959
1963
1963
1964
1967
1962
1925
1908
1895
1885
1882
1877
1871
1870
1819
1802
1787
1762
1635
1609
1595
1575
1544
1553
1572
1596
1617
1691
1724
1751
1784
1814
1849
1882
1926
2114
2167
2215
2265
2418
2444
2467
2489
2512
2580
2609
2633
2665
2698
2732
2797
2906
3088
3107
3104
3089
3029
3025
3019
3001
2945
2930
2904
2887
2891
2849
2824
2813
2807
2789
2757
2741
2746
2722
2704
2670
2638
2613
2474
2397
2317
2221
2108
1997
1883
1763
1412
1283
1162
1050
941
842
759
678
595
358
297
241
194
163
156
155
154
156
172
185
201
229
265
309
367
434
682
772
880
989
1086
1174
1269
1366
1466
1714
1807
1889
1963
2046
2128
2207
2274
2339
2519
2582
2635
2679
2713
2748
2777
2803
2845
2846
2847
2853
2848
2832
2809
2777
2740
2605
2555
2508
2468
2428
2391
2354
2316
2283
2223
2215
2214
2217
2221
2227
2241
2257
2272
2281
2288
2300
2291
2284
2268
2247
2129
2097
2064
2034
2003
1912
1877
1850
1833
1814
1793
1774
1757
1679
1660
1640
1617
1546
1534
1530
1528
1531
1570
1592
1622
1656
1694
1733
1773
1823
2005
2049
2095
2131
2270
2306
2331
2354
2420
2423
2434
2439
2440
2455
2464
2474
2480
2491
2492
2495
2496
2478
2464
2456
2446
2416
2417
2419
2419
2431
2460
2471
2486
2504
2522
2538
2548
2561
2585
2582
2576
2572
2552
2528
2501
2461
2424
2301
2255
2216
2175
2138
2117
2122
2121
2063
1825
1747
1667
1627
1633
1651
1666
1669
1625
1619
1608
1588
1512
1482
1437
1400
1321
1321
1332
1356
1384
1497
1524
1552
1579
1608
1645
1670
1688
1810
1842
1876
1905
2105
2160
2208
2250
2283
2339
2354
2374
2398
2428
2447
2456
2463
2432
2417
2411
2401
2349
2334
2334
2345
2311
2290
2265
2248
2231
2158
2149
2123
2091
2063
2038
2016
2000
1945
1913
1874
1835
1735
1720
1698
1667
1571
1553
1536
1523
1513
1469
1455
1449
1445
1438
1431
1421
1412
1417
1427
1442
1461
1541
1576
1623
1672
1728
1885
1932
1983
2040
2085
2127
2162
2190
2297
2322
2339
2357
2378
2377
2375
2384
2383
2380
2375
2379
2372
2335
2325
2312
2303
2298
2288
2279
2270
2218
2202
2188
2184
2176
2174
2182
2193
2198
2190
2172
2154
2141
2127
2112
2105
2103
2081
2075
2080
2093
2101
2098
2094
2090
2032
2017
1997
1974
1950
1890
1884
1878
1873
1867
1859
1853
1856
1861
1860
1862
1860
1891
1904
1923
1934
1946
1975
1978
1988
2003
2015
2023
2031
2033
2049
2041
2035
2031
2001
1993
1984
1980
1964
1962
1964
1965
1975
1996
1999
2004
2020
2033
2051
2061
2063
2085
2096
2108
2117
2158
2162
2168
2177
2201
2197
2197
2191
2189
2185
2182
2179
2178
2165
2161
2156
2150
2137
2137
2137
2140
2115
2102
2090
2080
2070
2028
2019
2006
1995
1988
1975
1973
1968
1941
1934
1926
1922
1934
1938
1949
1953
1932
1927
1922
1917
1918
1934
1942
1954
1971
1978
1985
1988
1987
1999
2000
1997
1995
1973
1973
1976
1980
1981
1988
1998
2004
2003
2004
2000
1997
1989
1973
1971
1965
1963
1958
1955
1957
1954
1953
1964
1969
1975
1972
1972
1978
1985
2001
2015
2032
2036
2036
2034
2031
2033
2029
2019
1998
1984
1977
1979
1987
1993
1993
1989
1962
1951
1945
1941
1940
1959
1974
1981
1995
2010
2016
2020
2029
2052
2059
2063
2066
2075
2083
2090
2097
2106
2109
2114
2117
2120
2121
2121
2117
2115
2107
2098
2088
2076
2043
2030
2023
2017
1972
1962
1956
1953
1952
1935
1928
1926
1929
1925
1931
1934
1937
1963
1968
1973
1983
2011
2016
2027
2034
2053
2054
2051
2049
2052
2072
2079
2084
2089
2094
2105
2114
2124
2146
2152
2157
2157
2179
2182
2184
2185
2190
2197
2200
2198
2202
2205
2202
2195
2194
2175
2168
2166
2166
2128
2126
2123
2113
2103
2060
2039
2023
2008
1998
1989
1989
1989
1971
1961
1952
1948
1946
1940
1928
1925
1924
1909
1906
1904
1901
1900
1904
1909
1909
1915
1919
1922
1923
1927
1930
1937
1950
1958
1981
1994
1998
2003
2017
2019
2027
2035
2038
2040
2046
2049
2050
2042
2040
2036
2033
2026
2024
2026
2022
2007
2005
2007
2011
1993
1994
1995
1993
1987
1979
1977
1973
1975
1970
1969
1970
1975
1959
1964
1964
1967
1983
1982
1983
1979
1962
1959
1953
1952
1953
1947
1952
1958
1961
1964
1965
1967
1962
1957
1953
1951
1957
1963
1962
1966
1969
1975
1993
2000
2007
2019
2029
2038
2047
2053
2071
2076
2082
2088
2085
2086
2088
2086
2080
2077
2079
2078
2086
2084
2085
2084
2084
2088
2090
2089
2090
2097
2095
2091
2094
2089
2096
2102
2107
2110
2112
2118
2120
2118
2110
2100
2095
2095
2081
2075
2073
2074
2063
2053
2050
2047
2034
2029
2023
2020
2021
2011
2011
2006
2006
2007
1996
1985
1982
1969
1966
1962
1963
1963
1959
1955
1953
1954
1969
1972
1975
1975
1977
1977
1985
1994
2020
2020
2024
2029
2026
2035
2045
2042
2041
2042
2042
2040
2043
2046
2050
2039
2039
2040
2038
2030
2027
2026
2024
2024
2019
2023
2023
2023
2019
2019
2027
2024
2025
2026
2037
2041
2049
2056
2052
2053
2057
2055
2042
2043
2045
2040
2039
2035
2032
2032
2029
2013
2003
2001
1994
1987
1987
1983
1981
1973
1969
1966
1964
1946
1944
1950
1947
1949
1948
1954
1961
1965
1969
1968
1971
1973
1986
1989
1993
1997
2001
2006
2012
2016
2022
2027
2033
2035
2041
2044
2054
2060
2059
2067
2090
2096
2095
2096
2096
2095
2097
2097
2089
2086
2087
2083
2078
2083
2090
2096
2094
2096
2098
2095
2096
2087
2088
2093
2086
2081
2080
2082
2080
2082
2080
2082
2079
2066
2058
2048
2040
2034
2010
2002
1997
1992
1985
1976
1973
1967
1952
1945
1941
1938
1942
1940
1939
1939
1944
1958
1958
1961
1961
1959
1962
1962
1962
1962
1972
1983
1989
1996
1995
1992
1994
1993
1995
1997
2001
1998
2014
2014
2012
2017
2054
2066
2067
2059
2048
1995
1978
1970
1965
1959
1965
1974
1989
2039
2045
2042
2044
2042
2036
2035
2047
2058
2093
2106
2117
2121
2130
2140
2144
2142
2141
2143
2147
2151
2142
2135
2132
2129
2115
2056
2032
2002
1976
1964
1959
1966
1971
1981
2001
1993
1987
1987
1976
1961
1948
1940
1930
1929
1930
1937
1924
1922
1928
1933
1972
1985
1993
2003
2003
2005
2003
2000
1998
2005
2014
2026
2040
2068
2076
2080
2090
2090
2093
2100
2101
2108
2100
2096
2090
2089
2076
2063
2052
2039
2051
2056
2064
2071
2054
2049
2039
2037
2024
2025
2025
2022
2018
2002
2001
2003
1993
1991
1993
1991
1995
1985
1985
1978
1971
1953
1954
1957
1957
1942
1932
1924
1924
1922
1917
1921
1928
1931
1937
1934
1931
1923
1858
1830
1809
1793
1740
1738
1736
1739
1751
1765
1760
1751
1741
1726
1717
1701
1676
1573
1559
1544
1536
1564
1586
1612
1635
1749
1782
1814
1843
1875
1978
2020
2060
2107
2154
2210
2275
2346
2676
2764
2852
2940
3269
3342
3410
3477
3679
3721
3757
3780
3806
3998
3948
3893
3843
3767
3660
3563
3490
3221
3180
3127
3093
2767
2692
2602
2494
2395
2015
1902
1809
1702
1599
1518
1456
1382
1087
1004
918
856
662
655
634
608
513
466
435
401
356
380
409
441
487
541
598
646
695
808
839
878
923
1217
1291
1364
1429
1619
1672
1733
1810
1906
2147
2210
2251
2268
2271
2266
2258
2250
2307
2336
2373
2415
2479
2474
2468
2459
2453
2467
2474
2473
2470
2472
2465
2456
2438
2313
2276
2252
2242
2235
2225
2211
2190
2046
2008
1977
1954
1946
1916
1903
1893
1887
1877
1874
1872
1873
1924
1937
1953
1964
1967
1968
1973
1976
2034
2044
2053
2056
2049
2020
2006
1996
1992
1994
1991
1978
1979
1904
1890
1882
1868
1868
1875
1886
1898
1908
1943
1965
1996
2037
2074
2116
2156
2194
2289
2311
2329
2347
2412
2432
2466
2489
2554
2567
2583
2603
2620
2661
2671
2684
2696
2704
2697
2684
2679
2687
2700
2713
2721
2657
2627
2595
2557
2530
2462
2438
2413
2377
2340
2271
2226
2215
1934
1873
1785
1675
1555
1528
1500
1479
1367
1321
1311
1323
1342
1299
1285
1244
1227
1254
1314
1383
1419
1563
1631
1661
1666
1834
1823
1835
1860
1873
1919
1925
1969
2058
2139
2179
2229
2309
2356
2395
2455
2498
2584
2589
2610
2618
2648
2635
2617
2608
2589
2506
2507
2492
2457
2408
2362
2320
2276
2099
2019
1950
1889
1684
1656
1631
1594
1566
1512
1482
1462
1454
1450
1432
1407
1383
1360
1352
1352
1367
1399
1436
1473
1488
1489
1550
1585
1616
1640
1656
1667
1673
1687
1702
1749
1793
1839
1875
1897
1905
1901
1916
2019
2023
2020
2020
2120
2156
2180
2184
2184
2188
2166
2152
2162
2183
2202
2225
2244
2298
2315
2309
2294
2216
2193
2179
2168
2166
2170
2171
2167
2170
2179
2168
2166
2167
2159
2150
2145
2142
2121
2127
2124
2118
2159
2157
2154
2153
2154
2139
2141
2144
2144
2142
2139
2153
2166
2175
2172
2165
2150
2059
2043
2031
2018
1997
1990
1979
1969
1949
1893
1879
1862
1850
1839
1837
1838
1824
1752
1748
1742
1729
1711
1715
1722
1732
1736
1737
1744
1740
1751
1768
1778
1790
1804
1827
1830
1834
1847
1904
1919
1943
1971
2056
2071
2094
2113
2131
2193
2211
2218
2232
2247
2263
2281
2290
2359
2367
2369
2364
2357
2367
2373
2371
2369
2363
2365
2363
2358
2349
2342
2335
2315
2257
2236
2218
2204
2131
2111
2090
2078
2075
2052
2042
2040
2039
2037
2033
2029
2021
2018
2016
2013
2007
1939
1931
1927
1920
1916
1917
1925
1930
1932
1935
1937
1940
1948
1943
1934
1929
1934
1934
1940
1940
1941
1948
1972
1980
1984
1979
1982
1989
1993
1990
1986
1980
1980
1980
1975
1969
1965
1962
1955
1914
1911
1903
1901
1901
1899
1908
1916
1953
1956
1953
1959
1968
1966
1972
1974
1983
1982
1986
1999
2012
2045
2047
2056
2063
2061
2077
2101
2138
2179
2210
2187
2158
2134
2111
2108
2128
2154
2197
2183
2160
2142
2118
2107
2084
2059
2021
1970
1965
1943
1918
1890
1882
1885
1890
1921
1926
1927
1924
1848
1832
1814
1809
1837
1845
1854
1849
1837
1808
1821
1838
1853
1868
1877
1887
1890
1918
1926
1933
1930
1915
1921
1936
1952
1966
1995
2004
2024
2042
2059
2069
2067
2073
2107
2112
2120
2130
2192
2201
2215
2222
2230
2235
2234
2234
2234
2223
2223
2228
2231
2235
2225
2212
2202
2206
2206
2196
2178
2096
2087
2086
2089
2086
2049
2032
2021
2025
2033
2042
2040
2026
1969
1972
1984
1985
1938
1926
1914
1896
1899
1916
1929
1939
1961
2011
2021
2030
2033
2034
2041
2046
2049
2056
2053
2048
2047
2064
2060
2054
2047
2039
2046
2034
2032
2035
2028
2019
2014
2004
1977
1974
1976
1970
1965
1958
1958
1959
1977
1988
2003
2015
2020
2030
2036
2035
2033
2040
2050
2057
2061
2077
2079
2072
2066
2044
2036
2036
2045
2048
2048
2048
2047
2043
2033
2029
2038
2034
2010
1997
1989
1988
1987
1989
1987
1983
1985
1981
1982
1978
1974
1952
1949
1941
1931
1917
1912
1904
1893
1888
1890
1897
1907
1925
1933
1943
1950
1956
1990
2000
2012
2022
2030
2040
2051
2065
2099
2116
2130
2142
2168
2170
2176
2188
2196
2212
2212
2216
2218
2215
2214
2210
2203
2175
2160
2151
2137
2097
2090
2088
2087
2078
2068
2060
2060
2067
2059
2057
2057
2057
2049
2042
2034
2032
2010
2007
2006
2006
1996
1995
1992
1990
1990
1973
1972
1970
1960
1961
1960
1956
1953
1914
1900
1899
1901
1908
1906
1904
1910
1917
1920
1919
1918
1919
1935
1939
1949
1953
1959
1968
1971
1978
2003
2012
2022
2029
2032
2060
2064
2068
2066
2071
2074
2075
2082
2075
2071
2070
2063
2058
2054
2055
2052
2043
2031
2023
2022
2011
1999
1999
2001
2004
1995
1999
2001
2008
2011
2009
2003
1998
2000
2000
2004
2007
2011
2022
2025
2026
2031
2047
2052
2058
2055
2053
2045
2041
2035
2030
2028
2020
2019
2017
1987
1974
1971
1973
1957
1953
1952
1955
1951
1952
1952
1952
1950
1951
1948
1953
1962
1991
2003
2017
2034
1939
1899
1892
1865
1919
1944
1993
2066
2129
2198
2287
2332
2294
2283
2328
2322
2284
2258
2239
2248
2264
2299
2318
2301
2282
2283
2273
2282
2289
2273
2254
2259
2264
2259
2197
2147
2096
2059
1959
1956
1960
1970
1947
1922
1896
1879
1869
1808
1798
1801
1809
1818
1822
1824
1818
1811
1805
1814
1838
1911
1926
1927
1920
1908
1870
1871
1888
1902
1924
1940
1962
1991
2020
2018
2017
2020
2055
2066
2081
2095
2060
2045
2026
2017
2017
2039
2041
2039
2038
2040
2038
2028
2009
1917
1910
1920
1931
1989
1991
1987
1985
1975
1955
1945
1945
1943
1950
1956
1948
1933
1822
1801
1792
1787
1795
1795
1788
1774
1730
1719
1719
1717
1708
1723
1742
1752
1754
1741
1715
1677
1641
1486
1455
1413
1382
1358
1388
1426
1469
1513
1664
1704
1734
1754
1768
1785
1795
1798
1834
1872
1928
1992
2269
2343
2419
2495
2566
2820
2915
3011
3108
3206
3297
3374
3447
3730
3802
3880
3953
4088
4090
4088
4092
4089
4090
4089
4090
4088
4091
4091
4087
4088
4088
4088
4019
3898
3482
3384
3299
3195
2608
2473
2312
2146
1991
1480
1326
1167
1001
836
678
531
389
114
108
103
98
87
87
84
82
81
79
77
77
77
80
77
79
80
83
84
88
86
91
94
98
100
107
136
159
209
284
389
513
665
819
976
1415
1551
1681
1806
1935
2051
2168
2281
2677
2755
2818
2868
2962
2988
3011
3016
3053
3067
3078
3084
3084
3029
2999
2966
2938
2914
2884
2848
2798
2569
2510
2453
2390
2147
2088
2022
1963
1913
1757
1697
1645
1592
1545
1502
1459
1431
1365
1351
1340
1339
1372
1384
1403
1432
1464
1526
1544
1565
1585
1616
1642
1663
1687
1846
1887
1932
1969
2100
2136
2168
2205
2362
2403
2443
2472
2497
2559
2577
2600
2617
2640
2671
2685
2690
2751
2775
2796
2830
2950
2970
2986
3004
3025
3045
3055
3063
3069
3071
3077
3080
3075
3048
3030
3008
2978
2873
2849
2822
2796
2769
2662
2621
2575
2531
2486
2450
2413
2375
2191
2136
2080
2023
1789
1730
1675
1617
1370
1310
1254
1206
1162
1041
1008
979
950
929
908
890
871
838
838
843
854
945
972
1009
1047
1094
1225
1277
1333
1400
1468
1539
1608
1677
1925
1988
2055
2121
2349
2389
2437
2479
2511
2605
2630
2656
2687
2712
2731
2756
2777
2794
2784
2770
2759
2672
2651
2626
2606
2476
2439
2403
2365
2312
2180
2132
2078
2025
1974
1918
1860
1803
1566
1505
1460
1414
1231
1202
1175
1153
1130
1086
1077
1076
1075
1081
1086
1098
1107
1174
1197
1227
1255
1396
1434
1479
1529
1723
1773
1825
1879
1926
2054
2090
2128
2170
2209
2247
2281
2317
2440
2469
2495
2519
2612
2628
2642
2660
2674
2675
2682
2685
2686
2677
2666
2657
2643
2586
2560
2542
2525
2436
2407
2383
2363
2271
2245
2216
2198
2181
2008
2060
2120
2097
2083
2110
2120
2059
1837
1800
1802
1847
1934
1915
1871
1850
1839
1731
1734
1753
1716
1667
1653
1667
1673
1737
1744
1770
1796
1929
1902
1851
1824
1818
1771
1776
1788
1816
1850
1874
1858
1842
1789
1786
1800
1805
1875
1857
1864
1878
1885
1892
1892
1910
1930
1917
1923
1931
1947
1981
2021
2048
2088
2217
2221
2224
2214
2244
2263
2306
2342
2364
2481
2496
2497
2508
2518
2519
2511
2503
2565
2589
2591
2573
2448
2414
2380
2359
2345
2276
2255
2236
2220
2217
2220
2218
2205
2151
2123
2107
2103
2055
2025
1990
1957
1885
1874
1869
1850
1834
1760
1735
1724
1719
1719
1723
1739
1768
1843
1855
1867
1870
1826
1816
1803
1798
1792
1802
1810
1817
1822
1834
1845
1865
1887
1988
2011
2024
2037
2102
2113
2129
2130
2107
2106
2106
2106
2113
2105
2101
2096
2087
2079
2089
2101
2096
2061
2046
2035
2012
1959
1956
1959
1962
1968
1996
1996
1991
1985
1985
1985
1986
1986
1987
1983
1979
1974
1970
1963
1956
1940
1929
1887
1873
1862
1852
1846
1856
1864
1865
1865
1867
1874
1878
1890
1903
1911
1917
1923
1881
1866
1854
1837
1804
1800
1807
1818
1854
1868
1884
1895
1918
1982
2001
2014
2028
2034
2050
2059
2059
2051
2045
2042
2031
2042
2054
2069
2086
2101
2147
2162
2172
2181
2187
2200
2207
2205
2196
2199
2197
2198
2204
2199
2200
2202
2245
2251
2268
2279
2285
2298
2300
2304
2303
2303
2305
2298
2290
2226
2212
2200
2191
2151
2144
2137
2131
2121
2099
2081
2061
2048
2035
2025
2011
2000
1935
1920
1904
1884
1826
1826
1830
1833
1828
1826
1822
1822
1825
1844
1849
1852
1852
1853
1849
1846
1843
1896
1909
1931
1958
2023
2043
2062
2075
2093
2111
2117
2116
2115
2112
2108
2108
2099
2069
2065
2065
2066
2094
2099
2112
2115
2154
2171
2183
2188
2200
2171
2161
2149
2143
2137
2133
2130
2120
2053
2041
2027
2020
1981
1966
1955
1950
1937
1900
1887
1877
1867
1860
1850
1841
1830
1812
1808
1800
1800
1806
1810
1815
1819
1828
1831
1833
1844
1856
1883
1888
1894
1896
1888
1885
1884
1888
1903
1911
1917
1920
1916
1919
1921
1929
1939
1979
1993
2002
2013
2028
2035
2041
2054
2100
2109
2128
2148
2200
2216
2236
2252
2326
2342
2351
2368
2376
2394
2389
2386
2389
2384
2373
2368
2358
2351
2345
2333
2320
2264
2253
2240
2229
2217
2157
2138
2111
2084
2060
2038
2018
1999
1934
1922
1911
1903
1852
1846
1838
1830
1845
1850
1854
1860
1863
1868
1872
1873
1883
1870
1865
1855
1853
1846
1844
1846
1844
1842
1834
1832
1840
1856
1866
1867
1874
1883
1897
1929
1935
1939
1950
1957
1963
1965
1976
2014
2026
2039
2052
2090
2104
2117
2130
2181
2191
2195
2201
2206
2204
2205
2204
2193
2188
2179
2173
2164
2131
2123
2114
2110
2069
2055
2042
2033
2030
1984
1974
1957
1943
1928
1916
1907
1897
1874
1872
1874
1878
1890
1900
1910
1923
1949
1951
1950
1951
1947
1939
1931
1924
1918
1919
1912
1912
1913
1916
1915
1918
1919
1962
1971
1979
1985
1994
2004
2003
2000
2000
2001
2004
2014
2023
2040
2044
2047
2055
2091
2096
2106
2107
2111
2120
2128
2127
2130
2126
2126
2126
2130
2131
2134
2135
2136
2140
2140
2145
2148
2162
2162
2158
2161
2168
2166
2170
2169
2169
2164
2153
2145
2144
2117
2115
2110
2104
2073
2061
2052
2049
2034
1728
1695
1708
1762
1836
1906
1960
1997
2084
2060
2042
2026
1975
1985
1972
1960
1886
1894
1900
1902
1909
1940
1938
1946
1957
1960
1970
1979
1988
1999
2018
2034
2058
2111
2124
2133
2151
2179
2215
2194
2169
2147
2135
2119
2102
2086
2047
2067
2094
2114
2108
2092
2075
2060
2041
2005
2011
2031
2058
2078
2087
2089
2071
1990
1969
1951
1936
1928
1922
1915
1915
1912
1926
1935
1946
1964
1981
1993
1996
1993
1981
1940
1933
1920
1904
1886
1875
1865
1863
1872
1874
1884
1891
1871
1857
1847
1849
1923
1932
1949
1963
1979
2047
2071
2088
2107
2124
2133
2139
2140
2166
2175
2171
2169
2129
2128
2133
2138
2148
2168
2177
2178
2176
2160
2137
2128
2108
2051
2035
2021
2017
1995
1993
1977
1955
1866
1856
1852
1852
1854
1844
1839
1842
1838
1837
1832
1827
1817
1752
1733
1717
1691
1589
1559
1539
1519
1510
1514
1521
1528
1533
1525
1522
1527
1527
1530
1530
1525
1524
1519
1533
1540
1554
1658
1702
1758
1815
1871
2025
2075
2124
2165
2202
2260
2318
2376
2659
2739
2816
2892
3160
3235
3202
2967
2874
2977
3028
3142
3234
3286
3342
3477
3604
3877
3904
3858
3890
4067
4088
4090
4089
4017
3949
3901
3854
3797
3540
3444
3355
3262
3143
3026
2921
2805
2409
2286
2158
2058
1630
1570
1526
1471
1407
1176
1132
1087
1005
916
842
779
710
581
561
526
496
312
269
219
174
164
214
243
268
283
288
295
303
310
327
339
355
367
377
374
387
411
443
570
624
687
744
806
872
938
998
1054
1190
1213
1263
1310
1351
1391
1439
1489
1639
1658
1669
1674
1718
1749
1793
1833
1965
1984
2009
2040
2065
2208
2253
2299
2349
2391
2416
2449
2477
2513
2512
2504
2489
2440
2421
2410
2395
2385
2351
2337
2319
2301
2292
2281
2272
2268
2255
2269
2290
2316
2388
2388
2393
2399
2423
2436
2448
2463
2475
2512
2529
2536
2534
2533
2535
2544
2559
2574
2576
2578
2568
2513
2500
2488
2480
2468
2443
2436
2423
2417
2409
2390
2379
2373
2374
2373
2378
2388
2449
2474
2494
2513
2609
2642
2671
2699
2721
2765
2769
2770
2784
2790
2786
2784
2784
2761
2746
2728
2705
2581
2552
2530
2512
2488
2428
2395
2369
2343
2309
2279
2251
2221
2106
2066
2034
2001
1888
1869
1849
1829
1788
1784
1772
1754
1733
1674
1659
1654
1645
1644
1646
1643
1639
1621
1620
1616
1619
1671
1680
1692
1710
1717
1725
1727
1728
1741
1752
1757
1756
1765
1779
1776
1776
1771
1731
1728
1715
1706
1668
1655
1638
1622
1615
1602
1600
1594
1594
1608
1609
1611
1619
1635
1641
1650
1658
1679
1690
1701
1707
1714
1708
1704
1701
1703
1709
1716
1711
1710
1705
1692
1690
1688
1697
1699
1704
1703
1732
1737
1757
1774
1797
1853
1874
1898
1928
1962
1989
2007
2030
2130
2150
2169
2189
2241
2246
2256
2260
2264
2285
2283
2294
2299
2295
2285
2285
2281
2289
2290
2283
2275
2243
2236
2228
2217
2192
2188
2184
2181
2182
2155
2147
2136
2129
2120
2115
2115
2108
2089
2088
2085
2090
2091
2098
2105
2106
2106
2108
2105
2110
2116
2120
2125
2134
2138
2138
2143
2139
2137
2128
2124
2122
2125
2119
2112
2108
2099
2087
2045
2027
2011
1998
1988
1977
1959
1936
1873
1864
1856
1852
1843
1842
1843
1851
1861
1802
1846
1903
1937
1969
2003
2033
2022
1911
1933
1975
2004
2041
2024
1998
2006
2067
2076
2082
2077
2063
2127
2146
2147
2143
2142
2148
2181
2217
2257
2276
2260
2240
2298
2297
2284
2270
2256
2273
2294
2318
2333
2341
2326
2306
2294
2274
2267
2260
2251
2237
2241
2229
2207
2130
2116
2103
2094
2091
2062
2066
2083
2082
2067
2048
2034
2024
1967
1964
1967
1980
1997
1987
1982
1978
1979
1984
1993
2002
1992
1911
1905
1899
1891
1874
1860
1847
1840
1831
1825
1819
1814
1825
1834
1843
1856
1862
1845
1847
1855
1867
1873
1870
1859
1848
1841
1853
1861
1851
1844
1845
1850
1847
1867
1868
1871
1880
1894
1913
1907
1902
1899
1893
1889
1879
1859
1849
1867
1886
1896
1912
1909
1916
1925
1936
1984
2005
2020
2039
2047
2063
2076
2076
2105
2117
2129
2139
2160
2157
2164
2170
2170
2163
2155
2156
2152
2129
2130
2126
2122
2110
2097
2086
2068
2042
2042
2056
2057
2063
2062
2065
2065
2058
2047
2038
2033
2029
2031
2031
2027
2021
2004
1993
1986
1970
1937
1922
1909
1890
1805
1783
1763
1751
1742
1724
1722
1720
1731
1741
1751
1764
1777
1896
1932
1969
2012
2155
2188
2221
2257
2291
2372
2391
2414
2430
2449
2464
2471
2468
2452
2450
2446
2443
2413
2406
2398
2385
2302
2286
2266
2248
2236
2166
2139
2119
2100
2102
2128
2169
2204
2201
2174
2166
2178
2204
2244
2247
2253
2252
2248
2241
2235
2227
2186
2170
2145
2100
2057
2010
1991
1967
1937
1797
1760
1736
1712
1694
1668
1646
1626
1556
1555
1548
1542
1532
1476
1475
1487
1518
1557
1593
1618
1639
1680
1691
1700
1710
1789
1821
1859
1888
1909
1925
1946
1972
1990
2006
2021
2030
2045
2088
2097
2100
2098
2075
2063
2050
2045
2075
2084
2091
2089
2091
2128
2150
2174
2202
2224
2247
2264
2281
2343
2359
2375
2378
2385
2390
2390
2383
2371
2299
2277
2263
2252
2240
2228
2203
2176
2101
2093