2328
2441
2463
2487
2513
2534
2586
2588
2582
2573
2553
2533
2511
2491
2409
2394
2381
2370
2334
2332
2336
2341
2366
2368
2362
2358
2354
2335
2312
2293
2276
2262
2239
2213
2184
2051
2014
1983
1946
1816
1776
1740
1701
1667
1562
1523
1486
1453
1426
1403
1389
1383
1422
1349
1242
1165
1132
1151
1195
1259
1340
1666
1790
1904
1987
2049
2108
2178
2256
2336
2510
2570
2612
2647
2672
2691
2723
2752
2797
2795
2806
2815
2756
2722
2664
2598
2271
2218
2163
2094
2019
1789
1734
1681
1640
1601
1557
1536
1508
1484
1510
1532
1541
1614
1641
1652
1657
1659
1746
1791
1826
1852
1875
1890
1890
1881
1901
1917
1935
1952
1983
2000
2006
2002
1942
1930
1923
1909
1898
1878
1873
1879
1888
1901
1913
1921
1918
1890
1899
1924
1940
1976
1983
1997
2009
2029
2070
2077
2091
2105
2121
2130
2126
2108
2020
2009
2008
2016
2037
2027
2007
1982
1869
1853
1853
1849
1846
1817
1804
1795
1780
1768
1760
1756
1762
1809
1832
1870
1920
2181
2248
2315
2375
2435
2634
2717
2749
2743
2744
2754
2754
2757
2761
2764
2783
2796
2776
2770
2733
2685
2666
2514
2470
2443
2394
2333
2278
2233
2172
1966
1915
1855
1780
1716
1671
1621
1563
1521
1395
1360
1350
1349
1341
1319
1306
1307
1311
1330
1324
1329
1334
1338
1340
1349
1371
1505
1541
1582
1618
1733
1752
1775
1820
1862
1998
2040
2080
2122
2166
2200
2228
2257
2349
2381
2415
2451
2492
2535
2571
2608
2642
2738
2757
2781
2806
2826
2840
2850
2851
2852
2828
2825
2812
2793
2785
2771
2746
2716
2651
2623
2597
2563
2433
2284
2067
1835
1741
1750
1752
1780
1855
1913
1970
1968
1902
1833
1789
1788
1826
2030
2106
2172
2213
1940
1852
1769
1713
1671
1455
1430
1435
1417
1360
1321
1289
1250
1192
1177
1186
1225
1124
1091
1051
1033
1099
1127
1148
1179
1199
1174
1177
1182
1217
1287
1395
1529
1655
1937
1986
2013
2044
2079
2120
2176
2259
2369
2545
2559
2563
2556
2548
2547
2560
2576
2523
2477
2448
2437
2392
2354
2305
2263
2232
2231
2218
2198
2183
2207
2214
2223
2237
2235
2234
2244
2262
2228
2177
2130
2090
2078
2146
2217
2271
2313
2327
2302
2283
2276
2278
2287
2311
2337
2028
1901
1809
1759
1556
1549
1559
1575
1628
1629
1632
1643
1656
1779
1881
2013
2167
2319
2451
2552
2644
2980
3052
3123
3185
3322
3324
3303
3267
3244
3266
3297
3337
3381
3421
3447
3443
3401
3172
3090
3013
2942
2871
2781
2680
2559
2404
1892
1711
1548
1402
1281
1174
1091
1031
967
790
733
669
592
510
431
337
235
140
142
145
145
176
197
229
276
522
583
639
689
762
1031
1136
1229
1315
1404
1503
1611
1724
2205
2335
2482
2638
3228
3358
3484
3598
3709
3959
4012
4052
4074
4078
4071
4051
4030
3865
3797
3715
3622
3134
3013
2891
2766
2303
2199
2093
1996
1916
1672
1590
1507
1421
1339
1257
1179
1104
851
799
754
719
616
606
604
614
774
841
905
973
1047
1212
1267
1307
1332
1354
1381
1403
1430
1645
1705
1774
1839
2045
2105
2169
2241
2320
2522
2568
2613
2643
2669
2698
2719
2746
2861
2874
2884
2887
2845
2825
2807
2785
2688
2640
2591
2537
2481
2308
2263
2212
2170
2131
2095
2068
2038
1932
1912
1891
1876
1856
1872
1893
1925
1954
2006
2026
2045
2071
2095
2117
2147
2185
2305
2324
2344
2358
2371
2374
2373
2382
2362
2348
2325
2298
2269
2134
2078
2024
1975
1918
1863
1816
1760
1545
1494
1444
1408
1284
1263
1242
1232
1227
1211
1220
1227
1228
1246
1274
1302
1328
1470
1505
1553
1613
1898
1968
2039
2106
2371
2430
2492
2552
2600
2744
2793
2837
2879
2909
2944
2981
3009
3062
3060
3058
3040
2942
2914
2879
2845
2800
2653
2602
2541
2475
2409
2333
2248
2161
1793
1709
1628
1553
1291
1234
1182
1139
1017
994
972
957
951
964
970
976
987
994
1010
1020
1037
1172
1210
1260
1316
1570
1641
1711
1790
2087
2158
2224
2293
2352
2497
2543
2588
2632
2670
2701
2736
2768
2876
2903
2928
2941
2949
2946
2936
2917
2909
2829
2797
2763
2727
2683
2630
2581
2532
2322
2275
2223
2172
1939
1883
1833
1776
1559
1516
1482
1453
1424
1349
1334
1327
1318
1313
1311
1312
1325
1374
1391
1413
1435
1528
1556
1581
1614
1653
1726
1754
1783
1818
1851
1887
1919
1954
2115
2157
2196
2236
2358
2383
2413
2439
2503
2507
2504
2502
2494
2436
2421
2396
2371
2353
2334
2310
2294
2191
2163
2144
2123
2052
2029
2010
1995
1982
1939
1927
1916
1898
1886
1879
1868
1857
1852
1856
1868
1886
1935
1953
1969
1979
2035
2053
2072
2089
2103
2132
2135
2143
2158
2165
2162
2167
2196
2211
2095
1981
1901
1870
1927
1980
2030
2101
2100
2101
2088
2055
1802
1749
1742
1766
1809
1837
1859
1876
1856
1868
1904
1943
1987
2016
2057
2097
2122
2099
2069
2034
2012
2015
2035
2067
2103
2161
2156
2158
2169
2233
2225
2216
2204
2188
2111
2094
2086
2095
2116
2157
2194
2228
2243
2209
2175
2144
2149
2169
2188
2193
2068
2041
2020
2007
1996
1985
1983
1977
1968
1944
1928
1911
1893
1831
1826
1820
1814
1811
1790
1758
1722
1694
1730
1771
1816
1864
1953
1948
1923
1880
1838
1788
1752
1733
1845
1904
1957
1996
2000
1989
1990
1997
2026
2141
2173
2189
2201
2195
2176
2151
2118
2043
2044
2043
2036
1940
1909
1877
1854
1770
1751
1727
1699
1663
1540
1504
1488
1480
1490
1511
1535
1571
1667
1673
1677
1675
1745
1795
1842
1893
1942
2071
2106
2125
2145
2162
2187
2222
2271
2529
2593
2649
2692
2786
2818
2861
2913
3123
3155
3174
3187
3192
3164
3140
3125
3117
3103
3102
3104
3094
3112
3034
2970
2920
2705
2672
2620
2579
2550
2444
2416
2408
2387
2336
2276
2247
2204
2015
1973
1926
1895
1741
1712
1710
1702
1615
1590
1579
1578
1554
1432
1394
1355
1307
1262
1233
1211
1180
1052
1011
978
941
849
841
829
824
824
804
792
788
791
791
788
808
832
959
992
1024
1064
1202
1260
1321
1377
1426
1593
1657
1720
1781
1854
1920
1984
2052
2234
2283
2327
2367
2395
2420
2448
2464
2477
2545
2574
2604
2629
2652
2671
2684
2678
2667
2636
2630
2631
2639
2643
2654
2663
2680
2685
2670
2652
2628
2598
2573
2557
2530
2511
2471
2456
2440
2409
2372
2332
2291
2259
2229
2154
2132
2106
2079
2059
2042
2025
2001
1940
1928
1915
1903
1865
1845
1827
1815
1781
1771
1769
1777
1774
1737
1728
1718
1722
1729
1735
1755
1780
1896
1931
1964
1997
2094
2124
2150
2181
2211
2283
2302
2319
2334
2349
2358
2364
2377
2433
2442
2447
2445
2419
2427
2450
2436
2377
2229
2184
2168
2160
2166
2176
2188
2211
2270
2264
2244
2227
2186
2198
2226
2253
2307
2290
2258
2230
2222
2194
2198
2204
2211
2213
2217
2213
2197
2098
2061
2033
2016
1934
1917
1891
1868
1698
1657
1616
1586
1559
1480
1455
1429
1410
1400
1383
1362
1348
1324
1333
1347
1363
1352
1327
1306
1295
1286
1330
1351
1367
1388
1417
1444
1471
1493
1535
1554
1569
1593
1732
1773
1815
1852
1909
1919
1931
1944
1958
2023
2030
2030
2040
2088
2170
2204
2129
1800
1759
1741
1721
1807
1912
1983
2003
2010
2133
2136
2093
2074
2108
2148
2103
1975
1690
1710
1742
1729
1867
1996
2116
2233
2895
3073
3241
3411
3607
4068
4090
4089
4089
4089
4087
4089
4090
4089
4090
4090
4090
4090
4090
4089
4086
4090
4090
4089
4090
4090
4089
4090
4088
4089
4088
4090
4089
4089
4088
4089
4068
3966
3111
2848
2586
2331
2073
1272
999
754
537
343
179
118
108
80
78
75
73
66
64
61
61
63
59
56
56
57
57
57
58
56
56
58
55
56
56
57
56
56
58
59
59
60
62
63
62
67
67
71
74
78
82
86
93
97
106
119
223
340
515
706
917
1147
1395
1630
1844
2458
2639
2810
2982
3143
3293
3435
3563
3878
3932
3960
3967
3902
3875
3838
3788
3535
3469
3397
3330
3260
3050
2993
2929
2871
2816
2752
2689
2628
2362
2299
2247
2203
2042
2018
2002
1984
1963
1921
1910
1899
1880
1853
1832
1803
1769
1613
1587
1568
1555
1523
1528
1543
1570
1688
1726
1763
1806
1848
1975
2020
2053
2095
2153
2209
2268
2327
2550
2606
2657
2711
2914
2962
3017
3075
3138
3314
3369
3421
3474
3524
3572
3618
3666
3765
3778
3789
3796
3799
3805
3810
3807
3793
3709
3670
3615
3558
3496
3424
3351
3275
3192
2936
2843
2754
2666
2580
2497
2417
2339
2033
1952
1864
1778
1434
1358
1274
1186
863
796
728
665
607
449
408
367
344
320
304
284
267
285
292
313
337
470
512
556
603
662
850
922
982
1047
1114
1176
1238
1309
1556
1621
1682
1746
1999
2063
2120
2174
2366
2408
2445
2482
2518
2595
2614
2625
2633
2645
2656
2657
2656
2599
2582
2564
2544
2440
2402
2359
2320
2272
2121
2070
2016
1962
1907
1849
1793
1731
1468
1416
1364
1315
1162
1129
1097
1070
1003
989
980
979
967
945
943
942
944
946
958
973
982
1038
1059
1079
1110
1329
1415
1469
1503
1524
1595
1637
1700
1755
1809
1892
2002
2124
2558
2617
2661
2710
2825
2874
2919
2964
3140
3170
3195
3218
3246
3301
3315
3329
3351
3376
3394
3401
3396
3272
3236
3196
3145
2915
2862
2823
2777
2734
2633
2605
2579
2551
2527
2487
2440
2396
2221
2189
2165
2156
2077
2047
2010
1967
1865
1845
1827
1817
1809
1744
1711
1680
1655
1621
1588
1562
1541
1448
1409
1383
1348
1265
1255
1253
1252
1249
1238
1233
1226
1220
1202
1191
1185
1190
1364
1431
1494
1560
1687
1694
1708
1703
1757
1793
1835
1878
1923
2022
2052
2079
2116
2151
2194
2243
2297
2530
2581
2625
2657
2738
2753
2771
2778
2788
2785
2766
2749
2725
2711
2694
2682
2672
2585
2560
2534
2503
2427
2429
2431
2438
2479
2472
2450
2416
2374
2231
2198
2167
2142
2118
2103
2098
2085
1992
1964
1939
1902
1963
1949
1947
1943
1931
1855
1803
1749
1749
1787
1800
1789
1795
1787
1787
1782
1753
1708
1709
1713
1717
1735
1746
1777
1814
1839
1968
2015
2060
2101
2133
2155
2165
2183
2201
2204
2200
2197
2143
2132
2126
2104
2075
2046
2045
2032
2023
2032
2043
2041
2029
2004
2001
1994
1982
1961
1959
1965
1987
2086
2108
2131
2150
2166
2147
2136
2122
2111
2104
2098
2090
2076
1975
1936
1897
1856
1697
1666
1620
1575
1523
1357
1308
1251
1189
1125
1082
1051
1033
1037
1048
1057
1074
1101
1121
1131
1144
1162
1200
1204
1212
1226
1238
1248
1258
1287
1320
1431
1488
1539
1599
1668
1741
1805
1861
2145
2217
2302
2375
2618
2667
2700
2743
2768
2783
2786
2791
2787
2782
2779
2773
2765
2723
2705
2683
2658
2637
2615
2597
2593
2588
2579
2585
2589
2598
2610
2614
2617
2616
2614
2592
2589
2581
2570
2538
2510
2483
2445
2296
2267
2238
2207
2048
2016
1982
1950
1845
1828
1822
1823
1827
1806
1794
1781
1766
1750
1735
1727
1729
1735
1739
1746
1754
1791
1800
1820
1845
1880
1986
2028
2071
2119
2155
2194
2224
2251
2367
2381
2394
2403
2408
2399
2379
2360
2305
2298
2283
2271
2264
2235
2224
2218
2208
2197
2185
2168
2155
2125
2100
2093
2207
1600
1545
1561
1524
1506
1830
1908
1996
2068
2074
1998
1954
2023
2058
2163
2028
1795
1829
1820
1865
1879
1669
1663
1638
1664
1745
1693
1748
1770
1719
1702
1795
1899
1892
1651
1622
1627
1678
1764
1733
1685
1679
1740
1737
1652
1612
1623
1643
1644
1646
1651
1694
1726
1768
1814
1864
1891
1924
1978
2047
2205
2232
2232
2237
2270
2320
2350
2357
2434
2431
2431
2445
2478
2499
2489
2452
2426
2424
2454
2463
2451
2425
2392
2354
2302
2261
2196
2144
2075
2009
1954
1902
1881
1906
1846
1808
1767
1741
1629
1568
1531
1506
1500
1533
1575
1624
1661
1666
1681
1720
1781
1862
1958
2046
2117
2352
2398
2447
2496
2657
2703
2729
2742
3117
3033
2746
2375
2091
1622
1609
1660
1705
1711
1716
1766
1812
1977
2037
2148
2229
1776
1776
1808
1854
1930
2275
2388
2495
2607
2770
2989
3199
3376
4039
4090
4088
4091
4090
4089
4091
4089
4089
4089
4086
4089
4088
4089
4089
4051
3871
3630
3391
3140
2840
1496
1176
889
634
90
82
75
73
70
66
63
61
58
59
58
56
57
55
57
56
56
56
60
60
61
63
74
81
86
92
102
118
148
215
757
951
1141
1336
1561
1829
2135
2470
2791
3506
3685
3853
4000
4089
4090
4090
4088
4089
4090
4089
4089
4090
4089
4062
4005
3929
3401
3271
3173
3088
2673
2542
2420
2304
1922
1854
1794
1739
1670
1422
1340
1270
1231
1221
1225
1234
1220
1091
1090
1100
1106
1037
1037
1062
1101
1157
1361
1441
1517
1601
1688
1774
1849
1913
2109
2153
2188
2207
2264
2269
2276
2281
2230
2213
2202
2179
2154
1996
1932
1851
1774
1705
1640
1585
1549
1552
1578
1606
1635
1650
1636
1632
1648
1694
1971
2066
2135
2184
2207
2224
2248
2278
2472
2521
2580
2643
2896
2957
3010
3038
3131
3148
3152
3154
3156
3147
3150
3151
3163
3172
3168
3148
3109
2870
2804
2720
2616
2113
1991
1887
1783
1678
1417
1325
1228
1137
1034
928
839
752
519
482
457
430
305
285
269
261
271
368
425
502
579
658
742
817
893
1085
1140
1211
1295
1389
1489
1587
1684
1795
2113
2207
2300
2380
2463
2545
2624
2703
2791
3069
3153
3220
3280
3336
3387
3430
3472
3606
3627
3639
3650
3608
3582
3540
3486
3256
3191
3119
3041
2957
2655
2551
2442
2332
2217
2098
1973
1854
1382
1266
1155
1048
690
628
569
519
488
409
403
400
403
411
427
449
482
699
768
839
911
1217
1304
1415
1534
1919
1978
2034
2085
2145
2361
2430
2491
2553
2613
2668
2726
2778
2916
2944
2967
2986
3011
3014
3022
3024
3016
2937
2913
2885
2868
2849
2823
2795
2775
2609
2560
2507
2446
2186
2131
2083
2049
1886
1827
1769
1710
1668
1624
1625
1620
1606
1589
1566
1546
1532
1493
1505
1535
1572
1763
1801
1833
1857
1888
1997
2032
2058
2088
2121
2151
2180
2215
2273
2265
2254
2237
2207
2202
2196
2177
2029
1983
1946
1906
1871
1784
1762
1749
1744
1727
1702
1685
1670
1566
1558
1545
1535
1467
1452
1437
1423
1419
1479
1506
1547
1606
1665
1717
1772
1830
2031
2080
2129
2183
2376
2426
2467
2498
2523
2570
2582
2589
2600
2603
2622
2633
2638
2632
2624
2611
2595
2594
2590
2583
2573
2562
2513
2488
2459
2421
2381
2338
2291
2238
2178
1973
1902
1836
1775
1721
1667
1616
1575
1460
1440
1416
1395
1362
1368
1375
1386
1521
1568
1617
1659
1697
1811
1847
1884
1932
1976
2024
2074
2088
2356
2409
2468
2534
2637
2671
2651
2633
2642
2686
2693
2714
2738
2752
2766
2781
2800
2833
2837
2827
2823
2824
2816
2810
2795
2708
2680
2654
2644
2648
2550
2508
2444
2377
2325
2268
2201
2114
1790
1707
1617
1520
1127
1076
1035
1005
988
918
895
862
825
788
747
715
699
749
796
833
859
944
965
992
1044
1097
1303
1395
1487
1575
1669
1753
1839
1916
2124
2200
2277
2351
2411
2468
2508
2541
2559
2529
2513
2498
2472
2447
2431
2417
2409
2394
2320
2279
2241
2211
2186
2166
2157
2163
2196
2191
2177
2150
1997
1961
1931
1910
1908
1917
1923
1929
1930
1959
1981
2009
2047
2083
2119
2174
2227
2393
2420
2442
2462
2510
2510
2500
2485
2457
2350
2300
2258
2219
2180
2143
2110
2080
1983
1961
1944
1929
1911
1908
1912
1914
1909
1898
1880
1865
1844
1778
1758
1742
1723
1706
1683
1663
1647
1608
1614
1623
1636
1731
1755
1785
1818
1848
1942
1964
1993
2027
2058
2075
2095
2119
2228
2258
2291
2330
2445
2470
2500
2523
2643
2677
2709
2743
2762
2773
2771
2762
2744
2730
2712
2699
2673
2545
2511
2466
2418
2237
2198
2165
2140
2118
2062
2043
2020
2002
1984
1971
1958
1943
1878
1861
1842
1820
1708
1681
1659
1636
1564
1551
1542
1534
1527
1515
1514
1516
1526
1547
1561
1573
1595
1631
1645
1657
1665
1709
1727
1747
1766
1792
1850
1868
1891
1916
1938
1967
1998
2026
2155
2188
2220
2251
2333
2347
2357
2364
2357
2354
2342
2327
2309
2267
2251
2234
2218
2198
2177
2157
2137
2034
2013
2001
1994
1935
1914
1894
1878
1830
1822
1820
1809
1806
1804
1804
1807
1816
1818
1825
1835
1842
1885
1901
1915
1933
1985
1997
2011
2018
2023
2032
2029
2020
2019
2003
1988
1977
1965
1919
1904
1901
1893
1870
1866
1866
1869
1872
1870
1870
1804
1858
2203
2438
2257
1942
1402
1431
1580
1628
2084
2191
2319
2484
2197
2238
2126
1993
2066
2450
2509
2623
2683
2681
2678
2688
2750
2743
2707
2703
2776
2804
2682
2566
2470
2363
2193
2175
2113
2063
2021
1969
1934
1922
1817
1807
1785
1736
1495
1436
1404
1383
1427
1455
1490
1495
1495
1435
1394
1364
1362
1394
1468
1545
1595
1592
1558
1562
1589
1769
1832
1886
1917
1934
1875
1833
1791
1789
1818
1862
1909
1954
2049
2013
1975
1922
1781
1821
1908
2044
2543
2600
2587
2513
2417
2150
2086
2069
2094
2144
2219
2309
2387
2447
2399
2364
2366
2558
2647
2726
2741
2710
3394
3410
3140
2837
2596
2370
2185
2123
1874
1925
2021
2107
1695
1496
1391
1363
1086
1094
1088
1116
1190
1607
1807
2012
2231
2458
2651
2813
2990
3885
4055
4089
4088
4089
4090
4091
4088
4089
4089
4089
4089
4088
4088
4089
4090
4089
3861
3598
3303
3021
2020
1760
1507
1258
161
94
84
79
75
71
67
66
65
62
61
59
59
58
59
62
64
65
67
68
70
73
90
100
117
140
181
260
366
494
1017
1168
1359
1607
2966
3267
3500
3658
3653
3555
3477
3423
3387
3373
3363
3324
3257
3154
3017
2853
2676
2174
2109
2071
2050
1842
1770
1714
1668
1633
1656
1721
1787
1858
1923
1972
1999
1993
1866
1891
1951
2029
2159
2115
2040
1960
1992
2089
2189
2293
2386
2528
2514
2472
2416
2352
2299
2266
2255
2308
2310
2299
2268
1919
1820
1733
1679
1645
1641
1640
1630
1603
1559
1498
1418
1344
1291
1323
1351
1381
1489
1494
1496
1504
1662
1733
1818
1903
1983
2182
2242
2307
2383
2460
2552
2662
2783
3214
3296
3369
3430
3605
3641
3673
3693
3702
3630
3588
3539
3487
3434
3379
3325
3269
2999
2939
2873
2802
2496
2402
2296
2173
1710
1619
1542
1487
1430
1252
1194
1131
1059
987
919
853
791
552
520
544
604
734
702
658
604
537
396
411
456
514
572
635
699
756
939
995
1052
1122
1590
1704
1786
1843
2123
2232
2367
2509
2653
3001
3087
3155
3207
3253
3297
3344
3390
3525
3526
3501
3460
3240
3191
3156
3142
3143
3092
3041
2972
2880
2758
2621
2475
2333
1927
1858
1781
1696
1248
1143
1048
964
894
755
736
724
705
689
665
641
616
652
702
753
812
990
1028
1072
1131
1474
1571
1677
1788
1894
2167
2221
2256
2278
2301
2336
2375
2428
2749
2802
2831
2829
2648
2608
2584
2573
2579
2613
2615
2599
2571
2543
2513
2493
2477
2461
2479
2502
2524
2468
2422
2363
2305
2228
2244
2257
2263
2259
2213
2207
2211
2196
2181
2205
2276
2347
2448
2426
2378
2316
2140
2138
2135
2109
2092
2030
1979
1931
1891
1855
1823
1807
1818
1846
1831
1798
1747
1679
1705
1752
1805
1999
2012
2006
2005
2000
1986
1984
1985
1999
1999
1976
1935
1889
1646
1599
1570
1560
1580
1583
1573
1552
1531
1462
1479
1509
1552
1606
1663
1718
1760
1840
1851
1880
1924
2210
2299
2376
2448
2506
2614
2646
2676
2711
2741
2775
2796
2812
2812
2780
2745
2701
2472
2421
2382
2351
2213
2171
2120
2070
2028
1928
1923
1925
1920
1905
1892
1867
1833
1659
1624
1583
1548
1436
1422
1416
1414
1428
1440
1456
1484
1526
1587
1651
1718
1786
1965
1991
2014
2043
2194
2235
2259
2279
2244
2231
2220
2212
2202
2183
2169
2153
2134
2113
2101
2096
2092
2110
2122
2140
2154
2178
2168
2152
2139
2130
2080
2069
2058
2043
2019
1987
1946
1909
1744
1723
1703
1692
1666
1665
1662
1669
1674
1689
1717
1750
1778
1849
1865
1878
1885
1897
1917
1937
1957
2047
2069
2086
2105
2182
2205
2241
2278
2318
2399
2423
2439
2454
2458
2459
2455
2445
2381
2360
2333
2294
2130
2098
2068
2043
1957
1938
1918
1906
1901
1872
1866
1868
1872
1874
1869
1868
1873
1856
1851
1854
1853
1883
1894
1908
1918
1928
1920
1925
1930
1939
1946
1966
1983
1991
2011
2004
1997
1989
1963
1965
1974
1988
2002
2036
2047
2062
2080
2099
2115
2135
2156
2222
2247
2271
2297
2325
2344
2367
2382
2391
2403
2401
2402
2398
2391
2381
2377
2366
2360
2294
2271
2251
2227
2203
2181
2157
2138
2017
1991
1967
1948
1907
1908
1907
1904
1909
1901
1895
1893
1893
1897
1899
1900
1904
1907
1905
1904
1908
1907
1910
1918
1933
1984
1991
2001
2011
2023
2061
2070
2081
2087
2098
2105
2102
2097
2082
2067
2058
2049
2001
1988
1975
1968
1958
1919
1913
1903
1896
1898
1888
1880
1880
1850
1851
1852
1855
1874
1881
1886
1894
1921
1931
1936
1944
1958
1987
1992
1999
2001
2002
1997
1993
1987
1961
1960
1954
1937
1936
1936
1934
1935
1929
1919
1914
1909
1914
1923
1928
1931
1934
1943
1949
1957
1963
1973
1982
1989
1998
2048
2068
2077
2087
2107
2139
2143
2143
2152
2159
2167
2173
2182
2169
2166
2164
2155
2120
2115
2109
2111
2106
2093
2076
2069
2069
2065
2061
2071
2082
2107
2118
2134
2147
2190
2191
2204
2214
2217
2243
2248
2253
2252
2252
2245
2231
2224
2193
2179
2161
2147
2065
2042
2025
2010
1942
1927
1908
1895
1885
1847
1820
1767
1793
1981
2158
2133
1989
1671
1566
1571
1541
1589
1558
1535
1579
1669
1709
1829
1902
1880
1887
2010
2133
2171
2405
2453
2495
2520
2762
2764
2746
2737
2601
2515
2463
2444
2432
2223
2176
2134
2096
2065
2038
2006
1975
1850
1800
1754
1717
1624
1633
1631
1615
1606
1490
1483
1483
1487
1473
1471
1499
1553
1744
1746
1753
1770
1743
1750
1773
1817
2080
2146
2195
2226
2247
2222
2204
2192
2194
2212
2250
2266
2262
2159
2106
2070
2030
1989
2044
2108
2178
2243
2323
2335
2326
2290
2239
2185
2146
2123
2020
1976
1934
1885
1715
1719
1727
1743
1950
2008
2040
2052
2050
2066
2069
2087
2121
2151
2174
2196
2219
2132
2057
1983
1915
1721
1724
1736
1759
1863
1951
1833
1772
1709
1639
1658
1753
1828
1812
1849
1877
1852
1805
1792
1784
1747
1725
1727
1693
1671
1690
1749
1825
1943
2034
2080
2142
2214
2247
2384
2402
2448
2530
2733
2814
2855
2866
2917
3090
3140
3176
3182
3178
3192
3226
3259
3395
3391
3376
3348
3079
3029
2978
2928
2847
2826
2770
2684
2570
2184
2070
1973
1869
1763
1675
1624
1585
1458
1403
1342
1286
1069
1046
1032
1031
1049
994
940
896
855
810
774
745
727
844
919
992
1051
1234
1260
1266
1272
1304
1309
1292
1250
1193
982
917
870
847
857
890
930
974
1166
1216
1264
1313
1578
1695
1840
1981
2111
2470
2588
2686
2772
2824
2839
2838
2835
2849
2850
2850
2836
2852
2886
2924
2962
3164
3216
3242
3247
3259
3280
3265
3247
3222
3189
3148
3106
3057
2673
2543
2420
2307
1894
1813
1750
1701
1659
1496
1448
1404
1373
1351
1331
1324
1326
1418
1430
1425
1413
1365
1373
1395
1423
1441
1464
1475
1489
1503
1511
1517
1516
1524
1670
1732
1793
1855
2038
2078
2117
2165
2295
2337
2365
2394
2429
2532
2548
2553
2554
2549
2550
2558
2570
2653
2669
2678
2687
2706
2701
2693
2680
2674
2632
2603
2575
2540
2509
2476
2444
2406
2282
2258
2240
2219
2177
2182
2185
2190
2219
2219
2211
2198
2185
2116
2097
2085
2073
2065
2049
2033
2012
1861
1822
1789
1755
1629
1608
1591
1574
1562
1526
1524
1540
1555
1561
1565
1560
1538
1428
1360
1349
1360
1539
1571
1597
1625
1686
1711
1733
1774
1829
2046
2114
2154
2181
2218
2278
2328
2362
2484
2488
2504
2502
2465
2455
2455
2464
2477
2463
2470
2467
2450
2431
2422
2404
2383
2314
2289
2268
2246
2119
2084
2043
2012
1946
1924
1887
1842
1808
1691
1669
1660
1648
1623
1583
1552
1518
1473
1464
1458
1447
1432
1418
1396
1372
1342
1269
1264
1272
1289
1310
1331
1358
1379
1415
1429
1442
1463
1596
1643
1702
1759
1945
1979
2017
2053
2092
2217
2256
2299
2342
2387
2430
2470
2492
2582
2602
2623
2643
2706
2722
2723
2731
2736
2727
2718
2708
2697
2690
2675
2661
2640
2489
2455
2425
2399
2305
2272
2240
2208
2185
2080
2057
2042
2027
2007
1991
1988
1982
1918
1905
1887
1866
1840
1838
1849
1855
1859
1855
1851
1853
1859
1867
1882
1894
1898
1893
1884
1873
1866
1798
1783
1769
1764
1715
1701
1698
1692
1697
1706
1717
1731
1746
1772
1798
1822
1839
1921
1938
1964
1988
2091
2109
2131
2146
2173
2184
2196
2209
2228
2239
2240
2246
2246
2244
2245
2243
2243
2266
2286
2305
2325
2368
2378
2387
2399
2402
2429
2438
2441
2440
2433
2420
2408
2403
2313
2289
2263
2241
2148
2127
2105
2084
2006
1992
1975
1952
1934
1871
1853
1840
1827
1810
1800
1783
1773
1733
1720
1716
1710
1682
1685
1683
1689
1700
1717
1724
1736
1741
1750
1757
1760
1771
1812
1822
1840
1862
1925
1938
1948
1959
1985
1994
2007
2018
2030
2053
2058
2058
2064
2066
2069
2077
2087
2090
2095
2103
2119
2151
2157
2165
2176
2184
2178
2181
2174
2166
2162
2163
2163
2156
2128
2119
2101
2091
2015
2002
1990
1976
1966
1945
1936
1922
1918
1914
1907
1900
1890
1855
1851
1854
1860
1865
1870
1872
1877
1872
1878
1890
1896
1907
1937
1943
1960
1974
1986
2000
2012
2027
2047
2054
2065
2079
2108
2112
2120
2127
2140
2143
2149
2144
2141
2128
2122
2113
2106
2102
2098
2091
2082
2073
2075
2077
2076
2051
2055
2060
2066
2071
2070
2079
2082
2087
2094
2104
2110
2115
2135
2140
2151
2160
2171
2180
2179
2177
2179
2181
2174
2161
2151
2115
2098
2082
2069
2052
2036
2022
2014
1958
1950
1942
1938
1890
1887
1886
1899
1907
1916
1919
1915
1906
1906
1908
1915
1914
1912
1915
1918
1919
1924
1928
1927
1925
1938
1947
1953
1963
1965
1975
1976
1984
1989
1998
2008
2020
2029
2072
2082
2090
2091
2102
2109
2116
2122
2131
2154
2153
2152
2157
2167
2172
2179
2189
2193
2187
2181
2173
2138
2132
2123
2113
2085
2072
2061
2047
2040
2005
1992
1979
1969
1965
1954
1943
1929
1897
1888
1887
1881
1868
1864
1859
1861
1862
1856
1859
1860
1865
1862
1861
1864
1868
1887
1888
1891
1904
1935
1950
1965
1977
2025
2034
2050
2053
2061
2069
2078
2084
2084
2080
2075
2076
2075
2088
2089
2089
2093
2101
2106
2115
2120
2126
2144
2144
2144
2143
2141
2144
2142
2141
2143
2138
2132
2123
2094
2093
2095
2089
2058
2051
2049
2049
2042
2034
2032
2029
2021
2012
2008
2009
2011
2007
2003
2001
1998
1986
1986
1987
1989
1990
1984
1988
1990
1989
1991
1990
1995
1998
1998
1997
1998
2003
1993
1993
1988
1988
1969
1971
1965
1963
1961
1942
1942
1935
1925
1926
1932
1929
1928
1937
1947
1960
1967
1982
1983
1990
2002
2006
2026
2035
2043
2052
2062
2069
2076
2082
2102
2113
2123
2132
2148
2146
2139
2131
2126
2111
2108
2096
2086
2078
2071
2070
2070
2051
2043
2043
2049
2035
2032
2023
2021
2025
2027
2033
2037
2042
2033
2029
2025
2026
2028
2024
2016
2017
2001
2000
2000
1988
1992
1997
1999
1999
1991
1989
1992
1991
1995
1999
1995
1991
1993
1993
1993
1995
1995
1987
2013
2022
1966
2115
2143
2178
2173
2115
2052
1932
1837
1805
1807
1825
1872
1944
2103
2115
2116
2120
2085
2117
2158
2174
2156
2104
2072
2071
2072
2108
2127
2133
2161
2184
2163
2115
2069
2012
2009
1999
1994
1974
1947
1926
1895
1853
1859
1903
1947
1991
2014
2011
1992
1962
1778
1776
1808
1852
1996
2011
2017
2010
1948
1928
1930
1942
1963
2077
2095
2095
2096
2089
2078
2066
2068
2119
2136
2142
2124
2049
2036
2030
2026
2026
2088
2129
2167
2186
2179
2168
2140
2102
2070
2078
2107
2133
2135
2096
2058
2013
1893
1896
1910
1939
1976
2006
2003
2012
2018
2024
2022
2007
1984
1864
1848
1833
1822
1778
1778
1787
1800
1818
1867
1845
1819
1775
1733
1696
1689
1718
1808
1974
2138
2267
2443
2389
2273
2117
1831
1848
1887
1912
1934
2065
2068
2088
2136
2178
2196
2250
2369
2604
2603
2546
2468
2501
2598
2708
2806
3013
2977
2930
2909
2904
2826
2816
2815
2797
2759
2697
2609
2495
2072
2017
2005
2030
2078
2011
1899
1750
1579
1202
1182
1191
1215
1228
1231
1213
1181
962
918
878
854
966
1021
1070
1109
1113
1127
1164
1227
1305
1519
1560
1578
1583
1590
1597
1595
1595
1767
1873
1998
2124
2429
2433
2423
2412
2409
2532
2607
2677
2745
2788
2795
2763
2703
2319
2245
2194
2161
2215
2238
2251
2250
2225
2239
2264
2311
2380
2561
2590
2589
2557
2507
2452
2397
2351
2297
2276
2231
2167
1813
1746
1713
1697
1691
1750
1760
1759
1745
1728
1716
1715
1728
1978
2038
2080
2101
2002
1961
1925
1890
1896
1896
1899
1902
1902
1837
1809
1775
1765
1768
1790
1826
1859
1940
1939
1950
1968
2054
2078
2103
2120
2144
2132
2107
2088
2076
2077
2099
2123
2144
2218
2232
2240
2235
2237
2256
2262
2272
2298
2454
2496
2535
2551
2550
2545
2522
2496
2473
2453
2463
2476
2487
2492
2479
2455
2428
2266
2228
2199
2180
2142
2127
2113
2100
2020
2000
1969
1929
1891
1765
1733
1707
1687
1665
1648
1635
1621
1605
1599
1594
1594
1585
1589
1598
1621
1646
1693
1697
1688
1684
1667
1657
1656
1656
1708
1730
1760
1801
1956
1986
2027
2063
2095
2192
2222
2251
2288
2331
2364
2400
2428
2461
2466
2464
2449
2430
2421
2409
2387
2365
2317
2304
2292
2278
2263
2251
2241
2235
2219
2157
2140
2115
2092
2084
2070
2059
2041
1966
1944
1919
1888
1705
1666
1635
1611
1574
1567
1555
1537
1523
1522
1527
1545
1566
1587
1608
1632
1655
1739
1761
1795
1828
1947
1961
1971
1977
1987
2026
2043
2068
2089
2104
2124
2137
2141
2134
2137
2142
2146
2184
2201
2214
2221
2204
2191
2177
2164
2156
2174
2179
2186
2199
2212
2218
2216
2219
2227
2236
2248
2258
2290
2290
2287
2280
2229
2225
2213
2205
2202
2166
2154
2143
2134
2123
2116
2118
2116
2121
2113
2097
2090
2036
2015
2007
1999
1996
1980
1971
1960
1951
1944
1939
1926
1917
1925
1925
1934
1942
1966
1968
1970
1970
1943
1937
1932
1935
1936
1908
1901
1887
1874
1862
1855
1847
1837
1835
1829
1826
1828
1862
1871
1884
1896
1912
1946
1957
1967
1984
1996
2006
2013
2017
2040
2048
2051
2049
2059
2066
2064
2072
2105
2113
2119
2127
2131
2144
2150
2158
2170
2182
2189
2200
2200
2223
2224
2221
2221
2194
2181
2168
2157
2145
2118
2115
2104
2091
2089
2080
2067
2060
2045
2045
2043
2047
2043
2038
2039
2040
2039
2034
2034
2031
2025
2013
2003
1995
1994
1994
2000
1993
1981
1969
1961
1956
1951
1954
1966
1961
1952
1946
1937
1943
1946
1951
1960
1966
1970
1974
1977
1986
1987
1988
1996
1999
2001
2001
1998
1997
1985
1983
1975
1930
1927
1925
1924
1919
1916
1911
1908
1910
1919
1927
1937
1945
1986
1991
1993
2000
2042
2051
2053
2055
2065
2068
2068
2071
2065
2063
2066
2067
2068
2063
2067
2065
2066
2068
2071
2068
2060
2058
2056
2056
2057
2058
2060
2060
2060
2055
2050
2037
2033
2030
2015
1998
1989
1985
1982
1943
1936
1928
1917
1891
1893
1887
1884
1903
1909
1915
1922
1929
1962
1963
1968
1976
1980
1996
2003
2008
2026
2039
2053
2062
2088
2090
2098
2108
2114
2121
2124
2121
2121
2129
2137
2146
2152
2159
2161
2161
2161
2157
2152
2154
2166
2159
2156
2154
2147
2147
2136
2135
2139
2140
2139
2136
2134
2132
2105
2099
2093
2084
2052
2039
2035
2035
2029
2016
2009
2001
1993
1985
1979
1976
1973
1962
1960
1957
1955
1952
1947
1944
1943
1942
1933
1934
1936
1931
1934
1938
1941
1946
1971
1980
1993
2004
2022
2030
2048
2056
2080
2080
2080
2073
2071
2066
2071
2069
2069
2063
2055
2052
2046
2018
2020
2018
2013
2008
1995
1997
1998
1993
1995
1995
1987
1984
1995
1992
1995
1998
2001
2003
2001
1995
1996
1982
1979
1977
1971
1966
1963
1959
1955
1940
1939
1946
1948
1949
1949
1958
1959
1957
1963
1963
1966
1968
1959
1958
1957
1961
1976
1978
1982
1987
2000
2004
2018
2018
2021
2026
2027
2032
2038
2044
2048
2061
2068
2088
2091
2096
2096
2094
2093
2094
2098
2097
2101
2108
2108
2109
2109
2113
2113
2108
2108
2103
2100
2098
2107
2106
2109
2107
2106
2098
2094
2091
2085
2078
2074
2077
2075
2064
2066
2062
2060
2051
2044
2041
2038
2040
2042
2040
2039
2039
2032
2029
2028
2025
2009
2005
2001
1997
1995
1994
1990
1984
1985
1987
1985
1987
1987
1990
1989
1988
1990
1996
2003
2001
2004
2010
2010
2009
2015
2013
2016
2013
2015
2012
2001
1998
2001
2000
1993
1987
1982
1982
1985
1985
1978
1972
1967
1962
1954
1949
1944
1928
1927
1922
1926
1936
1940
1946
1950
1958
1950
1953
1962
1978
2001
1993
1939
1893
2242
2378
2341
2203
1967
1826
1782
1746
1820
1788
1778
1871
1972
2029
2130
2123
2100
2175
2277
2296
2236
2179
2121
2108
2116
2198
2190
2174
2201
2257
2243
2228
2252
2275
2257
2204
2175
2154
2062
2042
2008
1976
1958
1941
1925
1949
2008
2024
2016
2006
1969
1927
1897
1883
1869
1850
1806
1794
1796
1807
1839
1875
1904
1916
1883
1914
1961
1987
2033
2036
2051
2061
2067
2137
2152
2159
2157
2145
2129
2107
2078
1989
1969
1958
1970
1999
2043
2083
2095
2099
2078
2062
2040
1996
1948
1932
1971
2093
2321
2544
2393
2290
2179
2017
1872
1793
1755
1767
1773
1749
1768
1901
2028
2145
2159
2241
2172
2149
2162
2151
2033
2051
2049
2053
2087
2123
2133
2141
2188
2155
2142
2153
2143
2156
2148
2134
2132
2092
2096
2098
2116
2188
2273
2325
2345
2222
2173
2139
2111
1981
1945
1912
1899
1878
1846
1807
1772
1749
1803
1824
1830
1825
1814
1801
1791
1794
1857
1863
1857
1839
1691
1667
1648
1632
1639
1735
1795
1856
1889
1898
1892
1885
1883
1843
1852
1878
1912
2086
2110
2122
2113
2086
1953
1921
1905
1913
1940
1975
2007
2032
2065
2064