2085
2090
2093
2074
2070
2068
2066
2055
2054
2049
2041
2030
2019
2011
2011
2018
2020
2016
2000
1986
1964
1966
1970
1964
1932
1931
1934
1941
1944
1952
1940
1927
1924
1930
1936
1942
1934
1950
1950
1948
1954
1968
1975
1989
1986
1991
2009
2015
2026
2037
2035
2029
2035
2040
2033
2040
2037
2037
2042
2042
2044
2048
2051
2050
2044
2051
2058
2060
2057
2054
2054
2051
2052
2052
2044
2039
2050
2045
2049
2051
2052
2048
2045
2046
2042
2057
2064
2064
2060
2061
2059
2060
2063
2047
2053
2055
2061
2055
2036
2027
2027
1998
1994
1993
1991
1980
1984
1981
1975
1966
1951
1959
1961
1968
1976
1985
1987
1986
1994
1996
1991
1996
2015
2021
2020
2017
2018
2031
2034
2039
2039
2035
2032
2036
2043
2055
2052
2058
2067
2061
2060
2068
2071
2066
2067
2072
2083
2087
2094
2091
2091
2094
2083
2077
2082
2083
2085
2080
2075
2071
2073
2067
2057
2056
2058
2050
2037
2039
2041
2002
1994
1990
1988
1994
1981
1972
1970
1970
1972
1971
1966
1965
1966
1968
1962
1963
1971
1969
1969
1968
1972
1963
1969
1978
1980
1972
1973
1972
1978
2001
2007
2009
2008
2009
2008
2012
2012
2018
2008
2008
2014
2016
2016
2023
2030
2030
2026
2028
2022
2026
2032
2036
2039
2032
2026
2027
2033
2039
2037
2051
2045
2038
2035
2053
2057
2054
2057
2063
2063
2061
2054
2052
2055
2054
2059
2060
2038
2038
2030
2029
2028
2029
2020
2014
2015
2013
2001
2000
2007
2012
2014
2017
2021
2019
2022
2026
2020
2018
2030
2027
2029
2035
2038
2042
2044
2050
2050
2052
2052
2054
2058
2053
2053
2057
2061
2068
2065
2057
2053
2057
2057
2053
2054
2040
2034
2035
2034
2037
2038
2038
2035
2026
2023
2019
2015
2020
2031
2036
2032
2029
2040
2043
2039
2042
2032
2029
2030
2030
2030
2044
2042
2035
2028
2025
2023
2023
2018
2019
2017
2023
2027
2018
2023
2021
2018
2024
2018
2005
2009
2017
2016
2009
2016
2016
2000
2003
2008
2008
2007
1996
1997
1994
1997
1996
1988
1983
1989
2007
2012
2016
2017
2011
2009
1998
2000
2010
2005
2005
2004
2007
1999
1995
2000
2013
2003
2002
2001
2003
2011
2009
2007
2018
2020
2030
2032
2030
2034
2041
2043
2046
2041
2061
2063
2062
2059
2059
2055
2051
2049
2047
2039
2039
2045
2041
2030
2028
2020
2020
1999
1997
1997
2011
2017
2006
2012
2016
2012
2011
2016
2030
2026
2025
2018
2019
2019
2027
2030
2034
2032
2023
2040
2032
2038
2049
2048
2041
2038
2041
2037
2039
2039
2039
2031
2026
2017
2014
2009
2016
2022
2026
2031
2032
2036
2032
2034
2022
2026
2032
2035
2034
2039
2033
2027
2036
2050
2049
2048
2039
2033
2039
2046
2049
2036
2028
2026
2024
2028
2044
2047
2047
2037
2031
2028
2030
2029
2014
2002
1998
1999
1984
1985
1988
1985
1980
1969
1972
1976
1978
1983
1987
1991
1988
2015
2020
2020
2027
2042
2036
2041
2048
2056
2066
2065
2054
2049
2046
2047
2048
2050
2064
2061
2067
2071
2072
2072
2073
2069
2064
2048
2041
2036
2033
2026
2023
2019
2013
1997
2000
1999
1996
1993
1991
1992
1999
2004
2008
2004
2008
2003
2013
2017
2021
2024
2026
2030
2036
2027
2026
2008
2010
2010
2014
2023
2023
2026
2025
2027
2035
2038
2043
2021
2034
2047
2052
2058
2052
2052
2057
2060
2066
2055
2054
2048
2039
2042
2034
2020
2031
2037
2032
2014
1999
2034
2043
2033
2023
2015
2018
2019
2024
2000
1996
2008
2021
1995
1985
1987
1992
1998
2000
1990
1991
2003
2015
2015
2010
2006
2025
2026
2026
2023
2018
2024
2022
2023
2025
2026
2019
2018
2016
1997
1994
2002
2014
2005
2006
2013
2014
2020
2009
1999
2006
2024
2031
2030
2030
2031
2035
2044
2045
2037
2045
2046
2047
2045
2045
2045
2042
2038
2037
2033
2036
2049
2054
2033
2025
2030
2037
2060
2057
2053
2052
2052
2038
2041
2044
2040
2045
2047
2047
2050
2051
2055
2056
2063
2073
2057
2059
2057
2054
2057
2064
2070
2066
2080
2079
2082
2091
2087
2075
2065
2062
2068
2020
2015
2002
1983
1979
1983
1981
1977
1949
1939
1928
1918
1891
1888
1884
1880
1885
1862
1859
1870
1881
1877
1880
1885
1888
1902
1933
1953
1949
1908
1904
1907
1931
1961
2054
2073
2073
2060
2050
2052
2057
2057
2099
2123
2143
2161
2142
2143
2167
2183
2182
2137
2127
2123
2129
2143
2152
2158
2156
2126
2125
2124
2128
2127
2146
2151
2146
2138
2142
2142
2141
2132
2142
2145
2154
2158
2168
2155
2145
2156
2171
2156
2162
2159
2152
2133
2120
2110
2107
2034
2022
2019
2003
1947
1931
1913
1898
1885
1842
1829
1817
1803
1796
1796
1799
1799
1802
1798
1791
1794
1770
1787
1798
1809
1827
1866
1866
1871
1879
1885
1883
1888
1902
1952
1969
1980
1994
2046
2045
2047
2061
2071
2073
2072
2072
2065
2061
2064
2069
2066
2065
2067
2071
2075
2079
2089
2096
2096
2097
2105
2109
2119
2118
2154
2154
2157
2164
2178
2176
2182
2188
2191
2198
2201
2200
2192
2194
2194
2195
2185
2118
2098
2075
2066
2031
2022
2005
1980
1956
1933
1908
1890
1882
1870
1867
1856
1845
1808
1806
1795
1784
1773
1775
1779
1787
1794
1817
1834
1841
1842
1848
1853
1863
1874
1922
1942
1958
1959
2014
2020
2032
2042
2063
2106
2131
2150
2157
2165
2183
2191
2194
2211
2209
2200
2199
2205
2184
2181
2186
2195
2198
2199
2201
2196
2176
2169
2170
2167
2167
2169
2170
2162
2153
2161
2158
2150
2144
2141
2136
2134
2123
2097
2088
2081
2074
2051
2051
2052
2050
2039
2005
2003
1998
1996
1988
1981
1969
1961
1929
1911
1894
1895
1863
1843
1832
1831
1828
1814
1807
1798
1797
1808
1816
1828
1840
1892
1900
1905
1922
1935
1981
2002
2022
2038
2055
2068
2075
2086
2098
2106
2114
2121
2110
2104
2101
2097
2102
2088
2080
2079
2078
2077
2083
2077
2076
2059
2054
2048
2053
2051
2051
2053
2054
2059
2062
2065
2067
2068
2067
2081
2094
2098
2096
2097
2094
2092
2089
2081
2079
2076
2062
2053
2044
2039
2038
1991
1983
1982
1975
1945
1935
1934
1926
1933
1923
1916
1913
1911
1911
1904
1906
1906
1913
1915
1915
1917
1909
1923
1930
1934
1944
1951
1965
1977
1985
1985
1993
2002
2015
2060
2074
2087
2098
2117
2113
2110
2121
2124
2112
2120
2129
2124
2120
2116
2112
2112
2093
2084
2069
2060
2060
2052
2049
2040
2045
2041
2039
2029
2025
2024
2021
2021
2030
2016
2021
2018
2020
2028
2032
2024
2028
2025
2018
2013
2018
2019
2008
2005
2002
1994
1994
1980
1972
1971
1958
1932
1928
1919
1917
1914
1917
1917
1907
1919
1924
1934
1948
1958
1984
1997
2002
2005
2012
2028
2056
2073
2097
2102
2112
2116
2139
2146
2148
2151
2155
2156
2152
2151
2153
2157
2153
2143
2134
2105
2107
2102
2096
2083
2085
2089
2090
2091
2082
2087
2084
2080
2079
2091
2088
2080
2069
2066
2067
2065
2058
2039
2029
2025
2023
2020
2019
2020
2014
1966
1959
1957
1953
1946
1941
1937
1946
1939
1927
1923
1919
1918
1933
1929
1936
1944
1945
1940
1942
1948
1963
1973
1979
1973
1975
1991
1988
1996
1997
1995
1993
2001
2010
1999
2004
1998
1996
2002
2015
2014
2017
2024
2025
2018
2016
2020
2036
2039
2043
2042
2069
2071
2076
2080
2081
2073
2073
2085
2089
2092
2087
2077
2075
2061
2068
2069
2072
2055
2051
2040
2032
2029
2014
2001
1997
1995
1989
1990
2000
2000
2011
1997
1984
1979
1991
1991
1989
1987
1989
1976
1970
1971
1988
1999
1995
1992
2000
2012
2009
2012
2015
2041
2041
2049
2052
2061
2056
2060
2055
2045
2044
2047
2042
2036
2050
2051
2049
2039
2034
2057
2049
2050
2057
2061
2061
2059
2061
2039
2043
2053
2060
2054
2051
2058
2062
2064
2068
2071
2071
2068
2066
2066
2073
2075
2086
2085
2078
2072
2072
2075
2067
2054
2040
2015
2009
2011
2010
2006
1999
1994
1989
1965
1960
1960
1963
1952
1946
1939
1934
1938
1943
1949
1950
1949
1953
1951
1955
1962
1966
1970
1978
1980
1991
1994
1999
1998
2003
2008
2003
2000
1990
1996
2011
2020
2021
2015
2018
2016
2013
2010
2017
2020
2020
2022
2020
2015
2016
2021
2051
2056
2052
2054
2077
2084
2089
2088
2088
2094
2094
2099
2103
2111
2113
2112
2112
2092
2101
2097
2103
2097
2097
2086
2080
2078
2075
2059
2044
2038
2036
2036
2032
2018
2011
2007
2007
1996
1965
1984
1985
1979
1971
1983
1998
2009
2004
1992
1985
2005
2025
2013
2007
2009
2039
2046
2034
2026
2032
2045
2052
2044
2048
2053
2069
2056
2043
2041
2068
2069
2065
2059
2050
2046
2046
2055
2066
2063
2053
2043
2038
2048
2052
2045
2043
2037
2020
2010
2012
2021
2009
1999
1987
1980
1970
1967
1965
1961
1947
1936
1919
1911
1911
1916
1925
1938
1947
1955
1958
1947
1935
1956
1968
1975
1977
2003
2005
2004
2009
2024
2027
2021
2023
2030
2035
2046
2053
2053
2050
2061
2061
2059
2069
2072
2067
2058
2047
2049
2057
2053
2051
2052
2056
2062
2066
2040
2045
2048
2048
2030
2026
2034
2042
2045
2048
2048
2042
2035
2045
2050
2048
2042
2019
2010
2005
2003
2003
2007
2001
1997
1996
1988
1987
1985
1986
1991
1998
2007
2008
1997
1997
1995
1999
2016
2026
2033
2034
2036
2038
2040
2038
2041
2068
2058
2053
2059
2067
2073
2083
2098
2101
2087
2092
2099
2107
2103
2093
2086
2084
2083
2085
2085
2079
2051
2038
2032
2022
2010
2044
2049
2041
2037
2039
2039
2033
2035
2002
2006
2014
2010
2004
2004
2008
2015
2015
2001
2004
2010
2014
2012
2023
2028
2022
2024
2017
2018
2029
2023
2015
2019
2017
2012
2006
2006
2003
1996
1986
1988
1998
2004
1980
1976
1973
1966
1960
1960
1964
1965
1971
1973
1980
1994
2002
2017
2012
2007
2004
2014
2017
2025
2037
2038
2037
2036
2029
2033
2035
2033
2043
2051
2051
2051
2053
2058
2073
2060
2057
2058
2058
2054
2047
2052
2056
2047
2034
2023
2012
2019
2023
2017
2009
2012
2024
2016
2012
2014
2012
2012
2013
2009
1997
1997
1997
2000
1961
1964
1970
1973
1982
1993
1993
1996
1992
1980
1976
1970
1975
1995
2000
2000
2003
2037
2038
2044
2054
2074
2089
2101
2106
2108
2113
2114
2110
2102
2131
2143
2147
2147
2152
2136
2135
2124
2109
2108
2121
2125
2120
2053
2045
2039
2032
1965
1950
1934
1922
1922
1893
1894
1898
1895
1883
1871
1857
1839
1808
1815
1827
1831
1819
1819
1823
1816
1816
1846
1845
1841
1851
1875
1897
1919
1940
1993
1992
2001
2021
2105
2122
2134
2147
2156
2191
2210
2222
2235
2255
2271
2276
2288
2309
2320
2331
2342
2348
2374
2383
2389
2390
2391
2392
2391
2394
2392
2390
2386
2381
2344
2317
2291
2270
2248
2163
2146
2140
2128
2109
2089
2060
2030
1941
1925
1916
1894
1790
1769
1760
1746
1734
1692
1675
1669
1665
1647
1629
1616
1605
1596
1595
1599
1603
1604
1596
1599
1609
1615
1633
1649
1666
1676
1732
1744
1757
1775
1843
1852
1860
1872
1894
1960
1979
1986
1992
2010
2027
2038
2056
2140
2160
2180
2202
2279
2301
2323
2339
2355
2415
2442
2446
2457
2463
2466
2475
2485
2470
2475
2476
2470
2442
2426
2408
2394
2380
2327
2307
2286
2266
2249
2224
2189
2158
2031
2003
1976
1938
1903
1819
1785
1749
1714
1686
1661
1641
1615
1516
1503
1493
1484
1473
1477
1476
1480
1485
1543
1554
1573
1588
1595
1605
1623
1641
1729
1757
1786
1812
1913
1941
1978
2019
2055
2147
2184
2219
2249
2279
2309
2333
2347
2436
2452
2467
2476
2496
2539
2540
2543
2553
2556
2551
2553
2557
2549
2552
2548
2539
2495
2480
2462
2451
2440
2381
2352
2324
2290
2256
2226
2203
2172
2036
2005
1976
1958
1846
1822
1800
1776
1762
1718
1704
1694
1681
1671
1656
1638
1619
1591
1579
1572
1568
1557
1557
1555
1553
1561
1578
1587
1594
1613
1673
1700
1727
1748
1832
1852
1872
1904
1928
1999
2016
2040
2059
2078
2092
2111
2131
2191
2196
2205
2215
2247
2257
2262
2270
2282
2302
2299
2308
2315
2317
2306
2297
2299
2292
2291
2287
2273
2268
2245
2238
2238
2236
2233
2237
2232
2217
2192
2184
2172
2161
2111
2095
2082
2068
2050
1988
1981
1969
1960
1944
1929
1907
1891
1818
1799
1791
1782
1738
1721
1721
1724
1723
1705
1703
1698
1693
1699
1705
1705
1714
1744
1761
1774
1785
1842
1869
1890
1904
1907
1963
1984
2000
2025
2041
2055
2077
2099
2154
2168
2186
2212
2263
2275
2282
2290
2293
2329
2331
2331
2334
2332
2327
2331
2336
2312
2305
2295
2294
2286
2236
2224
2205
2197
2182
2161
2140
2124
2063
2049
2042
2039
1980
1967
1952
1937
1924
1882
1869
1851
1833
1835
1828
1820
1810
1773
1767
1756
1745
1733
1739
1746
1755
1751
1761
1770
1789
1810
1826
1838
1847
1858
1916
1932
1953
1968
1986
2020
2032
2042
2050
2066
2093
2115
2133
2179
2192
2204
2219
2259
2275
2281
2289
2290
2302
2304
2295
2299
2309
2313
2312
2314
2277
2274
2274
2272
2225
2214
2201
2187
2181
2139
2128
2111
2101
2096
2084
2067
2055
2003
1998
1992
1984
1977
1948
1932
1924
1920
1916
1899
1887
1887
1832
1826
1822
1815
1795
1794
1793
1796
1806
1800
1801
1802
1800
1786
1784
1793
1796
1807
1812
1814
1820
1852
1860
1872
1878
1885
1922
1933
1950
1966
1975
1994
2010
2012
2061
2071
2082
2087
2106
2116
2124
2139
2147
2166
2164
2166
2169
2177
2180
2183
2187
2190
2180
2191
2197
2195
2187
2187
2191
2189
2152
2141
2137
2136
2127
2108
2094
2081
2065
2055
2048
2030
2023
2030
2017
2001
1990
1985
1981
1978
1979
1959
1963
1959
1952
1943
1946
1958
1967
1968
1950
1956
1959
1967
1972
1971
1973
1981
1984
1992
2005
2009
2043
2034
2028
2027
2029
2054
2060
2054
2054
2056
2068
2079
2087
2095
2098
2103
2105
2106
2096
2094
2102
2103
2102
2112
2119
2120
2135
2129
2127
2124
2106
2103
2095
2081
2084
2088
2080
2072
2064
2061
2059
2052
2054
2032
2024
2021
2015
2002
2009
2009
2003
1998
1970
1974
1977
1976
1964
1952
1944
1939
1903
1886
1877
1877
1885
1873
1867
1865
1874
1878
1878
1870
1868
1857
1859
1858
1860
1889
1902
1918
1917
1918
1936
1941
1954
1967
1970
1972
1977
1986
2008
2010
2018
2024
2066
2070
2065
2062
2075
2086
2083
2089
2096
2096
2096
2095
2096
2122
2125
2122
2127
2132
2124
2125
2129
2135
2136
2132
2129
2120
2113
2110
2111
2109
2071
2072
2073
2070
2061
2057
2054
2048
2038
2036
2031
2032
2037
2020
2013
2007
1998
2000
2003
2004
2003
2002
2015
2008
2007
2011
2013
2014
2026
2035
2013
2018
2025
2029
2036
2040
2051
2052
2053
2052
2057
2060
2059
2064
2067
2069
2064
2071
2062
2064
2076
2077
2071
2073
2070
2077
2090
2098
2084
2067
2057
2057
2058
2055
2034
2022
2013
2010
2010
2006
2006
1998
1988
1983
1976
1968
1961
1978
1975
1975
1962
1959
1974
1984
1981
1978
1969
1968
1982
1994
2002
2012
2016
2018
1996
2003
2012
2019
2017
2015
2013
2000
1994
2017
2018
2025
2033
2030
2019
2010
2013
2023
2028
2032
2027
2028
2016
2007
2012
2021
2026
2025
2030
2031
2007
2014
2019
2014
2006
1995
1985
1986
1992
1999
1997
1982
1972
1976
1982
1984
1992
2006
2003
2002
2003
2009
2016
2027
2033
2034
2022
2021
2024
2027
2031
2035
2040
2039
2027
2030
2044
2054
2058
2049
2042
2041
2041
2043
2046
2059
2063
2064
2061
2059
2057
2070
2075
2077
2076
2076
2070
2074
2077
2073
2073
2074
2077
2076
2057
2062
2060
2055
2033
2039
2039
2037
2035
2048
2048
2043
2040
2031
2028
2026
2029
2018
2023
2024
2015
2021
2016
2026
2032
2026
2016
2016
2023
2030
2032
2038
2039
2040
2014
2005
2005
2004
2010
2000
1996
2008
2016
2013
2009
2008
2006
1992
1991
1991
1997
1999
2005
2007
2008
2001
1987
1986
1992
1999
2006
2007
1999
2000
1985
1992
1996
2006
2010
2012
2011
2009
2015
2029
2036
2025
2018
2017
2021
2022
2023
2041
2040
2033
2029
2042
2037
2048
2053
2055
2039
2034
2026
2029
2035
2043
2043
2047
2039
2049
2049
2043
2043
2047
2052
2051
2045
2033
2031
2032
2032
2019
2018
2018
2013
2014
2015
2021
2020
2017
2020
2015
2014
2016
2017
2015
2009
2003
1988
1996
2001
1999
1991
2001
2011
2012
2012
2022
2023
2027
2028
2027
2032
2042
2050
2058
2061
2059
2062
2070
2072
2074
2073
2071
2072
2069
2066
2065
2066
2066
2066
2065
2060
2060
2056
2062
2070
2080
2071
2067
2061
2060
2057
2056
2052
2029
2025
2016
2014
2000
1997
1989
1984
1972
1971
1965
1958
1953
1955
1954
1948
1944
1945
1952
1956
1953
1937
1941
1945
1950
1953
1953
1959
1960
1961
1969
1974
1974
1983
1999
2000
2005
2015
2040
2042
2046
2048
2062
2071
2082
2090
2096
2102
2105
2112
2119
2122
2119
2111
2102
2096
2097
2099
2099
2093
2094
2079
2067
2063
2055
2043
2025
2017
1989
1978
1965
1962
1954
1933
1924
1920
1917
1908
1900
1896
1893
1874
1871
1877
1883
1906
1898
1899
1912
1920
1933
1936
1941
1960
1975
1973
1976
1987
2059
2060
2066
2072
2101
2110
2125
2157
2188
2259
2259
2250
2255
2265
2278
2281
2289
2334
2350
2366
2368
2362
2352
2337
2309
2284
2253
2256
2255
2244
2215
2196
2191
2184
2085
2066
2054
2042
1992
1982
1976
1969
1953
1917
1894
1874
1872
1862
1853
1843
1834
1800
1787
1782
1778
1773
1747
1741
1749
1742
1728
1721
1725
1723
1715
1702
1696
1691
1695
1702
1708
1714
1720
1753
1757
1774
1801
1827
1841
1866
1897
1981
1986
1995
2009
2104
2124
2139
2159
2186
2229
2241
2262
2291
2311
2331
2344
2357
2400
2423
2434
2438
2425
2421
2427
2430
2426
2380
2360
2344
2331
2308
2297
2273
2239
2152
2132
2105
2084
2066
2004
1979
1956
1929
1906
1887
1868
1861
1750
1730
1720
1709
1625
1607
1594
1592
1594
1570
1564
1562
1564
1572
1586
1598
1599
1641
1649
1658
1679
1750
1778
1808
1824
1835
1921
1940
1960
1996
2031
2064
2091
2119
2243
2266
2293
2333
2419
2440
2456
2478
2505
2544
2549
2559
2567
2559
2549
2547
2556
2549
2542
2528
2515
2454
2435
2417
2404
2385
2303
2275
2258
2240
2214
2184
2165
2135
2024
2000
1983
1955
1927
1845
1815
1790
1769
1744
1725
1704
1691
1628
1624
1624
1625
1600
1597
1583
1587
1599
1603
1618
1628
1632
1641
1648
1652
1676
1727
1754
1781
1804
1882
1906
1921
1931
1950
2013
2029
2049
2063
2083
2103
2112
2120
2166
2179
2192
2205
2237
2240
2247
2254
2262
2281
2287
2284
2280
2284
2297
2305
2302
2283
2283
2279
2276
2243
2223
2210
2200
2191
2150
2138
2126
2113
2098
2082
2077
2075
2021
2012
2000
1980
1968
1925
1915
1907
1898
1886
1868
1850
1836
1790
1779
1770
1761
1743
1734
1734
1741
1752
1760
1758
1753
1768
1779
1794
1808
1819
1843
1855
1870
1877
1937
1951
1971
1990
2002
2053
2068
2081
2097
2118
2134
2146
2149
2197
2211
2228
2242
2297
2307
2316
2319
2322
2334
2338
2335
2334
2330
2324
2328
2328
2312
2297
2287
2280
2233
2225
2219
2208
2186
2131
2119
2094
2082
2065
2049
2030
2016
1940
1920
1903
1890
1871
1829
1813
1792
1780
1770
1763
1757
1753
1716
1717
1709
1698
1692
1693
1703
1717
1723
1744
1759
1765
1776
1788
1802
1811
1822
1883
1901
1920
1929
1999
2015
2033
2048
2067
2106
2108
2120
2141
2159
2165
2169
2179
2234
2238
2239
2248
2286
2291
2284
2285
2288
2290
2299
2307
2305
2298
2293
2288
2292
2261
2255
2259
2262
2202
2185
2172
2161
2144
2117
2106
2100
2089
2072
2055
2047
2032
1970
1953
1925
1905
1892
1868
1852
1839
1826
1819
1812
1817
1815
1795
1798
1799
1798
1795
1801
1812
1817
1826
1837
1842
1843
1849
1850
1855
1865
1877
1912
1920
1936
1953
2001
2012
2014
2015
2025
2073
2083
2101
2121
2124
2132
2144
2155
2191
2202
2206
2206
2206
2199
2196
2205
2208
2204
2204
2199
2192
2183
2177
2171
2172
2163
2161
2152
2136
2128
2084
2076
2066
2056
2050
2033
2009
1987
1922
1919
1908
1900
1850
1846
1842
1838
1832
1809
1814
1812
1805
1804
1809
1815
1819
1829
1833
1836
1845
1873
1885
1891
1899
1915
1950
1961
1972
1991
2002
2005
2006
2021
2055
2066
2081
2095
2137
2146
2151
2163
2167
2179
2178
2182
2185
2190
2192
2186
2189
2207
2203
2202
2196
2195
2193
2192
2192
2197
2194
2186
2179
2186
2171
2170
2164
2152
2122
2111
2101
2087
2079
2050
2037
2027
2019
2012
2000
1988
1975
1951
1943
1946
1949
1934
1928
1924
1924
1918
1918
1910
1904
1904
1907
1911
1917
1918
1936
1939
1942
1944
1941
1939
1945
1950
1956
1975
1963
1968
1973
1985
1994
2001
2012
2010
2011
2009
2008
2013
2034
2039
2038
2045
2047
2042
2046
2054
2074
2075
2071
2078
2083
2092
2098
2096
2091
2083
2077
2079
2087
2084
2082
2077
2074
2031
2035
2033
2023
2019
2014
2005
1996
1998
1977
1978
1976
1970
1961
1955
1958
1953
1939
1935
1939
1937
1918
1923
1931
1938
1934
1933
1940
1946
1951
1962
1971
1975
1987
2006
2007
2014
2024
2031
2043
2045
2046
2058
2061
2063
2070
2087
2090
2095
2097
2104
2130
2127
2117
2116
2119
2116
2112
2118
2128
2123
2119
2112
2111
2115
2118
2122
2124
2102
2095
2087
2073
2065
2051
2046
2047
2041
2031
2023
2028
2025
2014
2008
2000
1992
1980
1974
1959
1952
1954
1958
1960
1960
1956
1948
1946
1944
1945
1968
1974
1985
1995
2002
1994
1999
2002
2007
2012
2013
2010
2009
2007
2007
2008
2009
2034
2031
2034
2040
2034
2051
2049
2043
2044
2044
2038
2044
2050
2063
2065
2070
2066
2054
2055
2062
2060
2065
2047
2034
2030
2026
2014
2009
2012
2013
1993
1977
1974
1979
1981
1960
1947
1947
1949
1950
1956
1965
1968
1954
1945
1950
1967
1971
1972
1972
1975
1976
1978
1982
1988
1999
2007
2005
2005
2009
1996
2008
2014
2021
2041
2032
2038
2054
2065
2084
2087
2082
2076
2082
2085
2086
2090
2107
2099
2089
2090
2100
2126
2135
2137
2130
2127
2133
2133
2138
2139
2139
2134
2133
2111
2096
2098
2112
2129
2111
2096
2087
2077
2081
2078
2071
2060
2028
2029
2032
2034
2007
2001
1996
1989
1975
1975
1977
1983
1982
1977
1976
1980
1975
1969
1958
1950
1942
1943
1943
1934
1938
1947
1941
1938
1943
1949
1948
1952
1963
1965
1966
1979
1984
1993
1997
2009
2010
2023
2021
2011
1998
2005
2016
2068
2079
2086
2092
2083
2086
2097
2101
2106
2092
2084
2078
2073
2065
2062
2068
2080
2054
2048
2042
2037
2021
2010
1998
1988
1979
1970
1971
1970
1967
1966
1958
1948
1934
1926
1929
1945
1950
1936
1931
1934
1940
1945
1950
1943
1937
1938
1940
1954
1964
1964
1966
1963
1960
1954
1955
1994
1994
1992
1996
2000
2003
2003
2003
2047
2051
2054
2061
2087
2101
2109
2115
2114
2134
2143
2150
2150
2148
2150
2163
2170
2165
2166
2165
2172
2156
2148
2144
2138
2132
2118
2108
2112
2110
2100
2091
2094
2094
2055
2058
2053
2047
2010
2011
2011
2001
2001
2007
2013
2008
1999
1997
1995
2001
2002
1963
1959
1959
1964
1974
1965
1965
1961
1964
1956
1948
1945
1944
1955
1955
1952
1946
1967
1973
1975
1974
1971
1985
1982
1981
1988
1992
1983
1977
1975
1957
1961
1967
1977
1988
1986
1988
1994
1998
2007
2016
2019
2022
2008
2007
2004
2000
2028
2026
2027
2032
1999
1999
2002
2001
2000
2022
2036
2049
2065
2070
2080
2093
2100
2108
2119
2125
2131
2133
2148
2151
2152
2145
2145
2154
2156
2154
2172
2173
2164
2157
2157
2154
2154
2155
2152
2143
2140
2146
2146
2136
2127
2124
2115
2068
2065
2054
2046
1990
1975
1959
1944
1940
1927
1921
1918
1918
1911
1893
1883
1873
1854
1847
1843
1839
1813
1805
1791
1794
1793
1792
1783
1782
1786
1796
1801
1803
1806
1825
1823
1833
1838
1848
1894
1903
1911
1919
1934
1941
1956
1976
2050
2073
2092
2104
2165
2174
2194
2205
2215
2248
2260
2275
2286
2296
2309
2324
2335
2341
2339
2336
2333
2319
2310
2298
2294
2284
2252
2246
2244
2234
2214
2192
2173
2157
2102
2080
2066
2054
2036
1964
1949
1928
1904
1883
1868
1851
1825
1737
1716
1695
1685
1643
1636
1626
1618
1628
1640
1650
1660
1670
1675
1675
1689
1703
1786
1799
1809
1830
1904
1927
1951
1967
1989
2050
2061
2075
2092
2120
2146
2166
2181
2241
2257
2276
2287
2336
2343
2351
2365
2372
2385
2387
2389
2391
2389
2384
2375
2375
2356
2353
2352
2342
2289
2271
2261
2251
2237
2189
2169
2155
2143
2118
2092
2075
2065
2014
1990
1965
1955
1940
1902
1907
1893
1876
1861
1856
1845
1829
1758
1729
1710
1683
1596
1592
1587
1586
1590
1614
1634
1664
1699
1730
1763
1812
1855
1959
1983
2003
2030
2074
2080
2088
2093
2095
2101
2105
2119
2132
2139
2145
2147
2150
2167
2173
2180
2183
2210
2213
2207
2199
2202
2219
2222
2223
2216
2214
2209
2203
2198
2149
2137
2125
2116
2036
2022
2008
2000
1990
1946
1944
1938
1944
1957
1973
1976
1973
2003
2005
2013
2027
2032
2015
1999
1978
1957
1932
1911
1892
1866
1781
1762
1749
1748
1770
1781
1796
1810
1829
1876
1888
1898
1916
1930
1932
1933
1932
1940
1952
1966
1970
1985
1999
2009
2021
2045
2103
2116
2122
2141
2153
2169
2187
2210
2254
2260
2264
2273
2283
2290
2290
2287
2280
2239
2234
2223
2215
2206
2195
2181
2169
2111
2096
2086
2074
2031
2018
2004
2007
2016
2029
2032
2034
2030
2028
2024
2036
2039
2049
2040
2034
2018
1998
1959
1954
1946
1934
1930
1924
1914
1892
1863
1862
1863
1867
1860
1853
1856
1865
1869
1868
1862
1860
1862
1865
1871
1883
1897
1932
1936
1945
1955
2028
2052
2063
2072
2082
2098
2097
2105
2126
2142
2145
2143
2140
2165
2165
2169
2177
2188
2205
2208
2198
2191
2192
2209
2227
2231
2156
2150
2151
2153
2086
2083
2075
2059
2043
1969
1966
1973
1972
1955
1935
1917
1908
1884
1886
1877
1863
1856
1845
1849
1854
1864
1887
1878
1870
1878
1891
1903
1912
1919
1948
1942
1946
1959
1962
1967
1980
1995
1999
1995
2007
2015
2028
2039
2043
2046
2042
2066
2074
2080
2091
2099
2081
2079
2077
2085
2094
2097
2090
2088
2088
2079
2078
2092
2117
2120
2124
2126
2131
2165
2168
2167
2164
2157
2154
2158
2160
2141
2137
2133
2125
2084
2074
2062
2056
2061
2056
2038
2021
2011
1998
1992
1992
1997
1968
1973
1970
1965
1962
1955
1952
1960
1970
1967
1978
1984
1995
1995
1992
1981
1976
1983
1989
1989
1990
1992
1987
1987
1980
1980
1985
1996
2001
2012
2014
2018
2025
2040
2023
2024
2011
2003
2007
2006
2008
2005
1991
1983
1987
1986
1983
2003
2009
2009
2008
2041
2056
2068
2079
2092
2089
2094
2110
2110
2114
2121
2126
2128
2107
2102
2108
2110
2107
2093
2082
2073
2069
2064
2057
2047
2032
1985
1978
1970
1960
1914
1906
1897
1891
1885
1866
1865
1862
1868
1872
1869
1872
1875
1886
1888
1891
1899
1910
1941
1947
1948
1951
1958
1971
1981
1983
2033
2049
2055
2063
2098
2104
2111
2123
2128
2133
2130
2126
2128
2139
2139
2136
2130
2118
2117
2125
2120
2119
2115
2119
2118
2115
2106
2104
2097
2094
2086
2076
2075
2073
2052
2048
2057
2052
2047
2031
2027
2031
2033
2031
2028
2030
2022
2002
1995
1989
1985
1963
1961
1956
1952
1954
1963
1963
1960
1957
1963
1977
1987
1991
1995
1994
1996
2001
1999
2008
2012
2015
2022
2035
2047
2049
2048
2054
2060
2067
2066
2081
2082
2081
2084
2082
2088
2087
2095
2095
2091
2083
2082
2081
2070
2072
2069
2062
2053
2051
2050
2049
2042
2018
2006
1995
1995
1991
1985
1989
1990
1950
1949
1956
1956
1953
1949
1951
1958
1960
1970
1976
1981
1975
1968
1970
1983
1996
2012
2005
2006
2012
2018
2027
2038
2034
2030
2029
2032
2039
2046
2046
2045
2045
2047
2051
2054
2057
2056
2058
2053
2056
2049
2044
2046
2047
2046
2048
2027
2027
2033
2023
2011
2012
2014
2016
2017
2018
2011
2012
2022
2028
2038
2038
2043
2047
2044
2043
2050
2043
2037
2033
2028
2025
2013
2010
2003
2000
1993
1982
1986
1989
1985
1988
1986
1983
1975
1978
1982
1981
1987
1989
1991
1996
1996
1986
1981
1983
1985
1991
1983
1987
1994
2002
2005
2005
1998
2001
2010
2017
2020
2030
2024
2028
2036
2046
2082
2084
2092
2098
2102
2116
2119
2117
2113
2117
2124
2123
2127
2116
2120
2122
2118
2110
2112
2114
2113
2112
2107
2094
2081
2078
2078
2069
2064
2061
2030
2036
2028
2016
1981
1978
1975
1979
1983
1953
1939
1935
1936
1936
1933
1938
1944
1943
1942
1938
1943
1942
1936
1939
1946
1948
1943
1941
1950
1957
1977
1981
1990
1991
2016
2017
2019
2020
2025
2045
2044
2046
2055
2064
2070
2067
2074
2083
2090
2097
2103
2095
2094
2101
2109
2120
2113
2110
2106
2108
2105
2090
2075
2066
2054
2045
2038
2037
2032
2028
2019
2015
2011
1980
1970
1964
1965
1968
1965
1969
1978
1957
1951
1942
1928
1922
1917
1913
1921
1926
1926
1934
1942
1941
1941
1932
1932
1939
1960
1963
1969
1988
1994
2008
2015
2023
2027
2024
2023
2028
2040
2060
2068
2082
2089
2123
2129
2125
2119
2123
2115
2114
2114
2117
2118
2121
2117
2107
2101
2100
2103
2098
2090
2088
2076
2072
2067
2060
2056
2044
2035
2024
2028
2025
2028
2010
2008
2015
2017
2021
2019
2020
2019
2024
2022
2022
2022
2018
2005
2004
2005
2010
2007
2004
2006
2008
2009
1982
1976
1984
1990
1993
1991
1991
1983
1983
1976
1970
1971
1971
1976
1980
1989
1993
1978
1982
1983
1982
1994
2006
2021
2032
2044
2048
2059
2070
2086
2086
2079
2075
2090
2107
2110
2112
2117
2125
2128
2120
2117
2131
2132
2133
2125
2118
2103
2106
2109
2106
2100
2101
2104
2105
2074
2068
2071
2070
2028
2030
2026
2012
1999
1972
1963
1951
1942
1929
1924
1928
1929
1903
1903
1904
1912
1926
1932
1941
1949
1950
1943
1943
1938
1940
1945
1952
1948
1944
1955
1957
1962
1960
1987
1984
1985
1992
2006
2002
2006
2005
2001
2004
2013
2002
2001
2015
2018
2005
1982
1984
1993
2005
2006
2001
1963
1951
1942
1941
1953
1964
1968
1980
2009
1999
2003
2012
2026
2017
2016
2028
2041
2058
2076
2089
2093
2087
2083
2080
2077
2122
2140
2149
2156
2164
2220
2239
2267
2298
2319
2336
2349
2368
2404
2403
2397
2400
2312
2286
2264
2244
2216
2111
2069
2022
1981
1951
1923
1894
1860
1793
1767
1752
1742
1733
1744
1753
1763
1779
1794
1806
1810
1816
1822
1828
1840
1845
1821
1819
1819
1817
1790
1793
1793
1794
1784
1786
1801
1816
1834
1841
1845
1865
1900
1994
2017
2040
2062
2089
2117
2119
2123
2131
2146
2161
2170
2177
2210
2216
2219
2226
2288
2308
2322
2333
2358
2404
2405
2418
2420
2418
2415
2415
2415
2390
2377
2369
2351
2269
2243
2214
2196
2181
2105
2071
2042
2017
1991
1971
1950
1926
1844
1824
1802
1780
1703
1677
1654
1645
1633
1590
1581
1558
1544
1535
1529
1526
1514
1553
1559
1572
1591
1615
1680
1705
1733
1768
1799
1826
1859
1898
2039
2070
2098
2123
2214
2239
2254
2271
2288
2321
2330
2338
2334
2338
2349
2363
2371
2362
2364
2375
2382
2385
2388
2380
2366
2358
2339
2337
2334
2322
2308
2287
2278
2265
2216
2210
2198
2176
2149
2093
2074
2050
2029
2007
1985
1963
1939
1858
1839
1827
1814
1742
1731
1723
1713
1712
1685
1680
1671
1668
1667
1661
1661
1665
1662
1660
1665
1678
1739
1747
1754
1776
1798
1834
1849
1871
1899
1919
1938
1958
1982
2040
2053
2067
2090
2155
2176
2197
2222
2244
2283
2305
2314
2322
2333
2346
2347
2351
2342
2339
2333
2332
2295
2285
2269
2262
2260
2224
2221
2206
2208
2207
2199
2187
2181
2152
2134
2112
2102
2102
2086
2077
2061
2043
2031
2013
2000
1993
1943
1931
1915
1904
1862
1859
1855
1846
1843
1820
1812
1809
1804
1801
1799
1806
1807
1795
1801
1805
1803
1782
1792
1799
1806
1807
1831
1837
1845
1856
1865
1881
1893
1922
2009
2032
2054
2069
2085
2143
2153
2166
2181
2202
2221
2236
2244
2269
2280
2278
2276
2276
2278
2282
2274
2263
2240
2230
2228
2215
2210
2220
2222
2210
2151
2151
2147
2133
2061
2045
2032
2015
2002
1967
1959
1947
1931
1910
1894
1879
1866
1831
1826
1817
1812
1800
1804
1803
1802
1803
1800
1807
1797
1794
1801
1811
1821
1827
1845
1847
1851
1859
1876
1901
1907
1921
1934
1940
1943
1957
1978
1999
2009
2013
2018
2060
2070
2080
2093
2102
2113
2123
2142
2158
2172
2185
2197
2203
2221
2229
2234
2237
2269
2275
2284
2279
2276
2284
2274
2268
2264
2262
2253
2252
2251
2202
2183
2169
2157
2107
2089
2075
2063
2050
2000
1981
1956
1946
1938
1924
1909
1901
1871
1865
1861
1860
1861
1866
1866
1863
1860
1865
1879
1885
1884
1884
1887
1895
1901
1923
1925
1924
1927
1935
1937
1947
1953
1949
1944
1951
1956
1951
1967
1976
1983
1983
1999
2004
2019
2031
2046
2066
2073
2081
2089
2087
2097
2107
2122
2138
2147
2153
2157
2167
2174
2175
2181
2184
2178
2165
2155
2157
2158
2148
2138
2132
2105
2096
2087
2075
2016
1999
1983
1973
1963
1920
1909
1901
1896
1897
1883
1877
1877
1867
1864
1856
1849
1851
1861
1869
1874
1884
1890
1890
1889
1891
1945
1958
1972
1977
1999
2006
2012
2025
2039
2049
2054
2056
2057
2064
2075
2083
2097
2089
2090
2105
2111
2126
2127
2129
2126
2130
2145
2150
2156
2160
2156
2158
2161
2152
2163
2163
2168
2167
2164
2151
2144
2139
2132
2118
2109
2101
2099
2101
2103
2101
2091
2063
2054
2048
2046
2004
1999
1985
1970
1957
1934
1930
1923
1921
1916
1906
1902
1898
1884
1889
1884
1879
1871
1866
1870
1882
1885
1912
1914
1917
1925
1932
1932
1937
1951
1962
1966
1962
1966
1970
1993
1997
2001
2008
2012
2011
2012
2018
2024
2032
2037
2031
2036
2038
2041
2050
2054
2048
2040
2044
2043
2043
2048
2057
2061
2082
2076
2082
2089
2096
2095
2092
2097
2099
2092
2095
2093
2091
2096
2091
2092
2092
2078
2070
2071
2073
2065
2030
2023
2014
2011
2005
2002
2004
2007
1979
1977
1976
1972
1978
1981
1986
1983
1986
1995
2005
2011
2015
2015
2018
2024
2025
2032
2040
2049
2057
2057
2063
2076
2087
2091
2092
2094
2101
2101
2095
2087
2087
2094
2070
2065
2066
2064
2052
2053
2056
2062
2058
2049
2047
2053
2070
2070
2068
2068
2069
2058
2064
2061
2059
2050
2035
2021
2018
2017
2002
2001
1994
1992
1984
1976
1962
1954
1959
1953
1952
1954
1939
1946
1947
1947
1955
1958
1958