2020
2017
2021
2030
2037
2045
2047
2047
2043
2041
2031
2039
2046
2054
2056
2046
2045
2054
2063
2063
2065
2065
2068
2073
2071
2076
2091
2086
2083
2079
2087
2084
2088
2079
2077
2079
2078
2078
2068
2067
2057
2053
2050
2042
2015
2015
2007
2002
2001
1999
2002
2001
2000
1996
1987
1993
1996
1991
1987
1987
1976
1968
1966
1969
1975
1973
1961
1961
1963
1964
1965
1966
1973
1976
1976
1984
1993
1999
1997
1999
2009
2005
2004
2010
2014
2025
2034
2040
2054
2059
2061
2060
2064
2068
2071
2070
2075
2077
2081
2086
2090
2091
2087
2081
2078
2073
2076
2073
2086
2087
2087
2089
2081
2084
2083
2079
2075
2066
2060
2055
2062
2049
2051
2056
2052
2050
2047
2044
2043
2042
2033
2032
2022
2018
2005
1996
1996
1996
1986
1978
1977
1980
1983
1973
1969
1971
1974
1966
1968
1967
1970
1995
1990
1984
1985
2003
1998
1998
2000
1998
1995
1978
1976
1977
1974
1978
1988
1990
1973
1980
1994
2009
2018
2023
2028
2034
2033
2037
2041
2045
2048
2056
2057
2047
2042
2052
2061
2064
2055
2048
2039
2045
2045
2047
2052
2053
2051
2059
2039
2047
2053
2062
2056
2057
2058
2057
2059
2064
2066
2061
2054
2049
2048
2051
2042
2036
2028
2025
2034
2032
2011
2013
2015
2011
2013
2029
2038
2034
1994
1995
1999
1997
1971
1986
2001
1999
1974
1982
1993
1997
1979
1961
1977
1995
2000
1989
1975
1974
1994
2026
2016
2021
2034
2052
2062
2052
2049
2057
2068
2087
2100
2103
2100
2092
2092
2091
2081
2074
2073
2077
2075
2040
2034
2035
2039
2039
2038
2028
2021
2014
2016
2004
1999
2013
2011
2012
2007
2013
2023
2021
2014
2014
2014
2032
2030
2028
2025
2032
2036
2036
2016
2010
2003
1994
1993
1981
1975
1963
1958
1962
1970
1968
1960
1958
1955
1952
1954
1964
1960
1965
1966
1970
1974
1985
1984
1984
1997
2008
2021
2029
2060
2072
2069
2061
2065
2098
2101
2089
2074
2079
2082
2089
2090
2075
2074
2070
2072
2073
2077
2077
2072
2065
2049
2054
2050
2046
2048
2049
2051
2049
2038
2033
2040
2046
2038
2038
2035
2034
2036
2037
2033
2037
2041
2033
2025
2020
2023
2016
2017
2011
2012
2012
2026
2029
2031
2036
2029
2019
2018
2022
2020
2017
2010
2007
2007
2004
2009
2011
2012
1991
1990
1991
1997
2002
2002
2001
1999
1999
1995
2001
2009
1979
2056
2061
2048
2066
2045
1993
1991
2011
2010
2026
2068
2081
2038
2006
1993
2013
2027
1981
1936
1922
1925
1968
1963
1939
1933
1966
1991
1998
1978
2019
2019
2026
2030
2028
2065
2049
2053
2074
2086
2073
2064
2068
2077
2081
2082
2082
2085
2077
2075
2084
2090
2100
2102
2075
2047
2035
2020
2009
2017
2019
2027
2047
2051
2026
2006
1988
1987
1989
1970
1984
2016
2034
2033
2024
2032
2048
2003
2005
2027
2050
2068
2052
2048
2040
2035
2034
2037
2024
2010
1988
1990
1987
1992
2005
2003
2001
2006
2011
2020
2025
2030
2026
2030
2037
2034
2022
2008
2018
2019
2026
2005
2001
1996
1981
1976
2000
2002
2010
2022
2023
2021
2023
2027
2041
2035
2031
2026
1999
2011
2015
2014
2015
2020
2026
2026
2028
2036
2039
2036
2027
2057
2058
2047
2038
2023
2028
2031
2034
2042
2029
2036
2042
2030
2018
2019
2025
2031
2030
2035
2032
2031
2029
2017
2022
2025
2030
2028
2034
2038
2035
2038
2049
2047
2052
2043
2049
2050
2045
2045
2044
2032
2026
2034
2032
2029
2023
2021
2038
2048
2051
2049
2062
2072
2085
2088
2090
2065
2067
2062
2061
2063
2056
2046
2040
2036
2030
2026
2018
2021
2004
1996
1985
1977
1967
1957
1959
1964
1968
1965
1966
1962
1930
1922
1923
1921
1916
1898
1890
1889
1888
1895
1897
1896
1898
1888
1884
1884
1878
1865
1861
1870
1882
1894
1919
1921
1922
1917
1927
1936
1936
1939
2060
2084
2105
2121
2124
2139
2150
2161
2179
2191
2208
2227
2246
2274
2282
2292
2301
2338
2323
2317
2316
2310
2274
2265
2257
2255
2237
2220
2210
2206
2169
2170
2174
2179
2180
2188
2184
2181
2183
2158
2145
2136
2126
2107
2097
2080
2059
1995
1978
1967
1953
1941
1927
1910
1891
1879
1868
1872
1867
1862
1836
1833
1825
1809
1743
1726
1709
1695
1704
1713
1728
1748
1756
1774
1784
1805
1826
1852
1869
1889
1905
1941
1947
1951
1955
1955
1939
1944
1944
1951
1958
1969
1981
1995
2045
2063
2081
2082
2125
2131
2133
2134
2129
2132
2151
2160
2168
2172
2185
2211
2222
2234
2242
2263
2281
2269
2270
2275
2279
2279
2257
2239
2229
2221
2211
2199
2183
2168
2130
2125
2111
2088
2074
2031
2025
2009
1991
1969
1943
1921
1908
1825
1814
1795
1769
1693
1686
1692
1697
1701
1695
1700
1708
1714
1721
1730
1730
1720
1724
1724
1726
1725
1773
1784
1796
1814
1844
1911
1931
1957
1980
2001
2035
2069
2089
2150
2166
2182
2190
2231
2242
2251
2265
2277
2334
2348
2362
2381
2386
2386
2405
2425
2439
2445
2442
2436
2389
2377
2373
2365
2348
2279
2251
2235
2224
2213
2199
2178
2158
2082
2077
2066
2051
2031
1979
1966
1944
1926
1916
1896
1884
1874
1834
1818
1814
1822
1799
1796
1793
1791
1782
1780
1767
1758
1763
1773
1779
1777
1772
1809
1831
1845
1861
1906
1929
1945
1956
1967
2000
2015
2026
2033
2036
2044
2051
2063
2085
2097
2110
2120
2160
2163
2167
2170
2176
2164
2160
2156
2155
2150
2153
2155
2145
2111
2104
2097
2089
2082
2044
2053
2059
2054
2049
2049
2047
2044
2039
2036
2027
2022
2002
1988
1976
1969
1968
1963
1954
1938
1932
1933
1941
1941
1945
1960
1971
1972
1965
1956
1953
1953
1947
1944
1923
1914
1906
1904
1909
1916
1910
1902
1922
1924
1925
1925
1964
1976
1987
1992
1994
2015
2020
2028
2047
2053
2053
2062
2073
2087
2089
2094
2110
2123
2162
2166
2171
2185
2194
2204
2200
2202
2187
2175
2180
2179
2163
2154
2142
2137
2132
2104
2093
2079
2069
2065
2066
2058
2046
2005
1994
1996
1995
1955
1945
1943
1946
1948
1948
1957
1956
1952
1944
1937
1933
1933
1902
1908
1901
1898
1894
1898
1902
1902
1898
1897
1899
1899
1905
1913
1920
1923
1933
1965
1964
1972
1979
1982
2000
2002
2006
2010
2015
2036
2059
2075
2116
2126
2137
2145
2170
2180
2191
2199
2198
2202
2202
2203
2206
2199
2189
2183
2181
2139
2122
2119
2126
2092
2079
2075
2086
2091
2061
2047
2041
2045
2053
2046
2035
2021
2010
2014
2010
1995
1962
1960
1953
1954
1954
1950
1949
1957
1961
1958
1960
1966
1974
1968
1972
1968
1966
1974
1985
1980
1982
1980
1978
1977
1983
1985
1997
1997
2005
2017
2032
2035
2047
2048
2046
2055
2062
2072
2067
2059
2067
2079
2084
2075
2067
2053
2040
2050
2047
2046
2051
2046
2048
2042
2040
2044
2040
2045
2048
2048
2020
2012
2020
2027
2028
2002
2009
2005
2007
2004
2003
2003
2000
1982
1972
1970
1978
1979
1977
1977
1984
1985
1997
2006
2007
2005
2007
2009
2003
1995
1973
1973
1972
1974
1952
1957
1967
1976
1980
1966
1971
1979
1995
2000
2002
1996
1989
2017
2025
2022
2017
2045
2049
2040
2035
2026
2052
2059
2052
2041
2054
2071
2086
2097
2086
2093
2095
2093
2071
2070
2074
2076
2079
2057
2051
2047
2046
2050
2048
2045
2045
2051
2050
2045
2035
2025
2038
2041
2039
2044
2042
2042
2047
2047
2044
2051
2058
2058
2043
2036
2039
2042
2052
2059
2049
2039
2033
2030
2034
2029
2026
2015
2015
2018
2013
2012
2009
2011
2011
2012
2009
2012
2016
2019
2018
2020
2019
2021
2008
2021
2031
2039
2044
2045
2052
2056
2053
2038
2040
2037
2033
2027
2028
2023
2014
2025
2021
2014
2012
2008
1986
1986
1987
1987
1977
1970
1968
1967
1967
1967
1964
1964
1960
1958
1960
1961
1966
1966
1969
1973
1984
1986
1988
1999
2014
2036
2043
2047
2047
2078
2083
2074
2074
2086
2077
2077
2077
2079
2082
2079
2080
2073
2058
2053
2055
2055
2047
2051
2053
2051
2057
2056
2060
2057
2044
2039
2041
2046
2044
2028
2036
2043
2037
2035
2012
2014
2025
2027
2032
2024
2014
2012
2008
2003
1993
1985
1990
1996
2003
2003
2010
2002
1996
1989
1981
1980
1981
1987
1989
2015
2026
2035
2042
2046
2051
2063
2070
2073
2064
2064
2063
2068
2071
2068
2062
2066
2074
2082
2088
2084
2048
2037
2030
2030
2039
2021
2021
2022
2018
2016
2018
2020
2021
2006
1997
1994
2000
1995
1996
1999
1997
1992
1995
1997
2002
1994
1981
1976
1975
1982
1990
1992
1991
1983
1982
1990
1981
1984
1993
1995
1994
1998
1990
1979
1980
1978
1974
1977
1972
1981
1980
1982
1997
1998
2007
2008
2002
2001
2007
2018
2038
2039
2040
2043
2054
2062
2066
2064
2056
2043
2049
2053
2062
2070
2083
2093
2091
2088
2086
2084
2089
2083
2079
2078
2074
2080
2062
2069
2074
2081
2077
2070
2067
2067
2078
2076
2070
2066
2061
2047
2050
2048
2052
2053
2058
2052
2047
2040
2044
2052
2062
2041
2041
2041
2044
2050
2027
2021
2017
2013
2003
2008
2007
1993
2012
2007
1999
2025
1932
1922
1906
1899
1919
1955
1952
1970
1981
1969
1952
1956
1962
1880
1861
1857
1858
1893
1921
1945
1979
2015
2071
2087
2091
2101
2108
2112
2106
2105
2131
2130
2131
2148
2147
2153
2148
2125
2096
2060
2034
2017
2009
2019
2024
2038
2054
2042
2037
2016
1986
1961
1957
1964
1976
1994
2012
2029
2038
2047
2032
2018
2010
2004
2027
2047
2066
2073
2060
2083
2079
2072
2075
2081
2082
2074
2055
2045
2047
2062
2067
2034
2015
2001
1987
1976
1961
1962
1975
1989
1995
2007
2016
2014
2023
2025
2028
2035
2041
2050
2068
2067
2064
2073
2073
2062
2060
2048
2042
2028
2025
2017
2032
2042
2057
2072
2088
2077
2067
2052
2033
2011
1999
1991
1975
1976
1977
1984
1992
1992
1994
1998
2005
2045
2052
2059
2062
2059
2050
2035
2022
2025
2045
2059
2056
2016
1999
1992
1990
1984
1982
1973
1967
1965
1971
1978
1978
1976
1966
1962
1964
1960
1960
1990
1999
2004
2015
2028
2036
2037
2034
2037
2032
2033
2029
2025
2004
2000
2003
2007
2004
2001
2002
2008
2007
2001
2008
2012
2022
2032
2051
2070
2084
2082
2081
2077
2066
2035
2028
2034
2042
2046
2048
2054
2061
2060
2052
2046
2049
2045
2053
2055
2054
2055
2029
2018
2007
2001
2001
1992
1986
1977
1939
1937
1936
1931
1924
1927
1937
1939
1941
1936
1931
1932
1944
1950
1955
1953
1960
1979
1984
2010
2036
2041
2082
2075
2058
2054
2075
2090
2098
2119
2161
2169
2174
2174
2199
2205
2198
2181
2169
2150
2153
2152
2150
2150
2154
2158
2156
2153
2143
2154
2176
2172
2161
2144
2133
2137
2142
2144
2148
2152
2144
2132
2122
2105
2074
2066
2048
2041
1992
1978
1962
1948
1932
1893
1889
1890
1886
1888
1894
1895
1879
1844
1845
1848
1846
1826
1818
1819
1825
1824
1825
1832
1831
1836
1844
1859
1873
1879
1891
1890
1909
1928
1944
1972
1984
1997
2006
2016
2019
2021
2008
1999
2002
2009
2023
2023
2018
2014
2022
2035
2050
2059
2066
2072
2075
2078
2080
2082
2085
2078
2065
2059
2071
2080
2088
2091
2095
2111
2110
2112
2119
2131
2132
2127
2123
2100
2095
2086
2074
2067
2062
2053
2047
2045
2042
2041
2039
2031
2011
2009
2008
2003
1989
1990
1993
1984
1974
1974
1970
1965
1959
1951
1945
1941
1938
1934
1938
1951
1967
1972
1966
1977
1982
1987
1986
1994
1989
1990
1994
1991
1990
1990
2009
2011
2015
2017
2025
2040
2059
2072
2082
2074
2073
2083
2093
2100
2108
2119
2126
2128
2130
2135
2146
2186
2189
2195
2201
2203
2217
2208
2195
2186
2181
2177
2176
2175
2133
2123
2115
2107
2094
2053
2048
2042
2039
2038
2036
2030
2025
2007
2013
2010
2011
1964
1954
1956
1964
1973
1976
1974
1967
1967
1966
1967
1966
1965
1967
1965
1962
1958
1939
1940
1950
1948
1948
1950
1947
1954
1961
1974
1978
1984
1992
2003
2013
2019
2024
2044
2042
2035
2036
2038
2037
2041
2044
2041
2034
2034
2033
2029
2023
2024
2018
2025
2026
2031
2030
2040
2042
2021
2010
2008
2010
2011
2002
1999
1997
1991
1988
1979
1982
1988
1972
1960
1954
1950
1951
1959
1967
1970
1959
1963
1965
1970
1993
1997
2003
2000
2003
1989
1985
1986
1992
2000
2002
1999
1996
2011
2014
2020
2022
2039
2047
2055
2058
2070
2075
2071
2067
2066
2069
2074
2076
2076
2061
2061
2060
2066
2067
2070
2069
2065
2065
2061
2062
2058
2054
2054
2062
2060
2049
2058
2061
2059
2047
2032
2027
2030
2034
2047
2045
2046
2047
2044
2037
2036
2035
2039
2060
2047
2042
2037
2038
2048
2047
2044
2037
2029
2030
2025
2012
2001
1994
1988
1983
1956
1953
1950
1957
1960
1962
1954
1947
1949
1955
1960
1970
1977
1965
1971
1976
1983
2009
2015
2010
2000
1996
2014
2019
2033
2050
2052
2044
2033
2030
2046
2060
2075
2080
2076
2066
2061
2076
2079
2085
2085
2092
2104
2096
2106
2111
2115
2115
2107
2115
2116
2116
2115
2109
2106
2106
2105
2097
2090
2084
2065
2061
2056
2048
2016
2009
2004
2001
2007
1977
1969
1962
1959
1961
1961
1964
1971
1955
1950
1944
1954
1961
1960
1954
1961
1969
1964
1970
1972
1976
1976
1976
1978
1981
2007
2017
2016
2015
2017
2024
2021
2031
2045
2061
2052
2051
2058
2067
2068
2060
2065
2080
2072
2063
2058
2061
2072
2061
2067
2071
2065
2056
2050
2052
2046
2045
2041
2032
2009
2005
2004
2006
2006
2004
2001
1999
1989
1992
1997
2000
1997
1985
1982
1991
2002
1999
1987
1979
1992
2002
1982
1981
1979
1967
1959
1959
1964
1967
1970
1973
1972
1977
1998
2000
2001
2003
2007
2021
2031
2031
2027
2028
2031
2029
2030
2054
2058
2060
2052
2078
2074
2079
2084
2084
2061
2059
2056
2053
2055
2060
2062
2051
2022
2023
2031
2027
2041
2043
2039
2036
2043
2042
2043
2046
2047
2045
2042
2040
2046
2053
2063
2062
2057
2059
2061
2061
2050
2040
2037
2040
2042
2037
2038
2040
2040
2041
2038
2044
2043
2040
2043
2048
2047
2045
2044
2044
2048
2054
2058
2046
2038
2039
2037
2038
2047
2041
2034
2032
2027
2027
2025
2029
2028
2024
2020
2021
2033
2034
2032
2036
2024
2018
2017
2019
2019
2019
2018
2023
2023
2020
2021
2018
2015
2018
2021
2026
2023
1993
1996
2005
2011
2008
1980
1973
1968
1969
1960
1957
1959
1960
1975
1966
1961
1959
1963
1974
1972
1968
1964
1966
1967
1975
1983
1984
1987
1991
2002
1998
2007
2013
2018
2026
2020
2020
2027
2038
2045
2046
2043
2032
2043
2039
2038
2044
2053
2050
2054
2053
2050
2043
2046
2046
2039
2038
2038
2042
2045
2034
2032
2039
2041
2063
2054
2050
2059
2072
2061
2073
2082
2093
2092
2089
2077
2070
2070
2068
2060
2057
2056
2062
2061
2056
2045
2048
2049
2044
2037
2034
2033
2034
2040
2034
2029
2028
2022
2021
2014
2020
2027
2017
2023
2024
2025
2023
2020
2023
2028
2035
2038
2049
2058
2058
2056
2056
2059
2053
2059
2059
2053
2052
2045
2026
2027
2024
2022
2026
2022
2016
2004
2001
1993
1986
1976
1964
1956
1958
1957
1959
1950
1960
1975
1983
1955
1959
1957
1961
1966
1952
1948
1953
1965
1968
1974
1977
1980
2005
2003
2001
2004
2018
2020
2022
2025
2029
2028
2025
2026
2034
2038
2036
2039
2047
2033
2034
2034
2040
2050
2028
2032
2048
2051
2039
2013
2005
2019
2023
2011
2010
2017
2027
2016
2012
2023
2042
2036
2029
2033
2043
2064
2069
2060
2043
2063
2081
2091
2086
2075
2076
2087
2090
2077
2057
2057
2058
2057
2051
2044
2033
2021
2033
2025
2023
2032
2038
2046
2045
2033
2033
2038
2047
2055
2045
2038
2048
2055
2043
2028
2035
2046
2043
2036
2042
2035
2030
2024
2022
2028
2042
2044
2023
2023
2026
2035
2005
2006
2001
1998
1997
1993
1990
1984
1986
1986
1986
1979
1981
1982
1995
1996
1988
1975
1983
1996
1998
1998
2004
2010
2017
2030
2032
2041
2061
2074
2060
2045
2029
2024
2028
2009
2023
2036
2039
2046
2049
2052
2057
2042
2041
2031
2028
2002
1999
2002
1997
1995
1999
2005
2006
2008
2001
1998
1993
2000
2016
2020
2017
2021
2030
2035
2047
2053
2051
2038
2045
2053
2061
2062
2061
2062
2053
2067
2058
2051
2057
2051
2045
2042
2042
2044
2048
2053
2056
2050
2050
2049
2050
2047
2034
2036
2033
2034
2033
2034
2033
2031
2028
2025
2025
2024
2029
2009
2010
2016
2017
2003
2003
2007
2017
2021
2010
2007
2000
2006
2005
2004
2001
1998
2013
2007
2001
1991
1991
1996
2004
2003
2002
2005
2008
2006
2004
2002
2011
2020
2029
2023
2021
2021
2027
2056
2061
2057
2059
2061
2066
2071
2063
2059
2059
2055
2051
2057
2064
2062
2064
2057
2049
2034
2025
2022
2033
2040
2039
2036
2028
1999
1988
1987
1979
1962
1955
1952
1958
1959
1961
1958
1968
1975
1970
1966
1976
1980
1996
1994
1994
2000
2011
2017
2021
2025
2031
2043
2043
2047
2046
2040
2041
2049
2050
2031
2020
2023
2028
2023
2015
2015
2015
2019
2008
2007
2004
2005
2001
1992
1988
1978
1959
1958
1952
1947
1943
1946
1953
1956
1956
1958
1969
1972
1976
1981
1992
1998
2003
2020
2044
2060
2068
2073
2101
2104
2112
2120
2124
2130
2133
2135
2159
2167
2169
2160
2264
2251
2234
2222
2190
2111
2112
2110
2116
2125
2137
2146
2159
2199
2207
2222
2235
2221
2199
2178
2167
2161
2147
2140
2138
2151
2158
2164
2157
2153
2072
2054
2042
2031
2007
1941
1926
1919
1916
1909
1906
1904
1899
1863
1852
1843
1844
1862
1869
1873
1877
1878
1852
1839
1842
1856
1862
1859
1860
1880
1895
1899
1899
1894
1876
1886
1889
1885
1893
1907
1900
1904
1915
1922
1918
1922
1931
1933
1932
1937
1930
1942
1949
1966
1978
1980
1996
1999
2007
2019
2024
2028
2034
2038
2063
2065
2065
2064
2062
2050
2053
2047
2047
2048
2059
2065
2069
2043
2047
2064
2070
2051
2060
2069
2067
2064
2052
2059
2068
2071
2069
2063
2052
2047
2047
2034
2028
2025
2014
2000
2001
2000
2011
2011
2010
2007
1997
2003
2004
2009
2013
2031
2035
2035
2039
2038
2042
2037
2042
2041
2037
2036
2039
2052
2063
2062
2064
2071
2080
2079
2077
2076
2077
2077
2074
2068
2075
2084
2087
2081
2078
2065
2061
2058
2050
2061
2055
2057
2060
2062
2062
2070
2072
2063
2061
2069
2070
2068
2067
2073
2074
2069
2085
2081
2073
2072
2081
2095
2099
2101
2100
2097
2093
2091
2085
2079
2082
2090
2093
2067
2067
2070
2061
2053
2049
2053
2053
2050
2048
2042
2037
2030
2010
2011
2014
2013
1998
2009
2022
2028
2026
2034
2032
2032
2032
2017
2012
2016
2028
2028
2031
2027
2020
2023
1998
1993
1991
1992
1989
1987
1979
1971
1974
1976
1970
1969
1951
1945
1940
1936
1942
1939
1939
1944
1946
1948
1951
1956
1960
1971
1968
1964
1960
1985
1978
1981
1989
1998
2002
1997
1992
1993
1992
1994
1993
1996
2010
2010
2008
2007
2000
2003
2009
2017
2025
2026
2024
2022
2025
2030
2027
2023
2030
2022
2023
2030
2036
2027
2023
2030
2033
2034
2032
2034
2041
2042
2031
2034
2042
2049
2065
2060
2062
2060
2059
2076
2076
2069
2070
2067
2066
2062
2056
2063
2067
2071
2071
2067
2065
2057
2059
2069
2056
2062
2060
2057
2046
2040
2041
2041
2014
2017
2016
2014
1990
2000
2008
2011
2011
2010
2015
2011
2014
2013
2016
2017
2022
2012
2017
2019
2018
1986
1985
1978
1977
1972
1953
1958
1956
1952
1954
1952
1949
1942
1919
1923
1926
1929
1929
1947
1953
1950
1961
1974
1977
1983
1988
1995
1997
2002
2017
2045
2056
2060
2061
2063
2073
2067
2066
2075
2081
2079
2080
2084
2078
2068
2069
2078
2084
2078
2072
2066
2066
2071
2071
2078
2088
2078
2062
2061
2063
2083
2086
2086
2087
2109
2102
2101
2105
2107
2103
2100
2097
2097
2094
2089
2094
2089
2078
2075
2083
2086
2072
2069
2067
2070
2076
2062
2059
2057
2061
2067
2074
2073
2060
2053
2048
2037
2033
2037
2034
2028
2027
2023
2023
2021
2024
2026
1995
1988
1989
1989
1990
2002
2004
2001
1998
1995
1992
1989
1986
1986
1975
1964
1962
1945
1945
1945
1937
1938
1946
1952
1959
1963
1965
1968
1972
1976
1969
1968
1982
1991
1994
1996
1995
2004
2016
2027
2037
2035
2027
2019
2031
2042
2043
2044
2037
2028
2026
2030
2036
2034
2026
2020
2017
2021
2022
2023
2014
2013
2016
2025
2028
2018
2010
2011
2014
1994
1985
1983
1981
1976
1976
1984
1987
1982
1980
1976
1975
1985
1981
1976
1973
1970
1966
1962
1963
1968
1981
1978
1976
1975
1978
1993
2000
2012
2020
2023
2033
2040
2046
2050
2054
2056
2063
2087
2091
2096
2102
2108
2109
2106
2104
2095
2085
2083
2082
2086
2087
2087
2081
2077
2068
2064
2060
2055
2053
2059
2056
2049
2048
2052
2065
2064
2058
2061
2055
2057
2059
2050
2042
2048
2051
2045
2041
2040
2039
2039
2063
2060
2061
2063
2045
2041
2052
2061
2065
2046
2046
2047
2043
2038
2034
2031
2029
2020
2021
2026
2029
2025
2028
2031
2034
2037
2030
2024
2026
2024
2027
2023
2029
2027
2026
2020
2014
2014
2014
2010
2008
2007
2009
2001
1997
1991
1989
1988
1987
1995
2001
1989
1980
1977
1974
1979
1977
1971
1968
1963
1965
1969
1969
1969
1967
1975
1978
1985
1987
1993
1999
2001
1997
2011
2015
2012
2017
2019
2014
2015
2021
2028
2026
2028
2029
2026
2029
2029
2026
2037
2033
2031
2029
2031
2016
2016
2014
2012
2016
2015
2019
2017
2007
2008
2015
2018
2018
2018
2010
2014
2021
2021
2025
2039
2049
2045
2050
2052
2060
2092
2089
2084
2079
2081
2096
2101
2115
2119
2108
2087
2084
2089
2077
2079
2078
2071
2055
2054
2047
2043
2040
2023
2015
2019
2023
2024
2025
2020
2018
1998
1991
1985
1983
1983
1978
1976
1982
1990
1992
1991
1998
2016
2024
2026
2022
2017
2009
2019
2019
2015
2018
2019
2023
2023
2023
2026
2029
2021
2017
2001
2004
2010
2016
2009
2006
2004
2001
2005
1994
1995
1999
1997
1985
1984
1988
1995
2007
2007
2009
2013
2029
2035
2043
2048
2054
2059
2063
2060
2060
2067
2074
2081
2082
2064
2062
2063
2059
2027
2023
2024
2025
2024
2014
2014
2012
2010
2014
2016
2011
2008
2003
2003
2013
2018
2033
2032
2033
2033
2038
2029
2042
2055
2050
2047
2053
2053
2055
2027
2034
2044
2042
2036
2041
2043
2041
2030
2023
2029
2045
2051
2047
2045
2046
2053
2046
2061
2062
2058
2059
2065
2060
2051
2040
2033
2035
2038
2041
2034
2038
2031
2026
2007
2011
2014
2015
2002
2000
2009
1997
1990
1982
1985
1990
1993
2003
2004
1999
1998
2001
1989
1978
1987
1999
1965
1969
1982
1990
1989
1982
1980
1974
1979
1986
1995
1994
1982
1977
1982
1994
2007
2004
2005
2020
2042
2046
2044
2053
2062
2024
2009
1997
1996
2005
2022
2017
2019
2023
2027
2037
2047
2041
2039
2041
2044
2051
2039
2029
2017
2016
2019
2021
2015
2013
2014
2021
2016
2007
2010
2011
2017
2024
2032
2043
2046
2047
2048
2055
2066
2076
2075
2069
2073
2084
2073
2063
2047
2046
2048
2043
2037
2052
2057
2051
2047
2055
2054
2052
2041
2028
2027
2036
2037
2047
2048
2046
2041
2028
2033
2046
2037
2034
2043
2043
2036
2036
2034
2035
2034
2030
2030
2028
2040
2053
2058
2047
2054
2063
2070
2065
2065
2071
2075
2050
2044
2039
2027
2048
2037
2025
2029
2032
2015
2014
2016
2014
1998
1990
1990
1998
2000
2002
2007
2007
2006
1997
1995
2001
2008
2012
2009
2011
2020
2019
2018
2021
2021
2015
2018
2018
2015
2011
1988
1986
1988
1990
1994
1990
1982
1976
1976
1981
1971
1965
1955
1944
1927
1914
1901
1871
1867
1863
1861
1860
1859
1855
1854
1867
1877
1883
1882
1875
1851
1845
1833
1825
1840
1843
1845
1850
1852
1873
1882
1882
1887
1901
1913
1921
1933
1992
2013
2036
2052
2061
2109
2122
2135
2150
2175
2197
2214
2236
2292
2302
2329
2350
2372
2390
2411
2443
2474
2526
2557
2578
2593
2614
2637
2654
2658
2667
2676
2682
2686
2681
2671
2655
2642
2629
2565
2549
2535
2517
2495
2377
2392
2441
2489
2493
2439
2356
2251
1754
1671
1621
1624
1656
1634
1616
1587
1557
1592
1601
1603
1612
1629
1641
1653
1681
1680
1680
1681
1687
1711
1690
1673
1651
1618
1454
1424
1410
1401
1384
1375
1374
1379
1391
1389
1399
1409
1569
1606
1666
1728
1771
1871
1898
1908
1922
1934
1950
1995
2061
2307
2351
2386
2403
2298
2253
2224
2210
2206
2259
2270
2265
2254
2239
2219
2199
2179
2125
2113
2105
2094
2086
2042
2030
2022
2016
2013
2009
2009
2032
2212
2252
2268
2268
2272
2275
2283
2297
2297
2270
2244
2193
2131
2074
2028
1996
1963
1957
1938
1922
1903
1883
1852
1816
1781
1755
1713
1719
1734
1748
1757
1773
1788
1805
1811
1809
1813
1818
1826
1840
1867
1905
1948
2034
2054
2076
2107
2132
2150
2158
2167
2176
2183
2191
2195
2194
2238
2235
2219
2189
2172
2200
2202
2203
2199
2193
2189
2186
2184
2155
2166
2173
2186
2256
2271
2285
2290
2296
2289
2289
2305
2322
2325
2346
2366
2369
2276
2269
2254
2234
2175
2152
2123
2083
2036
1919
1900
1873
1846
1830
1831
1825
1819
1765
1741
1724
1720
1719
1753
1770
1772
1774
1784
1796
1798
1803
1864
1875
1885
1902
2008
2031
2051
2064
2077
2111
2120
2135
2152
2166
2175
2171
2171
2132
2139
2143
2148
2117
2115
2118
2120
2116
2091
2086
2080
2076
2077
2078
2091
2103
2084
2069
2056
2049
2034
2041
2041
2040
2043
2009
1999
1988
1979
1965
1952
1944
1932
1894
1879
1859
1845
1760
1749
1739
1736
1737
1750
1757
1752
1750
1753
1759
1764
1774
1822
1824
1835
1848
1887
1899
1905
1921
1937
1974
1988
2004
2018
2037
2049
2053
2064
2093
2104
2119
2132
2147
2177
2176
2173
2176
2174
2172
2170
2178
2183
2178
2176
2174
2147
2143
2133
2125
2125
2112
2098
2101
2103
2090
2076
2064
2060
2045
2050
2054
2056
2070
2074
2077
2088
2102
2140
2138
2130
2131
2133
2141
2138
2139
2127
2122
2117
2114
2108
2063
2053
2043
2030
2012
1997
1990
1987
1926
1916
1907
1911
1885
1886
1876
1872
1873
1873
1875
1876
1889
1941
1940
1941
1955
1956
1959
1960
1968
1974
1972
1973
1967
1969
1965
1958
1957
1950
1946
1948
1950
1958
1974
1975
1984
1995
2026
2025
2020
2024
2037
2050
2051
2064
2075
2074
2072
2073
2078
2088
2102
2109
2112
2143
2148
2153
2155
2158
2148
2149
2147
2146
2146
2138
2127
2121
2125
2122
2118
2114
2086
2081
2080
2077
2070
2052
2042
2045
2046
2050
2053
2054
2048
2024
2030
2030
2027
2037
2034
2029
2025
2030
2055
2051
2048
2052
2051
2042
2028
2027
2041
2036
2033
2030
2034
2017
2018
2022
2022
2031
2034
2037
2037
2018
2017
2004
1996
1975
1969
1962
1967
1975
1973
1977
1982
1979
1972
1971
1976
1982
1964
1966
1958
1960
1967
1967
1970
1968
1974
1952
1957
1957
1958
1963
1961
1960
1956
1995
2004
2013
2017
2027
2035
2039
2041
2046
2057
2063
2056
2048
2053
2060
2059
2057
2056
2061
2070
2069
2053
2056
2059
2060
2058
2035
2032
2021
2012
1998
2001
2001
2000
1996
1987
1978
1968
1974
1986
1980
1982
1982
1979
1974
1974
1972
1973
1968
1964
1962
1982
1992
1997
2005
2007
2004
2014
2019
2020
2016
2018
2027
2043
2034
2029
2030
2037
2046
2047
2058
2062
2063
2055
2069
2075
2082
2076
2072
2077
2077
2086
2087
2088
2094
2099
2096
2070
2064
2065
2062
2055
2048
2049
2050
2046
2054
2054
2054
2055
2047
2040
2037
2027
2026
2024
2032
2036
2033
2039
2041
2043
2045
2024
2019
2024
2024
2026
2030
2036
2037
2008
2016
2023
2035
2042
2037
2039
2043
2051
2042
2053
2060
2056
2055
2055
2052
2054
2066
2063
2064
2058
2051
2036
2038
2038
2036
2039
2041
2034
2021
1971
1971
1973
1972
1955
1941
1936
1936
1939
1946
1946
1941
1943
1941
1940
1942
1949
1965
1975
1981
1986
2001
2012
2018
2024
2027
2039
2037
2035
2037
2037
2036
2036
2038
2011
2016
2014
2013
2017
2015
2014
2016
2009
2009
2013
2014
2020
2021
2015
2016
2019
2043
2056
2059
2048
2046
2046
2047
2052
2067
2073
2071
2060
2056
2051
2057
2062
2059
2043
2033
2029
2030
2042
2040
2037
2031
2030
2025
2022
2016
2009
2027
2029
2030
2020
2025
2038
2051
2051
2043
2038
2036
2033
2033
2046
2061
2066
2072
2050
2058
2074
2077
2074
2077
2073
2072
2078
2089
2087
2083
2078
2075
2069
2064
2064
2055
2056
2044
2031
2028
2020
2023
2018
2010
2011
2009
1999
1995
1976
1979
1984
1982
1944
1942
1948
1954
1957
1951
1954
1959
1962
1962
1964
1972
1977
2000
2005
2007
2004
2019
2019
2023
2034
2037
2021
2019
2018
2023
2027
2025
2025
2032
2003
2000
2003
2010
2009
2004
1999
2002
2004
2011
2005
2002
2010
2014
2007
2005
2013
2030
2026
2026
2028
2034
2038
2052
2060
2073
2058
2056
2061
2066
2076
2087
2086
2083
2068
2068
2065
2066
2073
2068
2063
2054
2050
2041
2039
2041
2037
2031
2018
2017
2012
1990
1988
1991
1999
1996
1986
1986
1983
1984
1987
1993
1996
1994
1994
1986
1983
1979
1995
1998
2003
1999
2003
2026
2026
2029
2035
2039
2035
2034
2043
2048
2063
2068
2068
2085
2087
2091
2095
2105
2204
2220
2228
2212
2152
2066
2000
1945
1848
1882
1918
1956
2132
2137
2141
2153
2158
2129
2150
2162
2162
2170
2193
2209
2199
2068
2041
2037
2031
2020
2023
2025
2011
1992
1976
1964
1941
1913
1866
1874
1892
1902
1904
1885
1878
1878
1877
1891
1898
1904
1907
1910
1910
1907
1887
1863
1882
1916
1959
2137
2147
2129
2091
2052
1977
1974
1990
2025
2058
2089
2114
2150
2166
2146
2124
2106
2045
2034
2030
2027
2027
2009
2000
1990
1979
1976
1983
1996
2020
2105
2131
2140
2150
2149
2142
2133
2129
2120
2038
2012
1991
1988
1991
2003
2016
2021
2032
2016
2001
1995
1991
1964
1963
1958
1958
1971
1994
2012
2023
1999
1974
1957
1940
1933
1953
1976
1990
2000
2031
2029
2035
2040
2042
2041
2039
2037
2064
2073
2084
2092
2064
2052
2047
2039
2030
2021
2020
2022
2027
2019
2019
2029
2034
2026
2021
2017
2008
2003
1980
1982
1981
1979
1972
1961
1952
1953
1984
1978
1982
1982
1936
1932
1930
1932
1936
1920
1899
1868
1826
1680
1617
1566
1529
1497
1478
1465
1452
1478
1500
1526
1547
1569
1649
1686
1726
1759
1778
1796
1801
1812
1886
1908
1938
1977
2192
2258
2324
2394
2457
2647
2699
2744
2799
2857
2912
2963
3012
3191
3234
3272
3313
3461
3488
3512
3546
3576
3599
3554
3490
3409
3302
3179
3043
2922
2626
2606
2595
2577
2473
2427
2378
2333
2290
2205
2175
2148
2122
2086
2041
1985
1924
1576
1485
1391
1291
1204
956
877
806
720
628
544
481
417
338
370
403
435
558
591
613
634
666
769
809
851
890
921
945
980
1019
1266
1349
1440
1550
1908
1939
1943
1914
1882
1869
1895
1933
1982
2038
2091
2141
2166
2208
2203
2209
2217
2257
2271
2288
2306
2326
2376
2399
2437
2494
2544
2588
2630
2679
2874
2896
2902
2906
2906
2869
2829
2775
2732
2688
2639
2586
2535
2359
2329
2305
2278
2141
2105
2069
2040
2021
1958
1949
1941
1935
1937
1936
1942
1943
1861
1829
1788
1744
1673
1674
1679
1688
1692
1640
1629
1619
1614
1611
1617
1626
1633
1668
1680
1702
1716
1720
1747
1760
1779
1788
1795
1810
1830
1852
1983
2030
2077
2121
2307
2362
2423
2483
2535
2671
2711
2752
2783
2822
2858
2880
2892
2944
2938
2934
2930
2836
2811
2786
2761
2742
2662
2625
2595
2557
2511
2449
2401
2364
2228
2213
2185
2136
1955
1906
1862
1827
1798
1717
1698
1682
1666
1651
1629
1597
1562
1451
1443
1435
1425
1366
1362
1361
1371
1381
1444
1474
1503
1530
1565
1594
1609
1627
1734
1761
1788
1816
1845
1953
1989
2022
2051
2074
2100
2125
2156
2288
2323
2355
2379
2416
2425
2424
2427
2440
2441
2442
2436
2433
2433
2425
2415
2396
2297
2272
2253
2241
2155
2125
2090
2061
2029
1946
1929
1912
1907
1902
1883
1851
1822
1728
1721
1707
1699
1692
1683
1669
1663
1663
1666
1658
1652
1645
1619
1620
1622
1627
1647
1651
1667
1676
1684
1719
1738
1755
1776
1797
1809
1827
1839
1894
1905
1916
1931
1970
1985
1996
2007
2022
2050
2064
2080
2094
2108
2122
2141
2156
2193
2195
2202
2215
2233
2244
2247
2250
2251
2271
2270
2266
2260
2258
2260
2268
2285
2333
2342
2351
2358
2351
2350
2353
2352
2349
2305
2277
2250
2228
2217
2191
2164
2144
2089
2077
2055
2039
2026
2000
1995
1981
1967
1957
1947
1931
1923
1860
1863
1858
1844
1796
1789
1778
1777
1778
1755
1747
1746
1746
1740
1733
1728
1721
1717
1710
1714
1726
1785
1805
1825
1846
1856
1900
1911
1926
1939
1952
1961
1975
1998
2060
2073
2093
2114
2179
2196
2222
2241
2259
2284
2295
2307
2324
2334
2339
2336
2335
2345
2341
2339
2333
2300
2284
2273
2259
2239
2188
2181
2171
2168
2156
2146
2138
2134
2085
2081
2082
2085
2079
2041
2032
2026
2016
2004
2002
1994
1986
1953
1950
1942
1929
1912
1914
1916
1914
1911
1926
1927
1927
1924
1931
1941
1950
1943
1961
1970
1980
1979
1977
1990
1998
2004
2005
1998
2001
2002
2012
2016
2025
2028
2031
2023
2006
1997
1994
1999
1995
1990
1989
1988
1999
2002
1998
1993
1991
1988
1993
1987
1990
1997
2002
2005
2004
2008
2019
2023
2029
2026
2025
2022
2016
2041
2037
2034
2037
2042
2033
2026
2019
2016
2008
2010
2007
2004
2006
2008
2020
2036
2045
2050
2058
2064
2064
2071
2072
2071
2075
2069
2069
2057
2037
2028
2024
2010
1997
1963
1950
1942
1939
1917
1917
1914
1917
1918
1906
1906
1907
1904
1901
1900
1905
1907
1922
1922
1919
1920
1938
1941
1943
1952
1963
1991
1991
1997
2002
2009
2021
2040
2056
2070
2075
2086
2097
2099
2113
2119
2126
2130
2135
2140
2140
2144
2133
2135
2150
2158
2155
2158
2159
2160
2161
2145
2138
2136
2141
2141
2132
2130
2132
2093
2085
2087
2087
2048
2039
2034
2023
2013
2005
2004
2001
2002
1994
1983
1984
1985
2008
2004
2000
1997
2007
2013
2022
2027
2026
2020
2023
2025
2033
2049
2059
2064
2069
2069
2065
2069
2070
2084
2076
2077
2075
2078
2062
2067
2068
2066
2058
2050
2047
2046
2022
2023
2022
2021
1992
1991
1987
1989
1993
1984
1981
1987
1991
1988
1984
1983
1987
1984
1973
1964
1965
1973
1962
1953
1942
1935
1938
1939
1938
1942
1919
1917
1920
1918
1907
1915
1927
1930
1935
1948
1957
1964
1976
1981
1984
1982
1980
2006
2017
2022
2019
2033
2025
2014
2002
2010
2031
2034
2032
2036
2036