2843
2899
2948
2996
3041
3087
3127
3163
3197
3282
3303
3329
3348
3370
3389
3405
3416
3423
3411
3400
3392
3382
3366
3338
3308
3275
3126
3076
3030
2978
2700
2613
2515
2421
2330
2029
1940
1853
1767
1688
1621
1551
1485
1294
1226
1170
1111
1058
1016
977
947
916
846
827
800
775
747
731
709
685
660
601
586
565
545
537
531
526
527
571
597
619
655
816
857
901
957
1020
1198
1261
1324
1391
1461
1535
1613
1696
1999
2071
2137
2201
2432
2483
2535
2585
2747
2770
2790
2819
2829
2861
2868
2869
2870
2864
2854
2834
2799
2640
2584
2525
2468
2200
2130
2058
1982
1911
1700
1644
1582
1514
1460
1411
1369
1329
1214
1195
1182
1174
1168
1182
1199
1220
1294
1315
1342
1374
1408
1527
1577
1631
1685
1735
1793
1854
1910
2152
2204
2271
2336
2392
2559
2611
2666
2716
2766
2806
2846
2890
3014
3050
3082
3114
3142
3173
3204
3233
3256
3317
3328
3341
3354
3373
3376
3382
3378
3362
3357
3346
3321
3298
3247
3222
3198
3174
3149
3121
3083
3042
2854
2798
2742
2686
2438
2378
2311
2252
2183
1998
1938
1873
1813
1752
1692
1640
1592
1395
1351
1316
1275
1142
1122
1112
1099
1070
1077
1081
1091
1104
1144
1166
1189
1215
1236
1259
1285
1316
1440
1474
1506
1541
1636
1649
1660
1676
1770
1795
1815
1834
1856
1903
1916
1936
1956
1979
1993
2003
2017
2049
2057
2064
2068
2111
2110
2119
2128
2141
2157
2161
2165
2169
2171
2163
2157
2161
2131
2118
2106
2090
2034
2022
2009
1999
1933
1919
1897
1885
1875
1842
1831
1821
1816
1808
1801
1793
1779
1776
1776
1775
1775
1784
1791
1795
1793
1796
1824
1836
1843
1852
1870
1881
1900
1915
1980
1999
2021
2040
2120
2137
2161
2174
2200
2263
2282
2299
2323
2345
2362
2373
2389
2430
2444
2453
2466
2473
2485
2489
2489
2492
2474
2465
2458
2449
2439
2430
2415
2399
2388
2345
2326
2304
2283
2262
2239
2216
2196
2116
2103
2085
2068
1968
1948
1929
1910
1845
1828
1807
1786
1769
1731
1719
1707
1699
1691
1686
1675
1671
1642
1635
1639
1645
1645
1648
1654
1661
1667
1685
1698
1708
1715
1729
1735
1740
1748
1770
1773
1779
1790
1818
1826
1837
1846
1895
1909
1920
1937
1958
2021
2040
2059
2079
2097
2116
2144
2165
2222
2231
2252
2270
2324
2332
2337
2343
2349
2362
2368
2368
2373
2374
2373
2375
2370
2353
2345
2338
2337
2301
2292
2291
2285
2264
2266
2262
2255
2248
2244
2240
2235
2237
2239
2240
2242
2236
2217
2210
2210
2211
2190
2191
2185
2176
2170
2141
2135
2128
2114
2098
2081
2073
2064
2013
1995
1975
1956
1888
1879
1870
1858
1817
1810
1806
1795
1797
1775
1769
1770
1769
1768
1773
1782
1791
1818
1832
1848
1865
1914
1920
1931
1948
1958
1994
2006
2010
2016
2023
2023
2025
2032
2023
2020
2014
2012
1981
1975
1973
1974
1948
1946
1939
1939
1934
1916
1911
1910
1906
1904
1904
1894
1885
1875
1879
1880
1877
1882
1879
1885
1882
1883
1893
1898
1900
1909
1911
1914
1917
1927
1950
1949
1955
1956
1962
1971
1978
1983
2000
2007
2010
2015
2025
2046
2057
2069
2080
2088
2093
2102
2112
2149
2161
2176
2183
2201
2199
2205
2213
2218
2232
2239
2241
2241
2245
2238
2232
2223
2205
2208
2210
2207
2173
2166
2156
2145
2114
2108
2096
2095
2090
2066
2064
2058
2052
2046
2041
2039
2035
2022
2022
2017
2016
2010
2011
2007
2009
2012
2008
1999
1999
2002
2004
2007
2008
2007
2002
1997
1993
1994
1992
1991
1990
1987
1990
1994
2001
1998
1998
1986
1985
1982
1976
1966
1964
1966
1966
1963
1961
1951
1946
1941
1939
1937
1940
1942
1939
1934
1930
1933
1932
1928
1926
1931
1940
1948
1954
1955
1968
1970
1982
1990
1999
2028
2032
2040
2052
2055
2059
2059
2068
2094
2105
2113
2113
2120
2122
2126
2121
2104
2097
2101
2097
2094
2082
2078
2076
2068
2058
2050
2050
2048
2016
2014
2007
1999
1979
1980
1983
1981
1986
1987
1984
1988
1981
1984
1989
1986
1990
2001
2000
1996
1997
2003
2008
2005
2008
2005
2010
2013
2018
2019
2016
2019
2018
2021
2020
2022
2025
2029
2022
2013
2016
2023
2022
2026
2031
2030
2038
2035
2032
2037
2043
2046
2051
2048
2048
2063
2066
2069
2073
2077
2076
2077
2081
2075
2076
2083
2085
2082
2064
2064
2059
2058
2059
2057
2057
2050
2019
2017
2018
2019
2009
2007
2010
2002
1994
2002
2000
1996
1999
2000
1997
1998
1999
2001
2006
2016
2024
2034
2028
2032
2031
2055
2058
2059
2055
2047
2041
2039
2034
2025
2024
2025
2023
2031
2034
2034
2033
2033
2018
2015
2016
2016
2015
2012
2010
2013
2016
2021
2025
2025
2024
2024
2023
2025
2029
2030
2034
2045
2051
2048
2036
2040
2041
2046
2045
2046
2047
2050
2041
2039
2033
2032
2025
2023
2013
2013
2003
2005
2007
2003
1997
1989
1981
1980
1988
1995
1994
1983
1984
1972
1973
1974
1971
1950
1948
1949
1949
1944
1930
1930
1933
1934
1939
1943
1951
1953
1953
1957
1967
1974
1984
1987
1989
1997
2017
2019
2025
2026
2025
2037
2045
2052
2057
2065
2069
2071
2074
2103
2108
2116
2127
2151
2165
2164
2144
2133
2176
2194
2226
2253
2249
2215
2163
2118
2045
2063
2072
2074
2106
2124
2146
2147
2149
2107
2085
2050
2023
2016
2014
2007
2013
2026
2026
2026
2022
2018
2018
2014
2011
1965
1963
1959
1955
1953
1947
1971
2001
2035
2051
2034
1988
1933
1813
1838
1866
1894
1906
1925
1946
1972
1997
2030
2043
2074
2111
2155
2205
2241
2251
2191
2165
2132
2094
2017
2042
2075
2099
2117
2058
2014
1974
1931
1902
1890
1904
1921
2055
2067
2054
2015
1896
1915
1943
1973
2020
2006
1983
1960
1938
1894
1891
1884
1876
1869
1864
1860
1854
1841
1841
1856
1877
1986
1998
2001
1993
1985
1923
1901
1875
1859
1858
1872
1887
1908
2005
2012
2018
2022
2039
2073
2117
2150
2223
2236
2246
2253
2256
2273
2279
2280
2285
2280
2284
2282
2277
2222
2198
2173
2146
2109
2129
2156
2172
2183
2198
2192
2181
2175
2166
2156
2143
2124
2050
2029
2010
1985
1902
1892
1880
1866
1821
1803
1788
1779
1782
1827
1853
1883
1910
1925
1934
1932
1922
1930
1935
1943
1949
1928
1917
1900
1882
1866
1833
1820
1814
1813
1817
1821
1834
1845
1839
1833
1832
1836
1884
1904
1923
1940
1944
1933
1924
1915
1900
1892
1888
1886
1884
1893
1900
1917
1940
2028
2062
2095
2126
2247
2281
2322
2349
2367
2385
2379
2377
2380
2380
2377
2376
2361
2310
2304
2307
2308
2386
2431
2477
2527
2696
2724
2747
2768
2788
2833
2844
2849
2856
2872
2880
2878
2871
2730
2673
2622
2575
2444
2419
2387
2341
2281
2075
2023
1979
1950
1930
1920
1912
1907
1773
1727
1681
1639
1525
1501
1481
1464
1445
1386
1370
1365
1367
1375
1383
1396
1407
1424
1417
1404
1390
1355
1339
1324
1315
1283
1272
1272
1270
1270
1289
1310
1332
1365
1400
1433
1465
1498
1608
1645
1689
1740
1922
1957
1986
2003
2020
2054
2064
2069
2068
2057
2045
2034
2009
1895
1873
1854
1840
1796
1775
1767
1764
1773
1808
1811
1803
1794
1780
1755
1731
1711
1682
1684
1696
1708
1730
1746
1756
1763
1760
1742
1739
1738
1736
1739
1754
1776
1809
1846
1938
1980
2018
2053
2086
2121
2158
2196
2338
2368
2406
2447
2571
2602
2627
2657
2691
2790
2832
2869
2900
2920
2933
2952
2961
2994
3004
3015
3026
3011
3000
2987
2991
2972
2955
2932
2910
2884
2826
2819
2805
2794
2785
2773
2753
2738
2671
2653
2642
2634
2542
2508
2467
2438
2307
2272
2237
2201
2153
2032
1988
1945
1906
1861
1820
1789
1759
1656
1632
1615
1598
1530
1515
1501
1490
1484
1492
1496
1504
1514
1518
1528
1539
1553
1549
1536
1535
1531
1533
1525
1512
1506
1479
1476
1479
1486
1487
1470
1464
1449
1438
1432
1424
1419
1412
1420
1441
1464
1485
1569
1583
1598
1617
1644
1723
1751
1780
1810
1835
1855
1881
1904
1980
2001
2021
2042
2085
2083
2082
2080
2092
2098
2104
2106
2107
2091
2088
2086
2085
2083
2082
2090
2099
2132
2141
2159
2169
2198
2204
2217
2227
2234
2244
2251
2258
2261
2267
2269
2271
2271
2264
2261
2266
2274
2289
2294
2294
2293
2282
2283
2290
2295
2310
2314
2311
2300
2298
2296
2288
2281
2277
2224
2211
2200
2190
2121
2098
2083
2069
2057
2024
2011
1999
1993
1985
1972
1969
1965
1931
1920
1916
1917
1904
1892
1888
1882
1859
1861
1857
1852
1848
1833
1830
1827
1818
1815
1814
1812
1806
1774
1764
1757
1759
1755
1756
1759
1759
1762
1776
1794
1812
1824
1841
1859
1875
1889
1936
1946
1961
1980
2034
2043
2047
2057
2101
2106
2109
2109
2114
2111
2107
2106
2108
2106
2097
2095
2091
2080
2078
2078
2076
2089
2095
2099
2107
2113
2122
2124
2131
2142
2155
2160
2167
2175
2198
2203
2207
2210
2232
2239
2243
2244
2250
2248
2249
2250
2251
2237
2239
2234
2234
2239
2239
2243
2244
2244
2243
2236
2228
2213
2206
2200
2199
2198
2172
2164
2164
2168
2165
2160
2156
2151
2098
2082
2065
2050
2004
1990
1973
1952
1888
1875
1857
1841
1833
1807
1799
1798
1799
1797
1792
1791
1783
1775
1775
1776
1779
1791
1789
1785
1788
1791
1800
1800
1802
1807
1809
1810
1823
1832
1844
1844
1849
1856
1881
1884
1885
1897
1905
1909
1919
1922
1927
1944
1944
1949
1955
1961
1961
1964
1964
1969
1969
1963
1965
1975
1983
1990
1997
2005
2019
2026
2025
2028
2031
2029
2038
2042
2053
2062
2070
2073
2097
2107
2117
2123
2144
2152
2162
2172
2177
2188
2193
2194
2186
2189
2180
2183
2184
2179
2179
2185
2184
2183
2185
2185
2183
2178
2163
2157
2155
2164
2168
2163
2164
2164
2149
2148
2155
2149
2137
2126
2113
2109
2092
2084
2076
2064
2059
2041
2033
2034
2029
2028
2028
2030
2025
2009
2007
2000
2000
1991
1984
1978
1986
1987
1983
1979
1976
1975
1978
1982
1980
1978
1984
1988
1985
1981
1979
1979
1979
1974
1964
1962
1964
1963
1965
1960
1959
1958
1953
1953
1954
1950
1940
1945
1948
1947
1948
1940
1941
1935
1936
1939
1945
1950
1957
1960
1972
1971
1973
1980
1982
1985
1993
1994
2001
1999
2000
2002
2006
2013
2014
2023
2025
2031
2033
2038
2037
2037
2038
2042
2045
2060
2060
2062
2063
2068
2071
2071
2072
2071
2072
2071
2070
2073
2077
2078
2078
2071
2073
2074
2072
2073
2051
2050
2051
2053
2040
2038
2036
2028
2024
2031
2026
2026
2024
2016
2004
2000
1999
1998
1992
1993
1998
1993
1990
1985
1988
1979
1981
1987
1989
1995
2010
2012
2012
2013
2013
2014
2018
2013
2014
2011
2016
2019
2021
2022
2026
2028
2023
2020
2016
2015
2017
2015
2014
2016
2017
2014
2016
2019
2016
1996
1997
2001
2008
2019
2019
2024
2025
2036
2044
2046
2048
2051
2058
2062
2066
2064
2079
2079
2081
2081
2088
2088
2085
2083
2083
2084
2085
2079
2077
2080
2083
2092
2093
2082
2078
2074
2077
2074
2079
2077
2073
2069
2057
2051
2049
2048
2048
2052
2055
2052
2051
2049
2048
2050
2052
2045
2035
2035
2033
2021
2017
2011
2007
2002
2004
2003
2003
1995
1994
1987
1983
1978
1967
1967
1967
1965
1967
1964
1961
1960
1959
1958
1965
1972
1990
1987
1990
1992
1996
2012
2008
2012
2020
2021
2026
2030
2032
2031
2029
2031
2030
2006
2010
2004
2000
1999
1996
1996
1992
1988
1964
1956
1950
1948
1947
1949
1946
1941
1946
1945
1943
1941
1944
1950
1954
1955
1958
1984
1982
1990
1993
1999
2008
2011
2020
2036
2040
2045
2057
2060
2069
2070
2074
2080
2094
2096
2099
2101
2100
2105
2108
2112
2120
2126
2125
2116
2116
2111
2108
2114
2122
2122
2121
2121
2125
2135
2135
2137
2141
2124
2120
2122
2119
2121
2105
2103
2099
2096
2088
2084
2081
2084
2064
2061
2061
2058
2047
2046
2042
2041
2022
2014
2000
1991
1988
1965
1959
1958
1957
1952
1951
1953
1952
1944
1941
1944
1954
1950
1946
1952
1952
1952
1956
1961
1960
1961
1961
1969
1970
1978
1987
1984
1987
1994
2001
2001
2008
2016
2014
2009
2001
2001
2008
2035
2047
2045
2035
2028
2022
2012
2003
1949
1923
1893
1877
1901
1915
1924
1928
1934
1954
1974
1995
2015
2039
2054
2068
2078
2089
2091
2091
2097
2100
2104
2105
2108
2105
2084
2078
2069
2068
2070
2073
2075
2081
2079
2039
2029
2033
2051
2066
2078
2087
2098
2051
2038
2023
2010
2003
2018
2037
2049
2059
2048
2035
2034
2031
2035
2052
2068
2083
2089
2090
2094
2088
2045
2051
2051
2052
2062
2063
2067
2073
2081
2087
2085
2089
2094
2108
2115
2117
2117
2105
2097
2088
2078
2073
2067
2064
2068
2067
2053
2038
2028
2027
2035
2040
2041
2053
2062
2046
2036
2029
2009
1992
1984
1982
1987
2015
2026
2037
2035
1986
1980
1964
1955
1938
1938
1933
1923
1925
1920
1919
1918
1910
1903
1900
1895
1890
1838
1833
1837
1840
1875
1888
1902
1915
1924
1934
1939
1939
1942
1942
1946
1951
1956
1964
1974
1983
1989
1996
2002
2010
2021
2030
2057
2065
2069
2075
2079
2088
2087
2087
2090
2089
2090
2090
2091
2089
2077
2068
2062
2030
2026
2023
2015
2020
2024
2030
2031
1990
1982
1977
1974
1970
1961
1958
1962
1966
1955
1951
1950
1948
1958
1954
1958
1965
1971
1964
1965
1966
1968
1969
1979
1990
1999
2006
2019
2031
2040
2076
2088
2107
2127
2144
2158
2181
2205
2222
2273
2291
2309
2326
2341
2351
2368
2385
2395
2413
2422
2428
2439
2454
2461
2466
2471
2532
2546
2564
2563
2538
2515
2498
2484
2430
2421
2411
2403
2399
2357
2342
2329
2304
2268
2227
2189
2154
1999
1965
1940
1910
1763
1730
1702
1686
1668
1626
1617
1606
1596
1592
1588
1578
1567
1502
1496
1498
1503
1455
1444
1442
1437
1453
1460
1470
1485
1499
1534
1548
1564
1583
1600
1612
1618
1629
1692
1706
1725
1742
1835
1855
1881
1908
1938
2066
2105
2149
2183
2214
2233
2242
2244
2210
2201
2183
2174
2096
2072
2043
2020
1937
1923
1914
1909
1905
1919
1925
1927
1932
1930
1928
1918
1912
1889
1888
1886
1882
1868
1865
1863
1866
1900
1913
1919
1929
1937
1941
1939
1951
1963
1973
1991
2013
2033
2111
2124
2143
2168
2276
2303
2328
2357
2391
2484
2509
2533
2564
2589
2611
2631
2648
2666
2666
2673
2670
2637
2628
2615
2607
2595
2592
2593
2588
2573
2519
2495
2472
2450
2428
2400
2365
2344
2254
2223
2194
2160
2055
2026
2001
1973
1948
1887
1871
1852
1832
1813
1784
1768
1752
1676
1652
1636
1622
1563
1550
1542
1538
1539
1540
1551
1560
1567
1573
1580
1589
1594
1607
1611
1614
1615
1623
1633
1644
1658
1672
1705
1720
1733
1749
1765
1778
1791
1804
1852
1865
1873
1885
1896
1917
1920
1929
1948
1961
1971
1983
1992
2044
2051
2067
2092
2165
2180
2197
2216
2231
2255
2261
2261
2261
2269
2275
2277
2279
2275
2273
2273
2266
2270
2276
2276
2271
2260
2251
2245
2238
2232
2217
2212
2207
2200
2191
2189
2178
2175
2160
2163
2163
2166
2169
2173
2175
2181
2180
2186
2187
2184
2178
2170
2159
2146
2131
2073
2063
2052
2038
1999
1991
1991
1984
1968
1960
1955
1949
1947
1932
1928
1925
1926
1924
1926
1925
1920
1931
1945
1951
1958
1967
1953
1951
1955
1959
1944
1930
1915
1908
1901
1899
1891
1883
1834
1818
1803
1792
1778
1769
1762
1757
1748
1748
1747
1747
1746
1733
1730
1729
1727
1729
1732
1738
1744
1765
1772
1786
1801
1837
1846
1860
1872
1881
1895
1894
1894
1897
1902
1911
1914
1928
1949
1959
1972
1985
2030
2044
2056
2064
2100
2107
2114
2127
2133
2134
2132
2134
2139
2140
2142
2146
2154
2182
2192
2200
2204
2230
2237
2243
2250
2259
2270
2273
2278
2284
2293
2299
2303
2301
2294
2289
2295
2304
2299
2295
2288
2284
2261
2250
2236
2230
2222
2188
2182
2176
2168
2161
2150
2143
2131
2104
2096
2088
2082
2068
2064
2060
2053
2050
2055
2056
2051
2043
2040
2037
2032
2030
2012
2010
2007
2005
2010
2011
2002
1998
1966
1964
1956
1957
1950
1926
1921
1919
1911
1902
1899
1903
1911
1911
1914
1919
1923
1939
1945
1957
1962
1966
1968
1975
1976
1972
1966
1960
1963
1959
1965
1970
1972
1973
1974
1971
1969
1966
1949
1947
1946
1941
1935
1918
1907
1899
1897
1896
1903
1902
1897
1877
1875
1873
1869
1875
1885
1885
1883
1889
1900
1901
1905
1907
1913
1921
1926
1936
1975
1985
1994
2009
2031
2042
2050
2058
2077
2081
2086
2094
2107
2117
2127
2132
2138
2147
2156
2153
2158
2181
2184
2185
2180
2183
2181
2177
2174
2174
2164
2158
2150
2150
2152
2154
2151
2146
2138
2133
2124
2122
2103
2093
2093
2090
2071
2067
2068
2066
2066
2047
2044
2044
2038
2029
2019
2015
2020
2008
2005
2004
2000
1988
1990
1989
1982
1984
1977
1974
1974
1974
1970
1965
1962
1958
1954
1959
1959
1962
1955
1957
1966
1966
1987
1991
1982
1983
1992
1989
1991
1988
1993
1993
1998
2003
2003
2002
2008
2013
2012
2015
2013
2015
2013
2013
2018
2014
2013
2014
2017
2019
2018
2015
2020
2025
2022
2017
2000
1999
2001
2006
2005
2001
1998
1993
1995
2003
2009
2014
2020
2026
2034
2040
2045
2049
2046
2048
2054
2049
2049
2053
2053
2054
2042
2038
2043
2045
2050
2051
2047
2048
2043
2040
2035
2033
2038
2040
2042
2040
2026
2025
2025
2023
2025
2031
2031
2032
2037
2043
2046
2047
2043
2050
2056
2065
2071
2075
2071
2066
2063
2070
2067
2059
2055
2051
2048
2047
2043
2033
2022
2020
2020
2019
2023
2020
2020
2020
2020
2007
2005
2006
2002
2003
2001
1996
1996
2001
1999
1998
1994
1994
1992
1986
1985
1983
1984
1991
1995
2000
1999
1999
1999
2009
2019
2021
2026
2031
2026
2025
2025
2024
2025
2030
2034
2034
2037
2020
2024
2024
2024
2015
2013
2013
2010
2011
2025
2026
2024
2024
2018
2022
2031
2032
2035
2041
2040
2044
2052
2046
2035
2034
2047
2045
2044
2042
2039
2049
2058
2062
2057
2053
2048
2042
2038
2043
2044
2038
2030
2011
2011
2011
2008
2009
2013
2019
2018
2017
2016
2017
2022
2023
2027
2024
2028
2032
2035
2030
2022
2024
2021
2024
2029
2031
2033
2018
2017
2015
2014
2014
2017
2012
2011
2010
2010
2010
2010
1996
1991
1995
1999
2002
2010
2009
2013
2015
2021
2021
2024
2025
2027
2034
2031
2030
2035
2038
2035
2034
2041
2039
2039
2042
2038
2028
2029
2022
2023
2020
2017
2019
2018
2000
2000
2011
2013
2023
2028
2030
2030
2031
2039
2041
2046
2052
2053
2050
2045
2049
2055
2059
2060
2062
2065
2061
2053
2046
2047
2044
2043
2043
2043
2034
2031
2024
2024
2022
2022
2016
2012
2002
1993
1994
2000
1994
1998
2007
2006
2004
2004
2012
2011
2013
2017
2020
2023
2031
2036
2038
2038
2031
2019
2019
2020
2022
2034
2034
2033
2036
2030
2032
2033
2036
2032
2026
2027
2025
2022
2003
1996
1995
1997
1974
1973
1973
1975
1984
1991
1991
1991
1992
1984
1988
1992
1998
2011
2008
2011
2015
2037
2042
2052
2062
2062
2068
2069
2072
2070
2072
2072
2078
2086
2093
2089
2081
2078
2059
2060
2053
2053
2049
2053
2045
2038
2036
2020
2013
2010
2005
2004
2006
2004
2004
2021
2023
2021
2018
2004
2010
2012
2001
1997
2002
2002
2006
2012
2015
2017
2018
2025
2012
2009
2011
2013
2026
2027
2025
2025
2038
2040
2043
2048
2053
2058
2051
2045
2049
2052
2050
2049
2043
2042
2035
2028
2029
2050
2049
2052
2063
2080
2145
2155
2148
2121
2080
2031
1986
1957
1877
1858
1842
1829
1859
1893
1923
1959
2113
2137
2155
2165
2165
2149
2147
2140
2144
2149
2162
2168
2160
2088
2079
2080
2084
2058
2040
2014
1987
1953
1881
1890
1910
1944
1975
1999
2010
2018
2040
2044
2045
2038
2027
2040
2053
2069
1988
1941
1906
1880
1861
1809
1816
1833
1846
1855
1855
1863
1864
1919
1933
1953
1962
2022
2037
2048
2058
2070
2056
2062
2066
2069
2068
2059
2053
2041
2012
2023
2039
2052
2033
2033
2034
2044
2144
2165
2168
2169
2172
2169
2159
2151
2133
2126
2110
2098
2089
2081
2085
2090
2101
2105
2100
2093
2080
2075
2070
2068
2064
2066
2065
2061
2060
2059
2047
2041
2035
2024
2014
2004
1993
1980
1974
1975
1966
1963
1967
1971
1969
1967
1969
1981
1991
1997
1999
2004
2006
2010
2019
2022
2038
2045
2052
2064
2095
2101
2111
2113
2112
2109
2099
2093
2085
2060
2058
2059
2065
2068
2072
2071
2072
2053
2037
2027
2019
1951
1938
1922
1905
1888
1849
1838
1826
1818
1816
1813
1815
1823
1835
1828
1818
1796
1666
1638
1618
1609
1645
1684
1727
1782
1836
1991
2035
2071
2101
2124
2134
2135
2142
2159
2161
2167
2176
2207
2213
2217
2224
2229
2227
2216
2192
2178
2157
2132
2104
2083
2055
2055
2069
2082
2123
2125
2127
2122
2116
2086
2071
2054
2041
2021
1995
1970
1950
1896
1887
1886
1892
1904
1915
1934
1953
1977
2059
2088
2116
2142
2159
2171
2186
2189
2196
2187
2176
2167
2162
2163
2167
2163
2161
2154
2153
2154
2153
2152
2153
2151
2152
2156
2175
2182
2189
2206
2222
2235
2247
2255
2263
2277
2285
2291
2296
2298
2293
2292
2284
2211
2192
2175
2167
2136
2132
2136
2133
2098
2088
2080
2065
2050
2018
2002
1988
1976
1963
1949
1938
1924
1883
1871
1857
1847
1789
1770
1759
1748
1738
1725
1726
1732
1734
1740
1748
1760
1772
1809
1817
1829
1836
1851
1855
1863
1875
1917
1929
1936
1946
1957
1973
1965
1949
1934
1927
1917
1909
1900
1863
1860
1860
1857
1839
1827
1826
1823
1814
1788
1778
1768
1761
1756
1743
1738
1739
1758
1773
1787
1795
1840
1856
1868
1879
1946
1969
1995
2024
2046
2094
2111
2128
2145
2161
2177
2187
2205
2265
2272
2277
2283
2305
2313
2324
2335
2338
2343
2347
2347
2355
2359
2361
2363
2367
2376
2375
2373
2379
2361
2354
2341
2326
2268
2252
2244
2232
2226
2202
2196
2194
2184
2180
2168
2161
2152
2116
2115
2107
2100
2068
2059
2051
2043
2033
2009
1995
1985
1978
1978
1971
1957
1956
1947
1946
1946
1950
1958
1961
1960
1952
1944
1938
1931
1927
1921
1892
1884
1880
1873
1877
1872
1872
1871
1865
1861
1862
1857
1864
1874
1880
1889
1901
1905
1907
1900
1898
1903
1894
1880
1867
1840
1829
1825
1827
1827
1825
1824
1829
1835
1835
1846
1855
1867
1881
1894
1907
1916
1927
1945
1960
1971
2023
2035
2051
2063
2114
2125
2135
2143
2167
2167
2170
2172
2185
2196
2199
2194
2195
2208
2212
2213
2213
2199
2204
2202
2199
2172
2169
2168
2158
2151
2140
2141
2139
2141
2137
2136
2138
2141
2133
2129
2130
2136
2128
2124
2122
2119
2113
2111
2110
2104
2107
2088
2089
2087
2087
2091
2093
2089
2082
2073
2062
2056
2048
2014
2004
1994
1984
1971
1941
1932
1925
1916
1915
1910
1904
1902
1879
1876
1875
1873
1883
1886
1891
1888
1892
1893
1895
1895
1895
1894
1902
1906
1915
1923
1922
1923
1918
1915
1913
1916
1919
1916
1909
1905
1903
1902
1901
1904
1906
1907
1907
1905
1909
1913
1921
1931
1933
1934
1976
1988
1998
2007
2049
2059
2069
2078
2091
2109
2110
2117
2125
2129
2132
2127
2126
2120
2116
2116
2115
2110
2113
2108
2103
2099
2087
2087
2086
2095
2098
2106
2109
2116
2116
2115
2122
2125
2128
2128
2132
2135
2137
2149
2148
2148
2140
2139
2145
2149
2152
2157
2161
2162
2158
2155
2154
2159
2155
2155
2126
2116
2113
2107
2076
2071
2069
2066
2062
2065
2061
2060
2054
2050
2045
2038
2046
2043
2043
2037
2034
1989
1980
1972
1967
1947
1948
1947
1943
1944
1935
1931
1930
1933
1933
1936
1942
1948
1973
1972
1976
1975
1985
1984
1987
1988
2000
2000
1997
1991
1983
1977
1978
1973
1972
1965
1965
1968
1967
1948
1945
1945
1940
1925
1925
1928
1926
1914
1927
1938
1937
1939
1939
1935
1935
1946
1946
1947
1951
1950
1963
1971
1976
1984
1991
1999
1999
1999
2004
2013
2015
2019
2026
2029
2034
2041
2048
2052
2057
2062
2063
2070
2074
2085
2091
2105
2107
2104
2104
2105
2114
2119
2125
2126
2133
2132
2136
2142
2156
2157
2151
2149
2148
2144
2146
2141
2139
2131
2126
2131
2131
2128
2125
2121
2118
2084
2078
2075
2069
2037
2028
2021
2016
1999
1989
1987
1982
1980
1980
1980
1982
1985
1986
1986
1989
1992
1993
1997
2002
2002
1999
2006
2010
2011
2018
2022
2029
2032
2032
2027
2025
2026
2032
2029
2025
2020
2013
2004
1999
1994
1990
1972
1971
1978
1983
1979
1966
1967
1968
1976
1972
1968
1971
1974
1973
1979
1985
1990
1987
1993
2000
2000
2001
2001
2004
2004
2001
2002
2006
2005
2010
2009
2012
2013
2013
1998
1999
1999
2004
2009
2015
2012
2010
2018
2015
2012
2016
2014
2011
2010
2010
2011
2011
2004
2010
2014
2028
2033
2039
2037
2051
2054
2051
2047
2052
2051
2047
2042
2042
2039
2047
2042
2043
2047
2047
2049
2057
2060
2061
2064
2066
2062
2062
2058
2056
2052
2042
2036
2038
2038
2038
2039
2038
2037
2024
2024
2023
2019
2025
2022
2023
2016
2016
2013
2012
2010
2009
2013
2016
2013
2011
2011
2012
2012
2014
2014
2015
2011
2010
2017
2014
2012
2007
2009
2011
2009
2011
2012
2013
2021
2023
2023
2025
2025
2018
2013
2015
2027
2035
2041
2048
2057
2057
2058
2058
2057
2068
2072
2077
2077
2089
2096
2099
2100
2103
2106
2102
2105
2088
2087
2084
2085
2070
2065
2058
2053
2053
2036
2023
2022
2021
2017
2012
2006
2009
1998
1996
1998
1998
2000
2002
1996
1998
2008
2005
2003
1998
1998
1999
1999
1996
1997
1999
2004
2004
2007
2014
2017
2015
2014
2021
2021
2022
2024
2032
2035
2038
2041
2036
2036
2035
2032
2031
2023
2016
2013
2008
2002
2004
2001
1998
1992
1990
1987
1987
1990
1976
1974
1971
1969
1969
1966
1962
1962
1953
1954
1956
1951
1954
1952
1952
1957
1963
1966
1969
1968
1964
1967
1968
1968
1968
1979
1978
1979
1985
1996
2004
2008
2011
2015
2021
2027
2034
2042
2049
2052
2055
2056
2064
2064
2070
2075
2092
2092
2095
2098
2110
2111
2112
2108
2112
2111
2108
2113
2114
2121
2123
2127
2126
2115
2113
2111
2108
2093
2091
2092
2082
2083
2072
2073
2073
2075
2071
2064
2058
2048
2047
2044
2046
2046
2033
2037
2034
2039
2026
2028
2028
2024
2025
2020
2023
2023
2026
2024
2015
2011
2012
2007
2004
1999
1992
1988
1986
1990
1991
1994
1994
1989
1982
1980
1980
1975
1977
1980
1968
1966
1965
1967
1966
1965
1963
1965
1970
1969
1974
1979
1988
1990
1987
1986
1990
1990
1992
1994
1998
1997
1995
1994
1994
1975
1979
1978
1970
1970
1972
1973
1969
1967
1965
1959
1964
1966
1982
1975
1976
1975
1985
1992
1997
2005
2026
2026
2028
2033
2037
2042
2049
2054
2051
2049
2062
2065
2066
2079
2080
2082
2084
2091
2099
2110
2114
2120
2116
2117
2123
2133
2134
2134
2138
2142
2162
2159
2153
2152
2141
2138
2139
2138
2142
2120
2116
2114
2109
2105
2104
2104
2097
2077
2079
2081
2075
2045
2047
2045
2049
2021
2011
2011
2011
2011
2002
1996
1986
1985
1983
1979
1975
1974
1957
1950
1945
1939
1945
1944
1943
1941
1939
1945
1947
1952
1954
1951
1947
1953
1964
1938
1937
1943
1946
1956
1956
1955
1961
1971
1973
1976
1980
1985
1994
1995
1997
1994
1990
1990
1993
1994
1999
2003
2005
2000
2005
2009
2012
2015
2016
2004
2007
2006
2006
2003
2004
2006
2008
2017
2021
2023
2020
2018
2016
2014
2013
2009
1996
1997
1998
2002
2008
2008
2010
2004
2000
2006
2016
2023
2028
2029
2032
2038
2049
2072
2072
2073
2071
2078
2084
2091
2095
2101
2099
2098
2102
2106
2107
2102
2100
2103
2118
2113
2112
2119
2127
2123
2116
2115
2114
2113
2106
2105
2105
2109
2102
2097
2104
2102
2099
2102
2107
2086
2084
2080
2075
2065
2065
2065
2059
2051
2034
2018
2010
2012
2012
2011
2005
1996
1974
1967
1960
1953
1941
1946
1947
1950
1948
1939
1934
1932
1936
1939
1939
1946
1953
1956
1958
1969
1981
1982
1986
1989
1982
1999
2000
2000
2002
2001
1997
2004
2007
2012
2006
2004
1998
1993
1986
1990
1992
1990
1974
1973
1973
1971
1974
1965
1961
1960
1960
1959
1955
1956
1962
1967
1971
1980
1984
1990
1990
1993
2000
2012
2032
2035
2036
2037
2037
2039
2039
2041
2055
2058
2056
2068
2070
2075
2079
2087
2094
2114
2117
2120
2119
2114
2115
2114
2111
2113
2101
2105
2104
2101
2098
2100
2101
2098
2074
2070
2068
2078
2076
2077
2081
2078
2074
2067
2063
2062
2061
2056
2056
2056
2061
2056
2056
2048
2041
2027
2028
2026
2024
2031
2029
2024
2032
2032
2032
2031
2030
2031
2020
2013
2013
2013
1993
1991
1985
1984
1973
1969
1967
1966
1974
1970
1964
1960
1969
1978
1975
1977
1985
1992
1993
1999
2006
2014
2013
2015
2017
2010
2013
2014
2014
2008
2005
2008
2009
2008
2010
2009
2006
2009
1995
1993
1996
1994
1987
1978
1975
1970
1955
1947
1939
1938
1943
1946
1956
1960
1961
1957
1954
1954
1954
1978
1972
1975
1975
1997
2011
2025
2040
2050
2079
2082
2089
2093
2101
2103
2104
2105
2121
2115
2120
2117
2128
2128
2131
2129
2133
2122
2111
2104
2104
2106
2106
2101
2098
2079
2079
2073
2072
2057
2057
2050
2041
2038
2036
2041
2041
2042
2038
2035
2035
2037
2042
2048
2051
2057
2045
2035
2033
2041
2034
2033
2041
2048
2041
2041
2044
2037
2037
2038
2037
2040
2040
2024
2027
2029
2028
2025
2018
2012
2007
2014
2005
1997
1989
1988
1988
1984
1982
1981
1985
1982
1979
1984
1987
1987
1977
1973
1974
1990
1988
1986
1990
1991
1996
1997
1996
1991
1989
1992
1993
1994
2005
2006
2002
1993
1987
1981
1977
1978
1980
1974
1981
1984
1994
1992
1987
1983
1994
2004
2010
2009
2012
2022
2027
2030
2029
2030
2028
2024
2031
2053
2050
2055
2059
2070
2071
2069
2065
2063
2063
2062
2053
2044
2044
2039
2043
2046
2032
2025
2030
2032
2013
2008
2011
2013
2014
2021
2019
2022
2025
2027
2034
2038
2037
2053
2045
2038
2038
2029
2035
2036
2035
2027
2029
2036
2034
2034
2045
2049
2048
2047
2047
2051
2052
2053
2045
2046
2046
2048
2053
2054
2049
2050
2052
2053
2051
2050
2049
2038
2031
2032
2034
2024
2024
2020
2017
1998
1994
1994
1993
1974
1977
1978
1976
1977
1975
1973
1977
1989
1988
1984
1984
1990
2001
2013
2015
2022
2021
2018
2020
2023
2022
2018
2023
2029
2034
2036
2040
2046
2048
2044
2044
2046
2039
2043
2041
2046
2053
2041
2051
2059
2057
2057
2048
2046
2046
2050
2052
2045
2050
2049
2038
2037
2035
2037
2033
2033
2032
2035
2038
2029
2028
2022
2018
2012
2007
2010
2012
2012
2009
2012
2016
2003
2007
2010
2010
2022
2026
2030
2025
2030
2033
2030
2031
2036
2037
2034
2036
2039
2042
2040
2034
2039
2037
2043
2048
2044
2046
2044
2046
2042
2037
2029
2022
2022
2024
2015
2012
2005
2000
1984
1990
1989
1985
1988
1979
1979
1978
1981
1972
1965
1963
1967
1965
1969
1975
1981
1992
1989
1991
1996
2004
2006
2006
2007
2012
2023
2021
2020
2021
2025
2027
2034
2037
2051
2056
2062
2063
2060
2056
2051
2052
2056
2055
2059
2059
2064
2058
2053
2056
2052
2042
2047
2049
2050
2037
2041
2038
2040
2040
2048
2049
2050
2054
2046
2042
2037
2037
2018
2012
2010
2009
1994
1992
1992
1991
2002
2009
2013
2015
2020
2029
2033
2041
2048
2053
2047
2049
2059
2075
2081
2082
2081
2081
2079
2076
2076
2074
2073
2072
2068
2073
2074
2069
2069
2065
2065
2058
2049
2043
2026
2025
2030
2025
2000
1995
1994
1993
1990
2000
2000
1994
1992
1988
1987
1986
1988
1982
1987
1992
1993
2001
2000
1995
1990
1993
1998
1997
1996
1995
1996
1997
1995
1994
1998
1998
2004
2007
2017
2018
2014
2012
2016
2026
2027
2031
2030
2030
2027
2025
2024
2016
2019
2026
2025
2017
2019
2016
2015
2019
2018
2020
2019
2017
2016
2015
2007
2008
2009
2007
2009
2009
2013
2009
2013
2009
1974
1956
1943
1930
1922
1910
1910
1913
1925
1938
1954
1967
1975
2050
2070
2096
2119
2167
2167
2162
2154
2105
2093
2086
2080
2078
2073
2060
2054
2057
2055
2050
2048
2049
2059
2061
2066
2067
2039
2029
2019
2018
2016
2014
2018
2019
2022
2021
2025
2025
2027
2018
2011
2015
2013
1979
1959
1935
1914
1849
1833
1820
1817
1807
1781
1774
1767
1761
1765
1776
1776
1779
1853
1876
1901
1926
1987
1996
2009
2027
2050
2132
2150
2165
2173
2173
2167
2159
2141
2033
1987
1946
1905
1799
1795
1793
1805
2001
2076
2161
2249
2342
2585
2655
2715
2761
2797
2826
2845
2851
2763
2722
2667
2613
2416
2378
2346
2316
2284
2228
2216
2215
2216
2232
2258
2296
2334
2371
2357
2342
2320
2247
2232
2218
2203
2121
2111
2109
2108
2105
2105
2100
2089
2075
2050
2013
1968
1919
1738
1703
1670
1644
1525
1499
1476
1461
1456
1473
1494
1528
1577
1623
1673
1716
1750
1791
1795
1788
1783
1744
1721
1699
1674
1614
1617
1623
1641
1661
1712
1713
1703
1694
1683
1675
1673
1669
1692
1704
1721
1736
1739
1723
1712
1703
1702
1694
1698
1691
1677
1662
1645
1632
1616
1596
1594
1590
1593
1568
1558
1548
1545
1581
1610
1637
1667
1704
1794
1823
1846
1861
1868
1880
1888
1885
1916
1933
1957
1979
2124
2161
2207
2256
2315
2467
2515
2558
2607
2646
2674
2701
2721
2788
2800
2809
2813
2802
2788
2779
2777
2788
2807
2822
2840
2861
2904
2913
2917
2916
2918
2911
2905
2903
2834
2805
2777
2740
2626
2604
2584
2561
2536
2496
2476
2447
2421
2400
2372
2342
2306
2166
2133
2103
2074
1935
1903
1878
1855
1791
1782
1781
1784
1783
1783
1782
1782
1788
1790
1791
1778
1769
1718
1706
1686
1668
1602
1595
1582
1576
1573
1547
1532
1520
1511
1497
1489
1476
1466
1435
1436
1437
1443
1489
1506
1518
1533
1611
1636
1658
1682
1699
1745
1754
1761
1778
1785
1788
1794
1797
1787
1783
1778
1772
1759
1753
1757
1775
1828
1846
1865
1882
1902
1959
1983
2001
2024
2041
2051
2063
2071
2100
2110
2119
2134
2180
2196
2212
2225
2236
2252
2256
2261
2256
2254
2251
2246
2249
2263
2264
2269
2279
2292
2294
2300
2311
2349
2363
2365
2360
2361
2348
2343
2342
2339
2333
2324
2317
2300
2267
2264
2263
2263
2277
2283
2289
2296
2297
2284
2275
2271
2264
2261
2253
2243
2233
2169
2155
2144
2131
2092
2081
2077
2069
2059
2034
2024
2015
1999
1983
1963
1943
1928
1855
1830
1804
1780
1752
1726
1705
1681
1663
1624
1615
1615
1611
1611
1617
1626
1629
1638
1661
1670
1678
1681
1683
1693
1699
1708
1729