2091
2100
2104
2102
2096
2070
2066
2057
2043
2012
2001
1994
1991
1986
1981
1975
1961
1957
1958
1952
1962
1971
1976
1981
1984
1990
2001
1963
1963
1970
1971
1967
1952
1936
1931
1916
1903
1894
1889
1917
1921
1918
1917
1926
1960
1962
1961
1960
1969
1987
1999
2003
2024
2031
2037
2039
2038
2035
2039
2050
2044
2048
2051
2051
2048
2039
2043
2043
2045
2033
2023
2023
2024
2021
2026
2025
2027
2036
2039
2039
2039
2042
2038
2065
2063
2069
2068
2069
2061
2068
2074
2078
2077
2075
2071
2061
2060
2057
2056
2049
2039
2034
2035
2037
2005
2001
2004
2001
1988
1988
1985
1993
2003
2009
2015
2017
2021
2029
2036
2043
2054
2074
2086
2091
2094
2101
2112
2118
2122
2121
2099
2104
2103
2104
2102
2101
2097
2093
2065
2065
2058
2059
2066
2054
2052
2047
2041
2033
2031
2028
2024
2019
2011
1998
1991
1981
1988
1986
1983
1988
1984
1994
2005
2023
2030
2035
2046
2048
2054
2064
2069
2067
2048
2045
2035
2027
2022
2032
2028
2016
2001
1993
1995
1990
1980
1952
1953
1954
1947
1929
1930
1934
1940
1950
1946
1947
1948
1954
1962
1970
1972
1974
1983
1995
2004
2001
1999
1983
1968
1973
1977
1984
1987
1991
2003
2012
2006
2009
2014
2051
2056
2057
2057
2052
2045
2036
2037
2046
2048
2047
2052
2054
2031
2033
2038
2040
2023
2020
2029
2030
2025
2028
2034
2039
2036
2033
2036
2033
2037
2064
2053
2051
2054
2049
2050
2059
2063
2061
2050
2039
2038
2039
2042
2042
2042
2038
2030
2027
2022
2015
2015
2025
2019
2011
2011
2008
2004
2011
2015
2029
2030
2023
2021
2042
2049
2049
2050
2053
2051
2054
2060
2069
2080
2088
2090
2089
2099
2099
2109
2111
2089
2086
2075
2074
2084
2078
2073
2068
2066
2056
2046
2041
2031
2022
2015
2014
2002
1992
1996
1995
1998
1997
1972
1962
1957
1953
1956
1969
1969
1965
1955
1950
1952
1960
1982
1986
1983
1988
1991
2000
2003
2000
2003
2002
1998
1998
2000
2015
2013
2011
2010
2016
2037
2037
2037
2045
2051
2045
2043
2036
2024
2029
2024
2022
2002
1999
2004
2005
2011
2007
2007
2005
2001
2001
2003
1996
1995
2012
2005
2001
2009
2011
2020
2023
2023
2028
2040
2042
2048
2058
2066
2067
2064
2065
2053
2056
2058
2055
2057
2063
2064
2059
2052
2055
2053
2051
2050
2037
2031
2022
2020
2006
2005
2015
2029
2033
2006
1997
1991
1990
2001
2010
2014
2020
2010
2013
2017
2022
2021
2023
2023
2026
2033
2040
2046
2044
2042
2031
2018
2018
2028
2049
2043
2038
2035
2042
2040
2038
2040
2036
2022
2021
2018
2020
2027
2036
2027
2022
2020
2021
2026
2039
2036
2045
2043
2048
2054
2071
2076
2079
2080
2080
2082
2085
2084
2070
2081
2077
2068
2081
2057
2050
2040
2030
2031
2039
2036
2027
1987
1987
1981
1977
1980
1973
1966
1963
1955
1947
1958
1955
1951
1947
1957
1965
1967
1983
1991
2000
2003
2035
2033
2042
2044
2047
2063
2076
2079
2084
2081
2087
2101
2113
2120
2121
2121
2125
2113
2096
2092
2094
2097
2086
2071
2067
2065
2071
2066
2062
2055
1981
1968
1963
1970
1979
1978
1971
1958
1952
1941
1928
1925
1939
1923
1915
1917
1917
1969
1983
1991
1992
1998
1996
1999
2006
2025
2037
2036
2030
2031
2055
2058
2055
2060
2036
2043
2058
2066
2050
2026
2020
2021
2030
2030
2026
2025
2031
2014
2000
1991
1985
1995
1987
1989
1995
1999
2016
2023
2029
2047
2057
2071
2084
2083
2053
2047
2045
2042
2025
1986
1977
1959
1953
1952
1943
1939
1935
1953
1949
1946
1952
2029
2061
2080
2102
2128
2146
2165
2176
2181
2189
2191
2199
2196
2161
2158
2154
2142
2106
2099
2092
2080
2071
2057
2053
2055
2055
2053
2043
2027
2024
2016
2010
2005
2002
1996
1995
2001
1995
1987
1948
1932
1928
1924
1920
1922
1913
1906
1888
1884
1884
1900
1912
1919
1935
1948
1962
1972
1988
2012
2031
2045
2045
2041
2038
1990
1981
1970
1962
1953
1956
1960
1959
1959
1964
1971
1981
1993
2034
2042
2054
2071
2119
2127
2128
2128
2131
2143
2139
2134
2135
2131
2128
2120
2115
2108
2121
2123
2119
2103
2102
2107
2102
2104
2079
2074
2074
2069
2066
2058
2052
2046
2021
2011
2000
1983
1972
1966
1959
1951
1947
1929
1923
1923
1925
1923
1920
1923
1931
1950
1954
1956
1958
1964
1976
1987
1995
2003
2001
1997
1995
1994
1993
1988
1976
1976
1968
1969
1970
1975
1983
2002
2024
2032
2040
2045
2053
2058
2067
2111
2115
2123
2135
2142
2150
2155
2151
2151
2145
2134
2126
2116
2113
2102
2090
2077
2052
2055
2057
2056
2014
2005
2006
2005
2010
1998
2000
2009
2018
2019
2017
2019
2020
2031
2040
2049
2054
2054
2053
2054
2051
2058
2059
2054
2048
2045
1996
1995
1994
1987
1951
1942
1931
1933
1933
1916
1918
1915
1913
1909
1907
1909
1921
1951
1958
1958
1968
2021
2031
2037
2043
2049
2055
2065
2059
2056
2058
2067
2064
2058
2056
2057
2058
2060
2058
2063
2068
2063
2065
2053
2047
2045
2051
2052
2054
2050
2044
2026
2016
2012
2013
2028
2027
2028
2026
2028
2051
2057
2060
2062
2066
2077
2084
2092
2094
2100
2103
2096
2089
2067
2063
2061
2051
2040
2030
2025
2020
1969
1971
1978
1976
1935
1938
1940
1945
1948
1926
1946
1956
1953
1950
1944
1955
1963
1979
1971
1969
1983
2023
2021
2016
2020
2035
2050
2052
2049
2047
2056
2076
2084
2081
2084
2094
2102
2106
2110
2107
2101
2102
2108
2078
2069
2065
2070
2065
2058
2049
2037
2022
2010
2009
2006
2008
2009
2012
2017
2019
2038
2034
2033
2038
2041
2041
2042
2035
2027
2031
2031
2028
2032
2023
2015
2020
2021
2005
1988
1978
1980
1976
1972
1970
1970
1951
1947
1942
1941
1949
1950
1952
1955
1964
1970
1978
1982
1985
2001
2018
2028
2030
2035
2039
2049
2053
2048
2050
2053
2050
2051
2047
2051
2050
2050
2061
2063
2068
2067
2065
2061
2055
2050
2051
2054
2055
2055
2058
2062
2057
2055
2059
2053
2054
2049
2047
2057
2062
2064
2068
2066
2061
2061
2061
2066
2065
2060
2062
2066
2035
2034
2029
2020
2015
2015
2008
2001
1998
1994
1987
1977
1976
1968
1966
1973
1979
1970
1961
1961
1962
1965
1971
1980
1976
1981
1984
1993
1999
2004
2006
2008
2016
2022
2008
2008
2017
2013
2014
2021
2025
2025
2025
2015
2011
2013
2018
2022
2015
2017
2020
2022
2016
2016
2024
2032
2039
2042
2041
2043
2043
2045
2044
2040
2040
2040
2042
2032
2028
2026
2024
2017
2020
2015
2016
2022
2023
2019
2019
2025
2018
2023
2027
2035
2049
2051
2049
2045
2036
2038
2040
2048
2054
2054
2058
2058
2063
2072
2078
2075
2067
2064
2070
2084
2094
2094
2091
2086
2081
2082
2081
2080
2082
2081
2077
2054
2051
2044
2037
2034
2022
2012
2010
2007
1998
1999
2003
2011
2019
2022
2020
2019
2017
2021
2026
2034
2031
2040
2048
2052
2059
2060
2058
2057
2059
2060
2060
2055
2058
2067
2059
2051
2046
2048
2054
2051
2047
2038
2030
2024
2021
2019
2009
1999
1987
1988
1991
1972
1966
1964
1957
1951
1955
1959
1950
1936
1935
1941
1942
1925
1922
1926
1932
1933
1949
1948
1946
1947
1946
1950
1958
1967
1974
1971
1972
1970
1994
1991
1992
1998
2003
2016
2023
2017
2027
2033
2035
2037
2044
2042
2037
2041
2053
2050
2047
2048
2052
2046
2070
2064
2062
2065
2060
2058
2062
2068
2058
2061
2066
2067
2066
2061
2067
2067
2069
2067
2063
2060
2059
2031
2040
2042
2038
2024
2018
2022
2029
2025
2021
2028
2024
2027
2037
2044
2040
2037
2056
2061
2067
2073
2072
2079
2077
2083
2088
2091
2093
2089
2092
2097
2090
2081
2083
2085
2083
2074
2068
2057
2054
2050
2051
2050
2021
2023
2029
2032
2031
2029
2022
2019
2015
2008
1999
1999
1998
1995
1994
1999
2004
1985
1978
1975
1974
1972
1969
1959
1960
1951
1947
1934
1925
1928
1922
1923
1923
1931
1921
1916
1922
1930
1968
1990
2012
2026
2112
2130
2144
2165
2183
2216
2214
2210
2206
2202
2195
2178
2153
2076
2050
2024
1992
1918
1905
1887
1879
1866
1852
1854
1856
1864
1871
1883
1895
1900
1951
1970
2003
2021
2046
2058
2067
2067
2075
2085
2072
2062
2062
2052
2036
2024
2027
2010
2008
2008
1998
1994
1998
2005
2018
2027
2039
2036
2037
2034
2056
2063
2059
2057
2016
2021
2025
2019
2015
2003
2002
2006
1997
1994
1999
2014
2021
2072
2084
2105
2122
2148
2162
2167
2171
2178
2144
2133
2124
2123
2113
2100
2084
2072
2043
2033
2020
2010
1991
1977
1966
1966
1962
1950
1958
1949
1946
1950
1957
1949
1949
1967
1966
1975
1990
2000
2005
1999
2005
2017
2025
2028
2030
2040
2050
2049
2051
2057
2072
2077
2080
2079
2086
2091
2096
2096
2095
2087
2077
2076
2084
2046
2027
2002
1988
1961
1953
1950
1941
1936
1916
1906
1910
1919
1930
1945
1947
1957
1979
1994
2010
2023
2044
2036
2040
2045
2051
2086
2092
2092
2093
2089
2092
2095
2094
2058
2059
2069
2066
2021
2021
2026
2022
2023
2006
2009
2016
2016
2013
2009
2012
2017
2013
2010
2005
2013
2009
2007
2010
2003
1999
1998
2002
1999
2004
2001
1999
1992
1989
2001
2014
2014
2015
2016
2022
2027
2035
2038
2059
2063
2060
2059
2065
2066
2068
2074
2068
2071
2068
2069
2081
2074
2076
2072
2061
2051
2035
2022
2023
2030
2024
2025
2033
2015
2014
2020
2023
2026
2031
2040
2044
2046
2053
2054
2058
2064
2065
2064
2059
2052
2052
2047
2044
2040
2046
2026
2015
2014
2009
2014
2009
2007
1996
2000
2007
2005
1995
1972
1969
1968
1957
1943
1956
1950
1948
1939
1929
1924
1924
1931
1955
1963
1972
1979
2013
2027
2044
2051
2058
2097
2106
2110
2113
2115
2118
2116
2120
2104
2101
2098
2106
2114
2070
2057
2049
2050
2052
2051
2035
2020
2015
2010
2001
1996
1983
1990
1988
1978
1969
1977
1989
1984
1978
1974
1977
1978
1988
1999
2007
2004
2000
2030
2036
2035
2036
2043
2054
2062
2062
2063
2069
2077
2076
2076
2074
2077
2081
2081
2065
2060
2054
2051
2045
2025
2026
2018
2017
2015
2000
1995
1992
1976
1976
1981
1985
1991
2005
1998
1996
2004
2013
2018
2023
2032
2044
2051
2050
2051
2069
2063
2062
2069
2073
2050
2052
2049
2044
2039
2044
2042
2036
2017
2018
2022
2027
2012
2019
2020
2024
2026
2024
2030
2033
2038
2036
2035
2036
2041
2049
2050
2050
2050
2054
2058
2060
2066
2062
2056
2052
2055
2052
2048
2044
2048
2048
2017
2000
1984
1973
1959
1929
1931
1925
1916
1905
1915
1924
1917
1882
1872
1873
1882
1903
1911
1908
1904
1919
1941
1945
1962
1968
1974
1971
1983
1993
2030
2045
2055
2064
2090
2086
2091
2096
2105
2120
2123
2128
2137
2136
2138
2143
2150
2137
2131
2135
2144
2144
2147
2153
2160
2159
2145
2142
2143
2143
2144
2144
2152
2151
2137
2134
2136
2135
2116
2101
2092
2083
2074
2005
2001
1999
1996
1985
1968
1953
1937
1898
1873
1859
1849
1845
1852
1849
1842
1841
1847
1854
1858
1851
1838
1849
1861
1873
1883
1905
1914
1924
1931
1965
1973
1985
1998
2006
2017
2032
2046
2071
2070
2072
2086
2104
2112
2119
2112
2108
2118
2126
2138
2149
2160
2166
2178
2175
2152
2160
2161
2160
2158
2158
2161
2172
2170
2160
2155
2159
2156
2108
2106
2106
2096
2072
2059
2046
2028
2010
1970
1961
1952
1945
1932
1927
1926
1915
1862
1857
1857
1848
1821
1819
1821
1810
1801
1793
1792
1805
1813
1817
1819
1823
1826
1846
1843
1845
1852
1871
1875
1884
1890
1905
1925
1925
1928
1932
1944
1957
1972
1992
2044
2057
2064
2085
2155
2180
2193
2201
2224
2264
2289
2309
2321
2334
2344
2346
2346
2361
2365
2362
2359
2360
2338
2326
2315
2310
2299
2284
2266
2253
2196
2185
2161
2144
2112
2108
2095
2083
2069
2047
2036
2019
2008
1994
1989
1981
1968
1918
1916
1916
1914
1880
1883
1884
1877
1873
1859
1854
1850
1849
1841
1838
1840
1844
1853
1848
1849
1855
1881
1883
1878
1874
1876
1873
1881
1883
1882
1887
1905
1921
1928
1953
1962
1985
2004
2011
2024
2043
2059
2074
2080
2096
2106
2105
2131
2138
2151
2155
2186
2185
2185
2179
2176
2214
2212
2196
2187
2177
2177
2168
2163
2112
2111
2104
2091
2023
2017
2016
2006
2000
1960
1952
1938
1929
1925
1920
1924
1926
1910
1906
1904
1906
1906
1910
1895
1887
1900
1907
1906
1908
1907
1904
1900
1904
1904
1925
1925
1918
1921
1938
1948
1954
1964
1972
1980
1988
1998
2011
2026
2031
2041
2060
2110
2111
2124
2139
2144
2176
2189
2188
2200
2206
2208
2215
2224
2241
2240
2232
2227
2196
2196
2198
2195
2187
2164
2143
2127
2129
2130
2129
2123
2116
2070
2059
2053
2049
2035
2027
2012
2001
1989
1949
1945
1950
1945
1932
1913
1906
1897
1870
1871
1874
1867
1854
1852
1851
1856
1864
1868
1870
1873
1873
1873
1885
1897
1896
1899
1885
1879
1874
1879
1902
1906
1908
1913
1915
1919
1921
1924
1991
2006
2024
2036
2109
2131
2151
2165
2182
2230
2243
2252
2254
2258
2263
2264
2275
2260
2242
2221
2208
2165
2155
2145
2130
2112
2071
2062
2051
2055
2058
2051
2039
2027
2011
2007
2008
2015
2038
2037
2035
2045
2051
2045
2047
2048
2041
2030
2029
2019
2007
2001
2000
1998
1987
1955
1960
1959
1957
1955
1950
1943
1934
1930
1928
1929
1941
1943
1934
1926
1923
1928
1934
1926
1925
1930
1935
1933
1935
1943
1963
1990
2004
2019
2025
2077
2095
2103
2107
2113
2118
2121
2128
2132
2128
2128
2134
2142
2113
2107
2097
2093
2072
2067
2057
2050
2053
2037
2032
2026
2025
2019
2013
2004
1994
1966
1964
1962
1960
1964
1945
1943
1938
1935
1924
1925
1936
1938
1939
1943
1947
1956
1977
1982
1985
1986
1990
2015
2016
2024
2037
2036
2030
2034
2036
2046
2050
2048
2040
2029
2027
2033
2030
2027
2019
2017
2009
2014
2020
2033
2040
2041
2047
2048
2053
2054
2063
2079
2086
2085
2086
2093
2090
2090
2107
2120
2126
2134
2138
2133
2127
2123
2121
2125
2111
2112
2104
2096
2095
2087
2081
2081
2084
2074
2067
2062
2063
2058
2045
2042
2041
2010
2006
1996
1991
2001
1997
1989
1975
1962
1942
1938
1935
1937
1931
1923
1920
1914
1904
1901
1916
1921
1939
1936
1941
1959
1978
2002
2003
2001
2007
2011
2018
2028
2029
2050
2050
2053
2057
2057
2037
2051
2060
2055
2055
2052
2050
2047
2035
2030
2023
2016
1997
1993
1989
1991
1996
1996
1994
1991
2000
2001
2005
2013
2025
2038
2038
2036
2041
2075
2088
2093
2094
2088
2084
2072
2066
2071
2084
2091
2096
2095
2081
2074
2066
2065
2063
2054
2046
2046
2040
2008
2004
2003
2002
1995
1987
1997
2005
2010
2011
2010
2002
2012
2003
2005
2019
2028
2048
2061
2067
2071
2075
2077
2080
2080
2094
2095
2092
2093
2091
2079
2073
2063
2061
2054
2052
2049
2042
2020
2017
2017
2010
2004
2007
2004
2003
2004
2007
2007
2006
2003
1994
1982
1972
1967
1963
1968
1968
1967
1980
1990
2002
2005
2004
2009
2012
2011
2014
2020
2027
2030
2025
2035
2047
2061
2056
2057
2049
2038
2032
2029
2010
2007
2004
2003
1996
1991
1984
1973
1957
1953
1953
1956
1941
1950
1956
1961
1970
1972
1982
1985
1991
1993
1990
1990
2004
2027
2022
2019
2024
2071
2069
2070
2072
2080
2065
2061
2057
2059
2065
2063
2055
2053
2019
2017
2016
2021
2007
2006
1997
1994
1994
1984
1988
1983
1974
1967
1967
1973
1981
2007
2019
2024
2022
2028
2030
2036
2041
2045
2048
2050
2053
2059
2062
2068
2076
2080
2073
2073
2077
2077
2072
2075
2079
2080
2084
2078
2073
2077
2087
2063
2059
2057
2064
2061
2062
2061
2061
2057
2055
2053
2056
2065
2069
2065
2059
2056
2033
2030
2027
2026
2025
2030
2029
2024
2021
2018
2011
2012
2009
2000
1991
1993
2000
2023
2028
2033
2049
2057
2056
2056
2056
2057
2059
2057
2061
2059
2039
2036
2035
2033
2012
2007
2002
2000
1999
1982
1979
1986
1994
1996
1990
1997
2001
2009
2016
2018
2019
2023
2023
2026
2030
2036
2033
2025
2034
2045
2051
2041
2033
2035
2032
2018
2009
2010
1996
1987
1976
1964
1960
1962
1959
1951
1947
1953
1964
1969
1969
1954
1961
1973
1981
1986
1991
1991
1993
2002
2017
2019
2023
2026
2028
2026
2026
2027
2036
2034
2031
2026
2018
2024
2034
2033
2029
2034
2023
2026
2025
2023
2028
2034
2036
2021
2018
2014
2005
2012
2008
2011
2018
2009
1998
2003
2009
2013
2020
2027
2034
2042
2056
2051
2054
2057
2059
2068
2066
2063
2062
2074
2079
2078
2083
2083
2083
2079
2079
2066
2068
2069
2067
2061
2048
2051
2046
2041
2038
2035
2032
2032
2020
2019
2016
2019
2018
2024
2020
2015
2020
2019
2019
2021
2026
2033
2040
2049
2043
2044
2043
2044
2050
2036
2032
2032
2033
2025
2014
2002
1996
1998
1999
2002
2006
2010
1991
1996
1995
2003
2028
2034
2054
2059
2056
2068
2077
2074
2066
2059
2062
2070
2073
2064
2063
2072
2071
2052
2046
2044
2047
2053
2042
2031
2028
2028
2025
2018
2016
2015
2027
2026
2025
2026
2024
2006
2001
2001
2005
2008
2001
2000
1994
1984
1973
1977
1980
1980
1979
1979
1987
1993
1994
1987
1980
1979
1972
1967
1962
1963
1984
1981
1973
1966
1978
1988
1994
2002
2004
1981
1972
1972
1979
1991
1995
1995
1995
1987
1995
1995
1989
2020
2009
1996
1975
1948
1938
1939
1942
1953
1965
1967
1958
1960
1960
1978
1997
2006
2023
2050
2049
2053
2062
2074
2092
2113
2130
2156
2167
2167
2168
2152
2155
2172
2191
2204
2212
2223
2228
2228
2224
2222
2215
2206
2186
2183
2185
2188
2128
2115
2105
2095
2088
2098
2099
2087
2074
2058
2043
2040
2031
1990
1985
1986
1980
1974
1969
1966
1960
1944
1877
1859
1844
1842
1840
1836
1830
1829
1793
1793
1799
1803
1803
1798
1794
1784
1776
1793
1803
1819
1831
1837
1845
1857
1866
1906
1919
1923
1935
1982
2003
2025
2045
2055
2077
2086
2100
2120
2134
2148
2161
2173
2221
2227
2225
2229
2245
2295
2297
2314
2323
2334
2332
2324
2321
2291
2289
2285
2277
2228
2220
2211
2200
2172
2111
2095
2072
2058
2048
2043
2030
2019
1935
1922
1911
1905
1896
1889
1879
1872
1865
1827
1816
1809
1802
1797
1801
1797
1792
1788
1786
1777
1773
1781
1792
1808
1817
1822
1852
1861
1868
1882
1894
1907
1920
1934
1978
1993
2011
2023
2071
2091
2102
2115
2136
2170
2176
2188
2192
2196
2202
2209
2216
2244
2248
2246
2249
2255
2249
2251
2242
2237
2242
2235
2231
2234
2205
2210
2194
2188
2179
2173
2163
2153
2146
2131
2124
2102
2083
2071
2055
2035
2022
1981
1970
1963
1953
1915
1908
1897
1889
1880
1868
1860
1860
1856
1861
1861
1864
1875
1861
1862
1869
1874
1896
1900
1906
1905
1904
1896
1904
1915
1921
1923
1913
1915
1918
1947
1949
1951
1949
1971
1975
1974
1987
1997
2016
2018
2023
2028
2036
2047
2056
2070
2108
2120
2129
2132
2147
2179
2192
2197
2196
2200
2204
2217
2222
2223
2225
2220
2209
2163
2159
2153
2145
2134
2097
2091
2089
2078
2063
2052
2046
2037
2001
1998
1994
1986
1986
1980
1967
1952
1949
1938
1939
1942
1944
1934
1920
1909
1910
1888
1891
1892
1891
1877
1886
1890
1899
1902
1893
1892
1890
1894
1903
1911
1928
1949
1971
1973
1983
1999
2049
2059
2062
2064
2077
2106
2120
2130
2134
2139
2145
2149
2156
2176
2182
2186
2189
2195
2184
2191
2191
2185
2187
2183
2183
2177
2146
2138
2132
2127
2106
2093
2085
2070
2055
2017
2009
2004
2004
1993
1979
1973
1966
1925
1924
1916
1902
1876
1873
1877
1876
1866
1855
1850
1845
1844
1846
1849
1856
1854
1860
1863
1864
1862
1862
1904
1908
1901
1902
1901
1909
1924
1938
1957
1970
1988
2001
2031
2033
2047
2069
2082
2084
2092
2096
2110
2131
2141
2150
2154
2164
2165
2168
2176
2195
2201
2202
2191
2192
2207
2205
2204
2204
2202
2192
2181
2177
2174
2164
2162
2155
2139
2138
2140
2137
2123
2100
2097
2094
2092
2077
2056
2046
2042
2039
2032
2024
2029
2025
2008
1984
1975
1972
1969
1968
1963
1951
1933
1906
1908
1914
1922
1917
1913
1918
1924
1916
1917
1920
1928
1941
1937
1934
1934
1939
1945
1950
1954
1960
1965
1970
1972
1975
1999
1998
2007
2010
2006
2013
2018
2026
2031
2036
2035
2033
2033
2037
2042
2049
2047
2043
2052
2063
2063
2073
2075
2077
2069
2066
2065
2067
2066
2067
2065
2063
2062
2051
2045
2047
2047
2047
2046
2036
2030
2032
2032
2028
2018
2015
2020
2006
2011
2016
2016
2010
1986
1977
1972
1973
1975
1972
1971
1976
1960
1964
1961
1961
1971
1968
1966
1976
1990
1988
1996
2007
2012
2022
2022
2020
2022
2059
2070
2082
2085
2101
2101
2101
2091
2089
2124
2125
2120
2115
2108
2107
2114
2124
2125
2121
2120
2130
2117
2111
2105
2109
2108
2096
2086
2087
2090
2088
2083
2079
2072
2083
2085
2084
2080
2072
2045
2046
2044
2042
2035
2026
2016
2008
1984
1981
1974
1971
1949
1943
1935
1930
1933
1934
1921
1914
1919
1920
1914
1915
1916
1909
1905
1899
1897
1909
1902
1904
1899
1905
1902
1906
1906
1913
1917
1925
1927
1932
1957
1962
1968
1979
2002
2006
2013
2018
2029
2045
2043
2045
2059
2064
2069
2073
2081
2085
2084
2076
2071
2069
2075
2078
2082
2087
2091
2090
2089
2093
2104
2110
2115
2114
2111
2112
2107
2103
2103
2105
2098
2096
2092
2089
2084
2082
2079
2066
2062
2049
2034
2023
2031
2033
2030
2018
2013
2015
2016
2020
2021
2025
2023
2020
2022
2021
2021
2028
2035
2031
2033
2036
2030
2043
2039
2039
2049
2058
2048
2045
2051
2055
2045
2043
2046
2022
2011
2012
2017
2016
2014
2004
2001
2011
2020
2017
2008
2005
2027
2024
2026
2030
2029
2023
2020
2015
2012
2016
2011
2002
1999
1993
1989
1993
1990
1987
1994
1997
1991
1985
1987
1989
1993
1998
2002
2003
1998
1991
2017
2019
2023
2018
2003
2001
2003
2005
2003
2011
2011
2003
1995
1987
1988
1994
2003
2011
2009
2003
2003
2012
2013
2019
2023
2024
2010
2010
2030
2036
2032
2025
2022
2027
2026
2036
2042
2037
2023
2031
2040
2035
2033
2053
2051
2044
2044
2045
2042
2040
2037
2040
2037
2037
2032
2027
2015
2022
2020
2023
2022
2022
2021
2026
2039
2043
2049
2056
2074
2069
2067
2071
2070
2079
2077
2074
2075
2073
2075
2075
2071
2065
2063
2060
2061
2060
2055
2049
2041
2042
2028
2019
2011
2005
2000
1997
1997
1998
1972
1975
1980
1987
1989
1980
1983
1993
1997
1988
1992
2004
2010
2013
2014
2018
2011
2028
2034
2038
2038
2031
2026
2029
2034
2034
2030
2028
2033
2044
2033
2033
2036
2039
2028
2024
2021
2021
2022
2034
2040
2042
2044
2040
2032
2031
2034
2028
2026
2028
2028
2034
2030
2024
2025
2017
1995
1999
2005
2006
2011
2012
2018
2008
1993
1986
1993
1999
1998
2006
2007
2014
2010
2011
2007
2010
2019
2020
2019
2020
2021
2042
2040
2036
2033
2031
2034
2025
2019
2019
2023
2029
2034
2032
2035
2046
2048
2044
2036
2033
2021
2024
2034
2039
2044
2042
2041
2041
2043
2039
2039
2050
2050
2044
2040
2045
2050
2050
2037
2033
2023
2018
2015
2014
2012
2005
1993
1990
1994
1998
1993
1991
1983
1982
1989
1989
1986
1999
1995
1990
1991
1998
2003
2010
2023
2057
2063
2060
2061
2071
2081
2088
2095
2104
2093
2085
2087
2087
2091
2091
2092
2091
2061
2059
2061
2068
2061
2053
2045
2029
2021
2022
2020
2018
2020
2010
2019
2029
2025
2000
2003
2012
2019
2023
2014
2021
2028
2037
2043
2041
2043
2046
2031
2031
2040
2039
2037
2024
2020
2021
2022
2012
2003
1999
1999
1996
1987
1984
1982
1980
1984
1974
1959
1944
1894
1883
1890
1886
1879
1876
1886
1896
1886
1891
1886
1887
1898
1899
1907
1924
1934
1947
1957
1953
1948
1946
1948
1946
1951
2007
2009
2020
2021
2060
2072
2079
2097
2125
2151
2160
2175
2192
2207
2231
2259
2265
2303
2307
2313
2328
2347
2354
2370
2382
2381
2361
2351
2334
2329
2317
2309
2296
2285
2238
2234
2222
2196
2178
2111
2083
2064
2056
2035
2015
1995
1973
1871
1858
1842
1827
1766
1755
1736
1722
1715
1670
1650
1641
1643
1641
1638
1641
1644
1664
1666
1664
1659
1662
1695
1712
1728
1747
1766
1777
1790
1797
1810
1833
1855
1875
1939
1951
1966
1990
2007
2056
2071
2086
2105
2130
2153
2174
2197
2285
2303
2316
2337
2401
2422
2433
2444
2451
2472
2467
2468
2470
2471
2467
2467
2468
2445
2431
2415
2397
2319
2307
2297
2284
2265
2202
2167
2138
2107
2076
2051
2023
1996
1873
1848
1817
1776
1646
1615
1589
1560
1538
1476
1460
1449
1435
1424
1409
1397
1389
1359
1363
1368
1380
1436
1463
1487
1514
1537
1614
1652
1684
1718
1758
1792
1835
1865
2021
2063
2101
2141
2173
2282
2319
2355
2388
2418
2444
2466
2493
2583
2596
2624
2647
2693
2690
2691
2694
2702
2703
2697
2685
2670
2660
2645
2630
2608
2514
2478
2451
2428
2404
2375
2278
2244
2215
2189
2069
2047
2030
1998
1978
1887
1858
1832
1808
1790
1772
1755
1739
1662
1647
1634
1629
1608
1597
1584
1573
1563
1554
1566
1569
1573
1579
1592
1601
1609
1639
1659
1671
1684
1752
1758
1776
1803
1826
1898
1914
1923
1937
1955
1973
1993
2008
2094
2104
2125
2144
2149
2182
2188
2200
2211
2225
2227
2227
2234
2262
2259
2264
2268
2244
2240
2243
2243
2244
2222
2218
2215
2215
2209
2199
2193
2187
2172
2153
2138
2128
2119
2094
2083
2074
2065
2058
2056
2047
2029
1972
1958
1952
1943
1880
1881
1874
1860
1851
1820
1805
1798
1797
1788
1774
1763
1766
1760
1758
1764
1769
1807
1812
1822
1834
1847
1867
1882
1895
1916
1939
1963
1981
2002
2065
2094
2121
2144
2171
2225
2229
2243
2258
2281
2297
2314
2327
2384
2385
2396
2404
2431
2424
2409
2399
2398
2402
2402
2397
2389
2375
2358
2340
2323
2260
2238
2211
2186
2081
2065
2044
2024
2007
1939
1908
1891
1877
1859
1839
1820
1806
1730
1705
1688
1675
1651
1642
1628
1615
1614
1616
1615
1620
1629
1632
1632
1632
1628
1665
1674
1690
1711
1743
1756
1780
1807
1829
1888
1899
1909
1931
1947
1965
1991
2014
2084
2102
2116
2128
2146
2218
2228
2232
2251
2272
2292
2311
2324
2386
2404
2411
2407
2426
2432
2424
2411
2398
2391
2396
2381
2353
2332
2318
2313
2312
2229
2203
2177
2164
2110
2097
2085
2069
2053
1987
1981
1976
1965
1950
1932
1920
1903
1829
1825
1819
1812
1809
1762
1769
1770
1785
1793
1785
1773
1772
1786
1790
1788
1800
1818
1821
1832
1838
1842
1890
1902
1908
1917
1910
1913
1928
1945
2019
2028
2044
2063
2099
2106
2122
2136
2154
2164
2171
2180
2188
2189
2193
2198
2196
2186
2186
2182
2185
2166
2150
2133
2136
2140
2129
2119
2116
2110
2093
2078
2070
2065
2029
2018
2006
1996
1983
1964
1951
1940
1933
1916
1898
1891
1895
1874
1873
1866
1868
1864
1862
1861
1853
1860
1864
1857
1869
1884
1891
1900
1911
1914
1927
1936
1946
1962
1985
2002
2019
2036
2053
2075
2077
2087
2104
2117
2125
2130
2131
2161
2166
2170
2173
2172
2194
2199
2192
2188
2187
2182
2189
2194
2167
2179
2186
2194
2192
2192
2195
2204
2205
2168
2157
2149
2152
2157
2157
2144
2137
2112
2107
2101
2091
2082
2076
2069
2058
2046
2025
2018
2006
1993
1987
1975
1956
1951
1920
1909
1898
1889
1874
1863
1866
1865
1861
1848
1843
1842
1843
1842
1846
1847
1845
1851
1850
1845
1839
1855
1872
1878
1889
1894
1895
1900
1911
1923
1954
1951
1957
1963
1984
1996
2012
2032
2047
2050
2060
2071
2086
2097
2094
2083
2079
2112
2106
2101
2094
2127
2116
2106
2103
2110
2125
2122
2108
2093
2096
2099
2101
2108
2088
2097
2107
2095
2075
2050
2054
2050
2052
2042
2032
2022
2014
2012
2017
2013
2004
2003
2002
1999
2000
2001
2009
2011
2010
2001
1996
2004
2021
2037
2023
2023
2029
2037
2037
2041
2044
2050
2045
2053
2055
2056
2059
2061
2065
2069
2076
2075
2078
2082
2086
2075
2074
2074
2073
2068
2069
2070
2063
2060
2066
2066
2058
2048
2041
2043
2044
2044
2043
2007
2005
2010
2016
2014
2002
1988
1990
1985
1987
1986
1985
1989
1990
1990
1986
1999
2009
2011
2012
2012
2015
2022
2026
2026
2030
2031
2025
2013
2027
2040
2040
2036
2024
2016
2025
2026
2022
2018
2015
2015
2024
2027
2015
2009
2014
2020
2012
2005
2007
2009
1990
1989
1988
1991
1991
1990
1982
1984
1980
1980
1971
1970
1974
1978
1983
1990
2002
2016
2010
2012
2021
2008
2001
2003
2011
2019
2014
2015
2011
2005
2012
2016
2016
2019
2021
2021
2017
2014
2009
2006
2012
2021
2006
2013
2013
2013
2016
2028
2034
2037
2038
2031
2028
2032
2041
2069
2060
2054
2051
2048
2039
2042
2050
2062
2045
2038
2040
2041
2049
2057
2057
2049
2058
2055
2055
2060
2061
2053
2059
2062
2064
2061
2059
2057
2061
2055
2054
2051
2044
2055
2051
2045
2046
2055
2066
2052
2040
2042
2042
2031
2018
2013
2042
2046
2042
2040
2008
2000
1991
1995
1996
2003
2004
1996
1996
2003
2004
1999
1990
1986
1980
1975
1972
1971
1947
1953
1955
1957
1956
1960
1961
1969
1989
1996
1999
2002
1996
2015
2030
2038
2039
2068
2075
2083
2095
2097
2102
2107
2119
2133
2138
2135
2123
2108
2107
2116
2117
2108
2092
2086
2079
2071
2067
2066
2063
2057
2016
2018
2023
2020
1989
1990
1998
2001
2000
1963
1961
1963
1957
1958
1962
1957
1952
1952
1956
1957
1960
1960
1973
1973
1964
1961
1950
1937
1927
1920
1941
1943
1947
1945
1930
1928
1934
1943
1957
1997
2015
2022
2027
2031
2045
2050
2052
2069
2071
2072
2081
2108
2116
2125
2125
2124
2128
2126
2128
2136
2136
2137
2137
2133
2117
2104
2101
2111
2118
2107
2106
2100
2096
2091
2093
2081
2073
2075
2063
2058
2058
2023
2009
2007
2005
2008
1995
1990
1984
1985
1987
1993
1996
1982
1971
1973
1972
1964
1974
1971
1970
1970
1976
1967
1967
1967
1975
1981
1981
1986
1993
1997
2002
2004
2010
2042
2050
2055
2060
2070
2075
2069
2073
2074
2073
2068
2071
2070
2048
2037
2027
2021
2014
1998
1995
1988
1973
1960
1956
1948
1941
1904
1898
1888
1870
1864
1862
1868
1869
1861
1882
1873
1839
1812
1803
1801
1804
1824
1987
1999
2038
2055
2040
2038
2041
2063
2097
2122
2143
2167
2183
2204
2227
2238
2235
2187
2209
2213
2201
2185
2198
2200
2197
2191
2210
2205
2207
2216
2210
2195
2177
2173
2175
2162
2154
2142
2134
2172
2165
2148
2138
2144
2146
2133
2127
2098
2090
2089
2091
2080
2048
2045
2026
2008
1996
1987
1980
1973
1995
1977
1959
1941
1928
1920
1910
1890
1860
1833
1832
1835
1830
1821
1813
1818
1828
1831
1796
1786
1794
1792
1782
1776
1784
1793
1815
1814
1825
1836
1872
1888
1901
1914
1927
1947
1950
1963
1978
1998
2015
2032
2050
2047
2045
2045
2062
2081
2145
2181
2210
2241
2271
2285
2294
2297
2292
2279
2277
2280
2321
2322
2328
2335
2332
2286
2275
2256
2237
2221
2200
2177
2161
2089
2071
2051
2035
1962
1944
1918
1890
1867
1809
1782
1763
1748
1731
1720
1703
1688
1639
1621
1605
1595
1624
1624
1628
1643
1657
1700
1702
1707
1712
1715
1732
1764
1794
1853
1885
1912
1930
2012
2043
2078
2106
2128
2190
2216
2236
2256
2271
2276
2284
2294
2374
2388
2399
2400
2402
2416
2415
2424
2431
2436
2446
2456
2459
2424
2418
2411
2405
2375
2372
2369
2357
2330
2253
2220
2195
2176
2154
2132
2119
2110
2020
1992
1972
1954
1860
1856
1841
1827
1822
1787
1771
1764
1754
1748
1747
1745
1749
1767
1769
1776
1786
1793
1800
1806
1808
1821
1838
1849
1855
1864
1864
1868
1869
1874
1894
1899
1902
1911
1942
1948
1944
1946
1955
1965
1981
1992
1993
1991
1999
2008
2020
2036
2039
2047
2053
2061
2067
2073
2089
2102
2112
2120
2117
2121
2115
2124
2126
2134
2140
2145
2147
2145
2146
2152
2152
2148
2144
2139
2124
2117
2120
2113
2106
2102
2099
2069
2067
2063
2058
2056
2049
2047
2038
2031
2016
2010
1997
1990
1947
1941
1938
1937
1883
1882
1885
1894
1908
1890
1888
1904
1924
1929
1926
1927
1932
1981
1985
1986
1994
2058
2066
2067
2069
2080
2141
2151
2158
2161
2174
2191
2206
2220
2245
2255
2263
2268
2272
2268
2277
2279
2278
2280
2285
2281
2276
2229
2225
2219
2207
2134
2121
2097
2076
2057
2015
1997
1969
1950
1938
1918
1904
1892
1829
1825
1817
1806
1765
1762
1760
1753
1752
1738
1738
1729
1734
1736
1733
1740
1750
1753
1764
1779
1789
1822
1828
1836
1839
1844
1868
1882
1891
1898
1910
1927
1944
1957
1995
1999
2013
2039
2082
2105
2117
2127
2144
2191
2209
2222
2228
2234
2234
2233
2235
2254
2258
2260
2257
2254
2245
2244
2239
2230
2227
2214
2204
2201
2157
2153
2157
2152
2112
2105
2099
2086
2076
2045
2033
2020
2012
2004
2003
2000
1991
1959
1956
1958
1954
1960
1955
1964
1971
1970
1956
1953
1969
1981
1980
1981
1990
1996
1990
1994
2005
2018
2015
2010
2008
2002
2000
2008
1999
1991
1989
1991
1994
1998
1997
2008
2002
2003
2009
2020
2025
2032
2033
2042
2044
2039
2042
2053
2064
2067
2076
2084
2090
2086
2089
2089
2095
2097
2088
2076
2075
2076
2072
2066
2065
2052
2050
2048
2045
2006
1994
1987
1980
1976
1961
1950
1944
1942
1940
1939
1937
1931
1932
1925
1913
1913
1925
1924
1923
1930
1930
1926
1929
1932
1937
1934
1937
1953
1963
1976
1983
1994
1998
2001
1987
2003
2009
2012
2011
2022
2032
2037
2061
2064
2071
2082
2094
2100
2110
2110
2123
2143
2140
2135
2131
2125
2131
2132
2132
2122
2120
2125
2120
2101
2103
2107
2102
2088
2081
2090
2091
2083
2071
2069
2064
2061
2046
2047
2060
2069
2067
2055
2052
2051
2041
2031
2023
2023
2028
2001
1998
1995
1986
1989
1982
1972
1960
1965
1955
1944
1945
1949
1956
1958
1951
1941
1958
1955
1954
1952
1934
1941
1944
1946
1948
1936
1942
1948
1949
1954
1964
1974
1981
1994
1989
1990
2004
2018
2030
2037
2039
2047
2060
2059
2061
2073
2076
2076
2074
2075
2065
2066
2060
2059
2061
2056
2048
2038
2043
2041
2043
2039
2040
2024
2023
2020
2012
2001
2005
2000
1998
1997
2002
2010
2008
2003
1999
2002
2008
2009
2019
2032
2043
2046
2039
2043
2042
2046
2049
2053
2048
2040
2033
2037
2042
2048
2050
2068
2066
2063
2071
2072
2082
2085
2089
2088
2089
2101
2105
2102
2104
2107
2110
2109
2097
2099
2092
2094
2092
2081
2078
2069
2064
2068
2078
2081
2076
2061
2064
2067
2057
2038
2027