1859
1869
1868
1863
1867
1883
1890
1906
1912
1974
1992
2002
2009
2017
2039
2049
2054
2059
2073
2082
2092
2094
2132
2146
2154
2166
2167
2186
2184
2181
2181
2171
2171
2173
2180
2167
2165
2161
2158
2118
2112
2103
2093
2087
2075
2064
2053
2051
2048
2048
2036
2029
2017
2013
2015
2015
2014
2008
2004
1998
1994
1981
1976
1978
1973
1969
1968
1971
1969
1962
1961
1958
1954
1959
1954
1966
1972
1973
1988
1997
2002
1999
2002
2011
2021
2025
2025
2019
2014
2014
2019
2026
2038
2047
2053
2056
2064
2075
2079
2100
2096
2104
2112
2122
2122
2121
2117
2114
2102
2096
2091
2092
2085
2083
2081
2066
2047
2041
2021
2007
2007
1995
1986
1974
1977
1978
1962
1951
1946
1952
1957
1958
1948
1928
1943
1956
1954
1939
1955
1971
1979
1980
1949
1953
1961
1963
1970
1975
1975
1986
1983
1982
1976
1971
1975
1974
1978
1985
1985
1981
1985
1988
2002
2011
2011
2016
2024
2009
2019
2031
2037
2031
2012
2009
2018
2025
2025
2023
2020
2019
2019
2028
2027
2031
2042
2046
2043
2040
2049
2047
2056
2063
2065
2071
2083
2086
2082
2088
2088
2093
2096
2105
2104
2105
2113
2124
2094
2087
2081
2077
2079
2080
2075
2077
2060
2054
2046
2043
2049
2041
2033
2021
2011
2017
2012
2008
2001
2003
2006
2006
2004
1998
2007
2012
2008
2009
2009
2013
2019
2031
2034
2029
2033
2040
2043
2044
2042
2041
2049
2049
2049
2048
2045
2060
2060
2052
2049
2043
2046
2049
2048
2037
2029
2019
2009
2010
2005
1999
2000
2006
1992
1990
1979
1981
1975
1977
1979
1976
1987
1986
1988
1995
2007
2007
1999
1993
1993
2000
2009
2008
2003
1996
1985
1980
1984
1982
1992
1996
1999
1974
1976
1989
2000
2012
1995
1994
1989
1991
1990
1992
1993
1999
2024
2021
2025
2030
2054
2058
2054
2053
2059
2073
2077
2081
2087
2092
2085
2077
2072
2072
2074
2081
2082
2083
2066
2064
2066
2057
2048
2050
2050
2042
2027
2018
2023
2024
2019
2017
2012
2005
2013
2038
2038
2041
2040
2042
2043
2041
2036
2035
2042
2057
2059
2036
2039
2044
2043
2040
2033
2031
2030
2025
2024
2024
2031
2032
2028
2019
2010
2011
2008
2012
2017
2013
2002
2010
2015
2018
2020
2021
2018
2018
2020
2003
2007
2021
2029
2021
2006
1998
1992
1995
2006
2019
2025
2027
2017
2010
2009
2015
1993
1994
1988
1984
1987
1977
1977
1979
1982
1981
1974
1971
1975
1971
1984
1989
1994
1990
1996
2005
2015
2018
1996
2004
2013
2018
2018
2018
2014
2013
2003
1995
1992
1996
2004
1995
1991
1998
2016
2016
2010
2016
2022
2024
2031
2036
2033
2070
2075
2079
2089
2087
2089
2090
2080
2079
2100
2094
2093
2094
2094
2098
2101
2103
2093
2086
2081
2075
2075
2083
2076
2071
2080
2079
2082
2078
2072
2052
2051
2049
2048
2058
2057
2051
2052
2060
2049
2039
2029
2025
2027
2026
2028
2035
2007
2010
2008
2004
2006
2003
1995
1993
1991
1997
1992
1995
1997
1992
1988
1989
1991
1979
1985
1994
1999
1987
1992
1994
1995
1996
1995
1993
1992
1991
1989
1994
2005
2013
2032
2037
2043
2056
2061
2056
2059
2062
2058
2048
2043
2042
2036
2034
2027
2018
2020
2021
2014
2009
2008
2007
1988
1981
1981
1992
2000
2000
2002
2005
2020
2008
1991
1988
2009
2018
2026
2023
2020
2030
2029
2037
2040
2038
2039
2041
2032
2048
2059
2068
2079
2042
2028
2022
2015
2016
2025
2013
2014
2015
2016
2011
2008
2013
2021
2018
2009
2006
1998
1999
2002
2006
2013
2010
2011
2015
2016
2031
2025
2035
2044
2027
2032
2038
2049
2067
2097
2092
2095
2100
2103
2101
2099
2097
2081
2086
2082
2083
2070
2069
2069
2064
2061
2053
2049
2044
2042
2041
2035
2022
2016
1997
1994
1994
1991
1994
1992
1981
1976
1979
1994
1991
1989
1982
1977
1976
1974
1967
1959
1954
1959
1972
1979
1978
1983
1980
1981
1983
1987
1994
2002
2020
2027
2036
2035
2024
2022
2026
2031
2030
2021
2020
2017
2004
2002
2004
2005
2009
2021
2010
2008
2017
2031
2025
2024
2035
2050
2059
2056
2054
2054
2059
2064
2073
2076
2078
2073
2075
2081
2077
2066
2067
2064
2057
2045
2037
2038
2039
2007
1993
1982
1988
1975
1970
1959
1953
1957
1961
1961
1967
1974
1976
1977
1984
1972
1964
1962
1956
1954
1951
1955
1962
1964
1964
1978
1981
1987
1995
1990
1972
1962
1970
1972
1978
1989
2005
2043
2056
2071
2079
2082
2090
2087
2083
2091
2108
2114
2121
2128
2134
2140
2140
2138
2142
2140
2134
2128
2136
2147
2151
2151
2154
2143
2139
2133
2141
2143
2145
2143
2149
2154
2148
2160
2155
2146
2150
2146
2149
2144
2121
2125
2121
2116
2097
2082
2065
2052
2047
2009
1992
1982
1971
1958
1949
1945
1944
1912
1900
1885
1874
1867
1845
1839
1839
1832
1818
1815
1818
1816
1824
1819
1824
1830
1838
1852
1874
1881
1881
1895
1904
1911
1928
1933
1931
1933
1940
1971
1986
1995
2003
2052
2053
2061
2060
2068
2078
2086
2078
2073
2069
2072
2070
2064
2056
2069
2081
2085
2073
2084
2096
2104
2107
2119
2123
2128
2126
2124
2119
2120
2117
2130
2126
2121
2120
2121
2121
2114
2103
2096
2086
2074
2066
2065
2031
2021
2014
2008
1969
1953
1942
1939
1943
1910
1906
1905
1910
1910
1911
1913
1911
1913
1914
1916
1920
1939
1944
1941
1932
1930
1952
1943
1942
1945
1939
1939
1949
1963
1992
1997
2005
2011
2012
2040
2049
2069
2085
2087
2085
2093
2103
2124
2122
2122
2141
2169
2183
2194
2201
2208
2214
2215
2217
2224
2230
2229
2226
2219
2197
2191
2189
2186
2165
2155
2144
2137
2129
2118
2112
2097
2090
2085
2077
2070
2061
2039
2031
2021
2008
1980
1974
1976
1978
1974
1942
1937
1933
1928
1920
1916
1912
1912
1894
1894
1891
1881
1880
1874
1880
1882
1880
1879
1877
1883
1888
1915
1913
1920
1931
1956
1957
1965
1966
1967
1990
1995
2002
2009
2013
2028
2040
2052
2074
2080
2091
2106
2097
2097
2088
2087
2085
2076
2070
2066
2064
2062
2065
2071
2067
2050
2050
2047
2050
2060
2065
2066
2062
2068
2066
2068
2057
2049
2029
2030
2034
2036
2008
2008
2015
2021
2025
2014
2002
1998
1999
1994
1985
1988
1997
2001
2003
1998
1995
1971
1967
1971
1973
1971
1958
1959
1960
1964
1958
1956
1954
1960
1958
1964
1974
1973
1977
1982
1993
2007
2019
2036
2033
2031
2033
2035
2037
2028
2034
2033
2026
2027
2030
2032
2039
2049
2055
2051
2053
2049
2049
2055
2073
2091
2099
2094
2093
2092
2091
2091
2097
2074
2069
2063
2054
2051
2059
2053
2047
2044
2047
2049
2045
2047
2051
2046
2039
2041
2055
2058
2058
2054
2051
2039
2032
2027
2029
2030
2026
2019
1996
1987
1982
1979
1977
1985
1984
1983
1975
1969
1971
1978
1982
1980
1985
1989
2004
2009
1996
1999
1995
2002
2007
2020
2028
2037
2038
2049
2047
2041
2055
2053
2054
2057
2057
2053
2058
2055
2056
2056
2058
2064
2076
2064
2061
2055
2054
2047
2048
2055
2055
2052
2053
2050
2051
2058
2057
2058
2053
2058
2046
2048
2041
2030
2030
2022
2019
2021
2018
1991
1987
1994
2000
2007
2008
2013
2016
2020
2022
2029
2032
2028
2036
2034
2028
2030
2037
2036
2033
2031
2019
2018
2008
2006
1984
1974
1963
1961
1958
1955
1954
1952
1956
1959
1953
1953
1956
1961
1961
1963
1967
1991
1999
2008
2023
2027
2025
2035
2040
2047
2049
2045
2047
2051
2055
2051
2057
2067
2071
2047
2046
2055
2062
2054
2051
2053
2054
2040
2043
2032
2020
2028
2032
2028
2019
2014
2018
2014
2009
2007
2003
2010
2015
2016
2021
2019
2029
2037
2024
2024
2038
2046
2041
2043
2043
2040
2030
2030
2031
2028
2017
2023
2022
2022
2018
2013
2018
2022
2020
2017
2020
2023
2020
2029
2039
2040
2038
2033
2028
2034
2032
2032
2033
2030
2029
2023
2024
2027
2031
2034
2029
2040
2044
2036
2045
2054
2058
2059
2060
2064
2075
2082
2084
2082
2077
2076
2072
2076
2057
2055
2061
2062
2058
2045
2037
2038
2037
2034
2033
2039
2036
2033
2033
2033
2026
2030
2025
2027
2037
2044
2040
2036
2029
2021
2015
2018
2024
2017
2016
2012
2008
2004
2003
2000
1994
1982
1980
1974
1978
1983
1975
1975
1977
1982
1978
1962
1957
1958
1960
1963
1964
1964
1961
1957
1954
1958
1968
1974
1974
1980
1982
1988
1993
2013
2024
2023
2035
2039
2042
2046
2055
2063
2060
2062
2066
2064
2069
2082
2088
2078
2083
2079
2078
2070
2073
2082
2086
2092
2092
2079
2064
2056
2065
2068
2071
2072
2052
2051
2053
2053
2054
2047
2038
2028
2024
2026
2024
2019
2017
2017
2012
2011
2022
2005
2008
2005
1995
1987
1978
1986
1993
1993
1997
2003
2003
2003
2020
2023
2025
2030
2040
2044
2046
2042
2046
2045
2051
2055
2062
2054
2054
2058
2067
2053
2057
2056
2045
2038
2057
2053
2049
2051
2050
2048
2047
2043
2035
2038
2031
2028
2021
2012
2013
2014
2014
2003
1997
2005
2006
2001
1991
2002
2009
2020
2023
2018
2013
2009
2006
2007
2007
2008
1985
1976
1975
1970
1970
1971
1977
1979
1974
1972
1966
1967
1973
1958
1969
1971
1962
1958
1963
1964
1961
1982
1989
1981
1979
1993
1992
1992
1996
2005
2012
2007
2018
2019
2018
2030
2041
2045
2061
2060
2062
2069
2077
2086
2091
2085
2077
2069
2082
2088
2086
2085
2084
2082
2073
2079
2075
2073
2070
2067
2067
2070
2068
2070
2078
2076
2071
2067
2053
2058
2064
2064
2054
2059
2063
2068
2066
2055
2048
2048
2051
2046
2038
2026
2027
2016
2015
2019
2012
1997
1989
1983
1977
1972
1984
1977
1969
1964
1960
1953
1963
1974
1982
1983
1981
1982
1999
2000
1999
2003
2008
2008
2002
2006
2020
2023
2021
2024
2034
2016
2011
2011
2015
2025
2022
2026
2027
2023
2027
2017
2018
2023
2022
2020
2017
2021
2039
2055
2064
2055
2046
2053
2050
2042
2046
2049
2045
2042
2040
2019
2028
2026
2025
2026
2017
2022
2033
2041
2051
2053
2051
2047
2041
2031
2030
2028
2026
2023
2023
2017
2013
2011
2011
2013
2017
2015
2014
2013
2013
2017
2024
2028
2032
2021
2018
2018
2026
2038
2041
2042
2042
2043
2044
2043
2042
2047
2057
2040
2036
2038
2038
2043
2046
2045
2047
2025
2023
2037
2040
2028
2024
2029
2024
2033
2033
2027
2038
2038
2050
2048
2036
2028
2027
2027
2025
2029
2032
2028
2019
2017
2016
2028
2026
2024
2017
1999
1992
1993
1996
2008
2020
2024
2023
2013
2017
2027
2033
2025
2019
2015
2011
2011
2009
2004
2000
1994
1986
1988
1991
1983
2003
2014
2020
2022
2021
2019
2016
2019
2013
2011
2017
2027
2038
2049
2054
2054
2048
2030
2029
2028
2035
2031
2035
2032
2028
2028
2040
2052
2048
2037
2024
2017
2014
2018
2015
2008
2001
2008
2017
2009
2007
2014
2022
2031
2036
2038
2031
2048
2046
2046
2047
2047
2055
2054
2049
2047
2039
2036
2037
2043
2043
2044
2043
2045
2043
2042
2040
2035
2053
2038
2037
2038
2045
2025
2017
2015
2021
2023
2015
2012
2006
2022
2027
2025
2030
2035
2036
2038
2050
2063
2053
2046
2043
2040
2045
2045
2050
2050
2023
2012
2011
2016
2019
2029
2036
2037
2030
2033
2048
2056
2059
2058
2055
2051
2047
2030
2030
2033
2031
2027
2028
2029
2032
2032
2023
2014
2016
2018
1987
1979
1976
1971
1945
1926
1931
1943
1947
1968
1984
1977
1963
1958
1941
1931
1937
1956
1955
1970
1986
1996
1988
1987
1981
1973
1946
1931
1916
1915
1914
1896
1881
1880
1889
1902
1917
1934
1954
1970
1982
1997
2002
1997
1997
2005
2023
2073
2084
2111
2124
2152
2158
2159
2165
2166
2179
2189
2196
2206
2203
2201
2181
2156
2109
2113
2108
2107
2117
2124
2136
2148
2154
2175
2180
2176
2177
2180
2186
2188
2186
2194
2193
2201
2207
2211
2210
2213
2209
2194
2149
2122
2109
2102
2083
2059
2043
2023
1935
1930
1925
1918
1908
1873
1851
1832
1831
1831
1832
1841
1844
1820
1827
1832
1830
1847
1856
1860
1863
1867
1870
1871
1868
1870
1873
1878
1888
1897
1917
1927
1930
1928
1924
1914
1913
1904
1905
1906
1904
1904
1905
1915
1927
1941
1960
2042
2064
2083
2096
2136
2144
2155
2167
2176
2178
2186
2195
2200
2202
2205
2208
2212
2218
2214
2217
2211
2206
2182
2165
2161
2155
2145
2127
2111
2104
2045
2035
2015
1992
1966
1971
1973
1965
1956
1947
1941
1930
1927
1918
1923
1923
1922
1917
1915
1913
1911
1883
1886
1888
1895
1896
1895
1900
1902
1901
1900
1898
1906
1912
1901
1889
1883
1880
1901
1910
1910
1916
1931
1962
1976
1991
2006
2027
2049
2069
2076
2116
2126
2144
2162
2190
2226
2229
2242
2251
2254
2260
2266
2273
2287
2285
2272
2265
2241
2221
2200
2192
2181
2163
2158
2155
2153
2145
2135
2136
2135
2128
2137
2139
2138
2121
2121
2125
2130
2136
2123
2112
2102
2090
2080
2068
2056
2044
1979
1970
1955
1944
1895
1890
1882
1859
1839
1831
1832
1832
1831
1834
1834
1828
1823
1822
1831
1838
1840
1845
1873
1882
1898
1908
1916
1924
1935
1941
1968
1970
1979
1993
2005
2003
2014
2027
2046
2053
2063
2068
2076
2081
2077
2076
2074
2076
2074
2068
2069
2059
2068
2064
2061
2062
2070
2063
2056
2065
2065
2073
2084
2087
2084
2081
2082
2090
2092
2079
2075
2070
2074
2071
2063
2050
2046
2042
2031
2018
2001
1974
1969
1956
1949
1942
1913
1906
1894
1896
1896
1894
1894
1889
1859
1866
1872
1880
1917
1934
1941
1942
1949
1991
1995
2001
2009
2012
2013
2012
2018
2059
2069
2077
2073
2073
2097
2098
2101
2113
2125
2123
2120
2111
2099
2095
2095
2105
2104
2102
2102
2100
2099
2111
2118
2111
2107
2109
2121
2127
2132
2132
2127
2121
2112
2126
2132
2135
2131
2124
2090
2085
2076
2067
2054
2050
2049
2040
1976
1971
1967
1960
1938
1926
1925
1923
1915
1911
1914
1915
1919
1918
1919
1917
1916
1927
1929
1936
1948
1949
1969
1978
1979
1989
1992
1995
1995
1995
2006
2005
2006
2011
2028
2030
2038
2041
2040
2038
2026
2027
2031
2031
2039
2039
2057
2079
2073
2075
2086
2111
2109
2110
2114
2120
2104
2106
2107
2113
2120
2110
2096
2089
2081
2080
2086
2083
2077
2080
2078
2078
2084
2091
2092
2087
2085
2067
2066
2055
2040
2013
2004
1996
1983
1968
1959
1958
1960
1956
1954
1953
1946
1944
1943
1953
1951
1939
1931
1928
1930
1940
1945
1938
1945
1945
1941
1953
1972
1982
1985
1992
1989
1989
1993
2011
2019
2022
2020
2017
2021
2030
2037
2045
2047
2047
2043
2041
2031
2039
2046
2054
2056
2046
2045
2054
2063
2063
2065
2065
2068
2073
2071
2076
2091
2086
2083
2079
2087
2084
2088
2079
2077
2079
2078
2078
2068
2067
2057
2053
2050
2042
2015
2015
2007
2002
2001
1999
2002
2001
2000
1996
1987
1993
1996
1991
1987
1987
1976
1968
1966
1969
1975
1973
1961
1961
1963
1964
1965
1966
1973
1976
1976
1984
1993
1999
1997
1999
2009
2005
2004
2010
2014
2025
2034
2040
2054
2059
2061
2060
2064
2068
2071
2070
2075
2077
2081
2086
2090
2091
2087
2081
2078
2073
2076
2073
2086
2087
2087
2089
2081
2084
2083
2079
2075
2066
2060
2055
2062
2049
2051
2056
2052
2050
2047
2044
2043
2042
2033
2032
2022
2018
2005
1996
1996
1996
1986
1978
1977
1980
1983
1973
1969
1971
1974
1966
1968
1967
1970
1995
1990
1984
1985
2003
1998
1998
2000
1998
1995
1978
1976
1977
1974
1978
1988
1990
1973
1980
1994
2009
2018
2023
2028
2034
2033
2037
2041
2045
2048
2056
2057
2047
2042
2052
2061
2064
2055
2048
2039
2045
2045
2047
2052
2053
2051
2059
2039
2047
2053
2062
2056
2057
2058
2057
2059
2064
2066
2061
2054
2049
2048
2051
2042
2036
2028
2025
2034
2032
2011
2013
2015
2011
2013
2029
2038
2034
1994
1995
1999
1997
1971
1986
2001
1999
1974
1982
1993
1997
1979
1961
1977
1995
2000
1989
1975
1974
1994
2026
2016
2021
2034
2052
2062
2052
2049
2057
2068
2087
2100
2103
2100
2092
2092
2091
2081
2074
2073
2077
2075
2040
2034
2035
2039
2039
2038
2028
2021
2014
2016
2004
1999
2013
2011
2012
2007
2013
2023
2021
2014
2014
2014
2032
2030
2028
2025
2032
2036
2036
2016
2010
2003
1994
1993
1981
1975
1963
1958
1962
1970
1968
1960
1958
1955
1952
1954
1964
1960
1965
1966
1970
1974
1985
1984
1984
1997
2008
2021
2029
2060
2072
2069
2061
2065
2098
2101
2089
2074
2079
2082
2089
2090
2075
2074
2070
2072
2073
2077
2077
2072
2065
2049
2054
2050
2046
2048
2049
2051
2049
2038
2033
2040
2046
2038
2038
2035
2034
2036
2037
2033
2037
2041
2033
2025
2020
2023
2016
2017
2011
2012
2012
2026
2029
2031
2036
2029
2019
2018
2022
2020
2017
2010
2007
2007
2004
2009
2011
2012
1991
1990
1991
1997
2002
2002
2001
1999
1999
1995
2001
2009
1979
2056
2061
2048
2066
2045
1993
1991
2011
2010
2026
2068
2081
2038
2006
1993
2013
2027
1981
1936
1922
1925
1968
1963
1939
1933
1966
1991
1998
1978
2019
2019
2026
2030
2028
2065
2049
2053
2074
2086
2073
2064
2068
2077
2081
2082
2082
2085
2077
2075
2084
2090
2100
2102
2075
2047
2035
2020
2009
2017
2019
2027
2047
2051
2026
2006
1988
1987
1989
1970
1984
2016
2034
2033
2024
2032
2048
2003
2005
2027
2050
2068
2052
2048
2040
2035
2034
2037
2024
2010
1988
1990
1987
1992
2005
2003
2001
2006
2011
2020
2025
2030
2026
2030
2037
2034
2022
2008
2018
2019
2026
2005
2001
1996
1981
1976
2000
2002
2010
2022
2023
2021
2023
2027
2041
2035
2031
2026
1999
2011
2015
2014
2015
2020
2026
2026
2028
2036
2039
2036
2027
2057
2058
2047
2038
2023
2028
2031
2034
2042
2029
2036
2042
2030
2018
2019
2025
2031
2030
2035
2032
2031
2029
2017
2022
2025
2030
2028
2034
2038
2035
2038
2049
2047
2052
2043
2049
2050
2045
2045
2044
2032
2026
2034
2032
2029
2023
2021
2038
2048
2051
2049
2062
2072
2085
2088
2090
2065
2067
2062
2061
2063
2056
2046
2040
2036
2030
2026
2018
2021
2004
1996
1985
1977
1967
1957
1959
1964
1968
1965
1966
1962
1930
1922
1923
1921
1916
1898
1890
1889
1888
1895
1897
1896
1898
1888
1884
1884
1878
1865
1861
1870
1882
1894
1919
1921
1922
1917
1927
1936
1936
1939
2060
2084
2105
2121
2124
2139
2150
2161
2179
2191
2208
2227
2246
2274
2282
2292
2301
2338
2323
2317
2316
2310
2274
2265
2257
2255
2237
2220
2210
2206
2169
2170
2174
2179
2180
2188
2184
2181
2183
2158
2145
2136
2126
2107
2097
2080
2059
1995
1978
1967
1953
1941
1927
1910
1891
1879
1868
1872
1867
1862
1836
1833
1825
1809
1743
1726
1709
1695
1704
1713
1728
1748
1756
1774
1784
1805
1826
1852
1869
1889
1905
1941
1947
1951
1955
1955
1939
1944
1944
1951
1958
1969
1981
1995
2045
2063
2081
2082
2125
2131
2133
2134
2129
2132
2151
2160
2168
2172
2185
2211
2222
2234
2242
2263
2281
2269
2270
2275
2279
2279
2257
2239
2229
2221
2211
2199
2183
2168
2130
2125
2111
2088
2074
2031
2025
2009
1991
1969
1943
1921
1908
1825
1814
1795
1769
1693
1686
1692
1697
1701
1695
1700
1708
1714
1721
1730
1730
1720
1724
1724
1726
1725
1773
1784
1796
1814
1844
1911
1931
1957
1980
2001
2035
2069
2089
2150
2166
2182
2190
2231
2242
2251
2265
2277
2334
2348
2362
2381
2386
2386
2405
2425
2439
2445
2442
2436
2389
2377
2373
2365
2348
2279
2251
2235
2224
2213
2199
2178
2158
2082
2077
2066
2051
2031
1979
1966
1944
1926
1916
1896
1884
1874
1834
1818
1814
1822
1799
1796
1793
1791
1782
1780
1767
1758
1763
1773
1779
1777
1772
1809
1831
1845
1861
1906
1929
1945
1956
1967
2000
2015
2026
2033
2036
2044
2051
2063
2085
2097
2110
2120
2160
2163
2167
2170
2176
2164
2160
2156
2155
2150
2153
2155
2145
2111
2104
2097
2089
2082
2044
2053
2059
2054
2049
2049
2047
2044
2039
2036
2027
2022
2002
1988
1976
1969
1968
1963
1954
1938
1932
1933
1941
1941
1945
1960
1971
1972
1965
1956
1953
1953
1947
1944
1923
1914
1906
1904
1909
1916
1910
1902
1922
1924
1925
1925
1964
1976
1987
1992
1994
2015
2020
2028
2047
2053
2053
2062
2073
2087
2089
2094
2110
2123
2162
2166
2171
2185
2194
2204
2200
2202
2187
2175
2180
2179
2163
2154
2142
2137
2132
2104
2093
2079
2069
2065
2066
2058
2046
2005
1994
1996
1995
1955
1945
1943
1946
1948
1948
1957
1956
1952
1944
1937
1933
1933
1902
1908
1901
1898
1894
1898
1902
1902
1898
1897
1899
1899
1905
1913
1920
1923
1933
1965
1964
1972
1979
1982
2000
2002
2006
2010
2015
2036
2059
2075
2116
2126
2137
2145
2170
2180
2191
2199
2198
2202
2202
2203
2206
2199
2189
2183
2181
2139
2122
2119
2126
2092
2079
2075
2086
2091
2061
2047
2041
2045
2053
2046
2035
2021
2010
2014
2010
1995
1962
1960
1953
1954
1954
1950
1949
1957
1961
1958
1960
1966
1974
1968
1972
1968
1966
1974
1985
1980
1982
1980
1978
1977
1983
1985
1997
1997
2005
2017
2032
2035
2047
2048
2046
2055
2062
2072
2067
2059
2067
2079
2084
2075
2067
2053
2040
2050
2047
2046
2051
2046
2048
2042
2040
2044
2040
2045
2048
2048
2020
2012
2020
2027
2028
2002
2009
2005
2007
2004
2003
2003
2000
1982
1972
1970
1978
1979
1977
1977
1984
1985
1997
2006
2007
2005
2007
2009
2003
1995
1973
1973
1972
1974
1952
1957
1967
1976
1980
1966
1971
1979
1995
2000
2002
1996
1989
2017
2025
2022
2017
2045
2049
2040
2035
2026
2052
2059
2052
2041
2054
2071
2086
2097
2086
2093
2095
2093
2071
2070
2074
2076
2079
2057
2051
2047
2046
2050
2048
2045
2045
2051
2050
2045
2035
2025
2038
2041
2039
2044
2042
2042
2047
2047
2044
2051
2058
2058
2043
2036
2039
2042
2052
2059
2049
2039
2033
2030
2034
2029
2026
2015
2015
2018
2013
2012
2009
2011
2011
2012
2009
2012
2016
2019
2018
2020
2019
2021
2008
2021
2031
2039
2044
2045
2052
2056
2053
2038
2040
2037
2033
2027
2028
2023
2014
2025
2021
2014
2012
2008
1986
1986
1987
1987
1977
1970
1968
1967
1967
1967
1964
1964
1960
1958
1960
1961
1966
1966
1969
1973
1984
1986
1988
1999
2014
2036
2043
2047
2047
2078
2083
2074
2074
2086
2077
2077
2077
2079
2082
2079
2080
2073
2058
2053
2055
2055
2047
2051
2053
2051
2057
2056
2060
2057
2044
2039
2041
2046
2044
2028
2036
2043
2037
2035
2012
2014
2025
2027
2032
2024
2014
2012
2008
2003
1993
1985
1990
1996
2003
2003
2010
2002
1996
1989
1981
1980
1981
1987
1989
2015
2026
2035
2042
2046
2051
2063
2070
2073
2064
2064
2063
2068
2071
2068
2062
2066
2074
2082
2088
2084
2048
2037
2030
2030
2039
2021
2021
2022
2018
2016
2018
2020
2021
2006
1997
1994
2000
1995
1996
1999
1997
1992
1995
1997
2002
1994
1981
1976
1975
1982
1990
1992
1991
1983
1982
1990
1981
1984
1993
1995
1994
1998
1990
1979
1980
1978
1974
1977
1972
1981
1980
1982
1997
1998
2007
2008
2002
2001
2007
2018
2038
2039
2040
2043
2054
2062
2066
2064
2056
2043
2049
2053
2062
2070
2083
2093
2091
2088
2086
2084
2089
2083
2079
2078
2074
2080
2062
2069
2074
2081
2077
2070
2067
2067
2078
2076
2070
2066
2061
2047
2050
2048
2052
2053
2058
2052
2047
2040
2044
2052
2062
2041
2041
2041
2044
2050
2027
2021
2017
2013
2003
2008
2007
1993
2012
2007
1999
2025
1932
1922
1906
1899
1919
1955
1952
1970
1981
1969
1952
1956
1962
1880
1861
1857
1858
1893
1921
1945
1979
2015
2071
2087
2091
2101
2108
2112
2106
2105
2131
2130
2131
2148
2147
2153
2148
2125
2096
2060
2034
2017
2009
2019
2024
2038
2054
2042
2037
2016
1986
1961
1957
1964
1976
1994
2012
2029
2038
2047
2032
2018
2010
2004
2027
2047
2066
2073
2060
2083
2079
2072
2075
2081
2082
2074
2055
2045
2047
2062
2067
2034
2015
2001
1987
1976
1961
1962
1975
1989
1995
2007
2016
2014
2023
2025
2028
2035
2041
2050
2068
2067
2064
2073
2073
2062
2060
2048
2042
2028
2025
2017
2032
2042
2057
2072
2088
2077
2067
2052
2033
2011
1999
1991
1975
1976
1977
1984
1992
1992
1994
1998
2005
2045
2052
2059
2062
2059
2050
2035
2022
2025
2045
2059
2056
2016
1999
1992
1990
1984
1982
1973
1967
1965
1971
1978
1978
1976
1966
1962
1964
1960
1960
1990
1999
2004
2015
2028
2036
2037
2034
2037
2032
2033
2029
2025
2004
2000
2003
2007
2004
2001
2002
2008
2007
2001
2008
2012
2022
2032
2051
2070
2084
2082
2081
2077
2066
2035
2028
2034
2042
2046
2048
2054
2061
2060
2052
2046
2049
2045
2053
2055
2054
2055
2029
2018
2007
2001
2001
1992
1986
1977
1939
1937
1936
1931
1924
1927
1937
1939
1941
1936
1931
1932
1944
1950
1955
1953
1960
1979
1984
2010
2036
2041
2082
2075
2058
2054
2075
2090
2098
2119
2161
2169
2174
2174
2199
2205
2198
2181
2169
2150
2153
2152
2150
2150
2154
2158
2156
2153
2143
2154
2176
2172
2161
2144
2133
2137
2142
2144
2148
2152
2144
2132
2122
2105
2074
2066
2048
2041
1992
1978
1962
1948
1932
1893
1889
1890
1886
1888
1894
1895
1879
1844
1845
1848
1846
1826
1818
1819
1825
1824
1825
1832
1831
1836
1844
1859
1873
1879
1891
1890
1909
1928
1944
1972
1984
1997
2006
2016
2019
2021
2008
1999
2002
2009
2023
2023
2018
2014
2022
2035
2050
2059
2066
2072
2075
2078
2080
2082
2085
2078
2065
2059
2071
2080
2088
2091
2095
2111
2110
2112
2119
2131
2132
2127
2123
2100
2095
2086
2074
2067
2062
2053
2047
2045
2042
2041
2039
2031
2011
2009
2008
2003
1989
1990
1993
1984
1974
1974
1970
1965
1959
1951
1945
1941
1938
1934
1938
1951
1967
1972
1966
1977
1982
1987
1986
1994
1989
1990
1994
1991
1990
1990
2009
2011
2015
2017
2025
2040
2059
2072
2082
2074
2073
2083
2093
2100
2108
2119
2126
2128
2130
2135
2146
2186
2189
2195
2201
2203
2217
2208
2195
2186
2181
2177
2176
2175
2133
2123
2115
2107
2094
2053
2048
2042
2039
2038
2036
2030
2025
2007
2013
2010
2011
1964
1954
1956
1964
1973
1976
1974
1967
1967
1966
1967
1966
1965
1967
1965
1962
1958
1939
1940
1950
1948
1948
1950
1947
1954
1961
1974
1978
1984
1992
2003
2013
2019
2024
2044
2042
2035
2036
2038
2037
2041
2044
2041
2034
2034
2033
2029
2023
2024
2018
2025
2026
2031
2030
2040
2042
2021
2010
2008
2010
2011
2002
1999
1997
1991
1988
1979
1982
1988
1972
1960
1954
1950
1951
1959
1967
1970
1959
1963
1965
1970
1993
1997
2003
2000
2003
1989
1985
1986
1992
2000
2002
1999
1996
2011
2014
2020
2022
2039
2047
2055
2058
2070
2075
2071
2067
2066
2069
2074
2076
2076
2061
2061
2060
2066
2067
2070
2069
2065
2065
2061
2062
2058
2054
2054
2062
2060
2049
2058
2061
2059
2047
2032
2027
2030
2034
2047
2045
2046
2047
2044
2037
2036
2035
2039
2060
2047
2042
2037
2038
2048
2047
2044
2037
2029
2030
2025
2012
2001
1994
1988
1983
1956
1953
1950
1957
1960
1962
1954
1947
1949
1955
1960
1970
1977
1965
1971
1976
1983
2009
2015
2010
2000
1996
2014
2019
2033
2050
2052
2044
2033
2030
2046
2060
2075
2080
2076
2066
2061
2076
2079
2085
2085
2092
2104
2096
2106
2111
2115
2115
2107
2115
2116
2116
2115
2109
2106
2106
2105
2097
2090
2084
2065
2061
2056
2048
2016
2009
2004
2001
2007
1977
1969
1962
1959
1961
1961
1964
1971
1955
1950
1944
1954
1961
1960
1954
1961
1969
1964
1970
1972
1976
1976
1976
1978
1981
2007
2017
2016
2015
2017
2024
2021
2031
2045
2061
2052
2051
2058
2067
2068
2060
2065
2080
2072
2063
2058
2061
2072
2061
2067
2071
2065
2056
2050
2052
2046
2045
2041
2032
2009
2005
2004
2006
2006
2004
2001
1999
1989
1992
1997
2000
1997
1985
1982
1991
2002
1999
1987
1979
1992
2002
1982
1981
1979
1967
1959
1959
1964
1967
1970
1973
1972
1977
1998
2000
2001
2003
2007
2021
2031
2031
2027
2028
2031
2029
2030
2054
2058
2060
2052
2078
2074
2079
2084
2084
2061
2059
2056
2053
2055
2060
2062
2051
2022
2023
2031
2027
2041
2043
2039
2036
2043
2042
2043
2046
2047
2045
2042
2040
2046
2053
2063
2062
2057
2059
2061
2061
2050
2040
2037
2040
2042
2037
2038
2040
2040
2041
2038
2044
2043
2040
2043
2048
2047
2045
2044
2044
2048
2054
2058
2046
2038
2039
2037
2038
2047
2041
2034
2032
2027
2027
2025
2029
2028
2024
2020
2021
2033
2034
2032
2036
2024
2018
2017
2019
2019
2019
2018
2023
2023
2020
2021
2018
2015
2018
2021
2026
2023
1993
1996
2005
2011
2008
1980
1973
1968
1969
1960
1957
1959
1960
1975
1966
1961
1959
1963
1974
1972
1968
1964
1966
1967
1975
1983
1984
1987
1991
2002
1998
2007
2013
2018
2026
2020
2020
2027
2038
2045
2046
2043
2032
2043
2039
2038
2044
2053
2050
2054
2053
2050
2043
2046
2046
2039
2038
2038
2042
2045
2034
2032
2039
2041
2063
2054
2050
2059
2072
2061
2073
2082
2093
2092
2089
2077
2070
2070
2068
2060
2057
2056
2062
2061
2056
2045
2048
2049
2044
2037
2034
2033
2034
2040
2034
2029
2028
2022
2021
2014
2020
2027
2017
2023
2024
2025
2023
2020
2023
2028
2035
2038
2049
2058
2058
2056
2056
2059
2053
2059
2059
2053
2052
2045
2026
2027
2024
2022
2026
2022
2016
2004
2001
1993
1986
1976
1964
1956
1958
1957
1959
1950
1960
1975
1983
1955
1959
1957
1961
1966
1952
1948
1953
1965
1968
1974
1977
1980
2005
2003
2001
2004
2018
2020
2022
2025
2029
2028
2025
2026
2034
2038
2036
2039
2047
2033
2034
2034
2040
2050
2028
2032
2048
2051
2039
2013
2005
2019
2023
2011
2010
2017
2027
2016
2012
2023
2042
2036
2029
2033
2043
2064
2069
2060
2043
2063
2081
2091
2086
2075
2076
2087
2090
2077
2057
2057
2058
2057
2051
2044
2033
2021
2033
2025
2023
2032
2038
2046
2045
2033
2033
2038
2047
2055
2045
2038
2048
2055
2043
2028
2035
2046
2043
2036
2042
2035
2030
2024
2022
2028
2042
2044
2023
2023
2026
2035
2005
2006
2001
1998
1997
1993
1990
1984
1986
1986
1986
1979
1981
1982
1995
1996
1988
1975
1983
1996
1998
1998
2004
2010
2017
2030
2032
2041
2061
2074
2060
2045
2029
2024
2028
2009
2023
2036
2039
2046
2049
2052
2057
2042
2041
2031
2028
2002
1999
2002
1997
1995
1999
2005
2006
2008
2001
1998
1993
2000
2016
2020
2017
2021
2030
2035
2047
2053
2051
2038
2045
2053
2061
2062
2061
2062
2053
2067
2058
2051
2057
2051
2045
2042
2042
2044
2048
2053
2056
2050
2050
2049
2050
2047
2034
2036
2033
2034
2033
2034
2033
2031
2028
2025
2025
2024
2029
2009
2010
2016
2017
2003
2003
2007
2017
2021
2010
2007
2000
2006
2005
2004
2001
1998
2013
2007
2001
1991
1991
1996
2004
2003
2002
2005
2008
2006
2004
2002
2011
2020
2029
2023
2021
2021
2027
2056
2061
2057
2059
2061
2066
2071
2063
2059
2059
2055
2051
2057
2064
2062
2064
2057
2049
2034
2025
2022
2033
2040
2039
2036
2028
1999
1988
1987
1979
1962
1955
1952
1958
1959
1961
1958
1968
1975
1970
1966
1976
1980
1996
1994
1994
2000
2011
2017
2021
2025
2031
2043
2043
2047
2046
2040
2041
2049
2050
2031
2020
2023
2028
2023
2015
2015
2015
2019
2008
2007
2004
2005
2001
1992
1988
1978
1959
1958
1952
1947
1943
1946
1953
1956
1956
1958
1969
1972
1976
1981
1992
1998
2003
2020
2044
2060
2068
2073
2101
2104
2112
2120
2124
2130
2133
2135
2159
2167
2169
2160
2264
2251
2234
2222
2190
2111
2112
2110
2116
2125
2137
2146
2159
2199
2207
2222
2235
2221
2199
2178
2167
2161
2147
2140
2138
2151
2158
2164
2157
2153
2072
2054
2042
2031
2007
1941
1926
1919
1916
1909
1906
1904
1899
1863
1852
1843
1844
1862
1869
1873
1877
1878
1852
1839
1842
1856
1862
1859
1860
1880
1895
1899
1899
1894
1876
1886
1889
1885
1893
1907
1900
1904
1915
1922
1918
1922
1931
1933
1932
1937
1930
1942
1949
1966
1978
1980
1996
1999
2007
2019
2024
2028
2034
2038
2063
2065
2065
2064
2062
2050
2053
2047
2047
2048
2059
2065
2069
2043
2047
2064
2070
2051
2060
2069
2067
2064
2052
2059
2068
2071
2069
2063
2052
2047
2047
2034
2028
2025
2014
2000
2001
2000
2011
2011
2010
2007
1997
2003
2004
2009
2013
2031
2035
2035
2039
2038
2042
2037
2042
2041
2037
2036
2039
2052
2063
2062
2064
2071
2080
2079
2077
2076
2077
2077
2074
2068
2075
2084
2087
2081
2078
2065
2061
2058
2050
2061
2055
2057
2060
2062
2062
2070
2072
2063
2061
2069
2070
2068
2067
2073
2074
2069
2085
2081
2073
2072
2081
2095
2099
2101
2100
2097
2093
2091
2085
2079
2082
2090
2093
2067
2067
2070
2061
2053
2049
2053
2053
2050
2048
2042
2037
2030
2010
2011
2014
2013
1998
2009
2022
2028
2026
2034
2032
2032
2032
2017
2012
2016
2028
2028
2031
2027
2020
2023
1998
1993
1991
1992
1989
1987
1979
1971
1974
1976
1970
1969
1951
1945
1940
1936
1942
1939
1939
1944
1946
1948
1951
1956
1960
1971
1968
1964
1960
1985
1978
1981
1989
1998
2002
1997
1992
1993
1992
1994
1993
1996
2010
2010
2008
2007
2000
2003
2009
2017
2025
2026
2024
2022
2025
2030
2027
2023
2030
2022
2023
2030
2036
2027
2023
2030
2033
2034
2032
2034
2041
2042
2031
2034
2042
2049
2065
2060
2062
2060
2059
2076
2076
2069
2070
2067
2066
2062
2056
2063
2067
2071
2071
2067
2065
2057
2059
2069
2056
2062
2060
2057
2046
2040
2041
2041
2014
2017
2016
2014
1990
2000
2008
2011
2011
2010
2015
2011
2014
2013
2016
2017
2022
2012
2017
2019
2018
1986
1985
1978
1977
1972
1953
1958
1956
1952
1954
1952
1949
1942
1919
1923
1926
1929
1929
1947
1953
1950
1961
1974
1977
1983
1988
1995
1997
2002
2017
2045
2056
2060
2061
2063
2073
2067
2066
2075
2081
2079
2080
2084
2078
2068
2069
2078
2084
2078
2072
2066
2066
2071
2071
2078
2088
2078
2062
2061
2063
2083
2086
2086
2087
2109
2102
2101
2105
2107
2103
2100
2097
2097
2094
2089
2094
2089
2078
2075
2083
2086
2072
2069
2067
2070
2076
2062
2059
2057
2061
2067
2074
2073
2060
2053
2048
2037
2033
2037
2034
2028
2027
2023
2023
2021
2024
2026
1995
1988
1989
1989
1990
2002
2004
2001
1998
1995
1992
1989
1986
1986
1975
1964
1962
1945
1945
1945
1937
1938
1946
1952
1959
1963
1965
1968
1972
1976
1969
1968
1982
1991
1994
1996
1995
2004
2016
2027
2037
2035
2027