2223
2194
2160
2055
2026
2001
1973
1948
1887
1871
1852
1832
1813
1784
1768
1752
1676
1652
1636
1622
1563
1550
1542
1538
1539
1540
1551
1560
1567
1573
1580
1589
1594
1607
1611
1614
1615
1623
1633
1644
1658
1672
1705
1720
1733
1749
1765
1778
1791
1804
1852
1865
1873
1885
1896
1917
1920
1929
1948
1961
1971
1983
1992
2044
2051
2067
2092
2165
2180
2197
2216
2231
2255
2261
2261
2261
2269
2275
2277
2279
2275
2273
2273
2266
2270
2276
2276
2271
2260
2251
2245
2238
2232
2217
2212
2207
2200
2191
2189
2178
2175
2160
2163
2163
2166
2169
2173
2175
2181
2180
2186
2187
2184
2178
2170
2159
2146
2131
2073
2063
2052
2038
1999
1991
1991
1984
1968
1960
1955
1949
1947
1932
1928
1925
1926
1924
1926
1925
1920
1931
1945
1951
1958
1967
1953
1951
1955
1959
1944
1930
1915
1908
1901
1899
1891
1883
1834
1818
1803
1792
1778
1769
1762
1757
1748
1748
1747
1747
1746
1733
1730
1729
1727
1729
1732
1738
1744
1765
1772
1786
1801
1837
1846
1860
1872
1881
1895
1894
1894
1897
1902
1911
1914
1928
1949
1959
1972
1985
2030
2044
2056
2064
2100
2107
2114
2127
2133
2134
2132
2134
2139
2140
2142
2146
2154
2182
2192
2200
2204
2230
2237
2243
2250
2259
2270
2273
2278
2284
2293
2299
2303
2301
2294
2289
2295
2304
2299
2295
2288
2284
2261
2250
2236
2230
2222
2188
2182
2176
2168
2161
2150
2143
2131
2104
2096
2088
2082
2068
2064
2060
2053
2050
2055
2056
2051
2043
2040
2037
2032
2030
2012
2010
2007
2005
2010
2011
2002
1998
1966
1964
1956
1957
1950
1926
1921
1919
1911
1902
1899
1903
1911
1911
1914
1919
1923
1939
1945
1957
1962
1966
1968
1975
1976
1972
1966
1960
1963
1959
1965
1970
1972
1973
1974
1971
1969
1966
1949
1947
1946
1941
1935
1918
1907
1899
1897
1896
1903
1902
1897
1877
1875
1873
1869
1875
1885
1885
1883
1889
1900
1901
1905
1907
1913
1921
1926
1936
1975
1985
1994
2009
2031
2042
2050
2058
2077
2081
2086
2094
2107
2117
2127
2132
2138
2147
2156
2153
2158
2181
2184
2185
2180
2183
2181
2177
2174
2174
2164
2158
2150
2150
2152
2154
2151
2146
2138
2133
2124
2122
2103
2093
2093
2090
2071
2067
2068
2066
2066
2047
2044
2044
2038
2029
2019
2015
2020
2008
2005
2004
2000
1988
1990
1989
1982
1984
1977
1974
1974
1974
1970
1965
1962
1958
1954
1959
1959
1962
1955
1957
1966
1966
1987
1991
1982
1983
1992
1989
1991
1988
1993
1993
1998
2003
2003
2002
2008
2013
2012
2015
2013
2015
2013
2013
2018
2014
2013
2014
2017
2019
2018
2015
2020
2025
2022
2017
2000
1999
2001
2006
2005
2001
1998
1993
1995
2003
2009
2014
2020
2026
2034
2040
2045
2049
2046
2048
2054
2049
2049
2053
2053
2054
2042
2038
2043
2045
2050
2051
2047
2048
2043
2040
2035
2033
2038
2040
2042
2040
2026
2025
2025
2023
2025
2031
2031
2032
2037
2043
2046
2047
2043
2050
2056
2065
2071
2075
2071
2066
2063
2070
2067
2059
2055
2051
2048
2047
2043
2033
2022
2020
2020
2019
2023
2020
2020
2020
2020
2007
2005
2006
2002
2003
2001
1996
1996
2001
1999
1998
1994
1994
1992
1986
1985
1983
1984
1991
1995
2000
1999
1999
1999
2009
2019
2021
2026
2031
2026
2025
2025
2024
2025
2030
2034
2034
2037
2020
2024
2024
2024
2015
2013
2013
2010
2011
2025
2026
2024
2024
2018
2022
2031
2032
2035
2041
2040
2044
2052
2046
2035
2034
2047
2045
2044
2042
2039
2049
2058
2062
2057
2053
2048
2042
2038
2043
2044
2038
2030
2011
2011
2011
2008
2009
2013
2019
2018
2017
2016
2017
2022
2023
2027
2024
2028
2032
2035
2030
2022
2024
2021
2024
2029
2031
2033
2018
2017
2015
2014
2014
2017
2012
2011
2010
2010
2010
2010
1996
1991
1995
1999
2002
2010
2009
2013
2015
2021
2021
2024
2025
2027
2034
2031
2030
2035
2038
2035
2034
2041
2039
2039
2042
2038
2028
2029
2022
2023
2020
2017
2019
2018
2000
2000
2011
2013
2023
2028
2030
2030
2031
2039
2041
2046
2052
2053
2050
2045
2049
2055
2059
2060
2062
2065
2061
2053
2046
2047
2044
2043
2043
2043
2034
2031
2024
2024
2022
2022
2016
2012
2002
1993
1994
2000
1994
1998
2007
2006
2004
2004
2012
2011
2013
2017
2020
2023
2031
2036
2038
2038
2031
2019
2019
2020
2022
2034
2034
2033
2036
2030
2032
2033
2036
2032
2026
2027
2025
2022
2003
1996
1995
1997
1974
1973
1973
1975
1984
1991
1991
1991
1992
1984
1988
1992
1998
2011
2008
2011
2015
2037
2042
2052
2062
2062
2068
2069
2072
2070
2072
2072
2078
2086
2093
2089
2081
2078
2059
2060
2053
2053
2049
2053
2045
2038
2036
2020
2013
2010
2005
2004
2006
2004
2004
2021
2023
2021
2018
2004
2010
2012
2001
1997
2002
2002
2006
2012
2015
2017
2018
2025
2012
2009
2011
2013
2026
2027
2025
2025
2038
2040
2043
2048
2053
2058
2051
2045
2049
2052
2050
2049
2043
2042
2035
2028
2029
2050
2049
2052
2063
2080
2145
2155
2148
2121
2080
2031
1986
1957
1877
1858
1842
1829
1859
1893
1923
1959
2113
2137
2155
2165
2165
2149
2147
2140
2144
2149
2162
2168
2160
2088
2079
2080
2084
2058
2040
2014
1987
1953
1881
1890
1910
1944
1975
1999
2010
2018
2040
2044
2045
2038
2027
2040
2053
2069
1988
1941
1906
1880
1861
1809
1816
1833
1846
1855
1855
1863
1864
1919
1933
1953
1962
2022
2037
2048
2058
2070
2056
2062
2066
2069
2068
2059
2053
2041
2012
2023
2039
2052
2033
2033
2034
2044
2144
2165
2168
2169
2172
2169
2159
2151
2133
2126
2110
2098
2089
2081
2085
2090
2101
2105
2100
2093
2080
2075
2070
2068
2064
2066
2065
2061
2060
2059
2047
2041
2035
2024
2014
2004
1993
1980
1974
1975
1966
1963
1967
1971
1969
1967
1969
1981
1991
1997
1999
2004
2006
2010
2019
2022
2038
2045
2052
2064
2095
2101
2111
2113
2112
2109
2099
2093
2085
2060
2058
2059
2065
2068
2072
2071
2072
2053
2037
2027
2019
1951
1938
1922
1905
1888
1849
1838
1826
1818
1816
1813
1815
1823
1835
1828
1818
1796
1666
1638
1618
1609
1645
1684
1727
1782
1836
1991
2035
2071
2101
2124
2134
2135
2142
2159
2161
2167
2176
2207
2213
2217
2224
2229
2227
2216
2192
2178
2157
2132
2104
2083
2055
2055
2069
2082
2123
2125
2127
2122
2116
2086
2071
2054
2041
2021
1995
1970
1950
1896
1887
1886
1892
1904
1915
1934
1953
1977
2059
2088
2116
2142
2159
2171
2186
2189
2196
2187
2176
2167
2162
2163
2167
2163
2161
2154
2153
2154
2153
2152
2153
2151
2152
2156
2175
2182
2189
2206
2222
2235
2247
2255
2263
2277
2285
2291
2296
2298
2293
2292
2284
2211
2192
2175
2167
2136
2132
2136
2133
2098
2088
2080
2065
2050
2018
2002
1988
1976
1963
1949
1938
1924
1883
1871
1857
1847
1789
1770
1759
1748
1738
1725
1726
1732
1734
1740
1748
1760
1772
1809
1817
1829
1836
1851
1855
1863
1875
1917
1929
1936
1946
1957
1973
1965
1949
1934
1927
1917
1909
1900
1863
1860
1860
1857
1839
1827
1826
1823
1814
1788
1778
1768
1761
1756
1743
1738
1739
1758
1773
1787
1795
1840
1856
1868
1879
1946
1969
1995
2024
2046
2094
2111
2128
2145
2161
2177
2187
2205
2265
2272
2277
2283
2305
2313
2324
2335
2338
2343
2347
2347
2355
2359
2361
2363
2367
2376
2375
2373
2379
2361
2354
2341
2326
2268
2252
2244
2232
2226
2202
2196
2194
2184
2180
2168
2161
2152
2116
2115
2107
2100
2068
2059
2051
2043
2033
2009
1995
1985
1978
1978
1971
1957
1956
1947
1946
1946
1950
1958
1961
1960
1952
1944
1938
1931
1927
1921
1892
1884
1880
1873
1877
1872
1872
1871
1865
1861
1862
1857
1864
1874
1880
1889
1901
1905
1907
1900
1898
1903
1894
1880
1867
1840
1829
1825
1827
1827
1825
1824
1829
1835
1835
1846
1855
1867
1881
1894
1907
1916
1927
1945
1960
1971
2023
2035
2051
2063
2114
2125
2135
2143
2167
2167
2170
2172
2185
2196
2199
2194
2195
2208
2212
2213
2213
2199
2204
2202
2199
2172
2169
2168
2158
2151
2140
2141
2139
2141
2137
2136
2138
2141
2133
2129
2130
2136
2128
2124
2122
2119
2113
2111
2110
2104
2107
2088
2089
2087
2087
2091
2093
2089
2082
2073
2062
2056
2048
2014
2004
1994
1984
1971
1941
1932
1925
1916
1915
1910
1904
1902
1879
1876
1875
1873
1883
1886
1891
1888
1892
1893
1895
1895
1895
1894
1902
1906
1915
1923
1922
1923
1918
1915
1913
1916
1919
1916
1909
1905
1903
1902
1901
1904
1906
1907
1907
1905
1909
1913
1921
1931
1933
1934
1976
1988
1998
2007
2049
2059
2069
2078
2091
2109
2110
2117
2125
2129
2132
2127
2126
2120
2116
2116
2115
2110
2113
2108
2103
2099
2087
2087
2086
2095
2098
2106
2109
2116
2116
2115
2122
2125
2128
2128
2132
2135
2137
2149
2148
2148
2140
2139
2145
2149
2152
2157
2161
2162
2158
2155
2154
2159
2155
2155
2126
2116
2113
2107
2076
2071
2069
2066
2062
2065
2061
2060
2054
2050
2045
2038
2046
2043
2043
2037
2034
1989
1980
1972
1967
1947
1948
1947
1943
1944
1935
1931
1930
1933
1933
1936
1942
1948
1973
1972
1976
1975
1985
1984
1987
1988
2000
2000
1997
1991
1983
1977
1978
1973
1972
1965
1965
1968
1967
1948
1945
1945
1940
1925
1925
1928
1926
1914
1927
1938
1937
1939
1939
1935
1935
1946
1946
1947
1951
1950
1963
1971
1976
1984
1991
1999
1999
1999
2004
2013
2015
2019
2026
2029
2034
2041
2048
2052
2057
2062
2063
2070
2074
2085
2091
2105
2107
2104
2104
2105
2114
2119
2125
2126
2133
2132
2136
2142
2156
2157
2151
2149
2148
2144
2146
2141
2139
2131
2126
2131
2131
2128
2125
2121
2118
2084
2078
2075
2069
2037
2028
2021
2016
1999
1989
1987
1982
1980
1980
1980
1982
1985
1986
1986
1989
1992
1993
1997
2002
2002
1999
2006
2010
2011
2018
2022
2029
2032
2032
2027
2025
2026
2032
2029
2025
2020
2013
2004
1999
1994
1990
1972
1971
1978
1983
1979
1966
1967
1968
1976
1972
1968
1971
1974
1973
1979
1985
1990
1987
1993
2000
2000
2001
2001
2004
2004
2001
2002
2006
2005
2010
2009
2012
2013
2013
1998
1999
1999
2004
2009
2015
2012
2010
2018
2015
2012
2016
2014
2011
2010
2010
2011
2011
2004
2010
2014
2028
2033
2039
2037
2051
2054
2051
2047
2052
2051
2047
2042
2042
2039
2047
2042
2043
2047
2047
2049
2057
2060
2061
2064
2066
2062
2062
2058
2056
2052
2042
2036
2038
2038
2038
2039
2038
2037
2024
2024
2023
2019
2025
2022
2023
2016
2016
2013
2012
2010
2009
2013
2016
2013
2011
2011
2012
2012
2014
2014
2015
2011
2010
2017
2014
2012
2007
2009
2011
2009
2011
2012
2013
2021
2023
2023
2025
2025
2018
2013
2015
2027
2035
2041
2048
2057
2057
2058
2058
2057
2068
2072
2077
2077
2089
2096
2099
2100
2103
2106
2102
2105
2088
2087
2084
2085
2070
2065
2058
2053
2053
2036
2023
2022
2021
2017
2012
2006
2009
1998
1996
1998
1998
2000
2002
1996
1998
2008
2005
2003
1998
1998
1999
1999
1996
1997
1999
2004
2004
2007
2014
2017
2015
2014
2021
2021
2022
2024
2032
2035
2038
2041
2036
2036
2035
2032
2031
2023
2016
2013
2008
2002
2004
2001
1998
1992
1990
1987
1987
1990
1976
1974
1971
1969
1969
1966
1962
1962
1953
1954
1956
1951
1954
1952
1952
1957
1963
1966
1969
1968
1964
1967
1968
1968
1968
1979
1978
1979
1985
1996
2004
2008
2011
2015
2021
2027
2034
2042
2049
2052
2055
2056
2064
2064
2070
2075
2092
2092
2095
2098
2110
2111
2112
2108
2112
2111
2108
2113
2114
2121
2123
2127
2126
2115
2113
2111
2108
2093
2091
2092
2082
2083
2072
2073
2073
2075
2071
2064
2058
2048
2047
2044
2046
2046
2033
2037
2034
2039
2026
2028
2028
2024
2025
2020
2023
2023
2026
2024
2015
2011
2012
2007
2004
1999
1992
1988
1986
1990
1991
1994
1994
1989
1982
1980
1980
1975
1977
1980
1968
1966
1965
1967
1966
1965
1963
1965
1970
1969
1974
1979
1988
1990
1987
1986
1990
1990
1992
1994
1998
1997
1995
1994
1994
1975
1979
1978
1970
1970
1972
1973
1969
1967
1965
1959
1964
1966
1982
1975
1976
1975
1985
1992
1997
2005
2026
2026
2028
2033
2037
2042
2049
2054
2051
2049
2062
2065
2066
2079
2080
2082
2084
2091
2099
2110
2114
2120
2116
2117
2123
2133
2134
2134
2138
2142
2162
2159
2153
2152
2141
2138
2139
2138
2142
2120
2116
2114
2109
2105
2104
2104
2097
2077
2079
2081
2075
2045
2047
2045
2049
2021
2011
2011
2011
2011
2002
1996
1986
1985
1983
1979
1975
1974
1957
1950
1945
1939
1945
1944
1943
1941
1939
1945
1947
1952
1954
1951
1947
1953
1964
1938
1937
1943
1946
1956
1956
1955
1961
1971
1973
1976
1980
1985
1994
1995
1997
1994
1990
1990
1993
1994
1999
2003
2005
2000
2005
2009
2012
2015
2016
2004
2007
2006
2006
2003
2004
2006
2008
2017
2021
2023
2020
2018
2016
2014
2013
2009
1996
1997
1998
2002
2008
2008
2010
2004
2000
2006
2016
2023
2028
2029
2032
2038
2049
2072
2072
2073
2071
2078
2084
2091
2095
2101
2099
2098
2102
2106
2107
2102
2100
2103
2118
2113
2112
2119
2127
2123
2116
2115
2114
2113
2106
2105
2105
2109
2102
2097
2104
2102
2099
2102
2107
2086
2084
2080
2075
2065
2065
2065
2059
2051
2034
2018
2010
2012
2012
2011
2005
1996
1974
1967
1960
1953
1941
1946
1947
1950
1948
1939
1934
1932
1936
1939
1939
1946
1953
1956
1958
1969
1981
1982
1986
1989
1982
1999
2000
2000
2002
2001
1997
2004
2007
2012
2006
2004
1998
1993
1986
1990
1992
1990
1974
1973
1973
1971
1974
1965
1961
1960
1960
1959
1955
1956
1962
1967
1971
1980
1984
1990
1990
1993
2000
2012
2032
2035
2036
2037
2037
2039
2039
2041
2055
2058
2056
2068
2070
2075
2079
2087
2094
2114
2117
2120
2119
2114
2115
2114
2111
2113
2101
2105
2104
2101
2098
2100
2101
2098
2074
2070
2068
2078
2076
2077
2081
2078
2074
2067
2063
2062
2061
2056
2056
2056
2061
2056
2056
2048
2041
2027
2028
2026
2024
2031
2029
2024
2032
2032
2032
2031
2030
2031
2020
2013
2013
2013
1993
1991
1985
1984
1973
1969
1967
1966
1974
1970
1964
1960
1969
1978
1975
1977
1985
1992
1993
1999
2006
2014
2013
2015
2017
2010
2013
2014
2014
2008
2005
2008
2009
2008
2010
2009
2006
2009
1995
1993
1996
1994
1987
1978
1975
1970
1955
1947
1939
1938
1943
1946
1956
1960
1961
1957
1954
1954
1954
1978
1972
1975
1975
1997
2011
2025
2040
2050
2079
2082
2089
2093
2101
2103
2104
2105
2121
2115
2120
2117
2128
2128
2131
2129
2133
2122
2111
2104
2104
2106
2106
2101
2098
2079
2079
2073
2072
2057
2057
2050
2041
2038
2036
2041
2041
2042
2038
2035
2035
2037
2042
2048
2051
2057
2045
2035
2033
2041
2034
2033
2041
2048
2041
2041
2044
2037
2037
2038
2037
2040
2040
2024
2027
2029
2028
2025
2018
2012
2007
2014
2005
1997
1989
1988
1988
1984
1982
1981
1985
1982
1979
1984
1987
1987
1977
1973
1974
1990
1988
1986
1990
1991
1996
1997
1996
1991
1989
1992
1993
1994
2005
2006
2002
1993
1987
1981
1977
1978
1980
1974
1981
1984
1994
1992
1987
1983
1994
2004
2010
2009
2012
2022
2027
2030
2029
2030
2028
2024
2031
2053
2050
2055
2059
2070
2071
2069
2065
2063
2063
2062
2053
2044
2044
2039
2043
2046
2032
2025
2030
2032
2013
2008
2011
2013
2014
2021
2019
2022
2025
2027
2034
2038
2037
2053
2045
2038
2038
2029
2035
2036
2035
2027
2029
2036
2034
2034
2045
2049
2048
2047
2047
2051
2052
2053
2045
2046
2046
2048
2053
2054
2049
2050
2052
2053
2051
2050
2049
2038
2031
2032
2034
2024
2024
2020
2017
1998
1994
1994
1993
1974
1977
1978
1976
1977
1975
1973
1977
1989
1988
1984
1984
1990
2001
2013
2015
2022
2021
2018
2020
2023
2022
2018
2023
2029
2034
2036
2040
2046
2048
2044
2044
2046
2039
2043
2041
2046
2053
2041
2051
2059
2057
2057
2048
2046
2046
2050
2052
2045
2050
2049
2038
2037
2035
2037
2033
2033
2032
2035
2038
2029
2028
2022
2018
2012
2007
2010
2012
2012
2009
2012
2016
2003
2007
2010
2010
2022
2026
2030
2025
2030
2033
2030
2031
2036
2037
2034
2036
2039
2042
2040
2034
2039
2037
2043
2048
2044
2046
2044
2046
2042
2037
2029
2022
2022
2024
2015
2012
2005
2000
1984
1990
1989
1985
1988
1979
1979
1978
1981
1972
1965
1963
1967
1965
1969
1975
1981
1992
1989
1991
1996
2004
2006
2006
2007
2012
2023
2021
2020
2021
2025
2027
2034
2037
2051
2056
2062
2063
2060
2056
2051
2052
2056
2055
2059
2059
2064
2058
2053
2056
2052
2042
2047
2049
2050
2037
2041
2038
2040
2040
2048
2049
2050
2054
2046
2042
2037
2037
2018
2012
2010
2009
1994
1992
1992
1991
2002
2009
2013
2015
2020
2029
2033
2041
2048
2053
2047
2049
2059
2075
2081
2082
2081
2081
2079
2076
2076
2074
2073
2072
2068
2073
2074
2069
2069
2065
2065
2058
2049
2043
2026
2025
2030
2025
2000
1995
1994
1993
1990
2000
2000
1994
1992
1988
1987
1986
1988
1982
1987
1992
1993
2001
2000
1995
1990
1993
1998
1997
1996
1995
1996
1997
1995
1994
1998
1998
2004
2007
2017
2018
2014
2012
2016
2026
2027
2031
2030
2030
2027
2025
2024
2016
2019
2026
2025
2017
2019
2016
2015
2019
2018
2020
2019
2017
2016
2015
2007
2008
2009
2007
2009
2009
2013
2009
2013
2009
1974
1956
1943
1930
1922
1910
1910
1913
1925
1938
1954
1967
1975
2050
2070
2096
2119
2167
2167
2162
2154
2105
2093
2086
2080
2078
2073
2060
2054
2057
2055
2050
2048
2049
2059
2061
2066
2067
2039
2029
2019
2018
2016
2014
2018
2019
2022
2021
2025
2025
2027
2018
2011
2015
2013
1979
1959
1935
1914
1849
1833
1820
1817
1807
1781
1774
1767
1761
1765
1776
1776
1779
1853
1876
1901
1926
1987
1996
2009
2027
2050
2132
2150
2165
2173
2173
2167
2159
2141
2033
1987
1946
1905
1799
1795
1793
1805
2001
2076
2161
2249
2342
2585
2655
2715
2761
2797
2826
2845
2851
2763
2722
2667
2613
2416
2378
2346
2316
2284
2228
2216
2215
2216
2232
2258
2296
2334
2371
2357
2342
2320
2247
2232
2218
2203
2121
2111
2109
2108
2105
2105
2100
2089
2075
2050
2013
1968
1919
1738
1703
1670
1644
1525
1499
1476
1461
1456
1473
1494
1528
1577
1623
1673
1716
1750
1791
1795
1788
1783
1744
1721
1699
1674
1614
1617
1623
1641
1661
1712
1713
1703
1694
1683
1675
1673
1669
1692
1704
1721
1736
1739
1723
1712
1703
1702
1694
1698
1691
1677
1662
1645
1632
1616
1596
1594
1590
1593
1568
1558
1548
1545
1581
1610
1637
1667
1704
1794
1823
1846
1861
1868
1880
1888
1885
1916
1933
1957
1979
2124
2161
2207
2256
2315
2467
2515
2558
2607
2646
2674
2701
2721
2788
2800
2809
2813
2802
2788
2779
2777
2788
2807
2822
2840
2861
2904
2913
2917
2916
2918
2911
2905
2903
2834
2805
2777
2740
2626
2604
2584
2561
2536
2496
2476
2447
2421
2400
2372
2342
2306
2166
2133
2103
2074
1935
1903
1878
1855
1791
1782
1781
1784
1783
1783
1782
1782
1788
1790
1791
1778
1769
1718
1706
1686
1668
1602
1595
1582
1576
1573
1547
1532
1520
1511
1497
1489
1476
1466
1435
1436
1437
1443
1489
1506
1518
1533
1611
1636
1658
1682
1699
1745
1754
1761
1778
1785
1788
1794
1797
1787
1783
1778
1772
1759
1753
1757
1775
1828
1846
1865
1882
1902
1959
1983
2001
2024
2041
2051
2063
2071
2100
2110
2119
2134
2180
2196
2212
2225
2236
2252
2256
2261
2256
2254
2251
2246
2249
2263
2264
2269
2279
2292
2294
2300
2311
2349
2363
2365
2360
2361
2348
2343
2342
2339
2333
2324
2317
2300
2267
2264
2263
2263
2277
2283
2289
2296
2297
2284
2275
2271
2264
2261
2253
2243
2233
2169
2155
2144
2131
2092
2081
2077
2069
2059
2034
2024
2015
1999
1983
1963
1943
1928
1855
1830
1804
1780
1752
1726
1705
1681
1663
1624
1615
1615
1611
1611
1617
1626
1629
1638
1661
1670
1678
1681
1683
1693
1699
1708
1729
1734
1739
1745
1765
1779
1795
1802
1805
1816
1823
1822
1823
1832
1840
1852
1858
1879
1885
1890
1897
1943
1953
1959
1973
2045
2062
2074
2093
2110
2138
2155
2169
2179
2183
2196
2203
2209
2208
2206
2211
2216
2242
2248
2256
2261
2270
2265
2263
2260
2259
2261
2257
2257
2251
2226
2224
2224
2222
2201
2202
2209
2214
2231
2232
2237
2234
2240
2244
2246
2247
2245
2240
2235
2229
2229
2195
2189
2182
2171
2162
2157
2145
2140
2133
2127
2121
2113
2108
2107
2101
2098
2097
2081
2067
2053
2048
2044
2041
2037
2028
2020
1982
1975
1967
1960
1954
1946
1935
1929
1925
1896
1892
1884
1876
1873
1866
1852
1848
1814
1809
1806
1805
1804
1809
1812
1815
1821
1821
1825
1830
1829
1812
1807
1805
1807
1803
1802
1799
1800
1786
1787
1790
1797
1822
1831
1838
1847
1857
1878
1881
1888
1892
1904
1906
1912
1914
1933
1945
1952
1964
1982
1989
1997
2006
2035
2037
2036
2035
2040
2060
2064
2064
2066
2064
2063
2068
2075
2101
2109
2114
2122
2139
2149
2157
2157
2163
2184
2187
2194
2197
2199
2198
2198
2199
2197
2201
2201
2197
2190
2195
2202
2199
2189
2184
2178
2177
2182
2186
2180
2177
2167
2163
2163
2161
2162
2146
2141
2149
2151
2142
2139
2131
2126
2128
2109
2104
2103
2095
2079
2070
2065
2059
2026
2020
2014
2012
1997
1992
1987
1985
1956
1949
1944
1941
1942
1930
1930
1930
1930
1922
1924
1923
1926
1923
1927
1928
1934
1954
1957
1956
1958
1960
1959
1956
1957
1962
1961
1960
1953
1952
1948
1943
1939
1943
1953
1952
1955
1952
1947
1952
1950
1945
1942
1938
1943
1940
1940
1935
1938
1941
1944
1958
1962
1975
1978
1993
2005
2016
2018
2023
2027
2033
2036
2037
2042
2042
2038
2042
2045
2052
2061
2066
2069
2073
2077
2086
2079
2081
2078
2075
2083
2080
2079
2075
2063
2061
2065
2064
2064
2065
2059
2058
2057
2051
2054
2054
2057
2077
2081
2085
2083
2082
2090
2096
2098
2110
2111
2116
2122
2121
2094
2089
2085
2079
2067
2062
2051
2046
2043
2011
2004
2005
2000
1993
1988
1980
1975
1959
1947
1937
1937
1930
1922
1920
1920
1912
1913
1921
1928
1932
1932
1942
1951
1956
1962
1962
1970
1979
2009
2015
2029
2038
2031
2040
2056
2070
2087
2120
2128
2123
2115
2104
2093
2089
2085
2097
2109
2115
2116
2124
2113
2102
2096
2066
2063
2063
2060
2061
2052
2044
2045
2046
2046
2046
2046
2047
2038
2036
2029
2028
2011
2011
2009
2010
2014
2034
2038
2040
2033
2028
2026
2030
2038
2037
2033
2034
2032
2028
2028
2023
2024
2030
2026
2024
2026
2027
2019
2012
2003
1997
1990
1992
1992
1989
1984
1988
1985
1980
1956
1950
1941
1940
1947
1949
1950
1952
1954
1951
1951
1953
1955
1961
1965
1974
1980
1997
2010
2018
2024
2021
2013
2011
2016
2024
2032
2037
2039
2041
2043
2045
2053
2056
2070
2068
2065
2065
2058
2053
2043
2040
2043
2044
2041
2038
2029
2000
1995
1993
2001
1994
1986
1989
1992
2000
2002
1998
2001
2001
2003
2006
2006
2007
2007
2010
2013
2014
2013
2011
2009
2011
2035
2036
2040
2039
2047
2048
2052
2058
2061
2058
2059
2061
2064
2065
2060
2057
2059
2059
2053
2052
2058
2060
2055
2053
2051
2046
2044
2038
2038
2039
2048
2058
2067
2073
2076
2081
2082
2087
2091
2089
2100
2108
2112
2097
2095
2098
2102
2106
2103
2099
2099
2104
2105
2102
2099
2091
2087
2083
2079
2077
2071
2058
2054
2055
2015
2008
1998
1994
1956
1945
1942
1936
1932
1924
1924
1922
1918
1917
1913
1911
1910
1913
1912
1914
1913
1912
1919
1928
1933
1938
1939
1939
1941
1951
1958
1963
1962
1969
1971
1973
1980
1985
1986
1987
1992
1997
1999
1998
2004
2004
2013
2034
2036
2033
2034
2039
2043
2044
2048
2056
2061
2063
2071
2087
2095
2102
2109
2134
2135
2138
2138
2136
2145
2139
2139
2131
2121
2121
2124
2123
2099
2090
2088
2085
2039
2025
2008
2000
1991
1952
1945
1933
1927
1930
1936
1943
1948
1962
1962
1976
1988
2043
2051
2057
2051
2026
2024
2027
2029
2044
2080
2091
2087
2085
2075
2066
2058
2055
2053
2056
2058
2062
2046
2039
2036
2039
2046
2087
2098
2099
2093
2088
2086
2079
2072
2056
2043
2046
2055
2027
2021
2014
2006
2012
2014
2014
2017
2014
1986
1969
1951
1938
1927
1923
1922
1924
1897
1902
1914
1920
1912
1912
1911
1918
1930
1943
1945
1946
1950
1950
1956
1964
1963
1974
1982
1989
1992
2002
2002
2001
2001
1995
1987
1983
1984
1991
2040
2049
2057
2068
2072
2079
2093
2102
2112
2111
2113
2123
2127
2130
2126
2119
2111
2107
2101
2093
2084
2058
2052
2048
2052
2052
2058
2062
2066
2069
2076
2084
2083
2093
2089
2083
2078
2081
2078
2067
2063
2063
2061
2066
2062
2057
2054
2046
2042
2041
1989
1983
1983
1982
1968
1973
1973
1978
1977
1961
1950
1942
1931
1918
1903
1893
1894
1896
1896
1898
1896
1878
1874
1863
1851
1840
1801
1777
1764
1748
1724
1710
1696
1683
1634
1626
1631
1635
1674
1690
1705
1722
1786
1801
1820
1832
1845
1884
1903
1916
1933
1950
1962
1984
2010
2109
2135
2162
2197
2346
2395
2441
2481
2519
2634
2669
2703
2737
2776
2817
2866
2924
3011
3010
3000
2985
2947
2930
2922
2919
2930
2932
2935
2936
2931
2915
2929
2953
2967
2981
2986
2987
2975
2773
2688
2606
2522
2246
2190
2133
2084
2022
1784
1702
1620
1545
1480
1418
1370
1329
1206
1157
1105
1041
977
925
881
850
833
841
855
870
884
896
895
890
885
892
941
980
1016
1052
1095
1128
1160
1190
1286
1330
1372
1431
1690
1739
1772
1800
1831
1845
1868
1893
1921
2019
2046
2065
2083
2094
2095
2084
2075
2118
2138
2161
2175
2192
2188
2177
2159
2145
2102
2084
2068
2042
2012
1973
1932
1887
1673
1630
1585
1545
1420
1398
1377
1353
1276
1260
1261
1261
1269
1291
1293
1293
1299
1311
1321
1338
1360
1494
1544
1590
1644
1833
1885
1941
2003
2316
2405
2494
2578
2653
2846
2908
2968
3027
3087
3141
3203
3259
3472
3503
3528
3551
3601
3618
3626
3626
3624
3595
3575
3549
3517
3479
3437
3396
3355
3179
3133
3090
3050
2862
2822
2776
2727
2538
2483
2430
2380
2328
2180
2132
2094
2061
2025
1995
1966
1934
1805
1765
1731
1695
1585
1563
1540
1520
1505
1408
1374
1341
1310
1291
1271
1250
1234
1217
1226
1239
1245
1275
1283
1297
1310
1391
1414
1434
1457
1483
1533
1549
1559
1575
1592
1612
1630
1648
1674
1674
1681
1688
1703
1709
1708
1702
1709
1709
1715
1718
1719
1718
1719
1720
1727
1739
1776
1774
1724
1810
1816
1859
1927
1894
1901
1911
1900
1922
2010
2019
2103
2174
2161
2149
2188
2206
2219
2207
2164
2146
2221
2220
2219
2219
2139
2108
2100
2097
2097
2063
2057
2090
2103
2097
2100
2117
2128
2113
2139
2165
2181
2229
2222
2236
2244
2235
2276
2281
2274
2270
2284
2291
2278
2283
2330
2349
2355
2360
2359
2356
2357
2361
2367
2368
2341
2316
2295
2287
2285
2287
2299
2270
2254
2225
2221
2221
2196
2171
2177
2188
2192
2180
2160
2148
2143
2136
2117
2097
2069
1975
1956
1955
1965
1949
1923
1913
1899
1845
1812
1783
1775
1697
1697
1691
1683
1622
1607
1596
1585
1571
1543
1531
1533
1544
1551
1552
1547
1543
1543
1539
1549
1566
1651
1664
1677
1693
1716
1787
1809
1831
1851
1877
1905
1938
1970
2062
2082
2108
2137
2163
2175
2188
2204
2227
2268
2278
2289
2292
2291
2295
2295
2300
2304
2312
2308
2298
2295
2299
2306
2305
2302
2298
2299
2314
2317
2318
2310
2300
2294
2276
2275
2272
2275
2280
2275
2276
2279
2273
2269
2268
2266
2257
2239
2231
2220
2210
2153
2135
2112
2098
2083
2051
2046
2037
2020
2008
1999
1996
1995
1980
1978
1980
1988
2006
2007
2009
2011
2016
2012
2009
2003
2004
1984
1978
1973
1979
1985
1983
1980
1976
1951
1938
1930
1915
1893
1882
1876
1875
1882
1883
1884
1886
1884
1885
1887
1898
1903
1904
1902
1911
1919
1921
1918
1919
1913
1927
1936
1939
1940
1941
1952
1954
1961
1961
1960
1958
1950
1939
1895
1888
1885
1886
1872
1875
1881
1886
1865
1858
1859
1869
1879
1889
1889
1889
1886
1887
1894
1900
1907
1923
1930
1932
1935
1951
1956
1961
1967
1977
2005
2016
2031
2034
2040
2048
2060
2076
2112
2116
2131
2145
2173
2186
2190
2196
2217
2231
2241
2250
2251
2250
2244
2244
2248
2252
2258
2270
2269
2254
2250
2252
2249
2223
2221
2214
2207
2205
2185
2170
2158
2154
2141
2131
2122
2118
2074
2062
2049
2037
1986
1972
1962
1952
1945
1934
1939
1939
1935
1931
1931
1934
1938
1956
1960
1964
1967
1962
1953
1953
1959
1971
1986
1991
1997
2005
2014
2019
2025
2032
2032
2046
2055
2064
2064
2070
2073
2070
2066
2048
2043
2038
2030
1996
1999
1991
1985
1969
1958
1950
1954
1955
1956
1959
1967
1971
1974
1976
1972
1974
1975
1971
1976
1986
1990
1988
1986
1988
1979
1975
1976
1976
1976
1975
1974
1967
1961
1953
1945
1953
1964
1977
1983
1983
1986
2012
2020
2031
2040
2043
2043
2043
2050
2058
2061
2058
2053
2062
2093
2093
2096
2101
2095
2095
2089
2085
2076
2075
2064
2061
2051
2039
2030
2020
2008
2001
2001
1993
1992
1970
1959
1954
1942
1950
1950
1950
1952
1954
1960
1960
1961
1961
1967
1969
1977
1989
1993
2001
2006
2012
2039
2047
2056
2061
2069
2069
2065
2060
2063
2053
2049
2048
2046
2046
2039
2039
2047
2047
2046
2045
2045
2032
2033
2030
2029
2034
2028
2029
2027
2025
2028
2031
2033
2031
2032
2038
2035
2031
2037
2043
2038
2037
2036
2038
2033
2035
2037
2035
2033
2029
2031
2030
2032
2030
2031
2025
2031
2043
2046
2055
2055
2055
2064
2081
2081
2084
2091
2102
2093
2088
2088
2087
2087
2088
2088
2088
2095
2092
2088
2090
2076
2068
2063
2056
2060
2057
2047
2044
2042
2036
2031
2026
2027
1993
1992
1996
1999
1989
1984
1978
1975
1974
1977
1978
1985
1996
2004
2004
2006
1999
1993
1986
1979
1972
1972
1973
1971
1975
1947
1943
1938
1934
1928
1932
1937
1934
1936
1941
1939
1938
1944
1942
1940
1938
1932
1959
1963
1971
1983
2000
2006
2012
2016
2023
2021
2025
2028
2028
2033
2032
2033
2035
2055
2044
2045
2042
2082
2104
2134
2151
2080
2058
2026
1994
1986
1966
1997
2015
2010
2038
2083
2107
2123
2168
2153
2150
2138
2046
2027
2012
2015
2062
2098
2125
2150
2180
2193
2180
2167
2143
2120
2106
2094
2084
2051
2061
2084
2108
2038
1978
1919
1878
1862
1890
1918
1954
1979
2004
2023
2022
2016
1994
2009
2042
2077
2197
2204
2203
2196
2125
2108
2101
2088
2066
2025
2021
2016
2006
2001
2000
2007
2016
2031
2035
2039
2038
2005
2008
2022
2030
2047
2022
1985
1949
1910
1876
1848
1844
1850
1974
1985
1991
1984
1832
1800
1788
1793
1874
1884
1896
1894
1888
1931
1955
1973
1987
2002
2011
2002
1986
1930
1919
1912
1913
1941
1946
1950
1946
1922
1918
1920
1949
1976
2074
2107
2136
2167
2183
2193
2198
2197
2231
2248
2259
2263
2193
2162
2132
2109
2097
2111
2131
2146
2163
2175
2176
2174
2163
2103
2094
2088
2078
2030
2021
2004
1992
1947
1939
1926
1912
1894
1851
1843
1844
1850
1860
1878
1891
1908
1972
1974
1972
1977
1954
1949
1947
1947
1950
1985
1998
1995
1986
1979
1972
1955
1943
1883
1865
1846
1827
1733
1707
1688
1678
1663
1671
1683
1684
1693
1702
1707
1711
1716
1723
1733
1746
1751
1802
1828
1861
1889
1999
2031
2059
2083
2197
2220
2250
2280
2322
2423
2466
2507
2546
2588
2623
2661
2690
2789
2812
2834
2859
2981
2964
2934
2908
2889
2865
2869
2882
2901
2924
2942
2968
2996
2991
2974
2961
2954
2975
2977
2963
2933
2811
2783
2756
2723
2679
2494
2417
2334
2235
2129
2025
1925
1828
1497
1427
1360
1301
1049
997
953
910
878
846
844
846
843
828
810
789
766
749
776
808
841
917
927
939
955
1085
1144
1197
1250
1301
1420
1460
1507
1557
1610
1664
1720
1770
1930
1976
2016
2054
2165
2189
2200
2214
2218
2212
2198
2180
2171
2161
2155
2145
2142
2141
2141
2137
2128
2048
2034
2022
2012
1976
1961
1945
1913
1876
1762
1736
1712
1692
1682
1674
1667
1656
1589
1573
1552
1529
1472
1470
1480
1488
1491
1507
1525
1539
1552
1567
1580
1603
1622
1673
1701
1732
1767
1805
1854
1911
1972
2037
2253
2330
2401
2467
2533
2596
2658
2713
2770
2906
2947
2998
3049
3087
3122
3157
3192
3243
3250
3258
3263
3267
3262
3255
3241
3174
3158
3142
3126
3103
3020
2987
2957
2921
2883
2843
2800
2759
2581
2533
2489
2454
2326
2284
2250
2216
2187
2087
2059
2030
2009
1988
1968
1948
1929
1844
1834
1822
1810
1755
1740
1722
1700
1622
1606
1596
1583
1584
1587
1582
1584
1584
1582
1584
1587
1586
1637
1658
1673
1692
1716
1722
1727
1729
1730
1726
1730
1737
1743
1747
1750
1754
1753
1763
1774
1777
1788
1827
1839
1845
1847
1858
1855
1858
1862
1869
1873
1873
1868
1867
1861
1857
1854
1854
1844
1841
1840
1836
1824
1818
1814
1807
1801
1794
1800
1802
1811
1814
1809
1812
1816
1825
1828
1830
1828
1856
1867
1881
1891
1909
1917
1924
1933
1943
1954
1956
1966
1979
1989
1997
2006
2010
2045
2048
2051
2055
2073
2075
2081
2096
2104
2145
2160
2172
2185
2195
2201
2213
2227
2247
2249
2247
2255
2262
2270
2279
2282
2282
2274
2268
2264
2259
2260
2260
2261
2265
2269
2269
2276
2276
2258
2207
2175
2197
2247
2440
2399
2392
2362
2121
2064
2030
2014
1913
1930
1915
1857
1835
1843
1840
1872
1865
1828
1799
1789
1794
1730
1748
1749
1760
1795
1822
1844
1849
1841
1868
1879
1877
1869
1875
1899
1927
1958
2012
2038
2055
2088
2268
2267
2201
2071
1637
1486
1383
1312
1250
1240
1279
1331
1412
1496
1550
1594
1660
1904
1956
1998
2019
2193
2267
2359
2476
2902
2963
3005
3037
3056
3011
2983
2961
2936
2917
2894
2859
2817
2631
2588
2552
2518
2461
2450
2424
2376
2323
2159
2084
2009
1939
1864
1796
1736
1691
1595
1581
1576
1571
1568
1575
1590
1613
1721
1755
1784
1805
1835
1907
1923
1931
1933
1928
1915
1898
1870
1768
1764
1775
1795
1901
1903
1903
1902
1906
1936
1967
2006
2045
2091
2129
2157
2182
2156
2117
2075
2028
1856
1832
1819
1815
1939
1986
2031
2076
2130
2316