2759
2858
2856
2859
2859
2855
2810
2756
2683
2603
2522
2437
2363
2298
2166
2167
2185
2209
2370
2397
2427
2454
2479
2560
2573
2570
2557
2531
2483
2429
2374
2099
2038
1982
1918
1635
1556
1472
1384
1082
1023
978
932
887
784
747
716
682
656
640
637
652
782
830
878
930
1217
1309
1409
1515
1623
1966
2079
2181
2284
2386
2478
2568
2648
2922
2979
3024
3070
3163
3163
3154
3132
2959
2899
2835
2770
2703
2508
2436
2374
2323
2270
2215
2161
2108
1876
1813
1756
1704
1521
1472
1425
1374
1207
1181
1166
1162
1165
1220
1253
1293
1334
1379
1430
1490
1558
1815
1874
1935
1994
2190
2224
2255
2273
2289
2279
2261
2234
2204
2171
2137
2107
2079
2082
2111
2150
2213
2314
2377
2458
2530
2951
3084
3216
3341
3456
3723
3775
3807
3845
3872
3877
3874
3866
3806
3790
3752
3697
3506
3453
3400
3354
3313
3153
3083
3009
2929
2844
2755
2658
2556
2166
2082
2000
1925
1597
1496
1401
1307
865
773
683
593
525
369
321
277
251
223
200
189
183
177
190
206
222
295
311
324
340
396
408
418
423
428
499
533
582
645
711
776
850
924
1248
1329
1409
1491
1876
1982
2087
2187
2278
2531
2593
2647
2700
2753
2808
2857
2903
3030
3039
3039
3031
2981
2967
2958
2943
2829
2783
2731
2681
2630
2469
2407
2344
2277
2210
2142
2078
2014
1797
1747
1702
1658
1506
1465
1413
1363
1324
1225
1196
1177
1164
1150
1145
1142
1133
1147
1169
1204
1244
1462
1523
1586
1646
1899
1966
2038
2111
2180
2396
2461
2525
2597
2664
2727
2791
2857
3107
3157
3207
3250
3405
3438
3469
3496
3517
3562
3560
3564
3564
3563
3558
3550
3541
3497
3479
3456
3431
3300
3263
3232
3193
3002
2951
2897
2841
2789
2610
2540
2476
2415
2356
2295
2229
2163
1933
1881
1837
1787
1606
1567
1527
1497
1467
1394
1369
1348
1333
1312
1296
1285
1265
1214
1200
1190
1179
993
944
925
923
929
1036
1095
1148
1204
1253
1290
1327
1368
1493
1550
1610
1670
1724
1790
1851
1912
1971
2101
2125
2156
2200
2249
2295
2345
2396
2453
2569
2586
2595
2597
2582
2562
2537
2511
2354
2317
2280
2238
2070
2016
1960
1913
1715
1675
1642
1612
1593
1537
1511
1490
1475
1462
1451
1438
1436
1480
1508
1549
1588
1709
1718
1730
1742
1749
1732
1724
1716
1701
1685
1671
1662
1665
1664
1660
1660
1662
1634
1629
1617
1613
1670
1686
1704
1723
1756
1839
1864
1895
1922
1951
1977
2014
2049
2189
2216
2239
2262
2337
2355
2381
2413
2531
2551
2579
2598
2614
2674
2683
2692
2699
2695
2691
2682
2673
2550
2493
2496
2520
2366
2310
2245
2181
2107
1889
1860
1815
1760
1713
1672
1628
1578
1441
1410
1390
1376
1420
1440
1474
1517
1651
1697
1737
1790
1856
2047
2112
2161
2201
2250
2293
2320
2340
2398
2407
2416
2422
2426
2397
2375
2344
2321
2224
2173
2123
2071
2012
1949
1899
1841
1681
1634
1577
1518
1460
1402
1344
1285
1245
1141
1119
1110
1104
1097
1113
1148
1192
1246
1549
1695
1852
2023
2206
2392
2582
2770
3540
3716
3889
4054
4089
4088
4089
4089
4089
4090
4089
4089
4089
4063
3968
3846
3695
3525
3349
3176
3000
2240
2045
1854
1667
942
779
627
487
363
127
120
117
113
112
111
108
111
117
127
136
147
342
441
560
691
1201
1330
1450
1562
1681
1953
2026
2089
2156
2214
2271
2323
2381
2600
2643
2698
2742
2924
2972
3012
3051
3107
3165
3258
3306
3287
3051
2922
2795
2669
2532
2404
2306
2234
1833
1738
1651
1587
1594
1641
1696
1769
1854
2066
2133
2197
2240
2267
2288
2299
2289
2117
2035
1944
1845
1404
1320
1239
1166
1129
1174
1251
1345
1460
1872
2002
2138
2285
2419
2541
2655
2753
2940
2916
2865
2783
2304
2160
2012
1865
1731
1386
1269
1160
1060
975
905
859
830
887
944
1014
1100
1440
1501
1549
1584
1716
1756
1796
1820
1834
1841
1837
1845
1867
1885
1916
1966
2027
2412
2526
2637
2742
3070
3138
3199
3255
3384
3378
3348
3299
3248
3044
2984
2922
2869
2814
2762
2714
2667
2475
2426
2374
2317
2152
2119
2079
2039
1999
1819
1740
1657
1577
1501
1429
1375
1323
1163
1129
1088
1042
940
948
963
994
1109
1134
1153
1178
1206
1279
1316
1347
1380
1411
1450
1495
1547
1803
1888
1984
2080
2532
2657
2772
2888
3007
3279
3345
3397
3433
3456
3469
3477
3468
3271
3192
3098
3000
2611
2526
2441
2366
2132
2086
2044
2010
1988
1933
1923
1912
1901
1888
1876
1862
1845
1704
1654
1604
1553
1360
1325
1306
1293
1286
1321
1346
1377
1411
1452
1504
1556
1616
1857
1910
1957
1998
2095
2103
2108
2106
2036
2019
1999
1972
1944
1879
1860
1842
1823
1814
1811
1820
1834
1920
1953
1983
2013
2115
2141
2168
2191
2211
2231
2235
2233
2231
2229
2227
2236
2245
2278
2293
2308
2324
2337
2350
2357
2361
2358
2340
2335
2324
2297
2276
2254
2227
2194
2164
2048
2011
1983
1963
1944
1925
1908
1897
1925
1935
1959
1985
2094
2130
2159
2185
2248
2253
2253
2241
2225
2145
2110
2079
2053
2026
1991
1952
1910
1769
1739
1711
1691
1627
1617
1610
1606
1599
1553
1535
1522
1505
1491
1479
1471
1459
1427
1424
1436
1450
1562
1608
1654
1707
1985
2063
2144
2223
2297
2494
2546
2594
2643
2683
2712
2740
2764
2783
2776
2759
2742
2644
2619
2599
2574
2466
2440
2418
2401
2385
2328
2314
2295
2277
2251
2217
2189
2157
2006
1970
1935
1897
1738
1704
1678
1646
1614
1550
1532
1516
1506
1500
1494
1495
1500
1526
1527
1505
1479
1520
1549
1583
1625
1705
1724
1761
1798
1823
1863
1877
1879
1886
1900
1911
1917
1933
2032
2062
2091
2119
2226
2247
2268
2285
2285
2283
2276
2264
2254
2225
2205
2186
2176
2180
2187
2191
2189
2141
2127
2103
2083
2045
2042
2039
2048
2052
2049
2053
2055
2059
2066
2077
2094
2116
2207
2220
2232
2238
2250
2240
2239
2346
2110
2056
2036
1973
1943
1924
1917
1951
2045
2094
1887
1591
1487
1682
1871
1962
1949
2307
2230
2233
2274
2197
2267
2319
2232
2145
2099
2036
1961
1952
2009
1960
1991
2079
2123
2111
2116
2132
2127
2061
2057
2014
1974
1978
1996
1994
1980
1964
1917
1906
1903
1926
1966
1997
2011
2002
2024
2037
2045
2027
2122
2185
2229
2254
2210
2204
2199
2158
2118
2097
2120
2155
2184
2183
2147
2085
2011
1771
1758
1746
1718
1647
1658
1697
1728
1753
1912
1962
2026
2116
2214
2307
2412
2527
2791
2877
2963
3026
3063
3100
3151
3207
3267
3439
3481
3508
3522
3522
3500
3476
3456
3434
3207
3107
3003
2889
2768
2652
2529
2386
1722
1522
1323
1126
425
282
167
124
113
99
93
94
95
93
91
92
94
97
101
104
107
116
130
148
184
245
638
828
1031
1246
1464
1676
1884
2072
2258
2817
2996
3174
3343
3489
3620
3743
3849
4078
4086
4084
4074
3890
3805
3702
3581
2953
2794
2641
2493
2352
1963
1852
1743
1636
1526
1419
1312
1212
938
893
861
841
804
803
807
816
822
858
888
921
955
993
1031
1063
1089
1165
1196
1231
1283
1553
1638
1722
1803
2081
2154
2225
2298
2376
2421
2424
2481
2518
2509
2512
2561
2620
2916
2970
2997
3040
3239
3338
3403
3414
3434
3459
3435
3410
3380
3336
3296
3259
3214
2998
2942
2897
2871
2709
2656
2590
2522
2284
2235
2192
2149
2117
2054
2028
2013
2010
2013
2017
2015
2011
1995
1997
2003
2001
1901
1862
1830
1795
1758
1671
1643
1628
1620
1614
1602
1590
1588
1469
1441
1410
1376
1201
1150
1097
1048
910
882
866
852
832
787
783
781
772
771
775
784
799
910
955
1011
1072
1317
1386
1444
1513
1584
1779
1842
1908
1984
2054
2120
2183
2245
2475
2533
2586
2632
2756
2785
2805
2817
2825
2817
2802
2784
2764
2707
2675
2643
2617
2593
2563
2536
2499
2366
2340
2307
2276
2172
2146
2121
2088
2054
1955
1912
1875
1845
1804
1754
1713
1672
1477
1438
1405
1375
1228
1211
1197
1179
1129
1136
1143
1162
1198
1287
1344
1401
1454
1510
1572
1646
1718
2072
2159
2259
2367
2726
2822
2902
2974
3047
3214
3265
3315
3353
3378
3404
3433
3456
3470
3456
3436
3413
3273
3226
3179
3136
3083
2915
2849
2786
2732
2671
2611
2558
2508
2337
2286
2235
2186
2154
2124
2098
2074
2056
1979
1957
1935
1909
1884
1866
1840
1819
1800
1724
1699
1675
1659
1643
1623
1600
1588
1506
1494
1481
1471
1465
1477
1496
1513
1538
1606
1640
1669
1705
1745
1781
1824
1867
2027
2063
2095
2136
2252
2275
2296
2306
2341
2332
2329
2323
2307
2233
2200
2170
2139
2107
2075
2039
2005
1894
1875
1854
1831
1755
1733
1704
1679
1658
1617
1604
1597
1584
1574
1565
1552
1545
1522
1520
1527
1540
1588
1609
1628
1649
1740
1759
1777
1799
1815
1842
1859
1870
1873
1879
1888
1899
1907
1893
1895
1899
1902
1893
1883
1876
1874
1862
1838
1833
1830
1826
1824
1818
1824
1830
1831
1840
1855
1873
1925
1929
1936
1940
1947
1978
1992
2008
2020
2033
2043
2058
2069
2104
2122
2142
2159
2174
2196
2210
2221
2228
2204
2195
2184
2172
2162
2156
2147
2142
2144
2135
2132
2124
2121
2115
2119
2126
2144
2204
2248
2299
2299
2166
2124
2073
2049
2019
1970
1978
1985
1948
1911
1932
1947
1893
1868
1882
1912
1904
1824
1807
1771
1751
1747
1746
1764
1781
1795
1886
1912
1943
1974
2015
2042
2051
2063
2123
2132
2134
2122
2055
2052
2057
2070
2096
2129
2121
2111
2095
2069
2020
1971
1944
1951
1979
2038
2112
2360
2415
2487
2572
2940
3039
3123
3201
3277
3414
3447
3473
3491
3501
3507
3523
3545
3620
3639
3652
3653
3597
3586
3574
3568
3556
3462
3408
3353
3276
3180
3074
2958
2833
2359
2240
2129
2011
1480
1348
1220
1110
736
663
583
496
407
145
126
117
114
109
105
100
98
90
92
91
91
92
95
98
97
102
122
130
145
173
225
295
390
507
1032
1174
1321
1459
2010
2144
2284
2416
2846
2933
3009
3086
3148
3332
3381
3426
3472
3520
3563
3602
3632
3709
3724
3742
3752
3748
3723
3685
3638
3589
3391
3321
3244
3168
3075
2984
2879
2766
2251
2119
1983
1860
1407
1318
1239
1176
996
969
953
949
956
977
993
1012
1032
1048
1061
1064
1064
1096
1104
1117
1129
1196
1212
1235
1259
1291
1396
1439
1485
1529
1563
1593
1627
1657
1771
1811
1847
1894
2084
2142
2202
2253
2308
2439
2480
2515
2559
2587
2619
2649
2679
2797
2825
2856
2886
2969
2991
3013
3034
3082
3079
3076
3071
3064
3009
2977
2945
2916
2882
2846
2809
2767
2597
2558
2526
2487
2352
2316
2276
2239
2195
2060
2012
1958
1906
1856
1801
1753
1705
1496
1439
1380
1323
1069
1009
963
916
746
720
695
673
655
628
636
646
659
679
705
731
764
948
1004
1056
1119
1397
1479
1560
1635
1725
1977
2057
2143
2237
2325
2412
2491
2569
2837
2897
2951
3001
3163
3196
3234
3265
3307
3302
3291
3279
3268
3179
3149
3113
3084
3042
2997
2954
2908
2627
2546
2466
2389
2042
1954
1871
1789
1704
1469
1400
1336
1273
1217
1167
1121
1081
954
943
941
938
973
995
1020
1047
1178
1212
1245
1278
1307
1409
1444
1476
1513
1547
1579
1607
1640
1793
1831
1879
1930
2153
2212
2275
2334
2391
2559
2612
2667
2718
2761
2804
2848
2879
2969
2981
2990
3001
2999
2990
2980
2969
2899
2878
2848
2806
2768
2667
2621
2579
2538
2498
2456
2405
2350
2164
2124
2081
2039
1889
1863
1839
1814
1789
1739
1725
1710
1705
1706
1704
1701
1698
1689
1691
1692
1695
1686
1673
1666
1666
1674
1677
1677
1671
1668
1658
1658
1652
1646
1651
1650
1661
1668
1680
1678
1679
1689
1739
1757
1774
1791
1812
1859
1875
1893
1913
1925
1934
1943
1950
2032
2051
2066
2084
2143
2153
2164
2180
2229
2248
2267
2284
2296
2337
2347
2356
2367
2373
2382
2389
2395
2401
2402
2408
2408
2388
2377
2363
2354
2348
2286
2268
2247
2225
2204
2181
2159
2131
2011
1988
1965
1938
1830
1799
1769
1750
1646
1626
1613
1596
1582
1541
1529
1516
1512
1508
1502
1496
1488
1504
1513
1518
1528
1601
1621
1638
1667
1695
1761
1791
1823
1856
1885
1912
1936
1969
2078
2105
2138
2170
2274
2299
2323
2345
2406
2415
2426
2432
2440
2439
2437
2434
2432
2426
2417
2409
2401
2364
2307
2222
2132
1934
1937
1934
1921
1907
1908
1906
1912
1915
1909
1904
1911
1922
2010
2056
2109
2156
2257
2283
2314
2348
2380
2385
2388
2401
2410
2401
2388
2366
2359
2346
2325
2313
2295
2216
2194
2174
2143
2010
1964
1923
1883
1847
1724
1690
1659
1631
1612
1614
1591
1489
944
862
871
964
1542
1684
1760
1803
1893
1935
2024
2106
2156
2305
2316
2319
2327
2339
2351
2362
2395
2561
2573
2544
2492
2330
2330
2353
2385
2434
2653
2700
2740
2779
2814
2845
2879
2923
3037
3053
3074
3096
3180
3200
3215
3235
3350
3356
3343
3313
3265
3012
2891
2756
2626
2498
2384
2281
2183
1785
1663
1542
1399
863
771
686
599
510
255
185
146
139
134
128
129
132
136
139
138
136
143
159
185
233
638
750
859
962
1056
1335
1427
1527
1638
1760
1895
2029
2154
2501
2541
2580
2627
2821
2851
2878
2883
2873
2722
2662
2603
2548
2508
2484
2474
2474
2416
2382
2349
2308
2221
2223
2240
2249
2257
2249
2235
2219
2214
2188
2181
2169
2152
2133
2115
2093
2071
2015
2008
2009
2016
1999
1976
1950
1931
1826
1817
1818
1827
1851
1999
2056
2106
2149
2192
2226
2249
2275
2383
2419
2456
2493
2607
2625
2646
2664
2688
2749
2771
2786
2791
2801
2804
2799
2778
2661
2628
2587
2564
2464
2440
2335
2198
2114
1926
1944
1965
1992
2027
2072
2105
2134
2274
2303
2356
2438
2687
2732
2768
2805
2848
2831
2820
2816
2806
2747
2716
2674
2629
2574
2530
2473
2411
2156
2094
2044
2000
1780
1726
1678
1636
1590
1440
1398
1350
1296
1236
1173
1121
1070
914
892
869
841
704
669
637
613
534
531
536
553
567
589
593
603
628
653
688
742
801
1044
1101
1167
1230
1491
1561
1628
1695
1767
2013
2083
2152
2217
2271
2329
2389
2449
2617
2645
2671
2692
2711
2700
2698
2680
2623
2607
2584
2544
2497
2367
2319
2284
2256
2222
2188
2150
2113
1946
1900
1859
1817
1671
1648
1636
1624
1611
1563
1563
1563
1567
1581
1589
1609
1634
1755
1787
1822
1865
2027
2062
2098
2135
2272
2309
2344
2381
2418
2496
2513
2532
2555
2576
2590
2608
2623
2660
2663
2669
2674
2690
2690
2693
2692
2685
2670
2657
2641
2632
2626
2615
2606
2605
2577
2583
2581
2577
2584
2583
2584
2586
2572
2561
2549
2548
2549
2516
2494
2471
2444
2419
2393
2366
2339
2214
2182
2148
2116
2015
1986
1969
1953
1945
1938
1939
1940
1947
1960
1973
1978
1984
2014
2023
2026
2031
2016
2011
2007
1989
1906
1886
1862
1832
1808
1739
1724
1708
1695
1678
1665
1660
1664
1645
1641
1634
1636
1653
1660
1666
1666
1678
1719
1737
1746
1764
1792
1818
1840
1860
1982
2016
2041
2069
2149
2163
2176
2187
2198
2204
2214
2214
2223
2224
2220
2219
2206
2190
2168
2157
2145
2087
2068
2047
2034
1980
1964
1952
1937
1921
1889
1881
1860
1845
1830
1817
1804
1799
1754
1738
1721
1702
1671
1664
1660
1657
1659
1670
1675
1676
1681
1708
1719
1727
1733
1736
1740
1750
1760
1783
1793
1807
1816
1845
1854
1864
1876
1880
1894
1902
1915
1926
1936
1947
1955
1958
1974
1973
1968
1962
1938
1934
1932
1933
1929
1914
1910
1904
1903
1900
1902
1901
1902
1899
1904
1907
1898
1893
1895
1902
1917
1921
2020
2055
2037
1993
1961
1911
1844
1795
1740
1620
1581
1559
1558
1560
1518
1479
1500
1549
1618
1678
1751
2091
2151
2216
2270
2377
2373
2364
2374
2403
2359
2364
2354
2335
2343
2370
2363
2337
2245
2196
2152
2101
1966
1959
1939
1912
1897
1844
1824
1799
1783
1780
1792
1816
1865
2114
2196
2292
2388
2757
2827
2900
2967
3176
3212
3249
3268
3266
3204
3171
3130
3096
3063
3013
2944
2882
2590
2506
2439
2370
2069
2001
1944
1901
1868
1816
1835
1851
1887
1943
2002
2056
2109
2326
2358
2369
2378
2284
2256
2219
2182
2146
2005
1961
1910
1848
1782
1722
1678
1646
1631
1642
1669
1722
1784
1848
1919
1999
2081
2335
2421
2509
2592
2679
2751
2813
2866
2902
2935
2928
2916
2890
2842
2789
2732
2667
2342
2269
2196
2126
1829
1723
1601
1460
851
708
580
465
351
134
124
120
116
113
114
109
112
117
119
121
124
164
193
240
311
406
776
913
1055
1207
1365
1526
1688
1853
2502
2652
2794
2933
3349
3391
3421
3434
3434
3311
3254
3201
3156
3115
3079
3051
3038
2935
2915
2895
2881
2986
3028
3070
3112
3136
3102
3060
3018
2988
2919
2911
2897
2884
2872
2867
2874
2886
2943
2956
2957
2945
2791
2720
2640
2560
2480
2189
2091
1989
1890
1777
1665
1559
1455
1133
1088
1052
1035
1025
1017
1008
1000
948
938
932
922
907
856
844
835
828
816
814
821
830
901
917
929
930
901
899
894
892
897
927
959
993
1039
1105
1168
1251
1326
1589
1676
1770
1873
1972
2065
2151
2232
2307
2454
2479
2517
2558
2610
2666
2728
2793
2861
3018
3054
3089
3120
3146
3180
3221
3268
3400
3394
3382
3363
3210
3164
3103
3033
2951
2679
2585
2488
2398
2314
2240
2164
2086
1895
1852
1809
1770
1739
1718
1700
1686
1678
1669
1669
1665
1656
1651
1636
1612
1588
1563
1521
1525
1535
1550
1573
1600
1620
1646
1744
1762
1789
1816
1878
1888
1877
1867
1843
1846
1861
1883
1915
1996
2040
2088
2139
2188
2248
2302
2361
2542
2584
2621
2656
2760
2786
2808
2837
2857
2857
2838
2819
2799
2774
2739
2703
2664
2477
2417
2355
2296
2032
1965
1907
1850
1646
1598
1559
1532
1510
1468
1460
1462
1468
1485
1516
1548
1577
1703
1731
1757
1773
1847
1853
1867
1881
1895
1928
1937
1943
1957
1973
1990
2012
2040
2074
2075
2075
2077
2075
2068
2059
2048
2030
1992
1977
1967
1956
1948
1940
1934
1933
1933
1947
1963
1977
1992
2013
2029
2048
2069
2145
2162
2177
2190
2222
2230
2237
2243
2264
2261
2259
2257
2256
2221
2210
2195
2178
2155
2131
2115
2098
2000
1966
1936
1911
1816
1789
1760
1739
1728
1710
1708
1709
1719
1728
1742
1753
1765
1806
1814
1826
1832
1843
1844
1848
1852
1860
1859
1870
1876
1887
1918
1925
1932
1937
1937
1934
1929
1922
1848
1839
1822
1809
1764
1757
1760
1765
1774
1818
1832
1855
1887
1916
1940
1966
1996
2117
2143
2170
2200
2313
2342
2369
2394
2465
2480
2496
2506
2516
2526
2535
2548
2560
2567
2571
2569
2560
2504
2478
2458
2427
2317
2295
2281
2260
2155
2135
2109
2088
2061
2018
2001
1978
1952
1937
1924
1906
1887
1833
1817
1808
1797
1766
1757
1752
1742
1734
1721
1719
1711
1705
1699
1687
1681
1672
1638
1634
1625
1622
1638
1646
1651
1659
1718
1736
1752
1772
1794
1854
1872
1881
1892
1904
1914
1927
1940
1968
1974
1983
1994
2016
2023
2031
2042
2050
2071
2077
2082
2079
2085
2093
2091
2092
2084
2086
2088
2089
2096
2103
2107
2111
2148
2164
2184
2209
2233
2281
2298
2303
2330
2367
2390
2346
2241
1637
1618
1584
1523
1759
1855
1914
1932
1984
2046
2086
2106
2152
2244
2372
2498
2593
2780
2783
2766
2752
2741
2752
2756
2740
2567
2466
2381
2294
2204
2062
2026
2001
1985
1944
1879
1805
1734
1458
1432
1417
1414
1501
1517
1530
1541
1552
1628
1682
1753
1839
1907
1980
2039
2083
2163
2140
2114
2069
1966
2025
2092
2159
2338
2345
2345
2330
2302
2280
2284
2287
2293
2300
2305
2315
2314
2227
2198
2199
2216
2267
2253
2230
2203
2174
2092
2079
2067
2055
2062
2070
2061
2050
1936
1900
1860
1829
1731
1707
1682
1651
1555
1551
1554
1561
1576
1635
1654
1668
1684
1694
1712
1731
1758
1868
1892
1918
1948
2112
2135
2161
2187
2209
2334
2403
2486
2578
2688
2807
2923
3034
3320
3392
3449
3497
3528
3544
3542
3527
3494
3308
3229
3134
3025
2910
2785
2649
2512
2370
1949
1812
1684
1556
1429
1309
1193
1080
653
566
495
439
351
338
336
336
354
381
418
464
521
717
784
841
891
942
987
1030
1077
1305
1370
1424
1483
1559
1448
1306
1188
1113
1030
984
956
960
994
1061
1129
1174
1181
1177
1174
1198
1510
1629
1740
1850
2409
2563
2723
2894
3089
3767
3987
4087
4088
4089
4088
4088
4088
4090
4088
4090
4088
4087
4089
4088
4088
4088
4088
4092
4088
4089
4088
4089
4090
4089
4013
3889
3747
3588
2937
2759
2573
2397
1703
1556
1424
1316
1224
1050
1016
972
911
840
770
698
644
483
450
419
386
255
226
193
169
158
153
155
158
157
155
150
145
146
179
220
262
287
610
720
850
987
1564
1735
1883
2037
2215
2661
2802
2926
3050
3187
3321
3445
3568
3993
4063
4089
4089
4089
4087
4090
4089
3918
3849
3766
3666
3547
3155
3015
2875
2729
2593
2461
2346
2227
1809
1723
1640
1569
1324
1272
1213
1158
1111
961
917
884
847
816
799
792
790
752
747
750
772
831
834
835
843
844
843
837
833
839
841
849
862
877
1001
1045
1098
1152
1393
1460
1526
1602
1909
1988
2073
2157
2231
2426
2476
2537
2604
2659
2709
2762
2821
2991
3007
3025
3037
3008
2993
2985
2978
2972
2923
2906
2889
2879
2872
2872
2879
2888
2965
2990
3014
3050
3158
3182
3204
3224
3276
3281
3279
3269
3253
3150
3095
3035
2977
2915
2846
2769
2695
2337
2240
2146
2049
1658
1563
1468
1381
1296
1061
997
939
889
852
827
809
797
845
873
913
963
1186
1253
1323
1400
1733
1813
1895
1978
2062
2291
2359
2416
2468
2524
2579
2630
2676
2795
2817
2835
2850
2860
2852
2835
2813
2699
2652
2603
2557
2511
2400
2373
2348
2322
2299
2285
2268
2270
2260
2261
2267
2268
2237
2223
2204
2184
2159
2065
2027
1998
1964
1931
1898
1863
1826
1639
1594
1548
1507
1324
1284
1241
1189
1005
974
951
930
912
901
906
927
958
989
1028
1069
1117
1325
1388
1461
1529
1794
1860
1922
1984
2041
2199
2254
2311
2361
2400
2437
2470
2505
2538
2531
2526
2515
2436
2408
2384
2352
2219
2185
2155
2120
2080
1988
1963
1932
1909
1892
1886
1870
1856
1853
1852
1856
1871
1950
1971
1988
2007
2031
2100
2118
2137
2162
2186
2200
2211
2224
2218
2207
2186
2161
2035
2008
1980
1950
1843
1817
1797
1785
1765
1722
1726
1726
1734
1734
1739
1747
1762
1799
1807
1816
1829
1880
1895
1901
1909
1916
1927
1930
1936
1949
1958
1962
1966
1976
2017
2021
2031
2041
2063
2060
2057
2071
2076
2089
2105
2119
2131
2171
2183
2197
2223
2243
2260
2282
2315
2416
2439
2466
2475
2543
2558
2579
2588
2590
2581
2575
2560
2548
2539
2527
2509
2491
2400
2361
2333
2302
2146
2110
2071
2034
1904
1876
1843
1813
1791
1739
1721
1708
1698
1688
1684
1676
1671
1659
1653
1662
1667
1665
1671
1676
1683
1700
1719
1734
1752
1759
1723
1749
1884
1995
2135
1929
1624
1486
863
964
1016
1022
1451
1502
1549
1648
1766
1833
1967
2070
2124
2227
2400
2540
2642
2918
2951
2988
3072
3444
3533
3544
3593
3643
3475
3408
3268
3147
3090
3041
2971
2936
2742
2610
2468
2312
1768
1669
1550
1438
1070
963
837
731
678
668
787
951
1151
1379
1590
1768
1880
1928
1909
1948
2045
2499
2621
2695
2718
2720
2495
2406
2316
2209
2101
2009
1899
1769
1197
1068
963
873
768
799
844
920
1021
1271
1367
1441
1496
1544
1601
1669
1742
1931
1990
2043
2089
2131
2170
2229
2314
2417
2706
2796
2875
2918
2940
2941
2940
2939
2924
2833
2810
2795
2788
2775
2753
2721
2679
2261
2112
1959
1816
1579
1588
1633
1706
2112
2250
2389
2529
2672
3039
3178
3285
3341
3364
3358
3296
3150
2296
2052
1844
1678
1320
1261
1209
1160
1100
877
807
747
694
647
602
558
545
511
527
554
591
969
1122
1297
1472
1635
2063
2177
2289
2400
2501
2588
2691
2822
3252
3401
3534
3642
3720
3770
3784
3787
3799
3821
3824
3826
3814
3785
3727
3638
3517
3381
2920
2775
2659
2569
2508
2461
2424
2382
2036
1905
1779
1660
1547
1608
1695
1787
2042
2059
2067
2071
2072
1978
1909
1814
1691
1549
1385
1221
1069
620
556
516
489
448
458
466
475
496
584
607
628
645
656
657
644
635
673
736
816
917
1458
1593
1718
1834
1943
2254
2357
2461
2567
2676
2770
2866
2954
3121
3144
3150
3138
3118
3091
3055
3014
2978
2884
2852
2825
2802
2763
2721
2677
2640
2607
2569
2576
2580
2584
2587
2585
2581
2559
2440
2414
2402
2391
2359
2362
2362
2369
2380
2418
2437
2453
2461
2456
2447
2436
2417
2273
2225
2170
2114
1920
1886
1860
1836
1722
1696
1671
1635
1598
1501
1466
1430
1401
1372
1343
1320
1295
1197
1182
1177
1184
1293
1339
1386
1440
1492
1649
1705
1763
1828
1888
1946
2011
2078
2248
2282
2318
2343
2368
2396
2420
2444
2466
2518
2542
2566
2591
2624
2652
2687
2717
2745
2789
2796
2797
2794
2782
2765
2745
2720
2617
2598
2580
2560
2510
2498
2488
2477
2443
2429
2412
2385
2357
2234
2171
2108
2043
1985
1919
1865
1812
1645
1609
1577
1539
1390
1351
1316
1282
1250
1183
1165
1155
1145
1129
1111
1101
1093
1133
1158
1196
1247
1500
1568
1640
1723
1796
2007
2077
2143
2212
2277
2334
2380
2413
2459
2470
2475
2475
2477
2473
2470
2464
2458
2438
2430
2421
2416
2411
2411
2414
2421
2430
2435
2423
2411
2400
2375
2347
2326
2300
2181
2160
2143
2126
2062
2051
2047
2049
2058
2056
2051
2039
2026
1981
1952
1924
1897
1867
1834
1806
1773
1672
1649
1621
1601
1534
1520
1518
1519
1521
1535
1555
1576
1599
1694
1729
1759
1788
1824
1860
1901
1941
2081
2117
2151
2188
2325
2353
2368
2377
2379
2353
2341
2335
2325
2319
2306
2299
2289
2254
2243
2241
2235
2221
2222
2273
2371
1911
1748
1636
1571
1572
1867
1974
2040
2061
2067
2066
2042
2000
2255
2409
2547
2650
2713
2659
2605
2547
2484
2307
2230
2162
2082
1995
1929
1902
1898
1889
1852
1827
1829
1870
1878
1888
1897
1851
1806
1764
1738
1709
1631
1614
1580
1539
1507
1489
1497
1527
1760
1830
1903
1973
2016
1988
1938
1896
2044
2121
2179
2206
2208
2149
2119
2096
2076
2060
2051
2050
2059
2163
2197
2221
2230
2042
1995
1981
1988
2009
2126
2167
2200
2235
2268
2278
2270
2246
2126
2122
2125
2114
2007
1976
1953
1928
1833
1810
1797
1786
1789
1822
1844
1882
1937
1996
2059
2109
2133
2024
1978
1936
1913
1873
1864
1862
1856
1856
1859
1858
1854
1866
1885
1916
1940
1967
2099
2147
2201
2256
2255
2198
2177
2217
1924
1767
1571
1491
1490
1567
1615
1615
1618
1638
1658
1696
1743
1937
2021
2151
2249
2128
2041
1935
1870
1842
1887
1930
1983
2055
2115
2146
2144
2126
2077
2109
2168
2208
2453
2472
2505
2537
2608
2636
2638
2654
2694
2882
2947
3002
3039
3066
3081
3093
3102
3007
2989
2982
2964
2808
2746
2680
2594
2503
2325
2280
2240
2197
2150
2110
2073
2040
1924
1913
1915
1911
1908
1908
1891
1859
1815
1545
1459
1401
1356
1336
1328
1320
1315
1302
1151
1111
1074
1035
1008
983
956
930
1005
1054
1108
1152
1162
1159
1166
1187
1325
1402
1489
1563
1628
1760
1773
1786
1813
1846
1884
1934
1982
2110
2115
2110
2087
2049
2033
2020
1999
1971
1883
1855
1846
1851
1864
1877
1893
1903
1883
1874
1877
1888
2035
2072
2117
2165
2370
2415
2461
2503
2544
2650
2683
2703
2719
2728
2734
2738
2734
2604
2527
2445
2365
2095
2072
2074
2098
2094
1859
1782
1721
1671
1647
1656
1686
1732
1835
1844
1842
1833
1817
1792
1770
1759
1764
1766
1750
1746
1732
1706
1692
1678
1672
1675
1761
1812
1863
1914
1951
1986
2009
2023
2039
2070
2102
2141
2295
2335
2372
2398
2501
2540
2600
2670
2753
3019
3087
3143
3183
3205
3210
3196
3186
3127
3118
3110
3104
3009
2953
2891
2815
2740
2510
2436
2373
2314
2258
2204
2144
2087
1833
1772
1725
1681
1578
1557
1529
1497
1361
1341
1320
1299
1279
1236
1225
1209
1198
1183
1174
1170
1170
1278
1314
1345
1361
1336
1323
1314
1307
1313
1389
1426
1466
1506
1547
1574
1597
1618
1703
1744
1787
1841
2058
2104
2150
2196
2332
2364
2398
2435
2471
2521
2530
2538
2548
2546
2548
2543
2536
2475
2464
2453
2440
2363
2333
2300
2265
2149
2111
2072
2034
1993
1875
1845
1825
1808
1799
1787
1776
1767
1734
1722
1715
1715
1740
1760
1782
1807
1831
1874
1882
1886
1893
1893
1895
1894
1900
1948
1954
1956
1958
1950
1955
1958
1960
1962
1961
1951
1949
1940
1918
1905
1901
1900
1902
1905
1918
1931
1988
1998
2007
2024
2070
2092
2110
2135
2150
2201
2221
2238
2264
2287
2322
2352
2388
2453
2465
2465
2463
2455
2446
2437
2423
2363
2342
2321
2296
2274
2218
2200
2187
2176
2176
2167
2165
2159
2111
2094
2075
2060
2045
2010
1999
1989
1978
1971
1956
1949
1941
1900
1883
1872
1866
1859
1848
1842
1835
1829
1809
1796
1782
1771
1759
1747
1735
1720
1701
1694
1690
1689
1690
1707
1720
1726
1739
1753
1767
1786
1809
1907
1934
1963
2002
2120
2150
2175
2198
2210
2231
2241
2254
2268
2283
2295
2313
2320
2325
2316
2309
2297
2241
2232
2229
2221
2173
2158
2149
2141
2125
2090
2074
2066
2055
2047
2037
2035
2030
1999
1989
1979
1976
1950
1943
1935
1926
1917
1894
1887
1881
1877
1871
1864
1856
1852
1829
1831
1835
1841
1865
1873
1876
1880
1904
1908
1917
1920
1931
1967
1985
1999
2022
2041
2059
2068
2078
2095
2108
2118
2126
2148
2147
2148
2148
2147
2133
2130
2130
2128
2120
2118
2118
2116
2086
2083
2074
2067
2032
2028
2029
2025
1983
1978
1975
1967
1964
1954
1956
1957
1964
1970
1974
1972
1978
2026
2039
2049
2062
2094
2101
2112
2125
2127
2148
2157
2164
2168
2178
2177
2176
2177
2149
2143
2134
2124
2065
2056
2036
2020
1951
1929
1916
1905
1901
1866
1850
1846
1846
1844
1837
1832
1827
1834
1842
1851
1859
1886
1888
1894
1893
1895
1937
1942
1948
1956
1965
1973
1982
1985
1989
1993
1998
2003
2013
2012
2016
2015
2011
2014
2020
2028
2034
2051
2060
2076
2090
2101
2109
2120
2128
2166
2178
2190
2201
2221
2221
2216
2210
2205
2206
2202
2195
2189
2179
2173
2171
2160
2092
2072
2062
2054
2012
2003
1994
1985
1952
1947
1944
1942
1938
1938
1939
1941
1948
1948
1950
1952
1966
1983
1989
1991
2002
2022
2021
2027
2033
2045
2056
2064
2073
2073
2068
2067
2069
2070
2054
2057
2050
2046
2029
2021
2018
2014
1980
1976
1976
1977
1971
1973
1972
1972
1970
1973
1977
1978
1981
1987
1992
1996
1999
2005
2010
2010
2011
2007
2013
2024
2026
2032
2028
2026
2029
2029
2041
2039
2033
2036
2015
2016
2018
2016
1994
1999
2000
1999
2000
2003
2011
2002
2005
2003
1999
2002
2008
2008
2007
2002
2002
1999
1993
1987
1984
1986
1979
1976
1983
1986
1980
1965
1959
1958
1951
1950
1952
1959
1952
1953
1954
1961
1978
1986
1991
1997
2011
2032
2041
2052
2064
2074
2080
2089
2097
2124
2133
2143
2148
2167
2172
2182
2184
2186
2186
2184
2180
2177
2173
2171
2163
2156
2137
2128
2121
2115
2089
2089
2080
2067
2109
2075
2040
2026
2007
1936
1949
1959
1962
1972
1979
1990
1999
2035
2035
2043
2043
2016
2006
2001
1997
1995
1981
1990
2004
2010
2007
2008
2014
2016
1973
1958
1966
1965
1918
1894
1878
1890
1948
1962
1962
1956
1973
2003
2025
2048
2058
2059
2058
2069
2080
2089
2084
2085
2097
2133
2135
2131
2125
2091
2092
2087
2074
2069
2010
1993
1994
1994
1990
1992
2000
1998
1890
1911
1923
1911
1942
1904
1907
1919
1903
1914
1908
1907
1921
1930
1927
1927
1943
2002
2020
2020
2021
1998
1998
2002
2002
1921
1893
1861
1846
1855
1898
1907
1918
1939
1960
1969
1972
1981
2013
2026
2033
2031
2021
2014
2007
2014
2030
2088
2098
2107
2120
2136
2153
2173
2194
2198
2186
2177
2165
2162
2168
2175
2178
2214
2214
2204
2201
2197
2129
2105
2088
2066
2044
2027
2018
2009
1969
1967
1959
1956
1924
1922
1922
1919
1915
1868
1862
1851
1848
1849
1856
1869
1880
1951
1972
1991
2013
2084
2113
2136
2146
2172
2194
2213
2227
2244
2271
2279
2291
2312
2326
2345
2368
2376
2368
2361
2347
2338
2290
2286
2278
2267
2262
2212
2198
2182
2168
2160
2148
2138
2122
2032
2007
1983
1964
1886
1866
1848
1835
1789
1783
1778
1765
1756
1742
1735
1733
1736
1739
1737
1732
1728
1717
1717
1714
1704
1687
1690
1686
1681
1676
1673
1674
1670
1666
1664
1659
1652
1672
1726
1720
1697
1671
1665
1690
1730
1777
1929
1957
1974
2012
2051
2154
2165
2175
2184
2190
2202
2207
2204
2247
2269
2288
2316
2386
2405
2410
2405
2394
2383
2384
2388
2398
2405
2401
2394
2375
2258
2228
2198
2177
2155
2161
2156
2147
2132
2071
2054
2040
2029
2024
2025
2027
2032
2050
2052
2046
2027
1960
1959
1973
1993
2036
2033
2025
2008
1991
1937
1923
1918
1919
1929
1948
1965
1971
1974
1969
1971
1968
1981
1982
1990
1993
1993
1978
1971
1965
1963
1962
1966
1968
1977
1980
1967
1950
1935
1922
1927
1936
1946
1993
2007
2019
2030
2039
2081
2099
2116
2137
2154
2163
2170
2177
2187
2187
2183
2165
2100
2080
2062
2033
2001
1890
1851
1814
1790
1771
1752
1735
1718
1682
1669
1655
1645
1615
1612
1615
1627
1702
1726
1758
1803
1840
1959
1994
2030
2061
2097
2138
2183
2221
2360
2394
2431
2475
2614
2652
2685
2732
2799
2875
2876
2885
2890
2887
2888
2888
2901
2965
2959
2949
2955
2976
3002
3029
3033
3033
3008
2981
2965
2940
2892
2840
2811
2787
2611
2569
2506
2449
2156
2083
2007
1926
1613
1526
1442
1354
1258
1001
910
820
735
669
604
546
495
313
267
236
209
173
175
179
190
200
250
273
301
335
378
430
500
571
988
1082
1184
1286
1647
1729
1815
1899
2242
2324
2396
2466
2531
2699
2752
2807
2864
2920
2973
3022
3068
3156
3161
3156
3148
3083
3059
3041
3011
2983
2858
2798
2735
2674
2620
2563
2513
2464
2276
2236
2198
2167
2080
2063
2055
2050
2031
2027
2028
2031
2034