1935
2384
2485
2565
2627
2882
2978
3086
3181
3271
3448
3475
3477
3468
3437
3391
3326
3244
2920
2873
2842
2821
2836
2838
2826
2801
2760
2507
2398
2273
2137
1987
1830
1664
1506
932
823
717
619
228
149
125
123
121
128
137
143
153
158
165
165
165
143
143
150
157
224
262
308
357
644
745
858
986
1130
1545
1685
1827
1967
2108
2259
2403
2530
2784
2792
2784
2784
2851
2899
2954
3014
3079
3252
3310
3362
3414
3465
3509
3535
3547
3452
3390
3330
3270
3057
3009
2960
2913
2859
2740
2715
2706
2700
2679
2651
2618
2570
2288
2199
2108
2020
1764
1732
1722
1722
1657
1621
1579
1539
1502
1439
1429
1422
1417
1412
1398
1389
1382
1383
1379
1371
1366
1318
1306
1305
1298
1303
1377
1423
1471
1531
1585
1654
1717
1783
2102
2183
2257
2327
2491
2513
2526
2531
2551
2623
2664
2712
2764
2814
2856
2894
2923
2939
2940
2932
2931
2909
2907
2898
2884
2869
2830
2816
2802
2791
2785
2782
2787
2793
2753
2732
2706
2674
2526
2496
2462
2419
2202
2145
2091
2035
1985
1834
1789
1747
1710
1671
1629
1588
1541
1360
1312
1276
1234
1048
1003
973
946
929
902
908
927
952
983
1015
1058
1111
1349
1407
1471
1524
1710
1745
1776
1805
1821
1851
1854
1852
1852
1860
1870
1890
1916
2101
2157
2217
2263
2379
2399
2408
2413
2418
2408
2402
2390
2373
2359
2347
2329
2309
2233
2216
2204
2207
2174
2159
2150
2134
2086
2074
2059
2042
2028
1975
1956
1936
1919
1901
1885
1874
1857
1775
1759
1746
1742
1724
1726
1723
1721
1719
1721
1713
1702
1696
1698
1696
1694
1695
1724
1739
1759
1779
1884
1909
1930
1940
1986
1996
2016
2031
2056
2113
2134
2157
2181
2207
2234
2259
2283
2387
2408
2423
2429
2410
2395
2383
2365
2340
2267
2246
2231
2216
2207
2192
2178
2168
2141
2132
2133
2141
2155
2161
2170
2168
2165
2145
2126
2105
2087
2072
2055
2024
2005
1963
1974
1994
2017
2052
2059
2057
2064
2067
2057
2056
2053
2056
2062
2059
2052
2041
1980
1961
1960
1957
1897
1905
1906
1913
1945
1949
1956
1959
1959
1938
1933
1929
1924
1923
1927
1932
1929
1925
1917
1917
1921
1955
1960
1965
1969
1965
1942
1946
1946
1951
1956
1959
1970
1986
2066
2079
2099
2133
2177
2192
2201
2206
2221
2249
2247
2247
2242
2237
2243
2252
2243
2234
2221
2210
2205
2159
2150
2145
2136
2131
2132
2138
2136
2132
2127
2121
2100
2080
2044
2037
2029
2022
1989
1986
1984
1981
1963
1954
1948
1950
1955
1956
1948
1940
1939
1931
1924
1915
1910
1864
1851
1842
1838
1820
1820
1805
1802
1803
1820
1823
1831
1840
1848
1856
1866
1875
1886
1889
1899
1905
1942
1957
1964
1977
2025
2038
2050
2057
2071
2090
2100
2104
2115
2117
2118
2126
2132
2137
2139
2146
2143
2130
2127
2131
2130
2128
2116
2112
2110
2111
2100
2086
2070
2061
2007
2001
1994
1990
1966
1967
1966
1963
1965
1967
1969
1966
1973
1981
1990
1998
2007
2016
2017
2006
2003
1985
1983
1988
1990
1959
1953
1952
1953
1954
1946
1943
1943
1937
1930
1931
1932
1930
1920
1922
1917
1908
1907
1916
1925
1938
1947
1973
1980
1993
2006
2019
2036
2054
2077
2122
2128
2145
2168
2245
2260
2272
2279
2287
2300
2302
2303
2310
2312
2310
2315
2314
2296
2281
2269
2260
2210
2204
2194
2183
2157
2151
2143
2134
2127
2083
2070
2055
2049
2029
2006
1994
1976
1945
1939
1932
1926
1887
1884
1882
1880
1878
1875
1868
1864
1871
1884
1892
1905
1911
1907
1905
1903
1899
1898
1896
1894
1887
1892
1913
1924
1930
1936
1938
1950
1959
1973
1996
2001
2014
2016
2034
2041
2050
2053
2065
2069
2071
2078
2085
2086
2086
2086
2083
2084
2081
2082
2080
2081
2083
2081
2070
2056
2050
2046
2041
2040
2019
2009
2000
1991
1988
1990
1992
1993
1973
1967
1963
1963
1942
1946
1949
1948
1943
1954
1953
1952
1957
1965
1968
1979
1985
1988
1993
1994
1993
1987
1987
1991
1995
1985
1991
1986
1985
1986
1987
1994
1996
1988
1977
1984
1989
1988
1994
1998
1991
1991
1996
2008
2013
2011
2007
2032
2038
2050
2057
2062
2066
2073
2070
2069
2078
2095
2098
2092
2098
2095
2103
2120
2133
2137
2145
2150
2133
2122
2134
2146
2139
2132
2136
2129
2121
2120
2125
2132
2134
2123
2129
2121
2110
2095
2098
2080
2051
2037
2011
2002
1994
1992
1991
1989
1982
1966
1953
1932
1931
1935
1929
1908
1902
1912
1914
1923
1929
1940
1943
1955
1967
1964
1959
1964
1978
1975
1969
1976
1982
1988
1991
2015
2025
2030
2027
2018
2042
2032
2027
2034
2032
2029
2033
2041
2046
2050
2046
2047
2056
2056
2054
2057
2059
2041
2043
2046
2046
2042
2046
2045
2042
2033
2041
2050
2052
2059
2056
2055
2048
2038
2031
2025
2016
2019
2021
2013
2006
2000
1997
1998
1988
1981
1977
1976
1968
1960
1937
1934
1928
1932
1923
1924
1929
1938
1941
1943
1944
1959
1972
1981
1993
2020
2018
2022
2019
2015
2026
2033
2041
2044
2063
2073
2082
2084
2088
2090
2099
2110
2129
2133
2134
2130
2130
2139
2134
2134
2133
2136
2138
2144
2140
2124
2125
2126
2124
2116
2102
2101
2100
2105
2098
2096
2095
2090
2083
2088
2084
2114
2164
2161
2165
2140
2034
1773
1750
1745
1767
1836
1866
1862
1896
1955
2008
2083
2108
2106
2346
2384
2421
2465
2443
2356
2281
2207
2130
1970
1939
1895
1823
1766
1762
1795
1778
1790
1781
1800
1863
1907
1891
1855
1843
1838
1793
1777
1789
1831
1873
1905
1955
2001
1956
1920
1884
1863
1930
1959
1994
2034
2051
2090
2096
2110
2127
2123
2105
2075
2053
2059
2066
2052
2038
1998
2045
2096
2130
2155
2191
2165
2139
2114
2092
2071
2052
2035
1934
1928
1933
1938
2017
2059
2108
2150
2181
2248
2249
2256
2261
2260
2262
2248
2201
1882
1847
1846
1874
1961
1932
1903
1868
1812
1844
1889
1945
1993
2023
2027
2030
2030
2035
2028
2016
2003
1981
1976
1983
1987
1996
1997
2001
2015
2043
2119
2139
2147
2139
2141
2157
2183
2207
2220
2205
2181
2138
1952
1923
1914
1914
1931
2005
1993
1963
1942
1924
1908
1895
1886
1869
1865
1835
1779
1633
1615
1618
1625
1712
1736
1760
1791
1818
1843
1849
1858
1863
1852
1849
1847
1832
1828
1848
1891
1948
2187
2247
2308
2374
2445
2686
2788
2881
2966
3056
3136
3200
3265
3466
3520
3550
3561
3512
3467
3423
3369
3304
3092
3008
2934
2855
2771
2674
2577
2476
2155
2069
1972
1868
1783
1704
1589
1474
1385
1095
1016
941
865
793
745
718
684
656
623
613
597
594
577
560
559
567
595
593
604
627
713
745
779
813
853
959
1010
1065
1111
1168
1220
1278
1330
1519
1576
1650
1700
1946
2009
2085
2155
2216
2453
2526
2596
2680
2757
2823
2874
2932
3057
3061
3083
3133
3291
3222
3034
2788
1746
1634
1552
1379
1313
1567
1540
1686
1915
2091
2232
2385
2610
3551
3685
3825
3913
3749
3607
3424
3234
2607
2606
2611
2561
2539
2666
2742
2828
2815
2697
2557
2454
2325
1781
1767
1771
1832
2044
2032
1980
1861
1709
1466
1470
1486
1518
1578
1656
1729
1790
1937
1965
2000
2067
2305
2371
2376
2320
2250
2015
1963
1990
2086
2197
2321
2470
2627
2773
2703
2609
2505
1898
1748
1593
1464
1146
1127
1150
1195
1251
1552
1656
1754
1859
1969
2061
2134
2167
1696
1477
1264
1078
1028
1117
1191
1221
1199
939
834
774
781
848
933
1027
1105
1156
1142
1127
1102
1098
1081
1062
1038
956
948
937
938
965
1197
1321
1453
1579
1702
1809
1920
2045
2183
2327
2756
2863
2930
2967
2975
2944
2883
2809
2730
2600
2616
2645
2691
2739
2784
2796
2797
2841
2867
2906
2950
2986
2963
2892
2791
2675
2569
2470
2384
2327
2365
2418
2461
2495
2543
2534
2527
2519
2502
2369
2304
2223
2150
2082
2031
1993
1974
2004
2002
1983
1950
1827
1827
1829
1840
1840
1821
1807
1794
1789
1821
1850
1881
1914
1933
1946
1938
1908
1855
1866
1894
1914
2003
2043
2094
2159
2235
2430
2471
2493
2501
2497
2486
2461
2434
2344
2331
2322
2341
2490
2544
2588
2612
2641
2661
2651
2640
2623
2588
2545
2506
2469
2338
2314
2297
2286
2252
2249
2261
2267
2299
2291
2269
2248
2220
2117
2076
2040
2006
1977
1937
1890
1852
1767
1765
1765
1759
1704
1664
1632
1609
1577
1500
1489
1482
1474
1474
1468
1463
1450
1265
1231
1205
1182
1296
1356
1424
1493
1557
1735
1774
1821
1883
1932
1976
2024
2068
2151
2132
2105
2066
1894
1878
1870
1865
1940
1963
1988
2011
2021
2018
2008
1997
1985
1973
1955
1935
1902
1779
1762
1752
1759
1835
1857
1874
1884
1904
1948
1962
1988
2015
2026
2045
2069
2094
2102
2091
2080
2078
2044
2059
2062
2049
2044
1984
1958
1947
1938
1930
1934
1948
1970
2006
2000
1991
1985
1956
1978
1991
2009
2137
2188
2233
2254
2273
2324
2318
2312
2316
2331
2333
2332
2329
2280
2263
2253
2244
2252
2262
2277
2288
2308
2312
2300
2288
2272
2255
2230
2223
2219
2113
2068
2026
1991
1887
1884
1881
1881
1883
1926
1944
1963
1974
1980
1992
2008
2023
2053
2053
2045
2037
1950
1931
1913
1892
1875
1884
1897
1916
1935
1958
1958
1970
1974
1973
1972
1977
1980
2014
2013
2013
2007
1982
1980
1985
1984
1985
2034
2062
2085
2099
2107
2118
2127
2134
2139
2147
2151
2153
2107
2111
2118
2123
2119
2122
2116
2108
2107
2110
2109
2111
2108
2086
2082
2080
2080
2061
2061
2062
2056
2053
2065
2076
2089
2109
2125
2136
2152
2158
2168
2171
2170
2168
2165
2158
2143
2136
2120
2079
2070
2067
2057
2032
2013
2004
1997
1987
1987
1990
1992
1993
1996
1993
1986
1981
1955
1946
1943
1937
1906
1900
1896
1888
1886
1890
1891
1899
1913
1931
1948
1961
1976
2028
2032
2040
2051
2050
2051
2045
2031
1968
1951
1935
1927
1916
1886
1882
1877
1876
1878
1878
1879
1882
1889
1892
1896
1903
1897
1895
1900
1904
1906
1918
1915
1916
1928
1940
1955
1970
1993
2047
2055
2062
2064
2074
2071
2078
2084
2083
2084
2082
2081
2073
2071
2069
2060
2050
2012
2010
2004
2003
1974
1970
1961
1952
1952
1940
1939
1937
1942
1948
1948
1956
1967
1994
2003
2017
2032
2074
2082
2088
2095
2100
2096
2094
2093
2088
2074
2066
2058
2052
2047
2036
2025
2017
1987
1984
1985
1982
1956
1950
1942
1930
1928
1919
1917
1915
1925
1937
1948
1957
1971
2025
2037
2053
2076
2138
2151
2159
2169
2203
2205
2216
2224
2233
2237
2237
2236
2243
2249
2255
2257
2264
2259
2249
2248
2243
2191
2181
2178
2166
2148
2117
2108
2103
2094
2082
2076
2071
2063
2033
2033
2035
2035
2034
2036
2032
2026
2021
1995
1984
1976
1971
1967
1959
1956
1957
1945
1943
1947
1951
1964
1968
1963
1964
1952
1953
1956
1955
1962
1955
1955
1961
1965
1970
1973
1981
1992
2012
2016
2027
2038
2044
2036
2030
2028
2023
1991
1983
1979
1980
1979
1971
1969
1972
1966
1962
1961
1948
1928
1921
1914
1911
1916
1912
1910
1909
1913
1915
1909
1915
1912
1924
1925
1923
1927
1921
1919
1927
1936
1951
1946
1948
1952
1954
1960
1960
1963
1972
1978
1985
1991
1998
2029
2039
2037
2036
2061
2069
2077
2084
2091
2097
2095
2097
2094
2096
2102
2100
2101
2113
2108
2107
2113
2136
2140
2142
2143
2143
2138
2138
2139
2136
2128
2121
2118
2121
2108
2099
2094
2096
2110
2113
2113
2115
2094
2091
2089
2088
2085
2086
2082
2077
2075
2071
2073
2068
2066
2042
2046
2051
2050
2050
2043
2039
2043
2048
2036
2033
2033
2031
2034
2030
2024
2022
1991
1985
1971
1969
1948
1941
1937
1934
1929
1921
1920
1914
1915
1921
1920
1916
1918
1943
1953
1962
1967
1970
1979
1985
1983
1995
1999
2011
2012
2012
2024
2026
2029
2032
2033
2036
2046
2051
2056
2059
2063
2065
2054
2058
2055
2051
2053
2028
2012
2006
2001
1996
1991
1984
1989
1986
1984
1981
1987
1992
1997
1997
2000
2008
2004
2004
2008
2008
2012
2015
2020
2024
2013
2007
2006
2001
2000
1997
1997
2002
1995
2009
2096
2217
2309
2114
1968
1850
1682
1390
1104
936
870
1442
1757
2095
2364
2829
2818
2815
2850
2870
3035
3055
3001
2920
2820
2681
2488
2265
1740
1686
1732
1802
1989
1960
1913
1843
1442
1394
1383
1400
1464
1751
1818
1917
2023
2093
2123
2124
2104
2264
2266
2253
2206
2104
2113
2116
2140
2190
2309
2362
2378
2314
2201
2070
1908
1728
1480
1552
1656
1773
2163
2210
2220
2200
2165
2003
1948
1900
1874
1870
1865
1854
1833
1768
1833
1918
2025
2457
2557
2641
2712
2648
2548
2417
2273
2117
1727
1655
1614
1603
1615
1657
1711
1757
1864
1878
1900
1912
1877
1861
1850
1857
1886
2014
2054
2080
2082
2077
2060
2032
2005
1933
1953
2007
2077
2286
2295
2275
2239
2171
2179
2196
2213
2229
2204
2166
2124
2077
2003
1924
1850
1788
1674
1685
1711
1744
1894
1919
1931
1929
1927
1919
1926
1933
1944
1951
1948
1947
1946
2009
2043
2072
2113
2288
2318
2313
2288
2248
2016
1922
1827
1724
1616
1515
1424
1351
1204
1213
1232
1268
1579
1677
1772
1861
2098
2148
2203
2261
2321
2530
2603
2678
2747
2810
2864
2915
2964
3213
3294
3380
3458
3657
3685
3713
3736
3754
3736
3684
3608
3510
3392
3245
3093
2928
2249
2093
1953
1822
1415
1345
1278
1219
1175
1070
1029
980
925
869
805
739
674
486
470
465
475
630
678
723
772
856
866
881
890
897
912
918
930
950
969
991
1019
1062
1356
1459
1567
1667
1966
2003
2026
2042
2060
2116
2161
2214
2265
2328
2394
2462
2528
2792
2855
2922
2992
3276
3340
3401
3456
3510
3640
3661
3646
3612
3540
3415
3253
3051
2106
1925
1796
1708
1751
1813
1873
1939
2245
2347
2445
2531
2597
2674
2630
2561
2462
2337
2209
2094
1992
1858
1888
1909
1931
1962
1951
1941
1940
1949
1996
2013
2027
2024
1997
1959
1906
1839
1556
1507
1470
1450
1390
1383
1377
1377
1399
1567
1668
1790
1920
2052
2177
2282
2358
2412
2396
2388
2388
2548
2616
2677
2726
2840
2843
2832
2819
2800
2698
2647
2573
2485
2389
2290
2182
2077
1813
1800
1810
1835
2001
2031
2053
2067
2072
2016
1982
1944
1897
1836
1762
1686
1607
1309
1259
1220
1195
1205
1210
1221
1234
1244
1255
1257
1258
1257
1254
1249
1232
1205
980
917
855
804
794
836
889
961
1041
1310
1406
1514
1617
1720
1833
1942
2052
2345
2422
2488
2545
2597
2632
2670
2706
2737
2804
2837
2863
2895
2929
2962
2993
3021
3048
3107
3120
3128
3135
3133
3124
3105
3071
2832
2763
2688
2624
2424
2396
2368
2341
2325
2270
2259
2237
2216
2206
2194
2176
2158
2024
1976
1920
1858
1635
1602
1586
1588
1625
1636
1641
1644
1652
1675
1686
1693
1703
1710
1712
1709
1698
1614
1587
1561
1542
1536
1551
1573
1594
1629
1780
1843
1915
1994
2076
2152
2212
2270
2409
2431
2441
2452
2489
2498
2512
2529
2591
2609
2628
2651
2672
2727
2740
2748
2745
2734
2716
2691
2662
2497
2457
2419
2388
2285
2264
2245
2220
2203
2150
2135
2120
2105
2088
2070
2046
2016
1897
1868
1850
1832
1782
1784
1780
1782
1780
1785
1776
1770
1766
1755
1740
1722
1703
1611
1580
1554
1519
1406
1390
1377
1379
1428
1450
1476
1509
1543
1646
1691
1735
1778
1814
1847
1872
1890
1914
1914
1907
1909
1913
1921
1934
1949
1970
2043
2072
2099
2132
2162
2191
2219
2236
2249
2237
2218
2199
2121
2096
2079
2063
2056
2040
2046
2042
2039
2049
2059
2079
2101
2160
2176
2185
2186
2149
2133
2113
2089
1992
1969
1946
1917
1902
1856
1845
1837
1833
1837
1837
1837
1840
1833
1823
1814
1813
1802
1808
1814
1827
1840
1877
1888
1910
1939
1963
1989
2019
2047
2133
2145
2159
2168
2183
2193
2207
2220
2231
2265
2285
2301
2317
2332
2345
2354
2364
2383
2378
2373
2363
2267
2233
2201
2170
2058
2041
2025
2021
2027
2036
2044
2052
2063
2073
2075
2083
2088
2082
2065
2053
2039
1965
1951
1944
1936
1927
1923
1926
1927
1939
1944
1942
1953
1966
2010
2017
2022
2022
1990
1976
1965
1954
1892
1888
1887
1890
1882
1892
1899
1906
1919
1934
1950
1965
1979
2022
2034
2043
2058
2097
2105
2113
2114
2119
2136
2141
2153
2158
2160
2169
2172
2170
2146
2141
2135
2126
2070
2058
2048
2037
2008
2002
1996
1992
1992
1982
1985
1991
1991
1995
2002
2012
2019
2025
2026
2027
2026
2036
2036
2034
2034
2040
2043
2053
2060
2072
2078
2079
2080
2082
2079
2078
2077
2074
2033
2025
2012
2000
1987
1956
1944
1934
1925
1921
1922
1929
1936
1956
1967
1974
1977
1979
1972
1965
1960
1954
1940
1942
1943
1937
1932
1932
1936
1944
1956
1967
1975
1984
1989
1985
1990
1994
1993
1996
1993
1988
1996
1993
1997
2002
2003
2003
2004
2007
2014
2024
2026
2033
2035
2038
2042
2039
2043
2046
2050
2052
2051
2052
2060
2065
2067
2068
2064
2062
2065
2064
2060
2055
2052
2047
2043
2025
2022
2017
2018
2017
2014
2011
2008
2005
2008
2012
2018
2019
2022
2025
2018
1999
1995
1994
1994
1989
1973
1972
1969
1968
1964
1962
1970
1967
1990
1991
1997
2006
2011
2012
2013
2014
2015
2011
2013
2010
2017
2021
2019
2017
2016
2035
2039
2042
2048
2070
2075
2082
2084
2086
2095
2099
2106
2110
2114
2121
2127
2130
2131
2130
2130
2137
2146
2142
2144
2143
2141
2129
2122
2121
2118
2109
2103
2094
2090
2070
2068
2066
2067
2057
2059
2057
2048
2045
2056
2057
2056
2049
2042
2037
2033
2030
2012
2009
2004
2003
2004
2005
2005
1999
1994
1989
1988
1991
1992
1989
1988
1985
1978
1983
1975
1965
1955
1942
1938
1931
1927
1928
1913
1914
1927
1929
1932
1939
1950
1962
1976
1988
2002
2011
2011
2017
2030
2043
2043
2046
2043
2046
2048
2061
2058
2049
2048
2050
2052
2054
2059
2056
2047
2036
2034
2029
2015
2007
2007
2005
2004
2003
2007
2006
2006
1995
1994
1994
2001
2004
2001
2003
2005
2011
2015
2007
2005
2009
2014
2012
2019
2021
2035
2036
2035
2041
2053
2053
2048
2048
2047
2035
2032
2026
2024
2016
2006
2001
1997
1967
1964
1963
1957
1954
1948
1944
1938
1944
1944
1949
1955
1964
1976
1978
1985
1991
1995
1999
2002
2009
2007
2006
2013
2019
2021
2029
2032
2044
2054
2069
2080
2094
2106
2123
2117
2119
2127
2128
2124
2121
2122
2130
2115
2111
2108
2112
2108
2101
2103
2100
2084
2076
2078
2080
2073
2070
2069
2064
2062
2058
2053
2041
2039
2000
1993
1989
1984
1969
1967
1965
1961
1956
1929
1923
1914
1911
1906
1903
1904
1905
1896
1903
1907
1912
1934
1946
1956
1960
1968
1996
2006
2015
2021
2028
2037
2045
2055
2066
2069
2073
2083
2110
2110
2118
2119
2107
2109
2111
2114
2119
2113
2107
2106
2108
2103
2101
2095
2094
2077
2084
2088
2085
2055
2054
2054
2064
2072
2063
2059
2056
2052
2048
2047
2041
2032
2006
2002
2003
1999
1965
1953
1947
1946
1949
1971
1975
1967
1960
1955
1941
1933
1926
1917
1917
1921
1924
1949
1955
1963
1970
1964
1969
1972
1978
1991
2016
2022
2027
2025
2024
2029
2034
2035
2057
2050
2059
2070
2070
2064
2065
2071
2071
2054
2061
2067
2068
2069
2067
2064
2064
2048
2050
2049
2041
2017
2007
2003
2004
2006
2007
2011
2015
2014
2014
2021
2027
2026
2028
2024
2021
2018
2016
2018
2018
2018
2023
2031
2035
2039
2039
2043
2036
2024
2023
2026
2029
2035
2039
2041
2031
2046
2081
2114
2076
1971
1865
1811
1796
1870
1938
1990
2030
2153
2164
2169
2184
2194
2175
2157
2142
2092
2093
2095
2097
2052
2030
2018
2022
2051
2051
2044
2041
2028
1963
1944
1926
1925
1933
1945
1965
1996
2062
2050
2040
2029
2090
2098
2099
2093
2091
2082
2062
2039
2021
2013
2010
2018
2048
2195
2197
2170
2127
1879
1846
1847
1867
2019
2044
2065
2067
2051
1997
1985
1981
1974
1975
1972
1962
1951
1926
1936
1940
1945
2003
2017
2040
2062
2083
2105
2102
2097
2087
2079
2070
2061
2057
1992
1973
1955
1941
1963
1982
2004
2021
2036
2035
2014
2002
1995
1986
1984
1984
1990
2061
2081
2098
2100
2041
2023
2001
1993
2049
2064
2080
2080
2087
2063
2050
2039
2037
2033
2034
2036
2039
2036
2018
2007
2006
1969
1970
1973
1961
1949
1858
1821
1773
1738
1709
1696
1690
1701
1837
1871
1902
1928
1968
1973
1976
1989
2016
2079
2098
2115
2121
2117
2110
2099
2084
2056
2063
2065
2076
2073
2054
2034
2017
2018
2069
2113
2158
2208
2257
2308
2349
2383
2492
2520
2558
2595
2727
2739
2734
2718
2633
2622
2613
2607
2595
2505
2460
2401
2337
2259
2180
2111
2047
1853
1819
1786
1753
1590
1547
1508
1474
1442
1380
1374
1367
1363
1360
1358
1360
1363
1424
1445
1463
1487
1585
1594
1601
1611
1639
1644
1650
1651
1654
1660
1661
1663
1669
1678
1689
1709
1735
1830
1848
1861
1876
1943
1969
2000
2042
2092
2224
2270
2309
2341
2373
2399
2425
2449
2520
2541
2559
2574
2593
2583
2577
2570
2532
2522
2510
2494
2476
2416
2387
2370
2383
2441
2525
2600
2628
1913
1705
1540
1426
1569
1655
1749
1849
1947
2132
2178
2206
2217
2221
2226
2236
2246
2231
2209
2186
2157
2009
2016
2036
2059
2073
2056
2012
1971
1923
1868
1813
1762
1725
1711
1738
1781
1806
1697
1681
1700
1739
1861
1860
1872
1890
1900
1831
1793
1782
1812
1887
1998
2145
2301
2621
2585
2508
2420
2198
2241
2303
2381
2458
2556
2533
2492
2432
2389
2355
2329
2311
2151
2090
2016
1949
1751
1712
1687
1670
1749
1791
1830
1855
1870
1880
1868
1858
1858
1850
1840
1816
1773
1520
1466
1429
1415
1521
1566
1601
1612
1519
1513
1512
1521
1535
1643
1689
1732
1772
1803
1805
1789
1768
1668
1673
1697
1734
1952
1999
2042
2080
2119
2207
2242
2283
2323
2375
2426
2473
2519
2583
2590
2591
2586
2529
2519
2504
2490
2476
2408
2395
2383
2368
2354
2337
2316
2295
2229
2211
2190
2166
2073
2050
2039
2034
2025
2014
2001
1983
1956
1913
1905
1904
1915
1926
1946
1968
1988
1946
1918
1893
1877
1969
2009
2046
2074
2093
2080
2072
2063
2052
2051
2050
2055
2058
2017
1995
1975
1961
1911
1912
1912
1921
1959
1994
2034
2075
2116
2225
2259
2281
2302
2315
2323
2325
2322
2297
2296
2293
2292
2255
2240
2227
2216
2204
2170
2165
2161
2159
2161
2153
2140
2129
2065
2046
2030
2021
1997
1994
1987
1983
1950
1942
1935
1935
1933
1969
1984
1992
1995
1991
1986
1982
1973
1933
1926
1914
1907
1863
1849
1836
1817
1802
1758
1749
1738
1735
1728
1718
1700
1689
1641
1634
1632
1636
1659
1678
1702
1724
1746
1809
1833
1867
1895
1923
1957
1988
2017
2080
2089
2106
2114
2127
2129
2135
2142
2150
2150
2145
2142
2153
2168
2164
2168
2168
2163
2163
2157
2149
2098
2090
2091
2081
2085
2082
2080
2074
2068
2034
2026
2025
2027
2032
2030
2033
2043
2038
2032
2033
2032
2024
2021
2010
2002
1963
1953
1947
1945
1948
1949
1953
1954
1948
1946
1944
1940
1934
1941
1944
1952
1961
2007
2019
2031
2045
2058
2095
2109
2125
2147
2172
2191
2204
2212
2202
2189
2182
2180
2181
2178
2173
2175
2175
2162
2158
2152
2142
2132
2126
2117
2110
2060
2044
2032
2020
1954
1942
1934
1932
1930
1932
1932
1933
1937
1974
1985
1999
2013
2019
2026
2037
2045
2053
2045
2040
2040
2039
2037
2032
2025
2020
2003
1997
1993
1994
1991
1992
1999
2004
2009
2006
2002
1998
1977
1982
1986
1994
2006
2011
2010
2013
2018
2030
2034
2037
2034
2040
2048
2049
2053
2057
2064
2068
2072
2076
2074
2079
2080
2074
2067
2062
2055
2046
2037
2025
2023
2016
1983
1979
1976
1977
1967
1976
1979
1987
1995
2000
2000
1995
2011
2035
2038
2044
2052
2056
2064
2067
2073
2080
2083
2080
2081
2083
2077
2073
2069
2067
2062
2055
2050
2053
2049
2043
2037
2034
2005
1996
1991
1984
1958
1949
1958
1954
1954
1962
1965
1960
1965
1974
1979
1991
2001
2010
2015
2017
2023
2040
2043
2045
2048
2035
2033
2036
2032
2026
2020
2022
2023
2026
2024
2018
2013
2011
2005
2004
1997
1993
1976
1974
1970
1969
1972
1960
1962
1965
1967
1969
1975
1975
1981
1979
1983
1987
1997
2012
2015
2017
2018
2022
2026
2026
2029
2035
2041
2041
2038
2039
2037
2030
2025
2024
2023
2024
2027
2028
2033
2033
2036
2038
2046
2051
2059
2065
2068
2073
2079
2084
2084
2072
2067
2062
2062
2071
2077
2075
2072
2056
2045
2040
2029
2024
2020
2011
2010
2006
2000
1996
1990
1985
1982
1984
1984
1985
1998
2000
2004
2007
2016
2037
2042
2047
2054
2059
2062
2067
2071
2081
2081
2089
2094
2090
2089
2088
2087
2095
2090
2083
2081
2082
2087
2087
2085
2082
2077
2072
2064
2055
2044
2049
2053
2049
2043
2039
2039
2034
2023
2023
2028
2038
2053
2066
2059
2053
2049
2044
2043
2043
2043
2024
2014
2010
2003
1984
1979
1981
1979
1969
1948
1942
1941
1941
1940
1941
1934
1927
1933
1943
1943
1951
1951
1959
1961
1962
1963
1972
1978
1985
1993
2013
2021
2022
2028
2034
2033
2034
2035
2045
2046
2047
2048
2033
2030
2026
2027
2025
2024
2026
2019
2011
2007
2000
1997
2000
1991
1995
1996
2008
2019
2021
2016
2021
2026
2034
2037
2040
2049
2066
2067
2065
2070
2075
2081
2088
2102
2137
2136
2117
2091
2005
1990
1982
1992
2007
2042
2059
2067
2074
2072
2061
2050
2028
1946
1932
1929
1938
1963
1972
1983
1990
2011
2011
2017
2022
2025
2031
2031
2038
2045
2050
2048
2046
2047
2053
2067
2077
2083
2090
2091
2092
2088
2084
2069
2063
2061
2063
2065
2065
2060
2061
2067
2065
2064
2060
2043
2041
2044
2048
2046
2036
2031
2030
2030
2027
2026
2027
2025
2025
2019
2009
2005
2004
2001
2000
1999
2001
1991
1991
1992
1984
1977
1972
1963
1952
1943
1957
1958
1962
1967
1972
1974
1979
1981
1963
1954
1949
1950
1964
1971
1981
1993
2003
2035
2043
2045
2052
2061
2068
2074
2073
2071
2068
2077
2076
2080
2082
2084
2089
2079
2073
2072
2067
2057
2043
2037
2029
2021
2016
2012
2013
2012
2001
1996
1993
1993
1995
1995
1993
1995
1998
1982
1988
1990
1993
1997
2006
2009
2011
2017
2022
2024
2025
2017
2018
2017
2019
1968
1973
2058
2186
2214
2027
1936
1837
1783
1768
1786
1824
1860
2044
2064
2112
2159
2240
2237
2195
2191
2212
2138
2147
2164
2152
2122
2111
2104
2063
2028
1999
1988
1999
1942
1930
1914
1909
1922
1962
1973
1998
2017
2015
2012
2001
1986
2048
2071
2078
2081
2086
2079
2076
2054
1966
1998
2039
2071
2090
2102
2088
2061
2033
2003
1981
1957
1941
1985
2012
2037
2053
2038
2034
2019
2009
2011
2017
2015
2002
1987
1986
1995
1988
1975
1969
1975
1990
2010
2048
2044
2039
2040
2042
2052
2062
2065
2059
2053
2031
2001
1967
1900
1909
1933
1965
2020
2016
2005
1998
2001
2022
2033
2048
2065
2078
2079
2071
2055
2030
2012
1998
1985
1992
2005
2022
2037
2099
2104
2108
2111
2108
2087
2085
2089
2083
2076
2070
2068
2070
2050
2037
2029
2028
2006
2006
2002
1998
1998
1981
1981
1980
1976
1971
1965
1967
1970
1987
1988
1991
2004
2015
2020
2025
2027
2024
2019
2022
2029
2031
2048
2051
2058
2065
2063
2057
2047
2043
2074
2089
2100
2112
2007
1972
1935
1897
1871
1874
1899
1932
1956
1969
1983
1999
2004
2002
1998
1995
1995
1987
1997
2006
2019
2035
2084
2099
2122
2143
2147
2149
2145
2147
2104
2101
2101
2107
2159
2180
2195
2218
2266
2267
2274
2277
2289
2339
2345
2345
2334
2311
2281
2251
2223
2173
2166
2162
2159
2092
2059
2025
1997
1961
1876
1863
1859
1861
1864
1861
1852
1847
1831
1822
1821
1817
1792
1786
1783
1788
1781
1769
1767
1764
1774
1777
1779
1784
1786
1769
1763
1760
1758
1773
1782
1785
1791
1799
1810
1822
1834
1846
1901
1919
1942
1959
1969
1981
1994
2012
2073
2089
2108
2129
2171
2173
2165
2165
2160
2153
2162
2173
2178
2186
2200
2212
2217
2213
2207
2199
2176
2168
2299
2457
2472
2360
1912
1691
1590
1588
1608
1669
1786
1931
2313
2357
2373
2345
2279
2222
2192
2175
2018
2005
1979
1960
1969
2007
2043
2091
2117
2098
2072
2053
2007
1820
1783
1778
1808
1954
1993
2015
2009
1985
1912
1919
1961
2021
2073
2099
2105
2108
2011
1989
1952
1907
1926
2006
2096
2174
2268
2234
2188
2132
2085
2048
2084
2141
2209
2264
2311
2345
2366
2346
2330
2323
2328
2303
2268
2229
2194
2167
2098
2097
2097
2101
2108
2125
2143
2157
2149
2118
2082
2052
1985
1968
1941
1902
1856
1680
1647
1629
1632
1656
1700
1753
1807
1854
1824
1783
1739
1703
1720
1752
1793
1814
1787
1756
1726
1711
1724
1745
1770
1799
1824
1849
1868
1887
1930
1940
1946
1959
2005
2024
2041
2061
2087
2143
2154
2168
2180
2177
2174
2165
2157
2144
2141
2144
2152
2183
2191
2183
2176
2170
2153
2142
2131
2120
2110
2102
2087
2072
2031
2027
2034
2036
1990
1969
1954
1946
1963
1965
1968
1967
1963
1885
1866
1855
1857
1875
1906
1941
1961
1999
1989
1981
1973
1984
1996
2006
2018
2018
1989
1982
1976
1978
1984
1987
1992
2003
2016
2024
2034
2039
2099
2116
2136
2149
2143
2137
2123
2108
2107
2108
2118
2126
2130
2132
2134
2140
2138
2128
2120
2123
2129
2171
2177
2174
2167
2157
2104
2093
2083
2090
2101
2110
2120
2125
2118
2124
2122
2121
2105
2101
2107
2113
2116
2103
2095
2093
2088
2068
2064
2064
2065
2065
2068
2066
2064
2016
2004
1991
1977
1938
1923
1907
1894
1882
1846
1841
1846
1852
1859
1867
1872
1877
1877
1878
1885
1888
1946
1965
1971
1980
1987
1987
1986
1978
1977
1992
2006
2021
2031
2039
2046
2051
2053
2066
2074
2079
2089
2100
2106
2105
2102
2100
2084
2083
2083
2080
2083
2088
2095
2105
2099
2092
2081
2067
2049
2044
2040
2038
2030
2032
2028
2025
2022
2016
2016
2009
2003
1966
1963
1952
1946
1924
1923
1929
1932
1934
1925
1919
1914
1915
1901
1913
1915
1917
1920
1931
1938
1953
1968
1972
1981
1983
2010
2010
2009
2018
2018
2014
2016
2018
2025
2035
2048
2057
2063
2103
2109
2118
2121
2105
2100
2090
2086
2044
2031
2018
2011
2000
1979
1971
1964
1956
1949
1950
1953
1956
1979
1988
1997
2011
2029
2031
2027
2025
2023
2013
2013
2011
2009
2008
2003
2010
2023
2031
2027
2031
2036
2041
2050
2058
2064
2057
2053
2051
2049
2045
2033
2032
2033
2033
2037
2037
2036
2033
2025
2023
2019
2022
2025
2026
2027
2020
2028
2038
2036
2034
2034
2037
2038
2042
2041
2041
2042
2040
2039
2028
2024
2020
2014
1998
1998
2003
2011
2022
2042
2056
2063
2066
2075
2079
2080
2082
2109
2111
2119
2124
2124
2127
2125
2116
2114
2124
2128
2124
2115
2109
2102
2099
2099
2095
2098
2100
2092
2064
2059
2056
2048
2035
2005
1994
1987
1982
1977
1971
1966
1968
1962
1961
1969
1974
1993
1996
1997
1999
2002
2001
1994
1996
1997
2004
2002
2008
2005
2007
2012
2010
2013
2013
2013
2015
2014
2020
2020
2019
2020
2028
2028
2027
2026
2023
2020
2023
2025
2032
2041
2034
2026
2022
2004
2014
2017
2016
1998
1994
1990
1986
1989
1984
1987
1981
1977
1979
1977
1973
1968
1963
1967
1968
1966
1960
1956
1950
1949
1945
1937
1936
1925
1927
1938
1946
1944
1947
1976
1977
1986
1993
2010
2012
2015
2025
2033
2038
2041
2047
2056
2060
2059
2061
2065
2069
2073
2072
2070
2074
2069
2068
2064
2052
2047
2044
2044
2041
2025
2020
2017
2016
2015
2012
2013
2012
2017
2022
2025
2028
2040
2041
2045
2044
2058
2057
2059
2065
2073
2085
2090
2082
2078
2078
2081
2085
2088
2097
2100
2101
2101
2079
2065
2061
2057
2054
2037
2035
2039
2035
2035
2037
2039
2034
2022
2022
2026
2025
2024
2022
2013
2017
2021
2022
2024
2022
2021
2021
2019
2020
2022
2030
2032
2026
2028
2034
2034
2032
2034
2036
2037
2031
2023
2022
2024
2028
2031
2030
2033
2026
2027
2027
2026
2018
2002
1998
2000
2014
2017
2018
2015
2035
2039
2038
2043
2047
2057
2051
2043
2038
2039
2051
2048
2047
2035
2029
2025
2015
1980
1979
1985
1988
1953
1951
1953
1950
1948
1935
1932
1935
1938
1939
1940
1941
1945
1954
1956
1959
1965
2004
2005
2011
2013
2025
2041
2037
2037
2042
2051
2058
2056
2053
2061
2072
2078
2083
2077
2079
2081
2080
2055
2054
2056
2055
2053
2054
2051
2060
2068
2068
2067
2065
2066
2059
2053
2057
2056
2041
2034
2035
2039
2036
2035
2033
2032
2024
2020
2018
2019
2015
2016
2017
2020
2020
2018
2019
2021
2023
2018
2014
2018
2016
2022
2046
2045
2044
2044
2043
2043
2047
2047
2048
2056
2057
2053
2054
2054
2053
2050
2049
2051
2045
2038
2031
2022
2024
2021
2021
2007
2001
1994
1996
1982
1987
1995
1998
1990
1985
1984
1990
1997
2001
1994
1991
1993
1999
1999
1998
1994
1999
2004
2023
2023
2019
2022
2019
2017
2020
2023
2037
2014
2013
2017
2023
2029
2029
2030
2026
2031
2028
2025
2018
2015
2022
2026
2024
2013
1999
2002
2013
2024
2017
2017
2020
2041
2059
2048
2040
2036
2032
1980
1965
1964
1972
1979
1991
2001
2010
2028
2033
2034
2038
2029
2047
2051
2043
2024
2025
2025
2022
2023
2024
2034
2035
2037
2032
2030
2028
2028
2027
2017
2011
2010
2030
2033
2030
2027
2024
2030
2036
2040
2044
2050
2049
2045
2047
2039
2040
2039
2041
2035
2037
2038
2040
2043
2041
2041
2042
2045
2050
2041
2031
2028
2043
2046
2043
2037
2035
2039
2040
2032
2035
2041
2037
2037
2032
2014
2014
2012
2012
2010
2007
2013
2020
2024
2022
2024
2030
2024
2023
2023
2031
2037
2043
2034
2027
2023
2024
2024
2021
2017
2016
2017
2014
2015
2008
2015
2018
2017
2011
1990
1985
1985
1988
1984
1977
1979
1987
1998
1999
2004
2008
2028
2025
2027
2024
2029
2034
2049
2058
2066
2070
2061
2063
2059
2058
2053
2059
2056
2053
2051
2050
2052
2065
2037
2024
2016
1996
2030
2049
2055
2058
2066
2062
2060
2071
2066
2067
2067
2067
2022
2016
2017
2022
2018
2024
2024
2024
2012
1999
1996
1981
1971
1961
1951
1941
1940
1916
1923
1938
1951
1959
1949
1948
1961
1970
1992
1994
1993
1992
1995
2000
2004
2002
2010
2019
2035
2038
2077
2074
2076
2074
2068
2056
2046
2044
2043
2043
2037
2031
2027
2046
2049
2044
2040
2005
2005
2005
2002
1977
1974
1972
1974
1984
1991
1991
1995
1995
1999
2002
2004
2013
2033
2037
2039
2038
2050
2052
2056
2058