1870
1885
1938
1952
1967
1985
2000
2008
2019
2034
2054
2055
2064
2076
2083
2092
2091
2091
2090
2077
2069
2069
2065
2060
2063
2064
2065
2064
2053
2051
2057
2060
2066
2065
2065
2062
2049
2052
2056
2060
2060
2068
2071
2075
2073
2073
2076
2076
2073
2082
2084
2087
2091
2092
2085
2084
2086
2088
2068
2058
2054
2052
2049
2044
2037
2024
1998
1996
1997
1993
1985
1975
1967
1965
1960
1956
1956
1962
1965
1974
1978
1977
1983
1993
1996
1999
2004
2007
2013
2018
2027
2027
2029
2042
2054
2059
2062
2068
2080
2090
2100
2106
2105
2109
2113
2124
2132
2135
2140
2151
2151
2151
2156
2148
2140
2135
2136
2131
2111
2103
2094
2092
2086
2080
2073
2060
2036
2031
2029
2029
2009
2014
2017
2015
2011
2022
2024
2030
2036
2038
2040
2043
2049
2052
2049
2049
2061
2066
2064
2061
2055
2053
2035
2029
2021
2014
2007
2003
2000
2000
1975
1971
1974
1973
1962
1958
1955
1956
1966
1968
1975
1991
2003
2028
2036
2045
2059
2071
2082
2088
2096
2117
2123
2135
2135
2125
2127
2131
2135
2131
2122
2120
2117
2117
2118
2111
2102
2099
2064
2056
2042
2035
2025
2014
2007
2000
1991
1958
1948
1935
1926
1917
1903
1894
1891
1884
1881
1878
1874
1868
1859
1861
1864
1867
1887
1895
1902
1909
1928
1932
1940
1944
1962
1962
1966
1973
1990
1991
1990
1990
1988
1999
2003
2000
1996
1997
2000
2001
1995
1972
1967
1962
1960
1964
1959
1949
1938
1933
1931
1932
1936
1938
1941
1952
1960
1970
1998
2000
2006
2006
2029
2038
2047
2057
2068
2086
2094
2097
2104
2112
2114
2117
2127
2148
2150
2148
2144
2152
2156
2158
2155
2148
2144
2143
2141
2142
2141
2139
2139
2130
2126
2121
2117
2117
2097
2091
2097
2101
2082
2080
2080
2083
2053
2049
2040
2033
2027
2016
2014
2010
2004
1996
1991
1982
1976
1966
1968
1962
1963
1954
1954
1952
1945
1939
1919
1913
1887
1876
1882
1891
1890
1903
1947
1959
1981
1991
2029
2034
2056
2078
2127
2129
2133
2127
2132
2139
2139
2137
2141
2121
2115
2117
2106
2093
2081
2074
2065
2038
2022
2016
2009
2003
1988
1980
1972
1973
1973
1969
1958
1955
1927
1919
1912
1910
1919
1926
1930
1927
1918
1914
1919
1924
1923
1948
1956
1964
1969
1973
1977
1979
1980
1993
1998
2002
2012
2044
2048
2046
2052
2062
2064
2063
2065
2068
2064
2067
2070
2074
2070
2069
2067
2067
2057
2055
2052
2047
2045
2050
2048
2054
2058
2052
2052
2051
2050
2055
2062
2068
2079
2094
2104
2110
2115
2120
2139
2177
2204
2163
1826
1775
1776
1821
1892
1968
2047
2130
2205
2254
2263
2294
2330
2341
2332
2324
2300
2112
2079
2056
2046
2115
2130
2147
2151
2148
2157
2168
2172
2181
2148
2153
2157
2150
2126
2089
2047
1997
1925
1952
1979
2001
2036
2018
1984
1941
1907
1884
1886
1891
1895
1898
1893
1883
1874
1827
1819
1814
1823
1930
1938
1925
1897
1733
1731
1746
1783
1820
1897
1918
1929
1930
1931
1929
1921
1913
1480
1567
1719
1838
2007
1970
1957
1974
1972
1986
2025
2043
2063
2106
2151
2165
2149
1974
1931
1914
1922
2060
2079
2077
2061
2061
2045
2031
2012
2006
2046
2035
2008
1971
1932
1896
1873
1869
1995
2028
2032
2016
1888
1836
1804
1786
1790
1898
1934
1951
1944
1912
1874
1835
1791
1707
1701
1702
1705
1575
1505
1447
1396
1317
1318
1319
1329
1347
1398
1432
1466
1498
1545
1605
1673
1749
2027
2099
2165
2225
2502
2590
2683
2773
2875
3173
3270
3368
3471
3572
3677
3789
3907
4089
4091
4089
4090
4088
4088
4089
4089
4090
4089
4087
4090
4088
4088
4090
4022
3942
3847
3665
3473
3317
2620
2497
2362
2180
1542
1360
1190
1083
548
395
246
143
115
102
96
96
96
94
87
87
91
87
87
87
86
75
68
67
65
68
78
86
88
87
92
98
104
105
180
204
265
416
1035
1188
1301
1400
1504
1868
2034
2213
2386
2552
2716
2883
3045
3480
3587
3668
3740
3803
3875
3965
4064
4089
4089
4089
4090
4089
4089
4088
4091
4090
4089
4091
4090
4088
4087
4088
4087
4063
4018
3944
3914
3861
3777
3172
3014
2877
2770
2620
2595
2534
2443
2338
1947
1823
1699
1581
1464
1357
1246
1124
725
674
644
617
432
361
289
225
179
124
119
114
114
111
110
108
106
96
96
93
92
95
98
103
107
110
118
127
140
155
183
234
322
438
842
985
1126
1264
1401
1541
1675
1803
1926
2255
2371
2486
2606
2730
2857
2974
3109
3249
3613
3703
3785
3851
3904
3950
3992
4024
4090
4089
4088
4088
3969
3890
3807
3732
3442
3378
3312
3254
3214
3074
3019
2957
2884
2797
2702
2602
2503
2103
2009
1911
1812
1386
1289
1204
1131
1073
932
901
876
857
851
842
842
845
924
942
968
1003
1154
1211
1280
1352
1667
1746
1835
1912
1987
2207
2280
2353
2428
2501
2590
2667
2743
3006
3062
3110
3145
3292
3334
3382
3427
3526
3538
3536
3529
3509
3423
3386
3342
3296
3240
3190
3139
3085
2890
2842
2800
2746
2486
2403
2315
2227
2136
1897
1837
1774
1716
1659
1617
1572
1524
1352
1316
1283
1257
1209
1207
1196
1182
1124
1117
1108
1103
1114
1137
1144
1153
1170
1178
1186
1185
1177
1133
1120
1111
1106
1083
1083
1087
1093
1108
1178
1196
1227
1256
1281
1310
1342
1377
1497
1531
1552
1585
1702
1730
1756
1786
1984
2035
2092
2152
2213
2352
2388
2413
2435
2451
2461
2477
2483
2507
2511
2521
2530
2547
2557
2567
2576
2580
2577
2569
2565
2553
2532
2502
2467
2431
2274
2231
2184
2137
1939
1886
1840
1797
1636
1597
1564
1529
1494
1410
1386
1363
1338
1315
1299
1275
1253
1204
1203
1213
1226
1323
1347
1374
1403
1537
1575
1615
1650
1683
1808
1846
1890
1939
1990
2042
2092
2146
2349
2397
2458
2513
2700
2739
2773
2809
2848
2940
2969
2995
3021
3046
3062
3079
3097
3156
3170
3179
3172
3105
3083
3058
3031
2889
2858
2811
2766
2728
2598
2549
2501
2451
2404
2361
2314
2266
2095
2060
2024
1993
1834
1798
1763
1738
1715
1638
1612
1585
1565
1553
1535
1524
1513
1462
1447
1436
1433
1430
1430
1438
1447
1455
1486
1505
1518
1535
1554
1568
1583
1592
1597
1606
1604
1605
1615
1630
1653
1672
1693
1752
1774
1800
1818
1894
1917
1945
1967
2054
2065
2075
2075
2084
2097
2110
2122
2135
2137
2147
2160
2170
2215
2229
2239
2248
2276
2279
2284
2285
2284
2319
2324
2334
2341
2338
2334
2330
2335
2325
2322
2313
2306
2272
2258
2244
2231
2119
2091
2064
2041
2025
1972
1961
1947
1928
1911
1895
1882
1861
1778
1761
1745
1731
1680
1668
1653
1634
1620
1593
1596
1593
1591
1590
1586
1589
1593
1608
1613
1624
1642
1685
1706
1725
1745
1808
1823
1846
1875
1898
1966
1984
2012
2037
2070
2104
2136
2158
2249
2266
2285
2295
2328
2341
2351
2358
2367
2370
2373
2387
2383
2370
2365
2358
2357
2333
2325
2312
2291
2252
2241
2227
2213
2168
2143
2117
2095
2078
2010
1985
1966
1951
1926
1907
1889
1878
1832
1817
1812
1813
1802
1806
1808
1805
1803
1804
1807
1814
1819
1844
1853
1861
1875
1888
1906
1929
1948
2010
2021
2038
2055
2115
2120
2133
2145
2155
2186
2189
2197
2212
2226
2237
2241
2244
2242
2240
2239
2235
2217
2210
2206
2195
2141
2131
2119
2108
2104
2067
2056
2048
2044
2036
2031
2020
2009
1995
1990
1996
1987
1984
1978
1975
1973
1977
1977
1975
1971
1976
1980
1985
1992
1999
2016
2021
2030
2029
2021
2022
2027
2036
2028
2019
2021
2023
2023
2021
2014
2010
2011
2010
2012
2015
2015
1989
1977
1969
1960
1943
1934
1927
1926
1922
1926
1920
1922
1927
1934
1939
1947
1953
1966
1978
1988
1992
1999
2008
2019
2029
2034
2045
2051
2061
2069
2072
2076
2087
2092
2097
2104
2111
2111
2104
2102
2111
2126
2133
2122
2129
2133
2136
2110
2103
2093
2083
2049
2050
2041
2030
2017
1975
1961
1960
1956
1952
1946
1942
1935
1898
1891
1880
1876
1853
1856
1851
1845
1844
1833
1832
1833
1834
1837
1846
1853
1854
1869
1869
1871
1879
1897
1901
1912
1919
1940
1950
1958
1973
1984
2019
2025
2032
2047
2058
2062
2069
2080
2111
2120
2129
2137
2177
2185
2190
2199
2225
2225
2226
2229
2232
2218
2216
2216
2207
2194
2187
2178
2168
2141
2139
2134
2129
2111
2107
2104
2097
2093
2085
2081
2078
2075
2068
2063
2060
2059
2036
2023
2017
2014
1994
1989
1982
1976
1972
1965
1962
1958
1958
1973
1965
1966
1967
1973
1977
1979
1975
1978
1978
1976
1977
1984
1988
1998
2001
2002
2000
1999
2000
2005
2003
2013
2020
2024
2028
2038
2040
2039
2065
2059
2056
2063
2082
2088
2095
2098
2093
2096
2100
2107
2115
2106
2102
2107
2111
2108
2111
2110
2105
2079
2079
2078
2074
2061
2057
2054
2039
2029
2011
2004
2000
1997
1981
1970
1965
1964
1941
1941
1941
1937
1917
1917
1907
1866
1775
1566
1551
1574
1632
1707
1771
1844
1920
2043
2038
2030
2023
2084
2084
2084
2066
1987
1977
1973
1982
1995
2034
2045
2054
2061
2065
2071
2070
2071
2066
2072
2072
2071
2059
2061
2069
2081
2089
2098
2094
2082
2072
2068
2061
2049
2032
2027
2046
2070
2092
1846
1680
1552
1481
1860
2019
2158
2257
2326
2395
2380
2333
2267
2208
2163
2142
2148
2384
2417
2400
2329
2069
2082
2112
2128
2153
2195
2175
2141
2102
2051
1988
1916
1848
1878
1915
1942
1955
1815
1767
1749
1745
1825
1894
1960
2008
2027
1930
1869
1813
1775
1754
1772
1798
1824
1929
1937
1933
1919
1811
1805
1799
1799
1806
1817
1804
1789
1769
1757
1754
1764
1785
2033
2095
2146
2194
1975
1799
1791
1740
1799
1875
1962
2079
2195
2263
2332
2402
2456
2522
2649
2802
2911
3114
3105
3101
3093
3069
3108
3141
3158
3159
3057
2990
2927
2872
2809
2753
2714
2686
2542
2485
2403
2294
2184
2091
1998
1923
1857
1662
1594
1525
1451
1370
1280
1180
1086
1001
794
747
724
708
697
683
679
671
690
706
740
787
1088
1161
1231
1314
1668
1783
1907
2038
2183
2650
2801
2955
3109
3254
3393
3518
3637
3936
3994
4039
4062
4034
3989
3928
3857
3772
3452
3344
3228
3121
3005
2885
2757
2623
2112
1990
1878
1769
1438
1364
1286
1201
876
801
740
689
643
520
467
404
336
271
208
161
150
141
143
144
148
150
155
155
159
169
227
274
329
389
454
527
602
679
908
980
1048
1126
1205
1293
1379
1473
1569
1871
1977
2090
2202
2315
2435
2559
2675
2786
3042
3091
3114
3128
3131
3132
3140
3171
3437
3520
3601
3668
3802
3824
3842
3850
3915
3914
3891
3844
3779
3460
3335
3219
3109
3018
2940
2861
2785
2410
2294
2167
2039
1603
1543
1494
1468
1453
1380
1342
1308
1265
1224
1196
1178
1171
1309
1359
1403
1447
1567
1605
1658
1727
2087
2165
2242
2307
2367
2488
2512
2530
2547
2556
2562
2569
2562
2450
2414
2373
2341
2268
2271
2270
2269
2265
2249
2235
2213
2193
2167
2156
2152
2151
2230
2251
2266
2280
2344
2381
2423
2470
2651
2672
2678
2677
2662
2596
2564
2533
2499
2468
2430
2388
2347
2122
2054
1994
1933
1697
1643
1591
1536
1474
1278
1209
1144
1085
1023
971
924
878
722
679
647
617
520
514
524
541
657
704
751
804
867
1068
1139
1217
1294
1369
1447
1515
1579
1858
1933
2010
2088
2411
2476
2537
2592
2641
2722
2724
2726
2732
2739
2742
2748
2751
2769
2763
2760
2751
2688
2663
2645
2633
2584
2569
2544
2528
2508
2476
2472
2470
2474
2485
2499
2502
2506
2522
2518
2518
2514
2456
2447
2432
2411
2390
2291
2250
2212
2178
2142
2095
2051
2014
1854
1824
1796
1765
1709
1700
1697
1699
1732
1749
1779
1809
1843
1940
1964
1991
2020
2047
2071
2092
2116
2178
2197
2235
2268
2409
2441
2466
2487
2500
2516
2507
2499
2494
2486
2475
2464
2448
2354
2327
2296
2263
2114
2075
2032
1988
1822
1782
1743
1705
1664
1571
1544
1519
1495
1466
1445
1429
1417
1405
1407
1421
1431
1486
1494
1506
1515
1529
1583
1604
1630
1658
1680
1703
1726
1741
1781
1792
1802
1805
1818
1826
1831
1825
1826
1771
1746
1726
1705
1685
1666
1650
1635
1593
1590
1589
1591
1619
1639
1661
1686
1802
1836
1867
1907
1942
2051
2090
2133
2175
2209
2244
2280
2319
2457
2485
2516
2541
2631
2646
2655
2661
2668
2673
2659
2646
2630
2611
2590
2571
2552
2433
2406
2381
2355
2263
2247
2235
2226
2190
2181
2175
2168
2167
2158
2156
2146
2144
2142
2141
2139
2140
2119
2103
2098
2093
2073
2071
2066
2058
2057
2027
2015
1999
1986
1976
1961
1948
1933
1878
1869
1862
1851
1814
1808
1803
1799
1761
1753
1748
1744
1744
1741
1744
1743
1750
1750
1749
1761
1781
1857
1879
1908
1936
2043
2067
2088
2111
2130
2168
2177
2180
2192
2209
2219
2227
2236
2226
2218
2208
2202
2165
2156
2138
2124
2047
2021
1995
1978
1958
1909
1894
1880
1868
1856
1843
1834
1835
1857
1864
1870
1876
1933
1945
1964
1975
1997
2038
2052
2066
2076
2090
2107
2120
2125
2153
2163
2166
2168
2171
2166
2168
2172
2167
2155
2151
2141
2133
2125
2122
2110
2101
2095
2062
2055
2044
2033
2020
2014
2007
1999
1958
1959
1955
1954
1960
1960
1971
1977
2000
2012
2025
2031
2040
2071
2081
2090
2101
2108
2113
2120
2126
2150
2157
2162
2173
2174
2163
2155
2153
2145
2131
2124
2110
2095
2082
2067
2051
2044
1981
1969
1957
1949
1902
1890
1883
1881
1852
1852
1850
1847
1843
1843
1843
1840
1849
1856
1859
1871
1885
1935
1944
1961
1973
2005
2015
2027
2033
2041
2044
2042
2037
2034
2036
2025
2021
2015
1989
1977
1959
1951
1942
1929
1921
1912
1901
1869
1861
1856
1847
1842
1840
1844
1848
1852
1863
1868
1881
1894
1909
1926
1938
1955
2017
2036
2051
2072
2129
2140
2154
2169
2201
2207
2216
2217
2219
2209
2212
2205
2195
2189
2185
2185
2178
2137
2126
2119
2114
2065
2058
2043
2034
2034
2012
2010
2009
2000
2001
1997
1998
1999
1990
1992
1990
1997
2023
2033
2034
2045
2059
2063
2064
2066
2072
2083
2084
2093
2092
2089
2088
2098
2104
2095
2090
2085
2082
2064
2060
2054
2049
2044
2017
2011
2003
1996
1989
1983
1980
1986
1980
1983
1982
1993
2000
2004
2007
2009
2020
2053
2064
2074
2089
2100
2107
2108
2121
2131
2157
2158
2163
2158
2148
2152
2154
2152
2147
2136
2127
2125
2071
2061
2048
2040
1997
1984
1972
1959
1948
1928
1918
1909
1898
1888
1880
1875
1866
1859
1864
1868
1873
1880
1884
1892
1903
1914
1937
1949
1963
1969
1980
1992
1999
2005
2016
2015
2019
2022
2014
2014
2006
2005
1986
1987
1986
1981
1974
1970
1966
1961
1956
1958
1961
1962
1961
1947
1943
1948
1939
1937
1941
1944
1951
1963
1978
1981
1986
1994
2008
2022
2040
2045
2082
2087
2093
2097
2128
2131
2137
2134
2153
2156
2154
2157
2161
2150
2145
2139
2137
2142
2137
2135
2135
2117
2112
2104
2100
2060
2058
2054
2050
2035
2010
1991
1948
1904
1874
1858
1848
1853
1911
1936
1963
1991
2003
2009
2016
2023
2026
2044
2056
2066
2079
2085
2094
2102
2100
2099
2087
2078
2075
2073
2074
2077
2079
2085
2103
2104
2101
2092
2061
2056
2056
2063
2087
2089
2093
2095
2092
2089
2082
2077
2082
2085
2087
2083
2080
2087
2088
2080
2073
2055
2052
2045
2038
2050
2072
2069
2066
2062
2049
2032
2022
2018
1976
1957
1941
1930
1911
1897
1884
1874
1866
1845
1847
1854
1851
1849
1842
1830
1824
1826
1801
1798
1794
1792
1790
1795
1806
1818
1830
1832
1835
1842
1882
1911
1961
2018
1665
1502
1403
1398
1434
1536
1622
1752
1927
2099
2234
2316
2324
2107
2184
2314
2458
2656
2624
2587
2562
2521
2256
2122
1988
1882
1789
1686
1597
1518
1347
1413
1510
1611
1784
1802
1818
1842
1831
1748
1683
1673
1716
1834
1821
1788
1752
1740
1770
1859
2006
2793
2962
3092
3164
2949
2885
2859
2891
2963
3161
3151
3088
3023
2963
2930
2945
3011
3260
3267
3264
3249
2985
2921
2883
2863
2829
2787
2731
2652
2561
2275
2141
2029
1947
1910
1927
1990
2086
2417
2415
2378
2291
1837
1753
1681
1610
1536
1149
1022
902
795
725
684
679
712
929
972
966
922
854
761
652
555
479
385
379
391
417
439
448
446
441
433
459
480
504
532
569
629
700
794
1338
1475
1609
1736
2135
2231
2313
2374
2421
2412
2384
2376
2395
2436
2513
2613
2724
3058
3130
3166
3162
3144
3111
3070
3018
2966
2803
2725
2633
2527
2420
2314
2211
2118
2032
1838
1798
1759
1712
1659
1620
1581
1545
1512
1534
1553
1580
1662
1684
1704
1736
1870
1907
1945
1980
2015
2136
2177
2210
2243
2274
2300
2331
2363
2564
2593
2611
2612
2451
2422
2410
2414
2439
2558
2601
2639
2669
2699
2725
2752
2786
2859
2869
2875
2875
2835
2821
2806
2808
2783
2772
2741
2705
2674
2620
2611
2616
2626
2639
2637
2632
2620
2443
2379
2310
2250
1937
1846
1759
1687
1618
1431
1392
1359
1334
1319
1307
1293
1284
1167
1115
1056
1003
898
907
925
946
1007
1020
1039
1072
1123
1363
1481
1611
1737
1858
1974
2076
2174
2418
2449
2479
2502
2541
2551
2565
2576
2586
2611
2614
2613
2617
2616
2616
2609
2596
2518
2487
2448
2400
2121
2051
1974
1902
1722
1709
1704
1707
1716
1725
1718
1711
1708
1708
1708
1707
1710
1774
1804
1833
1862
1985
2009
2033
2052
2071
2099
2103
2111
2124
2131
2140
2153
2170
2235
2230
2210
2186
2011
1967
1935
1905
1879
1884
1887
1891
1894
1934
1951
1974
1996
2015
2032
2045
2057
2048
2035
2021
2004
1995
2003
2011
2024
2035
2073
2083
2103
2124
2143
2153
2163
2176
2198
2185
2164
2131
1927
1874
1829
1790
1639
1610
1594
1578
1563
1547
1552
1564
1577
1587
1592
1595
1592
1533
1528
1531
1538
1596
1626
1656
1691
1728
1860
1895
1929
1964
2003
2036
2074
2101
2186
2196
2202
2202
2149
2134
2119
2103
2004
1974
1940
1915
1898
1844
1830
1818
1805
1789
1773
1759
1743
1706
1698
1700
1705
1777
1802
1834
1874
1918
2050
2102
2162
2226
2292
2353
2410
2463
2616
2638
2659
2683
2783
2808
2824
2839
2862
2853
2846
2848
2845
2809
2804
2800
2791
2773
2757
2738
2717
2592
2551
2504
2468
2335
2307
2286
2270
2259
2246
2247
2248
2247
2247
2242
2240
2235
2240
2234
2224
2214
2190
2183
2180
2173
2151
2140
2129
2121
2122
2102
2092
2082
2060
2040
2017
1994
1964
1846
1815
1780
1757
1687
1667
1659
1649
1633
1598
1586
1578
1571
1567
1564
1567
1565
1495
1485
1477
1462
1458
1468
1485
1501
1595
1611
1629
1651
1672
1727
1745
1760
1764
1759
1748
1740
1733
1690
1680
1673
1669
1670
1668
1663
1663
1666
1684
1698
1716
1740
1756
1772
1779
1783
1806
1807
1815
1820
1886
1899
1912
1937
1960
2017
2044
2063
2088
2113
2141
2155
2172
2206
2211
2224
2236
2229
2224
2224
2216
2194
2184
2178
2173
2164
2140
2133
2125
2119
2119
2118
2114
2115
2111
2115
2125
2128
2151
2162
2174
2178
2190
2228
2245
2260
2278
2293
2304
2327
2350
2399
2400
2404
2413
2414
2412
2410
2418
2423
2425
2419
2411
2408
2364
2347
2330
2311
2286
2257
2225
2191
2077
2043
2012
1977
1850
1820
1787
1757
1736
1675
1667
1661
1654
1645
1641
1636
1634
1641
1647
1653
1658
1692
1700
1715
1736
1838
1867
1904
1936
1964
2039
2064
2076
2089
2106
2122
2136
2144
2148
2151
2157
2161
2144
2139
2134
2136
2139
2118
2111
2105
2102
2095
2084
2077
2074
2050
2040
2033
2033
2005
2002
1999
2002
2021
2030
2032
2037
2049
2069
2074
2076
2086
2093
2093
2099
2102
2090
2088
2084
2081
2073
2070
2069
2068
2062
2040
2031
2028
2031
2026
2017
2006
1998
1980
1976
1971
1971
1985
1987
1994
2001
2011
2026
2034
2043
2057
2059
2069
2077
2089
2129
2130
2138
2145
2135
2127
2120
2121
2074
2062
2045
2037
2032
1998
1993
1981
1969
1956
1941
1927
1903
1857
1839
1834
1828
1798
1794
1794
1795
1801
1810
1822
1838
1849
1859
1872
1890
1902
1955
1967
1980
1999
2036
2050
2059
2064
2101
2108
2114
2121
2121
2111
2106
2098
2088
2084
2078
2073
2059
2012
1996
1976
1963
1905
1898
1899
1895
1890
1884
1883
1889
1893
1903
1906
1911
1925
1974
1987
2002
2020
2070
2086
2108
2120
2157
2168
2173
2185
2194
2198
2207
2212
2217
2222
2224
2224
2221
2226
2213
2195
2184
2143
2131
2123
2117
2112
2109
2109
2106
2100
2097
2092
2090
2086
2060
2054
2047
2035
2015
2011
2015
2021
2024
2017
2018
2021
2020
2026
2029
2035
2041
2043
2042
2039
2043
2020
2015
2012
2009
2011
2003
1999
1992
1985
1989
1985
1976
1973
1971
1970
1972
1973
1967
1964
1967
1964
1946
1940
1941
1943
1960
1967
1971
1977
1984
1988
1996
2002
2000
2005
2001
1999
2000
2005
2005
2005
2003
1987
1986
1981
1979
1972
1966
1958
1951
1949
1949
1947
1954
1957
1956
1956
1953
1959
1969
1967
1969
1976
1990
2000
2012
2023
2033
2059
2070
2081
2091
2097
2098
2102
2111
2138
2145
2149
2154
2150
2149
2149
2151
2150
2146
2138
2137
2130
2121
2116
2109
2100
2066
2063
2053
2047
2023
2020
1974
1883
1414
1443
1538
1679
1826
2094
2124
2142
2152
2159
2151
2110
2064
2035
2097
2182
2276
2199
2099
2031
2003
2013
2120
2147
2164
2167
2160
2144
2130
2106
1969
1983
2017
2073
2235
2243
2230
2210
2114
2102
2093
2114
2149
2183
2145
2087
2015
1939
1873
1841
1835
1939
1967
1981
1984
1943
1918
1899
1891
1894
1918
1916
1909
1894
1878
1862
1854
1848
1860
1886
1916
1948
2037
2026
2002
1957
1789
1786
1801
1826
1853
1891
1882
1873
1861
1854
1861
1887
1926
2114
2152
2171
2181
2141
2149
2164
2177
2196
2242
2241
2233
2224
2212
2204
2191
2180
2183
2185
2186
2177
2086
2065
2043
2028
2043
2048
2053
2046
2031
1965
1939
1915
1896
1877
1859
1847
1839
1792
1766
1742
1719
1666
1665
1670
1676
1682
1664
1654
1652
1651
1664
1686
1705
1736
1809
1818
1833
1842
1861
1861
1857
1861
1873
1896
1863
1817
1775
1743
1726
1721
1724
1798
1828
1871
1926
1984
2038
2085
2122
2160
2271
2331
2408
2497
2597
2688
2773
2846
2911
3068
3110
3149
3185
3223
3262
3301
3341
3401
3373
3331
3285
3125
3099
3079
3055
3032
2938
2902
2856
2807
2746
2689
2644
2618
2563
2549
2532
2504
2482
2449
2416
2390
2359
2275
2254
2226
2196
2147
2092
2029
1953
1879
1657
1592
1527
1470
1411
1359
1298
1234
1046
1003
976
945
883
895
900
902
900
814
766
726
697
668
647
626
624
647
653
667
693
716
736
756
782
818
1012
1098
1184
1270
1349
1420
1484
1538
1579
1639
1661
1694
1742
1811
1888
1972
2050
2257
2270
2286
2292
2380
2418
2452
2474
2433
2410
2389
2374
2373
2391
2393
2388
2368
2330
2287
2238
2188
2055
2048
2039
2036
2000
1984
1963
1954
1953
1981
1998
2023
2045
2059
2057
2041
2019
1857
1822
1787
1757
1740
1745
1761
1773
1751
1749
1760
1771
1797
1878
1915
1949
1983
2009
2032
2047
2058
2107
2127
2148
2170
2295
2329
2355
2375
2389
2414
2438
2464
2500
2545
2602
2655
2709
2890
2920
2954
2981
3065
3073
3068
3057
3034
2938
2920
2904
2886
2863
2843
2821
2809
2723
2678
2628
2593
2559
2533
2521
2516
2516
2517
2517
2509
2496
2479
2451
2425
2404
2391
2361
2342
2319
2296
2269
2230
2185
2141
2021
2006
1999
1987
1916
1890
1867
1837
1707
1678
1657
1632
1609
1536
1518
1505
1497
1497
1496
1485
1469
1406
1390
1385
1376
1385
1398
1419
1440
1461
1493
1508
1517
1524
1525
1523
1524
1531
1564
1570
1588
1605
1663
1668
1668
1667
1670
1679
1689
1705
1720
1774
1790
1801
1816
1829
1839
1848
1869
1979
2019
2068
2115
2295
2339
2386
2438
2491
2649
2707
2759
2808
2850
2882
2907
2922
2980
2985
2991
2992
2963
2941
2915
2887
2770
2729
2686
2638
2581
2398
2342
2288
2242
2199
2160
2118
2073
1882
1831
1773
1711
1468
1418
1367
1320
1278
1155
1122
1090
1061
1034
1009
989
980
965
959
959
956
965
968
967
970
974
1000
1014
1029
1040
1067
1092
1115
1142
1175
1297
1340
1393
1450
1502
1563
1628
1697
2028
2110
2179
2250
2505
2559
2608
2653
2772
2790
2804
2820
2829
2869
2879
2889
2896
2903
2899
2889
2878
2780
2740
2699
2656
2416
2344
2263
2182
2094
1827
1743
1660
1585
1509
1429
1355
1292
1079
1037
1002
971
888
879
877
880
920
936
953
974
1000
1116
1162
1211
1259
1320
1385
1440
1498
1755
1826
1892
1965
2252
2333
2405
2475
2545
2737
2792
2842
2887
2938
2982
3023
3064
3181
3209
3239
3269
3361
3374
3386
3396
3402
3395
3391
3385
3374
3322
3300
3272
3245
3219
3186
3148
3110
2905
2844
2786
2727
2484
2424
2357
2293
2237
2065
2016
1967
1924
1878
1835
1797
1755
1631
1607
1583
1563
1495
1491
1482
1477
1454
1452
1455
1455
1462
1471
1481
1495
1510
1520
1532
1543
1557
1599
1604
1610
1609
1604
1606
1607
1610
1601
1604
1610
1621
1625
1643
1656
1672
1687
1702
1717
1732
1746
1826
1844
1868
1894
1980
2007
2032
2059
2091
2160
2186
2213
2235
2255
2277
2299
2320
2362
2369
2376
2379
2345
2338
2329
2319
2255
2238
2223
2201
2181
2124
2106
2084
2061
2039
2012
1991
1967
1888
1867
1850
1840
1778
1768
1760
1747
1731
1700
1694
1685
1678
1676
1667
1665
1665
1666
1668
1671
1679
1702
1711
1726
1738
1770
1773
1783
1799
1812
1851
1861
1875
1894
1916
1938
1965
1987
2093
2117
2145
2172
2250
2272
2296
2317
2333
2389
2400
2410
2412
2422
2422
2424
2424
2375
2358
2349
2336
2240
2214
2191
2157
2049
2029
2006
1981
1954
1871
1839
1812
1792
1773
1758
1742
1736
1702
1693
1691
1686
1675
1682
1692
1700
1770
1792
1816
1832
1853
1902
1923
1945
1963
1986
2002
2018
2032
2075
2087
2093
2101
2138
2143
2151
2161
2161
2175
2176
2183
2194
2197
2205
2215
2226
2222
2224
2224
2228
2226
2233
2244
2253
2260
2267
2273
2283
2285
2289
2288
2285
2286
2289
2286
2289
2285
2255
2252
2257
2249
2224
2209
2199
2198
2186
2150
2138
2127
2127
2120
2119
2116
2113
2088
2083
2077
2075
2069
2068
2075
2070
2071
2073
2071
2072
2068
2061
2059
2054
2047
2025
2014
1997
1990
1982
1971
1960
1948
1944
1901
1886
1872
1861
1842
1830
1821
1806
1794
1774
1765
1764
1754
1749
1745
1747
1745
1752
1754
1762
1770
1808
1818
1833
1844
1885
1902
1915
1930
1949
1976
1984
2001
2019
2034
2052
2066
2072
2093
2092
2088
2090
2102
2099
2104
2105
2103
2091
2085
2078
2069
2066
2066
2061
2057
2009
1999
1989
1976
1945
1947
1944
1931
1914
1907
1910
1914
1914
1900
1903
1905
1908
1913
1911
1914
1915
1922
1923
1924
1929
1959
1962
1968
1968
1976
2003
2012
2018
2025
2033
2041
2053
2069
2094
2100
2104
2113
2141
2150
2160
2169
2189
2189
2191
2196
2204
2206
2205
2200
2196
2189
2179
2176
2183
2142
2136
2129
2128
2084
2071
2057
2051
2041
2013
2006
1996
1990
1979
1969
1957
1946
1927
1924
1929
1930
1930
1937
1937
1941
1953
1956
1953
1960
1964
1960
1964
1967
1963
1964
1975
1981
1988
2002
2007
2007
2007
2015
2015
2017
2014
2017
2025
2027
2036
2040
2035
2036
2032
2033
2042
2045
2050
2052
2056
2054
2053
2055
2065
2063
2064
2062
2059
2060
2062
2067
2073
2077
2075
2074
2072
2065
2066
2068
2072
2087
2096
2100
2104
2114
2134
2148
2154
2156
2166
2171
2170
2179
2186
2188
2194
2192
2184
2186
2180
2170
2143
2134
2131
2122
2113
2071
2054
2040
2040
2043
2052
2043
2009
1748
1709
1694
1690
1816
1856
1891
1912
1885
1870
1871
1881
1903
1968
1966
1956
1950
1950
1954
1966
1979
1979
1967
1950
1938
1969
1985
2006
2013
2021
1999
1988
1978
1971
1973
1977
1992
2012
2111
2121
2108
2082
1921
1913
1917
1937
1958
2019
2026
2021
2010
1994
1962
1928
1897
1883
1912
1940
1964
1956
1957
1960
1974
2058
2064
2060
2055
2047
2002
1984
1973
1959
1956
1960
1968
1977
1977
1961
1935
1917
1965
2002
2044
2088
2138
2191
2193
2181
2171
2166
2160
2165
2179
2225
2238
2236
2223
2194
2156
2117
2084
2066
2071
2093
2118
2148
2174
2197
2204
2204
2195
2154
2143
2134
2128
2131
2127
2122
2123
2044
2020
1994
1964
1880
1861
1842
1826
1804
1752
1741
1745
1745
1759
1771
1792
1814
1850
1852
1852
1849
1846
1841
1838
1844
1850
1887
1902
1910
1925
1930
1929
1930
1930
1929
1919
1930
1944
1954
1969
1978
1987
1999
2049
2062
2070
2085
2172
2197
2218
2234
2271
2282
2288
2298
2308
2351
2371
2387
2407
2432
2457
2482
2507
2612
2646
2674
2699
2755
2757
2753
2754
2745
2724
2714
2695
2673
2647
2617
2584
2552
2411
2376
2350
2319
2225
2201
2174
2138
1884
1817
1756
1698
1649
1566
1534
1507
1483
1445
1403
1365
1334
1208
1197
1177
1144
1087
1078
1076
1092
1101
1116
1138
1161
1181
1201
1229
1260
1294
1437
1456
1463
1476
1594
1629
1663
1692
1857
1910
1960
2004
2038
2117
2151
2190
2234
2282
2333
2384
2416
2504
2520
2535
2543
2527
2531
2540
2558
2571
2542
2538
2533
2531
2530
2525
2517
2500
2413
2381
2345
2299
2260
2219
2172
2115
2052
1897
1844
1793
1750
1702
1650
1591
1537
1491
1365
1342
1329
1313
1307
1304
1306
1315
1382
1400
1419
1439
1534
1566
1595
1619
1685
1717
1748
1776
1808
1911
1947
1988
2032
2070
2107
2141
2174
2319
2357
2403
2452
2612
2644
2673
2694
2718
2765
2777
2792
2806
2820
2836
2851
2860
2886
2894
2901
2908
2918
2913
2910
2902
2889
2833
2809
2787
2759
2735
2720
2699
2671
2592
2561
2525
2485
2443
2399
2352
2301
2253
2107
2064
2023
1983
1943
1905
1863
1828
1792
1680
1640
1605
1583
1554
1523
1492
1463
1384
1358
1330
1307
1277
1248
1223
1202
1184
1124
1115
1109
1105
1106
1112
1118
1125
1140
1216
1250
1292
1338
1376
1419
1464
1514
1764
1836
1901
1958
2166
2207
2245
2285
2391
2409
2426
2438
2450
2446
2443
2436
2436
2437
2437
2432
2425
2373
2366
2353
2338
2272
2259
2240
2216
2195
2138
2125
2112
2100
2085
2070
2053
2041
1998
1983
1962
1944
1840
1821
1803
1788
1696
1678
1665
1651
1641
1626
1632
1641
1649
1661
1672
1684
1696
1758
1776
1804
1830
1921
1949
1981
2015
2043
2134
2175
2218
2264
2301
2340
2378
2417
2555
2587
2607
2627
2666
2663
2654
2645
2597
2579
2558
2541
2519
2453
2431
2413
2391
2369
2338
2306
2273
2128
2096
2065
2039
1922
1896
1864
1835
1812
1744
1726
1708
1688
1670
1651
1629
1611
1560
1547
1543
1540
1523
1522
1527
1535
1576
1590
1613
1641
1666
1748
1776
1800
1825
1856
1883
1901
1908
1962
1968
1971
1979
1991
1989
1990
1981
1971
1949
1941
1935
1927
1917
1910
1908
1898
1873
1868
1859
1852
1846
1846
1840
1841
1847
1846
1844
1848
1855
1881
1888
1899
1913
1926
1940
1956
1975
2034
2051
2063
2080
2140
2161
2181
2195
2277
2294
2312
2334
2355
2403
2412
2419
2428
2437
2446
2453
2461
2468
2467
2475
2474
2438
2425
2414
2391
2375
2324
2309
2290
2269
2249
2232
2216
2197
2104
2077
2052
2033
1974
1954
1942
1934
1889
1883
1885
1891
1897
1909
1915
1922
1933
1943
1948
1952
1960
1972
1978
1984
1994
1989
1997
2008
2014
2023
2010
2006
2005
2003
2011
2020
2025
2024
2045
2054
2051
2048
2073
2077
2080
2083
2100
2104
2112
2119
2117
2117
2115
2111
2104
2096
2093
2078
2068
2016
2003
2000
1989
1933
1925
1908
1900
1891
1858
1846
1842
1835
1824
1816
1812
1813
1810
1818
1820
1817
1867
1880
1893
1911
1969
1991
2012
2034
2057
2113
2133
2150
2158
2173
2186
2192
2203
2217
2213
2208
2204
2175
2162
2147
2140
2135
2101
2089
2076
2061
2049
2037
2024
2013
1969
1957
1945
1933
1887
1878
1872
1866
1857
1855
1856
1862
1875
1903
1922
1932
1939
1948
1966
1981
1998
2040
2054
2065
2074
2098
2098
2108
2110
2112
2121
2119
2122
2113
2103
2092
2088
2082
2047
2040
2034
2024
1999
1987
1976
1972
1956
1950
1956
1954
1951
1961
1953
1955
1958
1965
1963
1961
1960
1960
1962
1966
1970
1956
1958
1956
1959
1956
1935
1927
1921
1915
1915
1915
1920
1909
1888
1884
1889
1891
1895
1899
1902
1914
1984
1999
2015
2027
2041
2093
2113
2131
2139
2150
2164
2176
2184
2226
2228
2235
2241
2247
2246
2246
2244
2242
2218
2208
2206
2197
2179
2164
2150
2134
2086
2077
2069
2056
2017
2010
1998
1991
1988
1995
1996
1994
1993
1993
1993
2002
2006
2013
2021
2028
2033
2048
2053
2056
2060
2085
2096
2101
2103
2108
2112
2099
2096
2100
2103
2100
2103
2108
2088
2081
2079
2073
2047
2040
2035
2026
2020
2010
2001
1991
1987
1970
1967
1955
1948
1937
1930
1924
1922
1921
1921
1918
1919
1903
1899
1903
1903
1907
1916
1931
1933
1934
1931
1935
1938
1939
1924
1930
1938
1938
1962
1964
1976
1984
1994
2017
2019
2024
2032
2045
2053
2054
2061
2076
2082
2084
2089
2103
2106
2106
2104
2108
2113
2118
2116
2113
2100
2098
2092
2086
2087
2085
2078
2073
2050
2054
2053
2049
2033
2029
2027
2019
2020
2011
2007
2008
2008
2010
2008
2011
2013
2006
2004
2009
2013
2018
2022
2023
2026
2049
2053
2058
2062
2062
2059
2062
2062
2071
2073
2074
2076
2082
2088
2079
2077
2069
2055
2055
2058
2057
2057
2032
2018
2010
2002
1991
1977
1968
1967
1946
1951
1954
1950
1936
1937
1937
1930
1915
1909
1903
1899
1900
1894
1892
1893
1895
1897
1891
1891
1887
1887
1888
1885
1888
1910
1921
1929
1932
1933
1937
1943
1948
1959
1963
1970
1981
1993
2028
2036
2046
2053
2060
2066
2074
2083
2105
2116
2125
2128
2133
2142
2147
2147
2153
2161
2162
2167
2164
2153
2158
2159
2159
2153
2147
2146
2145
2145
2136
2146
2149
2151
2155
2155
2150
2148
2159
2165
2167
2163
2159
2153
2146
2146
2119
2114
2112
2113
2109
2086
2078
2072
2069
2064
2060
2055
2052
2022
2020
2014
2010
1981
1983
1976
1973
1969
1956
1941
1935
1932
1930
1923
1922
1919
1895
1899
1899
1900
1907
1903
1901
1903
1916
1922
1925
1927
1934
1949
1945
1947
1953
1954
1957
1958
1960
1964
1969
1971
1981
1994
2001
2002
2000
2001
2002
2001
2008
2011
2011
2014
2013
2021