1715
1715
1740
1760
1782
1807
1831
1874
1882
1886
1893
1893
1895
1894
1900
1948
1954
1956
1958
1950
1955
1958
1960
1962
1961
1951
1949
1940
1918
1905
1901
1900
1902
1905
1918
1931
1988
1998
2007
2024
2070
2092
2110
2135
2150
2201
2221
2238
2264
2287
2322
2352
2388
2453
2465
2465
2463
2455
2446
2437
2423
2363
2342
2321
2296
2274
2218
2200
2187
2176
2176
2167
2165
2159
2111
2094
2075
2060
2045
2010
1999
1989
1978
1971
1956
1949
1941
1900
1883
1872
1866
1859
1848
1842
1835
1829
1809
1796
1782
1771
1759
1747
1735
1720
1701
1694
1690
1689
1690
1707
1720
1726
1739
1753
1767
1786
1809
1907
1934
1963
2002
2120
2150
2175
2198
2210
2231
2241
2254
2268
2283
2295
2313
2320
2325
2316
2309
2297
2241
2232
2229
2221
2173
2158
2149
2141
2125
2090
2074
2066
2055
2047
2037
2035
2030
1999
1989
1979
1976
1950
1943
1935
1926
1917
1894
1887
1881
1877
1871
1864
1856
1852
1829
1831
1835
1841
1865
1873
1876
1880
1904
1908
1917
1920
1931
1967
1985
1999
2022
2041
2059
2068
2078
2095
2108
2118
2126
2148
2147
2148
2148
2147
2133
2130
2130
2128
2120
2118
2118
2116
2086
2083
2074
2067
2032
2028
2029
2025
1983
1978
1975
1967
1964
1954
1956
1957
1964
1970
1974
1972
1978
2026
2039
2049
2062
2094
2101
2112
2125
2127
2148
2157
2164
2168
2178
2177
2176
2177
2149
2143
2134
2124
2065
2056
2036
2020
1951
1929
1916
1905
1901
1866
1850
1846
1846
1844
1837
1832
1827
1834
1842
1851
1859
1886
1888
1894
1893
1895
1937
1942
1948
1956
1965
1973
1982
1985
1989
1993
1998
2003
2013
2012
2016
2015
2011
2014
2020
2028
2034
2051
2060
2076
2090
2101
2109
2120
2128
2166
2178
2190
2201
2221
2221
2216
2210
2205
2206
2202
2195
2189
2179
2173
2171
2160
2092
2072
2062
2054
2012
2003
1994
1985
1952
1947
1944
1942
1938
1938
1939
1941
1948
1948
1950
1952
1966
1983
1989
1991
2002
2022
2021
2027
2033
2045
2056
2064
2073
2073
2068
2067
2069
2070
2054
2057
2050
2046
2029
2021
2018
2014
1980
1976
1976
1977
1971
1973
1972
1972
1970
1973
1977
1978
1981
1987
1992
1996
1999
2005
2010
2010
2011
2007
2013
2024
2026
2032
2028
2026
2029
2029
2041
2039
2033
2036
2015
2016
2018
2016
1994
1999
2000
1999
2000
2003
2011
2002
2005
2003
1999
2002
2008
2008
2007
2002
2002
1999
1993
1987
1984
1986
1979
1976
1983
1986
1980
1965
1959
1958
1951
1950
1952
1959
1952
1953
1954
1961
1978
1986
1991
1997
2011
2032
2041
2052
2064
2074
2080
2089
2097
2124
2133
2143
2148
2167
2172
2182
2184
2186
2186
2184
2180
2177
2173
2171
2163
2156
2137
2128
2121
2115
2089
2089
2080
2067
2109
2075
2040
2026
2007
1936
1949
1959
1962
1972
1979
1990
1999
2035
2035
2043
2043
2016
2006
2001
1997
1995
1981
1990
2004
2010
2007
2008
2014
2016
1973
1958
1966
1965
1918
1894
1878
1890
1948
1962
1962
1956
1973
2003
2025
2048
2058
2059
2058
2069
2080
2089
2084
2085
2097
2133
2135
2131
2125
2091
2092
2087
2074
2069
2010
1993
1994
1994
1990
1992
2000
1998
1890
1911
1923
1911
1942
1904
1907
1919
1903
1914
1908
1907
1921
1930
1927
1927
1943
2002
2020
2020
2021
1998
1998
2002
2002
1921
1893
1861
1846
1855
1898
1907
1918
1939
1960
1969
1972
1981
2013
2026
2033
2031
2021
2014
2007
2014
2030
2088
2098
2107
2120
2136
2153
2173
2194
2198
2186
2177
2165
2162
2168
2175
2178
2214
2214
2204
2201
2197
2129
2105
2088
2066
2044
2027
2018
2009
1969
1967
1959
1956
1924
1922
1922
1919
1915
1868
1862
1851
1848
1849
1856
1869
1880
1951
1972
1991
2013
2084
2113
2136
2146
2172
2194
2213
2227
2244
2271
2279
2291
2312
2326
2345
2368
2376
2368
2361
2347
2338
2290
2286
2278
2267
2262
2212
2198
2182
2168
2160
2148
2138
2122
2032
2007
1983
1964
1886
1866
1848
1835
1789
1783
1778
1765
1756
1742
1735
1733
1736
1739
1737
1732
1728
1717
1717
1714
1704
1687
1690
1686
1681
1676
1673
1674
1670
1666
1664
1659
1652
1672
1726
1720
1697
1671
1665
1690
1730
1777
1929
1957
1974
2012
2051
2154
2165
2175
2184
2190
2202
2207
2204
2247
2269
2288
2316
2386
2405
2410
2405
2394
2383
2384
2388
2398
2405
2401
2394
2375
2258
2228
2198
2177
2155
2161
2156
2147
2132
2071
2054
2040
2029
2024
2025
2027
2032
2050
2052
2046
2027
1960
1959
1973
1993
2036
2033
2025
2008
1991
1937
1923
1918
1919
1929
1948
1965
1971
1974
1969
1971
1968
1981
1982
1990
1993
1993
1978
1971
1965
1963
1962
1966
1968
1977
1980
1967
1950
1935
1922
1927
1936
1946
1993
2007
2019
2030
2039
2081
2099
2116
2137
2154
2163
2170
2177
2187
2187
2183
2165
2100
2080
2062
2033
2001
1890
1851
1814
1790
1771
1752
1735
1718
1682
1669
1655
1645
1615
1612
1615
1627
1702
1726
1758
1803
1840
1959
1994
2030
2061
2097
2138
2183
2221
2360
2394
2431
2475
2614
2652
2685
2732
2799
2875
2876
2885
2890
2887
2888
2888
2901
2965
2959
2949
2955
2976
3002
3029
3033
3033
3008
2981
2965
2940
2892
2840
2811
2787
2611
2569
2506
2449
2156
2083
2007
1926
1613
1526
1442
1354
1258
1001
910
820
735
669
604
546
495
313
267
236
209
173
175
179
190
200
250
273
301
335
378
430
500
571
988
1082
1184
1286
1647
1729
1815
1899
2242
2324
2396
2466
2531
2699
2752
2807
2864
2920
2973
3022
3068
3156
3161
3156
3148
3083
3059
3041
3011
2983
2858
2798
2735
2674
2620
2563
2513
2464
2276
2236
2198
2167
2080
2063
2055
2050
2031
2027
2028
2031
2034
2036
2036
2034
2032
2026
2010
1995
1982
1884
1855
1833
1805
1695
1675
1655
1637
1625
1602
1594
1586
1587
1592
1595
1594
1596
1595
1600
1608
1621
1636
1656
1685
1718
1750
1857
1893
1930
1972
2019
2059
2102
2152
2194
2310
2342
2382
2418
2450
2483
2513
2546
2679
2707
2737
2759
2808
2821
2831
2835
2847
2842
2832
2815
2795
2743
2722
2692
2668
2652
2629
2601
2566
2431
2396
2360
2326
2170
2129
2088
2047
2011
1886
1845
1801
1759
1717
1680
1648
1623
1568
1554
1539
1534
1519
1519
1525
1532
1556
1563
1577
1589
1606
1617
1623
1634
1643
1652
1665
1678
1682
1707
1717
1730
1747
1824
1849
1868
1890
1912
1992
2020
2048
2077
2110
2145
2178
2210
2322
2346
2366
2376
2436
2442
2455
2468
2478
2468
2458
2437
2411
2328
2291
2260
2226
2190
2155
2113
2069
1896
1848
1800
1750
1583
1547
1513
1478
1455
1382
1363
1350
1341
1336
1329
1328
1334
1350
1363
1377
1391
1478
1507
1540
1564
1588
1654
1687
1717
1748
1771
1801
1830
1858
1969
1996
2031
2061
2176
2211
2240
2272
2353
2373
2388
2399
2409
2433
2435
2433
2432
2428
2420
2416
2410
2393
2387
2385
2377
2361
2362
2363
2359
2355
2329
2318
2308
2313
2311
2312
2306
2307
2291
2290
2282
2274
2243
2230
2222
2210
2152
2131
2115
2099
2086
2027
2013
1991
1973
1953
1935
1916
1901
1824
1797
1780
1771
1726
1721
1710
1712
1716
1725
1730
1735
1742
1755
1771
1787
1808
1886
1898
1912
1925
1985
1991
2002
2008
2015
2020
2029
2036
2038
2038
2039
2042
2042
2041
2039
2036
2035
2017
2024
2023
2028
2016
2018
2020
2031
2036
2043
2047
2054
2068
2070
2075
2083
2089
2113
2119
2122
2126
2141
2146
2146
2154
2155
2161
2162
2162
2156
2153
2151
2162
2187
2178
2167
2154
2151
2108
2103
2100
2094
2084
2038
2027
2014
2005
1990
1978
1965
1957
1934
1928
1920
1916
1910
1900
1897
1889
1890
1908
1912
1916
1924
1924
1933
1939
1947
1956
1986
1995
2003
2015
2020
2025
2029
2034
2031
2037
2048
2059
2056
2060
2066
2061
2045
2042
2046
2044
2038
2021
2019
2007
1999
1993
1989
1984
1971
1964
1961
1971
1975
1966
1972
1981
1992
1998
2016
2024
2030
2044
2052
2052
2057
2061
2080
2089
2097
2100
2096
2095
2101
2108
2090
2087
2080
2083
2085
2077
2078
2074
2072
2070
2065
2062
2062
2034
2027
2020
2011
1992
1982
1973
1963
1962
1951
1952
1948
1947
1946
1938
1929
1927
1911
1905
1905
1906
1893
1894
1897
1896
1890
1884
1888
1889
1893
1889
1894
1896
1897
1901
1901
1905
1910
1948
1959
1969
1981
2008
2018
2029
2039
2050
2065
2077
2082
2084
2086
2100
2106
2116
2125
2129
2142
2149
2167
2176
2179
2185
2192
2192
2195
2196
2197
2197
2194
2190
2185
2167
2162
2153
2147
2118
2105
2097
2085
2028
2014
2009
2005
2004
1991
1984
1977
1970
1962
1960
1959
1955
1951
1952
1956
1957
1962
1970
1981
1989
2000
2027
2036
2039
2055
2076
2087
2101
2110
2140
2150
2161
2164
2179
2178
2178
2176
2174
2155
2151
2141
2137
2129
2120
2102
2090
2064
2055
2048
2038
2016
2006
1997
1989
1944
1932
1927
1926
1923
1896
1886
1875
1868
1857
1853
1855
1857
1839
1839
1850
1859
1857
1861
1859
1858
1859
1861
1865
1869
1877
1883
1891
1892
1895
1916
1907
1893
1929
1975
2003
2004
1911
1948
1955
1971
2018
2046
2058
2011
2010
2050
2092
2110
2069
2052
1958
2005
2072
2093
2087
2144
2176
2163
2166
2268
2204
2176
2194
2190
2172
2153
2146
2218
2217
2194
2219
2084
2086
2114
2116
2100
2082
2058
2062
2071
2064
2045
2057
2073
1957
1936
1916
1935
1987
1986
1994
2003
2007
1969
1950
1958
1969
1992
2018
2034
2030
2019
2031
2057
2053
2049
2041
2022
2018
1981
1970
1963
1961
1971
1955
1935
1934
1947
1955
1969
1988
1988
1944
1934
1922
1934
1969
1994
1978
1965
1967
1992
2025
2048
2065
2071
2076
2096
2123
2159
2184
2194
2190
2188
2180
2164
2147
2147
2153
2172
2189
2209
2218
2243
2256
2249
2226
2207
2188
2171
2159
2114
2106
2095
2080
2069
2059
2048
2032
2009
1978
1958
1947
1940
1936
1928
1928
1927
1925
1888
1879
1868
1858
1867
1874
1879
1877
1881
1879
1871
1870
1873
1876
1896
1915
1929
1928
1926
1920
1923
1923
1914
1909
1915
1944
1947
1951
1959
1974
1977
1963
1956
2153
2148
2158
2147
2071
1991
2030
2048
2071
2109
2145
2166
2171
2133
2167
2179
2175
2040
2029
2054
2087
2090
2010
2025
2052
2076
2086
2097
2131
2163
2118
2084
2054
2030
2004
2034
2052
2074
2109
2057
2023
2030
2055
2067
2072
2085
2090
2044
2032
2025
2035
1940
1909
1931
1976
1982
1933
1869
1828
1825
1803
1806
1807
1827
1883
1962
2017
2044
1989
1941
1915
1909
1991
2029
2070
2124
2166
2184
2196
2213
2221
2241
2270
2303
2309
2291
2320
2341
2344
2133
2057
2002
1956
1931
1935
1903
1858
1828
1819
1825
1834
1849
1801
1794
1819
1847
1921
1936
1967
1999
2023
2024
2021
2011
2010
2054
2094
2144
2182
2202
2206
2192
2172
1957
1900
1878
1869
1947
1973
1995
2004
2002
1953
1943
1931
1931
1941
1954
1975
1995
2039
2029
2011
1988
1944
1959
1967
1974
1989
1985
1983
1976
1977
2023
2050
2083
2125
2167
2190
2198
2187
2103
2108
2127
2158
2210
2192
2168
2137
2102
2016
2011
2017
2029
2049
2066
2070
2067
1900
1872
1854
1855
1950
1970
1988
1994
1994
1958
1942
1940
1946
1956
1971
1987
2005
2015
2007
2008
2001
1968
1966
1971
1981
1947
1917
1881
1839
1799
1750
1758
1772
1780
1784
1791
1792
1790
1759
1751
1757
1774
1880
1891
1883
1877
1880
1943
1986
2033
2063
2121
2244
2373
2443
2636
2654
2679
2666
2594
2615
2644
2685
2740
2743
2719
2667
2619
2490
2467
2482
2500
2499
2495
2501
2500
2517
2530
2559
2587
2708
2725
2750
2763
2765
2768
2757
2756
2742
2714
2662
2597
2547
2229
2140
2047
1941
1569
1474
1389
1311
1223
931
839
747
661
603
561
524
492
438
413
402
406
493
560
629
711
1016
1065
1104
1128
1161
1243
1290
1331
1395
1459
1527
1587
1638
1779
1813
1855
1911
2176
2248
2311
2360
2408
2500
2526
2564
2599
2632
2665
2714
2747
2813
2804
2788
2775
2716
2720
2720
2711
2693
2606
2560
2526
2506
2490
2478
2482
2496
2530
2527
2517
2497
2412
2414
2416
2413
2320
2271
2222
2170
2112
1972
1931
1895
1866
1833
1799
1753
1711
1561
1537
1514
1499
1488
1493
1508
1527
1537
1593
1616
1641
1676
1710
1753
1805
1852
2021
2052
2085
2114
2226
2256
2281
2301
2321
2326
2320
2312
2314
2321
2324
2332
2339
2337
2327
2324
2318
2298
2304
2312
2324
2415
2435
2455
2466
2477
2482
2476
2471
2468
2460
2451
2435
2418
2307
2274
2242
2208
2069
2033
2003
1973
1941
1858
1838
1814
1796
1778
1759
1746
1735
1723
1724
1730
1735
1747
1759
1772
1788
1806
1856
1875
1889
1906
1923
1937
1948
1963
1969
1967
1960
1951
1949
1939
1929
1917
1905
1848
1832
1817
1803
1759
1757
1767
1776
1791
1826
1842
1857
1885
1915
1947
1984
2030
2198
2233
2265
2293
2382
2395
2404
2406
2414
2396
2376
2355
2324
2293
2258
2227
2191
2077
2048
2022
2003
1904
1878
1861
1838
1773
1763
1756
1750
1745
1716
1708
1701
1700
1696
1691
1682
1675
1672
1659
1658
1658
1656
1651
1648
1639
1634
1629
1633
1638
1640
1647
1648
1652
1664
1673
1712
1730
1754
1787
1816
1838
1864
1890
1981
1999
2021
2043
2115
2124
2137
2151
2166
2196
2205
2218
2223
2228
2231
2242
2248
2259
2257
2255
2261
2283
2289
2292
2305
2319
2332
2344
2343
2345
2345
2357
2363
2369
2376
2372
2362
2345
2293
2285
2271
2256
2235
2178
2152
2130
2111
2090
2070
2049
2028
1974
1959
1946
1933
1916
1905
1886
1864
1851
1807
1799
1798
1792
1790
1789
1792
1796
1805
1827
1837
1845
1851
1860
1870
1881
1897
1967
1972
1985
1992
2009
2019
2027
2027
2022
2005
2000
1988
1970
1960
1954
1951
1943
1929
1934
1943
1954
1976
1982
1991
1998
2024
2041
2057
2070
2086
2130
2142
2155
2163
2166
2171
2187
2195
2210
2216
2219
2213
2201
2192
2186
2175
2169
2144
2139
2129
2121
2113
2105
2100
2098
2075
2075
2074
2075
2074
2082
2087
2092
2094
2098
2098
2100
2106
2106
2100
2100
2099
2064
2060
2060
2058
2027
2015
2002
1995
1962
1949
1941
1935
1924
1907
1907
1904
1909
1898
1893
1898
1904
1873
1871
1869
1861
1847
1850
1849
1855
1865
1868
1871
1877
1887
1899
1908
1922
1931
1950
1962
1968
1972
1998
2002
2003
2008
2013
2013
2021
2027
2037
2037
2042
2048
2047
2046
2048
2060
2065
2096
2103
2104
2104
2126
2128
2130
2128
2126
2126
2128
2125
2124
2122
2125
2122
2117
2094
2084
2078
2077
2070
2070
2067
2062
2060
2048
2041
2033
2033
2028
2019
2021
2026
2004
1995
1990
1984
1960
1952
1950
1948
1921
1913
1914
1910
1917
1901
1899
1903
1911
1915
1924
1931
1935
1944
1955
1967
1966
1992
1997
2000
2002
2007
2016
2020
2013
2013
2008
2011
2014
2014
2002
2002
2005
2004
2034
2036
2040
2046
2058
2080
2108
2078
1940
2292
2247
2270
2396
2435
2259
2061
2032
1943
2078
2161
2173
2174
2151
2123
2090
2014
1939
1905
1848
1817
1819
1840
1820
1816
2068
2106
2084
2146
2168
2110
2076
1991
1931
2068
2177
2275
2367
2368
2295
2232
2163
1964
2031
2113
2214
2141
2138
2109
2055
2013
1984
1974
1957
1916
1851
1846
1856
1895
1953
2017
2074
2112
2011
1920
1849
1829
1957
2037
2088
2126
2171
2138
2069
2040
2042
2037
2006
2005
2046
2144
2137
2110
2061
1834
1839
1868
1890
1741
1712
1726
1779
1830
1950
1950
1923
1889
1878
1888
1918
1962
1917
1912
1936
1979
2072
2045
2007
1973
1932
1823
1863
1913
1971
2031
2095
2153
2180
2207
2199
2183
2162
2013
1983
1970
1967
1972
2009
2001
1987
1981
1982
2003
2048
2097
2064
2067
2084
2109
2162
2154
2132
2101
2027
2044
2068
2099
2111
2111
2110
2122
2146
2162
2175
2165
2145
2040
2019
1992
1966
1973
1998
2018
2039
2055
2070
2053
2037
2036
2048
2067
2091
2119
2111
2102
2084
2057
1966
1953
1947
1948
1970
1988
2003
2007
2005
2010
2022
2040
2071
2099
2107
2099
2081
1967
1954
1951
1951
1930
1929
1948
1963
1987
2068
2086
2106
2126
2142
2156
2168
2163
2087
2075
2064
2061
2005
1985
1956
1931
1911
1903
1909
1918
1929
1931
1923
1924
1916
1869
1854
1848
1840
1805
1801
1806
1815
1875
1896
1920
1944
1969
2014
2022
2029
2039
2054
2075
2095
2113
2154
2156
2159
2147
2108
2107
2116
2125
2135
2175
2178
2181
2181
2183
2171
2162
2153
2152
2154
2149
2141
2090
2079
2073
2071
2063
2067
2074
2076
2080
2062
2061
2064
2066
2056
2053
2045
2035
1956
1942
1937
1940
2006
2024
2037
2049
2052
2032
2025
2021
2017
2010
1997
1982
1970
1928
1910
1899
1891
1869
1876
1892
1905
1951
1959
1964
1974
1981
2018
2017
2029
2073
2135
2177
2173
2143
2034
2044
2063
2054
2079
2069
2101
2127
2113
2059
2059
2057
2060
2071
2077
2068
2058
1996
2016
2037
2048
2091
2082
2097
2124
2190
2198
2203
2205
2213
2244
2245
2231
2206
2177
2148
2119
2089
1980
1972
1960
1948
1848
1829
1809
1793
1741
1716
1703
1702
1717
1761
1760
1761
1769
1778
1794
1811
1837
1904
1902
1904
1900
1960
1970
1971
1967
1978
1979
1975
1975
1981
1987
1998
2007
2014
2087
2109
2133
2151
2158
2155
2150
2147
2151
2143
2145
2143
2134
2064
2036
2013
1994
1977
1976
1984
2000
2073
2086
2099
2119
2229
2270
2306
2333
2364
2386
2386
2380
2371
2361
2347
2332
2315
2212
2178
2144
2113
1998
1987
1974
1962
1894
1882
1869
1855
1844
1780
1752
1724
1706
1695
1687
1685
1678
1634
1630
1622
1618
1613
1625
1631
1636
1643
1645
1653
1669
1681
1718
1734
1756
1781
1795
1808
1823
1849
1995
2043
2089
2142
2347
2403
2452
2505
2566
2687
2717
2738
2761
2777
2801
2869
2937
2998
2968
2926
2887
2823
2822
2803
2763
2616
2557
2521
2508
2474
2434
2427
2408
2399
2398
2376
2351
2336
2295
2295
2298
2282
2226
2200
2180
2147
2096
1865
1777
1690
1614
1527
1437
1344
1248
882
795
722
662
510
483
457
446
448
463
478
492
522
685
763
830
897
967
1029
1095
1171
1545
1650
1755
1856
2228
2315
2404
2475
2539
2725
2772
2815
2855
2894
2917
2926
2933
2901
2877
2856
2840
2771
2753
2739
2723
2695
2613
2587
2567
2566
2563
2555
2545
2526
2504
2363
2313
2259
2217
2183
2159
2138
2121
2058
2029
2009
1995
1981
1972
1964
1969
2028
2046
2058
2070
2073
2032
2015
1998
1974
1949
1930
1907
1884
1764
1736
1710
1686
1571
1549
1530
1510
1498
1459
1455
1466
1485
1508
1530
1561
1595
1759
1802
1845
1894
2053
2091
2130
2164
2293
2310
2316
2318
2331
2360
2374
2396
2428
2451
2480
2508
2531
2614
2636
2653
2670
2723
2727
2717
2698
2676
2623
2600
2568
2530
2496
2462
2434
2405
2310
2277
2239
2199
2166
2134
2106
2070
2044
1970
1940
1913
1879
1841
1803
1769
1731
1691
1570
1531
1505
1489
1466
1437
1418
1407
1412
1430
1454
1481
1626
1661
1697
1734
1864
1894
1921
1934
1945
1957
1961
1965
1967
1965
1963
1964
1963
1941
1946
1948
1953
1990
1998
2020
2047
2136
2157
2181
2201
2222
2291
2322
2356
2383
2405
2428
2448
2468
2503
2512
2512
2509
2457
2440
2416
2386
2360
2259
2220
2180
2140
2096
2053
2005
1960
1778
1733
1691
1657
1518
1490
1472
1455
1402
1395
1396
1402
1415
1467
1492
1520
1550
1563
1580
1603
1625
1711
1731
1750
1766
1823
1834
1846
1863
1876
1946
1968
1998
2029
2049
2075
2117
2151
2236
2252
2282
2309
2374
2389
2398
2401
2393
2379
2371
2362
2356
2328
2312
2304
2297
2293
2290
2287
2279
2257
2253
2249
2246
2228
2225
2222
2219
2216
2207
2214
2216
2214
2213
2210
2201
2194
2183
2182
2178
2161
2087
2060
2041
2011
1890
1864
1839
1815
1794
1717
1692
1676
1667
1643
1635
1634
1631
1634
1639
1648
1669
1739
1765
1786
1811
1834
1901
1918
1940
1964
1984
2005
2023
2039
2071
2072
2081
2084
2077
2072
2066
2062
2062
2051
2042
2036
2036
2036
2035
2029
2026
2037
2040
2045
2051
2066
2063
2073
2078
2096
2110
2122
2133
2143
2178
2188
2199
2204
2208
2213
2219
2230
2220
2217
2215
2206
2179
2169
2163
2157
2154
2132
2128
2120
2113
2102
2096
2097
2096
2080
2070
2064
2062
2030
2015
2006
2000
1979
1970
1954
1946
1941
1921
1914
1911
1915
1915
1919
1929
1936
1929
1933
1936
1938
1965
1967
1968
1969
1976
2012
2024
2033
2038
2041
2045
2039
2034
2019
2015
2010
2010
2009
2008
2001
1997
1973
1966
1962
1961
1965
1961
1962
1968
1971
1971
1970
1971
1977
1984
1981
1990
1999
2037
2045
2055
2050
2058
2052
2054
2057
2066
2072
2074
2072
2072
2072
2074
2072
2076
2071
2062
2055
2056
2047
2032
2028
2026
2018
2014
2012
2014
2008
2010
1992
1991
1991
1989
1988
1991
1991
1988
2003
2000
1999
1999
1995
1991
1985
1983
1972
1972
1974
1979
1984
1996
1991
1983
1975
1969
1969
1966
1964
1962
1960
1959
1965
1980
1983
1980
1984
1995
2013
2024
2036
2044
2053
2061
2063
2072
2074
2079
2088
2086
2083
2088
2088
2080
2085
2086
2084
2085
2092
2106
2111
2109
2111
2110
2115
2117
2119
2120
2120
2121
2125
2115
2106
2107
2102
2103
2078
2072
2063
2057
2048
2040
2028
2022
1995
1980
1975
1970
1948
1945
1937
1936
1920
1927
1928
1932
1939
1953
1958
1965
1974
1980
1988
2001
2010
2043
2050
2055
2064
2080
2089
2092
2098
2106
2122
2122
2124
2134
2131
2131
2129
2126
2118
2119
2114
2111
2090
2090
2090
2083
2062
2059
2051
2044
2035
2012
2002
1996
1993
1983
1977
1970
1965
1936
1930
1930
1926
1915
1912
1903
1903
1908
1906
1900
1897
1903
1900
1902
1907
1909
1907
1904
1897
1893
1889
1891
1890
1888
1893
1910
1914
1915
1923
1938
1945
1951
1959
1987
1988
1995
2008
2051
2053
2058
2064
2098
2106
2115
2120
2128
2162
2169
2173
2179
2186
2188
2195
2197
2195
2198
2199
2192
2165
2156
2147
2145
2141
2120
2109
2096
2097
2089
2078
2073
2069
2034
2027
2029
2026
1999
1999
2004
2005
1995
1994
1990
1989
1991
1992
1963
1930
1945
1994
2035
2058
2086
2025
1973
1940
1936
2006
2006
2011
2002
1970
2003
2010
2004
1998
1990
1976
1938
1911
1960
1949
1939
1921
2004
2004
2027
2055
2046
2010
2026
2037
2059
2064
2051
2027
2010
2032
2062
2099
2119
2126
2111
2089
2086
2088
2042
2041
2037
2033
2027
2028
2033
2046
2057
2042
2033
2029
2021
2011
1993
1997
2003
2018
2032
2027
2009
1977
1973
1965
1964
2019
2033
2040
2046
2045
2036
2040
2054
2067
2069
2077
2075
2058
2019
2013
2006
1998
1960
1967
1972
1963
1961
1939
1944
1953
1967
1967
1979
1987
1993
1993
2009
2026
2030
1986
1986
1994
2006
2016
2018
2018
2019
2023
2037
2043
2049
2061
2062
2061
2066
2072
2079
2076
2068
2069
2034
2026
2039
2043
2043
2047
2041
2039
2039
2044
2050
2058
2069
2080
2084
2091
2098
2092
2091
2086
2087
2126
2131
2131
2129
2117
2099
2094
2091
2083
2072
2059
2047
2042
2053
2060
2060
2058
2011
2009
2010
2011
2003
2006
2009
2010
2013
2004
1996
1991
1989
1980
1968
1955
1938
1894
1888
1884
1886
1875
1885
1887
1888
1888
1867
1863
1860
1857
1857
1860
1869
1873
1912
1915
1929
1942
2012
2021
2028
2044
2217
2229
2235
2232
2221
2185
2153
2128
2115
2112
2118
2133
2153
2212
2228
2240
2246
2178
2173
2180
2181
2176
2130
2129
2131
2147
2155
2161
2157
2152
2121
2107
2104
2100
2073
2067
2062
2050
2025
1941
1918
1911
1910
1910
1910
1914
1918
1906
1900
1886
1869
1848
1825
1812
1800
1795
1807
1814
1814
1809
1797
1786
1781
1784
1794
1833
1834
1829
1826
1825
1844
1881
1922
2017
2002
1974
1952
1961
1958
1966
1973
1980
2028
2046
2058
2070
2088
2101
2104
2103
2092
2084
2074
2057
2037
2025
2039
2062
2091
2177
2184
2188
2186
2187
2187
2187
2181
2177
2144
2135
2135
2143
2161
2184
2213
2243
2271
2271
2284
2298
2273
2260
2249
2238
2140
2114
2096
2071
2037
1969
1953
1942
1934
1930
1924
1919
1918
1876
1863
1845
1825
1792
1801
1807
1811
1814
1787
1781
1774
1775
1776
1777
1772
1774
1765
1767
1776
1779
1744
1754
1766
1787
1809
1848
1870
1894
1932
1970
2006
2030
2046
2102
2127
2169
2202
2235
2256
2259
2257
2254
2279
2286
2293
2302
2296
2295
2295
2295
2287
2279
2279
2279
2281
2283
2281
2283
2290
2271
2251
2230
2200
2066
2030
2012
1999
1986
1980
1971
1966
1956
1937
1937
1942
1957
1961
1967
1970
1971
1944
1935
1930
1927
1939
1955
1978
1996
2015
2067
2090
2114
2144
2161
2180
2195
2205
2243
2260
2273
2290
2300
2301
2298
2297
2293
2287
2289
2285
2281
2271
2265
2254
2246
2244
2200
2175
2152
2136
2106
2039
1997
1990
1967
1962
1954
1946
1807
1756
1716
1675
1535
1506
1491
1487
1486
1466
1466
1464
1457
1448
1448
1446
1444
1488
1522
1568
1623
1842
1903
1958
2007
2059
2165
2195
2219
2234
2251
2262
2261
2253
2199
2183
2169
2166
2164
2170
2170
2161
2138
2133
2126
2125
2125
2108
2103
2093
2087
2084
2081
2091
2104
2145
2158
2163
2175
2178
2179
2184
2183
2183
2167
2156
2137
2121
2097
2069
2042
2025
1982
1987
1988
1997
2002
1991
1985
1973
1921
1926
1937
1949
1963
1970
1971
1973
1973
1970
1963
1970
1970
1984
1990
1990
2002
2051
2060
2074
2089
2110
2156
2164
2173
2174
2174
2170
2168
2172
2151
2144
2139
2136
2125
2110
2096
2092
2091
2082
2074
2075
2076
2073
2079
2081
2074
2068
2050
2038
2038
2043
2041
2048
2062
2082
2137
2145
2150
2161
2176
2178
2181
2182
2165
2147
2131
2123
2107
2061
2040
2023
2019
2011
2008
2007
2005
1983
1978
1972
1963
1887
1876
1869
1852
1834
1816
1817
1815
1820
1819
1816
1813
1812
1818
1816
1815
1824
1853
1867
1879
1881
1907
1906
1897
1897
1904
1919
1928
1934
1950
1969
1981
1994
2007
2070
2084
2102
2122
2214
2236
2254
2267
2282
2289
2289
2283
2274
2270
2264
2257
2256
2215
2201
2186
2170
2109
2091
2074
2049
1963
1944
1923
1901
1890
1826
1807
1782
1767
1755
1746
1737
1736
1749
1751
1758
1772
1832
1845
1854
1870
1973
1996
2012
2031
2050
2076
2081
2089
2089
2093
2096
2101
2107
2113
2105
2100
2094
2077
2073
2065
2064
2065
2079
2089
2093
2102
2109
2110
2116
2121
2144
2144
2147
2148
2152
2150
2154
2152
2145
2135
2122
2117
2109
2094
2100
2102
2109
2116
2116
2117
2118
2112
2108
2099
2087
2052
2038
2031
2021
2010
1984
1975
1961
1949
1943
1933
1932
1925
1922
1922
1920
1924
1932
1934
1939
1940
1965
1970
1975
1982
1983
1988
1990
1990
1986
1986
1982
1983
1984
1972
1975
1974
1969
1953
1952
1950
1944
1945
1937
1932
1929
1936
1938
1934
1933
1940
1961
1962
1969
1969
2001
2012
2025
2030
2059
2065
2073
2078
2090
2103
2106
2114
2120
2130
2130
2135
2141
2152
2154
2158
2158
2138
2125
2120
2113
2108
2079
2074
2065
2062
2054
2047
2038
2033
2012
2002
2000
2003
1995
1991
1999
2008
2012
2011
2013
2017
2018
2020
2017
2010
2011
2011
2009
2012
2009
1995
1994
2000
1997
1987
1981
1980
1982
1981
1984
1982
1988
2006
2031
2034
2042
2052
2057
2061
2067
2071
2089
2087
2084
2087
2083
2081
2080
2077
2072
2060
2053
2048
2042
2039
2031
2024
2017
2025
2019
2018
2015
2015
2017
2013
2019
2041
2039
2041
2043
2048
2058
2058
2057
2055
2058
2059
2058
2057
2058
2051
2048
2046
2031
2029
2027
2020
2017
2015
2010
2005
1997
2000
2000
2000
2000
1999
1999
2001
2004
1980
1981
1976
1975
1973
1969
1975
1978
1979
1974
1967
1974
1981
1983
1979
1983
1988
1998
2002
2008
2013
2020
2023
2023
2025
2031
2028
2024
2021
2019
2017
2014
2014
2019
2007
2003
2002
2001
2017
2018
2018
2018
2014
2008
2007
2011
2013
2004
2007
2006
2007
2002
2003
2009
2010
2007
2008
2016
2021
2043
2052
2056
2051
2053
2048
2043
2038
2037
2045
2051
2046
2048
2039
2034
2036
2032
2019
2017
2012
2017
2011
2013
2015
2019
2018
2029
2025
2030
2036
2043
2051
2062
2069
2079
2080
2090
2100
2105
2102
2102
2106
2111
2113
2110
2110
2109
2107
2107
2109
2103
2091
2087
2082
2080
2075
2069
2062
2053
2048
2022
2008
1998
1994
1988
1983
1985
1989
1997
1992
1997
2000
1996
1995
1991
1992
1992
1986
1984
1983
1983
1973
1967
1965
1965
1954
1945
1940
1939
1944
1937
1932
1935
1941
1944
1946
1949
1953
1960
1967
1968
1971
1982
1984
1982
1987
1994
2006
2000
2002
2010
2017
2014
2013
2018
2034
2046
2054
2057
2076
2072
2081
2084
2089
2100
2103
2105
2110
2112
2109
2107
2107
2104
2105
2101
2099
2097
2093
2096
2096
2092
2083
2076
2072
2065
2062
2058
2054
2046
2040
2029
2023
2019
2015
2006
2000
1996
1998
1978
1973
1971
1971
1968
1971
1978
1981
1984
1991
1995
2004
2031
1859
1826
1874
1936
2037
2212
2380
2440
2062
1869
1810
1874
1981
2014
2035
2043
2028
2014
2015
1966
1919
1909
1878
1792
1736
1854
1851
1861
1864
2128
2213
2337
2410
2193
2130
2066
2031
2017
2195
2285
2311
2322
2342
2333
2252
2140
2048
2017
1996
1995
2066
2087
2099
2070
2013
1731
1613
1589
1660
1753
1815
1879
1950
1988
1993
1979
2000
1987
1909
1887
1890
1910
1972
2060
2163
2242
2364
2361
2331
2272
2204
2138
2080
2004
1865
1868
1880
1890
1757
1708
1668
1664
1711
1990
2094
2143
2136
2108
2099
2112
2119
2090
2066
2028
1990
1938
1935
1944
1968
2225
2232
2212
2184
2141
2049
2080
2122
2169
2221
2265
2288
2290
2175
2122
2070
2012
1870
1883
1912
1941
1937
1892
1921
1978
2047
2108
2140
2151
2149
2057
2033
2009
1995
1992
2019
2046
2067
2078
2075
2069
2067
2079
2124
2121
2101
2079
2058
2039
2023
1998
1912
1915
1927
1945
1973
1946
1934
1955
2021
2221
2210
2143
2042
1945
1856
1777
1714
1686
1742
1807
1878
1995
2000
2013
2037
2014
1995
1974
1946
1918
1902
1917
1923
1926
1919
1915
1917
1922
1942
1948
1945
1951
2043
2077
2106
2127
2149
2235
2268
2285
2294
2307
2322
2335
2345
2251
2209
2180
2177
2251
2263
2272
2279
2283
2300
2291
2274
2250
2227
2200
2167
2132
2034
1987
1935
1888
1849
1836
1835
1847
1865
1918
1937
1942
1944
1961
1982
1996
2024
2047
2082
2087
2090
2092
2087
2073
2059
2028
1909
1901
1900
1906
1888
1888
1877
1872
1847
1841
1833
1822
1814
1804
1800
1797
1803
1803
1807
1812
1816
1876
1897
1919
1939
1934
1927
1925
1927
1943
1989
2005
2021
2035
2050
2061
2075
2088
2143
2163
2186
2208
2249
2256
2257
2256
2254
2249
2243
2229
2208
2121
2097
2082
2076
2087
2097
2106
2124
2193
2197
2201
2198
2194
2167
2167
2166
2162
2165
2169
2168
2163
2124
2111
2099
2096
2089
2080
2075
2071
2063
2026
2018
2002
1985
1969
1947
1921
1901
1794
1756
1711
1664
1624
1527
1512
1502
1498
1496
1496
1504
1513
1540
1554
1573
1594
1754
1799
1836
1870
1892
1940
1945
1951
1959
1977
1998
2025
2056
2184
2220
2249
2278
2365
2383
2400
2419
2487
2499
2519
2534
2556
2630
2616
2587
2581
2585
2591
2602
2625
2568
2535
2489
2437
2230
2198
2175
2162
2159
2089
2066
2053
2040
2029
2015
1994
1971
1827
1784
1738
1709
1633
1631
1627
1622
1622
1619
1620
1616
1610
1622
1624
1635
1654
1667
1675
1687
1698
1733
1750
1768
1790
1832
1837
1840
1838
1840
1887
1904
1915
1922
1931
1947
1961
1977
2023
2038
2055
2068
2152
2165
2178
2188
2188
2195
2197
2208
2217
2233
2232
2236
2240
2236
2241
2244
2252
2309
2325
2335
2339
2282
2266
2248
2242
2234
2226
2227
2227
2225
2213
2198
2176
2149
2035
2013
1994
1979
1899
1879
1864
1846
1798
1798
1800
1809
1818
1810
1798
1789
1784
1778
1776
1778
1781
1783
1782
1787
1794
1816
1837
1857
1875
1885
1920
1919
1922
1922
1929
1939
1952
1970
2040
2055
2066
2069
2114
2128
2142
2158
2171
2210
2215
2220
2228
2233
2237
2242
2249
2272
2273
2274
2281
2285
2283
2281
2281
2283
2277
2272
2267
2259
2230
2222
2218
2214
2198
2176
2167
2154
2080
2057
2038
2024
1976
1967
1952
1932
1913
1846
1827
1813
1804
1787
1776
1762
1750
1726
1721
1717
1714
1702
1709
1718
1726
1792
1812
1828
1852
1875
1929
1950
1968
1985
2004
2023
2045
2057
2133
2151
2167
2188
2210
2214
2211
2216
2221
2223
2221
2222
2219
2219
2220
2213
2206
2162
2152
2135
2130
2129
2130
2134
2136
2102
2089
2076
2061
2055
2034
2025
2021
2025
2024
2026
2022
2012
1996
1991
1981
1981
1954
1945
1941
1933
1927
1900
1887
1874
1866
1855
1836
1829
1823
1813
1819
1826
1831
1879
1887
1892
1900
1930
1937
1953
1967
1978
2006
2011
2010
2012
2013
2014
2014
2019
2021
2013
2015
2018
2034
2042
2046
2054
2060
2073
2077
2081
2093
2094
2104
2116
2128
2165
2164
2164
2168
2203
2211
2206
2206
2199
2198
2199
2198
2198
2195
2195
2192
2190
2165
2167
2155
2149
2143
2135
2125
2120
2115
2085
2071
2062
2058
2046
2029
2015
2003
1996
1962
1942
1931
1936
1931
1920
1916
1913
1901
1894
1886
1879
1874
1874
1867
1868
1856
1849
1842
1837
1835
1843
1845
1851
1865
1877
1890
1894
1906
1940
1955
1961
1975
2014
2020
2023
2036
2039
2062
2061
2066
2069
2072
2080
2085
2094
2120
2127
2134
2141
2173
2183
2194
2199
2197
2200
2205
2204
2209
2204
2201
2201
2203
2197
2193
2178
2160
2105
2091
2087
2078
2038
2022
2008
1994
1982
1951
1941
1930
1921
1914
1903
1898
1894
1884
1888
1891
1894
1907
1914
1918
1926
1943
1954
1954
1959
1962
1979
1979
1981
1983
1983
1991
1990
1992
1993
1996
1996
2001
1998
2001
2007
2018
2018
2034
2039
2037
2037
2042
2046
2054
2063
2084
2090
2093
2097
2107
2108
2113
2119
2114
2114
2114
2112
2115
2102
2094
2089
2084
2078
2073
2071
2066
2038
2033
2033
2030
2014
2018
2018
2019
2021
2017
2017
2026
2033
2028
2030
2025
2022
2021
2021
2018
2021
2010
2014
2014
2009
2016
2014
2012
2009
2002
1998
1988
1989
1990
1994
1987
1982
1983
1973
1977
1980
1986
2010
2011
2013
2016
2018
2016
2015
2017
2021
2025
2024
2021
2019
2018
2020
2033
2038
2030
2028
2023
2019
2010
2012
2018
2014
2012
2017
2019
2019
2020
2027
2035
2032
2028
2025
2021
2030
2038
2043