2565
2576
2586
2611
2614
2613
2617
2616
2616
2609
2596
2518
2487
2448
2400
2121
2051
1974
1902
1722
1709
1704
1707
1716
1725
1718
1711
1708
1708
1708
1707
1710
1774
1804
1833
1862
1985
2009
2033
2052
2071
2099
2103
2111
2124
2131
2140
2153
2170
2235
2230
2210
2186
2011
1967
1935
1905
1879
1884
1887
1891
1894
1934
1951
1974
1996
2015
2032
2045
2057
2048
2035
2021
2004
1995
2003
2011
2024
2035
2073
2083
2103
2124
2143
2153
2163
2176
2198
2185
2164
2131
1927
1874
1829
1790
1639
1610
1594
1578
1563
1547
1552
1564
1577
1587
1592
1595
1592
1533
1528
1531
1538
1596
1626
1656
1691
1728
1860
1895
1929
1964
2003
2036
2074
2101
2186
2196
2202
2202
2149
2134
2119
2103
2004
1974
1940
1915
1898
1844
1830
1818
1805
1789
1773
1759
1743
1706
1698
1700
1705
1777
1802
1834
1874
1918
2050
2102
2162
2226
2292
2353
2410
2463
2616
2638
2659
2683
2783
2808
2824
2839
2862
2853
2846
2848
2845
2809
2804
2800
2791
2773
2757
2738
2717
2592
2551
2504
2468
2335
2307
2286
2270
2259
2246
2247
2248
2247
2247
2242
2240
2235
2240
2234
2224
2214
2190
2183
2180
2173
2151
2140
2129
2121
2122
2102
2092
2082
2060
2040
2017
1994
1964
1846
1815
1780
1757
1687
1667
1659
1649
1633
1598
1586
1578
1571
1567
1564
1567
1565
1495
1485
1477
1462
1458
1468
1485
1501
1595
1611
1629
1651
1672
1727
1745
1760
1764
1759
1748
1740
1733
1690
1680
1673
1669
1670
1668
1663
1663
1666
1684
1698
1716
1740
1756
1772
1779
1783
1806
1807
1815
1820
1886
1899
1912
1937
1960
2017
2044
2063
2088
2113
2141
2155
2172
2206
2211
2224
2236
2229
2224
2224
2216
2194
2184
2178
2173
2164
2140
2133
2125
2119
2119
2118
2114
2115
2111
2115
2125
2128
2151
2162
2174
2178
2190
2228
2245
2260
2278
2293
2304
2327
2350
2399
2400
2404
2413
2414
2412
2410
2418
2423
2425
2419
2411
2408
2364
2347
2330
2311
2286
2257
2225
2191
2077
2043
2012
1977
1850
1820
1787
1757
1736
1675
1667
1661
1654
1645
1641
1636
1634
1641
1647
1653
1658
1692
1700
1715
1736
1838
1867
1904
1936
1964
2039
2064
2076
2089
2106
2122
2136
2144
2148
2151
2157
2161
2144
2139
2134
2136
2139
2118
2111
2105
2102
2095
2084
2077
2074
2050
2040
2033
2033
2005
2002
1999
2002
2021
2030
2032
2037
2049
2069
2074
2076
2086
2093
2093
2099
2102
2090
2088
2084
2081
2073
2070
2069
2068
2062
2040
2031
2028
2031
2026
2017
2006
1998
1980
1976
1971
1971
1985
1987
1994
2001
2011
2026
2034
2043
2057
2059
2069
2077
2089
2129
2130
2138
2145
2135
2127
2120
2121
2074
2062
2045
2037
2032
1998
1993
1981
1969
1956
1941
1927
1903
1857
1839
1834
1828
1798
1794
1794
1795
1801
1810
1822
1838
1849
1859
1872
1890
1902
1955
1967
1980
1999
2036
2050
2059
2064
2101
2108
2114
2121
2121
2111
2106
2098
2088
2084
2078
2073
2059
2012
1996
1976
1963
1905
1898
1899
1895
1890
1884
1883
1889
1893
1903
1906
1911
1925
1974
1987
2002
2020
2070
2086
2108
2120
2157
2168
2173
2185
2194
2198
2207
2212
2217
2222
2224
2224
2221
2226
2213
2195
2184
2143
2131
2123
2117
2112
2109
2109
2106
2100
2097
2092
2090
2086
2060
2054
2047
2035
2015
2011
2015
2021
2024
2017
2018
2021
2020
2026
2029
2035
2041
2043
2042
2039
2043
2020
2015
2012
2009
2011
2003
1999
1992
1985
1989
1985
1976
1973
1971
1970
1972
1973
1967
1964
1967
1964
1946
1940
1941
1943
1960
1967
1971
1977
1984
1988
1996
2002
2000
2005
2001
1999
2000
2005
2005
2005
2003
1987
1986
1981
1979
1972
1966
1958
1951
1949
1949
1947
1954
1957
1956
1956
1953
1959
1969
1967
1969
1976
1990
2000
2012
2023
2033
2059
2070
2081
2091
2097
2098
2102
2111
2138
2145
2149
2154
2150
2149
2149
2151
2150
2146
2138
2137
2130
2121
2116
2109
2100
2066
2063
2053
2047
2023
2020
1974
1883
1414
1443
1538
1679
1826
2094
2124
2142
2152
2159
2151
2110
2064
2035
2097
2182
2276
2199
2099
2031
2003
2013
2120
2147
2164
2167
2160
2144
2130
2106
1969
1983
2017
2073
2235
2243
2230
2210
2114
2102
2093
2114
2149
2183
2145
2087
2015
1939
1873
1841
1835
1939
1967
1981
1984
1943
1918
1899
1891
1894
1918
1916
1909
1894
1878
1862
1854
1848
1860
1886
1916
1948
2037
2026
2002
1957
1789
1786
1801
1826
1853
1891
1882
1873
1861
1854
1861
1887
1926
2114
2152
2171
2181
2141
2149
2164
2177
2196
2242
2241
2233
2224
2212
2204
2191
2180
2183
2185
2186
2177
2086
2065
2043
2028
2043
2048
2053
2046
2031
1965
1939
1915
1896
1877
1859
1847
1839
1792
1766
1742
1719
1666
1665
1670
1676
1682
1664
1654
1652
1651
1664
1686
1705
1736
1809
1818
1833
1842
1861
1861
1857
1861
1873
1896
1863
1817
1775
1743
1726
1721
1724
1798
1828
1871
1926
1984
2038
2085
2122
2160
2271
2331
2408
2497
2597
2688
2773
2846
2911
3068
3110
3149
3185
3223
3262
3301
3341
3401
3373
3331
3285
3125
3099
3079
3055
3032
2938
2902
2856
2807
2746
2689
2644
2618
2563
2549
2532
2504
2482
2449
2416
2390
2359
2275
2254
2226
2196
2147
2092
2029
1953
1879
1657
1592
1527
1470
1411
1359
1298
1234
1046
1003
976
945
883
895
900
902
900
814
766
726
697
668
647
626
624
647
653
667
693
716
736
756
782
818
1012
1098
1184
1270
1349
1420
1484
1538
1579
1639
1661
1694
1742
1811
1888
1972
2050
2257
2270
2286
2292
2380
2418
2452
2474
2433
2410
2389
2374
2373
2391
2393
2388
2368
2330
2287
2238
2188
2055
2048
2039
2036
2000
1984
1963
1954
1953
1981
1998
2023
2045
2059
2057
2041
2019
1857
1822
1787
1757
1740
1745
1761
1773
1751
1749
1760
1771
1797
1878
1915
1949
1983
2009
2032
2047
2058
2107
2127
2148
2170
2295
2329
2355
2375
2389
2414
2438
2464
2500
2545
2602
2655
2709
2890
2920
2954
2981
3065
3073
3068
3057
3034
2938
2920
2904
2886
2863
2843
2821
2809
2723
2678
2628
2593
2559
2533
2521
2516
2516
2517
2517
2509
2496
2479
2451
2425
2404
2391
2361
2342
2319
2296
2269
2230
2185
2141
2021
2006
1999
1987
1916
1890
1867
1837
1707
1678
1657
1632
1609
1536
1518
1505
1497
1497
1496
1485
1469
1406
1390
1385
1376
1385
1398
1419
1440
1461
1493
1508
1517
1524
1525
1523
1524
1531
1564
1570
1588
1605
1663
1668
1668
1667
1670
1679
1689
1705
1720
1774
1790
1801
1816
1829
1839
1848
1869
1979
2019
2068
2115
2295
2339
2386
2438
2491
2649
2707
2759
2808
2850
2882
2907
2922
2980
2985
2991
2992
2963
2941
2915
2887
2770
2729
2686
2638
2581
2398
2342
2288
2242
2199
2160
2118
2073
1882
1831
1773
1711
1468
1418
1367
1320
1278
1155
1122
1090
1061
1034
1009
989
980
965
959
959
956
965
968
967
970
974
1000
1014
1029
1040
1067
1092
1115
1142
1175
1297
1340
1393
1450
1502
1563
1628
1697
2028
2110
2179
2250
2505
2559
2608
2653
2772
2790
2804
2820
2829
2869
2879
2889
2896
2903
2899
2889
2878
2780
2740
2699
2656
2416
2344
2263
2182
2094
1827
1743
1660
1585
1509
1429
1355
1292
1079
1037
1002
971
888
879
877
880
920
936
953
974
1000
1116
1162
1211
1259
1320
1385
1440
1498
1755
1826
1892
1965
2252
2333
2405
2475
2545
2737
2792
2842
2887
2938
2982
3023
3064
3181
3209
3239
3269
3361
3374
3386
3396
3402
3395
3391
3385
3374
3322
3300
3272
3245
3219
3186
3148
3110
2905
2844
2786
2727
2484
2424
2357
2293
2237
2065
2016
1967
1924
1878
1835
1797
1755
1631
1607
1583
1563
1495
1491
1482
1477
1454
1452
1455
1455
1462
1471
1481
1495
1510
1520
1532
1543
1557
1599
1604
1610
1609
1604
1606
1607
1610
1601
1604
1610
1621
1625
1643
1656
1672
1687
1702
1717
1732
1746
1826
1844
1868
1894
1980
2007
2032
2059
2091
2160
2186
2213
2235
2255
2277
2299
2320
2362
2369
2376
2379
2345
2338
2329
2319
2255
2238
2223
2201
2181
2124
2106
2084
2061
2039
2012
1991
1967
1888
1867
1850
1840
1778
1768
1760
1747
1731
1700
1694
1685
1678
1676
1667
1665
1665
1666
1668
1671
1679
1702
1711
1726
1738
1770
1773
1783
1799
1812
1851
1861
1875
1894
1916
1938
1965
1987
2093
2117
2145
2172
2250
2272
2296
2317
2333
2389
2400
2410
2412
2422
2422
2424
2424
2375
2358
2349
2336
2240
2214
2191
2157
2049
2029
2006
1981
1954
1871
1839
1812
1792
1773
1758
1742
1736
1702
1693
1691
1686
1675
1682
1692
1700
1770
1792
1816
1832
1853
1902
1923
1945
1963
1986
2002
2018
2032
2075
2087
2093
2101
2138
2143
2151
2161
2161
2175
2176
2183
2194
2197
2205
2215
2226
2222
2224
2224
2228
2226
2233
2244
2253
2260
2267
2273
2283
2285
2289
2288
2285
2286
2289
2286
2289
2285
2255
2252
2257
2249
2224
2209
2199
2198
2186
2150
2138
2127
2127
2120
2119
2116
2113
2088
2083
2077
2075
2069
2068
2075
2070
2071
2073
2071
2072
2068
2061
2059
2054
2047
2025
2014
1997
1990
1982
1971
1960
1948
1944
1901
1886
1872
1861
1842
1830
1821
1806
1794
1774
1765
1764
1754
1749
1745
1747
1745
1752
1754
1762
1770
1808
1818
1833
1844
1885
1902
1915
1930
1949
1976
1984
2001
2019
2034
2052
2066
2072
2093
2092
2088
2090
2102
2099
2104
2105
2103
2091
2085
2078
2069
2066
2066
2061
2057
2009
1999
1989
1976
1945
1947
1944
1931
1914
1907
1910
1914
1914
1900
1903
1905
1908
1913
1911
1914
1915
1922
1923
1924
1929
1959
1962
1968
1968
1976
2003
2012
2018
2025
2033
2041
2053
2069
2094
2100
2104
2113
2141
2150
2160
2169
2189
2189
2191
2196
2204
2206
2205
2200
2196
2189
2179
2176
2183
2142
2136
2129
2128
2084
2071
2057
2051
2041
2013
2006
1996
1990
1979
1969
1957
1946
1927
1924
1929
1930
1930
1937
1937
1941
1953
1956
1953
1960
1964
1960
1964
1967
1963
1964
1975
1981
1988
2002
2007
2007
2007
2015
2015
2017
2014
2017
2025
2027
2036
2040
2035
2036
2032
2033
2042
2045
2050
2052
2056
2054
2053
2055
2065
2063
2064
2062
2059
2060
2062
2067
2073
2077
2075
2074
2072
2065
2066
2068
2072
2087
2096
2100
2104
2114
2134
2148
2154
2156
2166
2171
2170
2179
2186
2188
2194
2192
2184
2186
2180
2170
2143
2134
2131
2122
2113
2071
2054
2040
2040
2043
2052
2043
2009
1748
1709
1694
1690
1816
1856
1891
1912
1885
1870
1871
1881
1903
1968
1966
1956
1950
1950
1954
1966
1979
1979
1967
1950
1938
1969
1985
2006
2013
2021
1999
1988
1978
1971
1973
1977
1992
2012
2111
2121
2108
2082
1921
1913
1917
1937
1958
2019
2026
2021
2010
1994
1962
1928
1897
1883
1912
1940
1964
1956
1957
1960
1974
2058
2064
2060
2055
2047
2002
1984
1973
1959
1956
1960
1968
1977
1977
1961
1935
1917
1965
2002
2044
2088
2138
2191
2193
2181
2171
2166
2160
2165
2179
2225
2238
2236
2223
2194
2156
2117
2084
2066
2071
2093
2118
2148
2174
2197
2204
2204
2195
2154
2143
2134
2128
2131
2127
2122
2123
2044
2020
1994
1964
1880
1861
1842
1826
1804
1752
1741
1745
1745
1759
1771
1792
1814
1850
1852
1852
1849
1846
1841
1838
1844
1850
1887
1902
1910
1925
1930
1929
1930
1930
1929
1919
1930
1944
1954
1969
1978
1987
1999
2049
2062
2070
2085
2172
2197
2218
2234
2271
2282
2288
2298
2308
2351
2371
2387
2407
2432
2457
2482
2507
2612
2646
2674
2699
2755
2757
2753
2754
2745
2724
2714
2695
2673
2647
2617
2584
2552
2411
2376
2350
2319
2225
2201
2174
2138
1884
1817
1756
1698
1649
1566
1534
1507
1483
1445
1403
1365
1334
1208
1197
1177
1144
1087
1078
1076
1092
1101
1116
1138
1161
1181
1201
1229
1260
1294
1437
1456
1463
1476
1594
1629
1663
1692
1857
1910
1960
2004
2038
2117
2151
2190
2234
2282
2333
2384
2416
2504
2520
2535
2543
2527
2531
2540
2558
2571
2542
2538
2533
2531
2530
2525
2517
2500
2413
2381
2345
2299
2260
2219
2172
2115
2052
1897
1844
1793
1750
1702
1650
1591
1537
1491
1365
1342
1329
1313
1307
1304
1306
1315
1382
1400
1419
1439
1534
1566
1595
1619
1685
1717
1748
1776
1808
1911
1947
1988
2032
2070
2107
2141
2174
2319
2357
2403
2452
2612
2644
2673
2694
2718
2765
2777
2792
2806
2820
2836
2851
2860
2886
2894
2901
2908
2918
2913
2910
2902
2889
2833
2809
2787
2759
2735
2720
2699
2671
2592
2561
2525
2485
2443
2399
2352
2301
2253
2107
2064
2023
1983
1943
1905
1863
1828
1792
1680
1640
1605
1583
1554
1523
1492
1463
1384
1358
1330
1307
1277
1248
1223
1202
1184
1124
1115
1109
1105
1106
1112
1118
1125
1140
1216
1250
1292
1338
1376
1419
1464
1514
1764
1836
1901
1958
2166
2207
2245
2285
2391
2409
2426
2438
2450
2446
2443
2436
2436
2437
2437
2432
2425
2373
2366
2353
2338
2272
2259
2240
2216
2195
2138
2125
2112
2100
2085
2070
2053
2041
1998
1983
1962
1944
1840
1821
1803
1788
1696
1678
1665
1651
1641
1626
1632
1641
1649
1661
1672
1684
1696
1758
1776
1804
1830
1921
1949
1981
2015
2043
2134
2175
2218
2264
2301
2340
2378
2417
2555
2587
2607
2627
2666
2663
2654
2645
2597
2579
2558
2541
2519
2453
2431
2413
2391
2369
2338
2306
2273
2128
2096
2065
2039
1922
1896
1864
1835
1812
1744
1726
1708
1688
1670
1651
1629
1611
1560
1547
1543
1540
1523
1522
1527
1535
1576
1590
1613
1641
1666
1748
1776
1800
1825
1856
1883
1901
1908
1962
1968
1971
1979
1991
1989
1990
1981
1971
1949
1941
1935
1927
1917
1910
1908
1898
1873
1868
1859
1852
1846
1846
1840
1841
1847
1846
1844
1848
1855
1881
1888
1899
1913
1926
1940
1956
1975
2034
2051
2063
2080
2140
2161
2181
2195
2277
2294
2312
2334
2355
2403
2412
2419
2428
2437
2446
2453
2461
2468
2467
2475
2474
2438
2425
2414
2391
2375
2324
2309
2290
2269
2249
2232
2216
2197
2104
2077
2052
2033
1974
1954
1942
1934
1889
1883
1885
1891
1897
1909
1915
1922
1933
1943
1948
1952
1960
1972
1978
1984
1994
1989
1997
2008
2014
2023
2010
2006
2005
2003
2011
2020
2025
2024
2045
2054
2051
2048
2073
2077
2080
2083
2100
2104
2112
2119
2117
2117
2115
2111
2104
2096
2093
2078
2068
2016
2003
2000
1989
1933
1925
1908
1900
1891
1858
1846
1842
1835
1824
1816
1812
1813
1810
1818
1820
1817
1867
1880
1893
1911
1969
1991
2012
2034
2057
2113
2133
2150
2158
2173
2186
2192
2203
2217
2213
2208
2204
2175
2162
2147
2140
2135
2101
2089
2076
2061
2049
2037
2024
2013
1969
1957
1945
1933
1887
1878
1872
1866
1857
1855
1856
1862
1875
1903
1922
1932
1939
1948
1966
1981
1998
2040
2054
2065
2074
2098
2098
2108
2110
2112
2121
2119
2122
2113
2103
2092
2088
2082
2047
2040
2034
2024
1999
1987
1976
1972
1956
1950
1956
1954
1951
1961
1953
1955
1958
1965
1963
1961
1960
1960
1962
1966
1970
1956
1958
1956
1959
1956
1935
1927
1921
1915
1915
1915
1920
1909
1888
1884
1889
1891
1895
1899
1902
1914
1984
1999
2015
2027
2041
2093
2113
2131
2139
2150
2164
2176
2184
2226
2228
2235
2241
2247
2246
2246
2244
2242
2218
2208
2206
2197
2179
2164
2150
2134
2086
2077
2069
2056
2017
2010
1998
1991
1988
1995
1996
1994
1993
1993
1993
2002
2006
2013
2021
2028
2033
2048
2053
2056
2060
2085
2096
2101
2103
2108
2112
2099
2096
2100
2103
2100
2103
2108
2088
2081
2079
2073
2047
2040
2035
2026
2020
2010
2001
1991
1987
1970
1967
1955
1948
1937
1930
1924
1922
1921
1921
1918
1919
1903
1899
1903
1903
1907
1916
1931
1933
1934
1931
1935
1938
1939
1924
1930
1938
1938
1962
1964
1976
1984
1994
2017
2019
2024
2032
2045
2053
2054
2061
2076
2082
2084
2089
2103
2106
2106
2104
2108
2113
2118
2116
2113
2100
2098
2092
2086
2087
2085
2078
2073
2050
2054
2053
2049
2033
2029
2027
2019
2020
2011
2007
2008
2008
2010
2008
2011
2013
2006
2004
2009
2013
2018
2022
2023
2026
2049
2053
2058
2062
2062
2059
2062
2062
2071
2073
2074
2076
2082
2088
2079
2077
2069
2055
2055
2058
2057
2057
2032
2018
2010
2002
1991
1977
1968
1967
1946
1951
1954
1950
1936
1937
1937
1930
1915
1909
1903
1899
1900
1894
1892
1893
1895
1897
1891
1891
1887
1887
1888
1885
1888
1910
1921
1929
1932
1933
1937
1943
1948
1959
1963
1970
1981
1993
2028
2036
2046
2053
2060
2066
2074
2083
2105
2116
2125
2128
2133
2142
2147
2147
2153
2161
2162
2167
2164
2153
2158
2159
2159
2153
2147
2146
2145
2145
2136
2146
2149
2151
2155
2155
2150
2148
2159
2165
2167
2163
2159
2153
2146
2146
2119
2114
2112
2113
2109
2086
2078
2072
2069
2064
2060
2055
2052
2022
2020
2014
2010
1981
1983
1976
1973
1969
1956
1941
1935
1932
1930
1923
1922
1919
1895
1899
1899
1900
1907
1903
1901
1903
1916
1922
1925
1927
1934
1949
1945
1947
1953
1954
1957
1958
1960
1964
1969
1971
1981
1994
2001
2002
2000
2001
2002
2001
2008
2011
2011
2014
2013
2021
2016
2013
2015
2014
2017
2011
2011
2010
1998
1987
1984
1987
1987
1986
1987
1986
1984
1981
1985
1992
2001
1985
1976
1961
1948
1943
1956
1976
1992
2008
2030
2036
2044
2055
2068
2082
2088
2098
2128
2133
2144
2156
2189
2200
2206
2206
2211
2208
2202
2198
2195
2166
2163
2157
2150
2141
2138
2141
2149
2142
2134
2122
2101
2085
2094
2102
2103
2094
2063
2058
2054
2047
2038
2030
2023
2017
2005
2005
2001
2004
2003
2003
1992
1986
1964
1964
1959
1956
1949
1903
1883
1871
1862
1863
1867
1876
1879
1896
1905
1895
1894
1908
1916
1931
1942
1949
1975
1981
1991
2000
2007
2005
2004
2007
2002
2001
1994
1991
1974
1971
1963
1958
1954
1957
1957
1954
1951
1952
1956
1958
1960
1969
1983
1994
1999
1988
1979
1985
1984
1982
1987
1994
1997
1996
1981
1984
1988
1994
1999
1997
1993
2001
2027
2034
2039
2038
2053
2052
2055
2062
2057
2062
2060
2062
2067
2073
2073
2075
2078
2078
2076
2077
2080
2096
2089
2086
2084
2073
2062
2050
2046
2042
2007
1997
1986
1975
1965
1961
1958
1951
1912
1910
1911
1913
1912
1915
1915
1925
1938
1946
1954
1965
1978
2009
2021
2032
2052
2065
2081
2098
2118
2208
2236
2264
2284
2390
2419
2440
2459
2487
2555
2581
2616
2653
2687
2720
2733
2742
2719
2700
2690
2682
2627
2603
2580
2549
2432
2409
2392
2369
2338
2223
2178
2134
2092
2045
2001
1968
1936
1803
1777
1743
1705
1572
1547
1531
1505
1480
1388
1339
1282
1233
1183
1138
1100
1058
974
980
997
1025
1191
1235
1283
1329
1475
1516
1556
1593
1639
1786
1835
1892
1952
2022
2087
2149
2203
2369
2394
2419
2444
2539
2550
2556
2558
2553
2500
2478
2452
2432
2415
2403
2392
2385
2333
2305
2278
2248
2093
2061
2026
1993
1889
1877
1865
1851
1830
1770
1748
1725
1703
1676
1645
1609
1576
1386
1321
1258
1198
1041
1030
1033
1041
1067
1206
1261
1324
1388
1455
1529
1605
1679
1959
2035
2102
2172
2416
2474
2522
2562
2603
2656
2666
2669
2675
2684
2688
2691
2698
2729
2736
2745
2755
2792
2808
2830
2860
2951
2961
2963
2962
2957
2879
2837
2796
2754
2709
2655
2597
2539
2307
2254
2204
2157
1986
1946
1912
1880
1790
1780
1772
1757
1744
1712
1700
1690
1675
1666
1656
1653
1648
1655
1664
1673
1681
1746
1770
1799
1827
1860
1948
1977
2003
2035
2056
2077
2098
2114
2128
2124
2119
2105
2047
2028
2015
2002
1932
1921
1915
1915
1916
1938
1942
1949
1956
1960
1968
1970
1975
1982
1973
1966
1957
1918
1906
1894
1890
1886
1877
1872
1864
1857
1846
1842
1836
1827
1809
1808
1807
1802
1817
1819
1830
1842
1911
1932
1954
1978
1997
2049
2066
2081
2094
2108
2119
2120
2115
2088
2088
2084
2075
2035
2029
2016
1997
1980
1924
1904
1887
1877
1866
1850
1845
1841
1840
1852
1863
1875
1896
1915
1935
1961
1985
2043
2061
2084
2103
2115
2124
2135
2146
2155
2147
2135
2122
2103
2087
2072
2057
2044
2016
2010
2015
2029
2088
2109
2127
2145
2229
2249
2259
2268
2283
2294
2293
2291
2285
2281
2276
2265
2259
2207
2195
2174
2158
2087
2069
2049
2032
2020
1983
1971
1959
1953
1949
1942
1932
1927
1922
1922
1919
1916
1900
1896
1890
1884
1880
1886
1885
1885
1890
1916
1929
1940
1953
1965
1975
1985
1986
2004
2006
2009
2016
2015
2010
2008
2003
1999
1962
1964
1963
1957
1958
1959
1958
1960
1976
1980
1983
1988
2003
2007
2016
2030
2036
2039
2042
2043
2044
2037
2029
2028
2027
2023
2017
2011
2019
2006
2015
2020
2027
2051
2057
2068
2077
2086
2091
2096
2101
2103
2107
2112
2115
2116
2128
2133
2140
2148
2167
2162
2160
2160
2136
2128
2127
2129
2132
2108
2106
2102
2100
2097
2096
2091
2090
2074
2068
2063
2060
2040
2035
2031
2030
2029
2018
2012
2004
2007
2005
2005
2003
2001
1999
1995
1998
1996
1987
1977
1970
1968
1965
1950
1948
1947
1953
1953
1966
1975
1979
1986
2012
2023
2030
2045
2055
2063
2066
2075
2106
2119
2122
2120
2114
2105
2102
2096
2072
2063
2056
2049
2041
2014
2004
1993
1986
1980
1971
1972
1967
1949
1949
1944
1937
1909
1908
1904
1897
1892
1874
1872
1865
1865
1862
1858
1856
1852
1849
1851
1855
1853
1870
1882
1892
1898
1937
1945
1954
1964
1980
1987
1989
1992
1997
2007
2019
2031
2034
2050
2054
2062
2067
2097
2110
2124
2129
2139
2158
2164
2162
2170
2175
2176
2177
2177
2170
2162
2159
2151
2116
2107
2103
2096
2083
2074
2065
2057
2050
2034
2029
2032
2037
2035
2039
2037
2035
2016
2013
2010
2001
1974
1974
1972
1973
1976
1964
1961
1958
1961
1976
1986
1996
2004
2051
2063
2068
2075
2078
2079
2086
2088
2089
2086
2080
2080
2085
2084
2079
2081
2078
2068
2068
2065
2062
2069
2074
2075
2082
2089
2082
2081
2081
2077
2069
2069
2060
2049
2047
2042
2040
2036
2038
2035
2035
2029
2029
2019
2021
2026
2031
2034
2029
2021
2012
1990
1980
1975
1964
1957
1936
1922
1912
1906
1902
1900
1900
1904
1910
1913
1914
1923
1945
1949
1951
1956
1958
1964
1967
1972
1979
1984
1990
1998
2002
2014
2017
2026
2028
2022
2023
2028
2035
2047
2044
2050
2052
2055
2057
2054
2058
2066
2066
2065
2057
2053
2049
2052
2049
2048
2041
2039
2032
2026
2016
2019
2019
2020
2017
2027
2029
2028
2026
2032
2029
2035
2038
2036
2035
2034
2036
2021
2018
2010
2005
2001
1994
2002
2009
2014
2014
2010
2010
2009
2012
2017
2020
2020
2035
2036
2044
2052
2050
2048
2041
2040
2043
2048
2050
2055
2058
2053
2049
2048
2051
2056
2062
2064
2060
2058
2065
2068
2069
2067
2066
2071
2073
2074
2071
2068
2072
2075
2078
2075
2069
2070
2073
2072
2072
2064
2059
2046
2042
2039
2038
2027
2021
2016
2014
2011
1990
1990
1987
1990
1991
1996
1994
1992
1993
1996
1988
1986
1977
1976
1976
1978
1996
2001
2002
2010
2011
2006
2012
2017
2025
2031
2034
2032
2034
2043
2045
2041
2039
2044
2043
2051
2054
2050
2040
2037
2034
2040
2040
2040
2038
2035
2030
2024
2022
2018
1999
1995
1998
2001
1989
1986
1987
1982
1986
1995
1993
1992
1995
1997
2000
2007
2012
2001
2004
2001
2004
2009
2010
2014
2017
2015
2027
2026
2022
2021
2019
2013
2016
2021
2018
2012
2015
2018
2030
2029
2031
2033
2035
2041
2040
2045
2053
2057
2067
2072
2079
2090
2086
2085
2089
2089
2091
2087
2091
2093
2088
2084
2083
2083
2083
2080
2079
2077
2077
2072
2064
2060
2058
2054
2048
2046
2046
2018
2014
2015
2013
1978
1975
1992
2028
2080
2051
2003
1950
1886
1779
1791
1810
1835
1861
1872
1884
1910
2116
2125
2099
2052
1894
1868
1860
1878
1918
2108
2163
2196
2213
2207
2184
2154
2121
2055
2061
2075
2092
2180
2180
2163
2129
1971
1972
2003
2059
2115
2162
2135
2099
2064
2033
2009
1976
1946
1968
2004
2047
2064
1965
1966
1987
2011
2021
2001
1970
1943
1934
1994
2011
2008
1993
1953
1909
1868
1839
1811
1838
1877
1911
2078
2092
2104
2107
2101
2050
2043
2042
2051
2071
2092
2121
2146
2150
2128
2091
2049
1912
1919
1938
1959
2033
2039
2037
2021
2013
1971
1983
2001
2024
2047
2072
2096
2126
2188
2192
2195
2180
2063
2034
2012
1998
1983
1939
1938
1936
1939
1942
1934
1922
1898
1801
1792
1798
1817
1915
1942
1961
1970
1922
1904
1890
1885
1883
1955
1983
2009
2030
2031
2022
2007
1989
1914
1902
1899
1900
1910
1923
1938
1955
1973
1993
1989
1973
1944
1908
1879
1863
1854
1917
1938
1952
1970
2008
2031
2060
2092
2267
2301
2331
2346
2356
2351
2353
2366
2392
2427
2467
2511
2550
2644
2650
2648
2645
2576
2553
2539
2531
2516
2421
2380
2344
2304
2275
2254
2235
2220
2166
2156
2146
2133
2107
2093
2084
2080
2059
2047
2036
2023
2011
1998
2002
2013
2023
2035
2039
2046
2044
1995
1983
1973
1970
1999
2010
2026
2040
2043
2026
2016
2002
1991
1980
1971
1964
1963
1927
1908
1880
1845
1803
1757
1710
1659
1617
1506
1467
1437
1409
1386
1364
1344
1331
1327
1307
1313
1315
1323
1338
1350
1366
1386
1459
1484
1508
1525
1559
1560
1553
1543
1468
1450
1437
1433
1423
1379
1363
1351
1343
1342
1344
1345
1357
1447
1476
1503
1531
1650
1699
1746
1791
1843
1980
2023
2064
2105
2148
2185
2224
2261
2418
2452
2497
2541
2689
2717
2753
2789
2884
2901
2907
2920
2930
2939
2942
2942
2942
2944
2940
2929
2908
2820
2791
2767
2744
2682
2665
2653
2641
2575
2563
2555
2551
2552
2576
2577
2577
2574
2574
2574
2573
2572
2552
2545
2537
2537
2498
2485
2474
2458
2444
2391
2373
2358
2345
2326
2297
2274
2248
2129
2108
2083
2064
1980
1955
1926
1904
1798
1774
1750
1726
1709
1649
1630
1607
1584
1564
1547
1524
1508
1447
1431
1423
1420
1388
1373
1361
1355
1349
1319
1317
1314
1308
1302
1297
1296
1285
1262
1253
1250
1243
1238
1229
1220
1215
1211
1204
1207
1212
1226
1246
1261
1273
1290
1312
1379
1406
1434
1471
1508
1543
1588
1629
1798
1837
1877
1911
2043
2083
2121
2148
2225
2243
2255
2274
2286
2322
2331
2339
2348
2356
2362
2369
2380
2421
2435
2444
2456
2508
2518
2528
2541
2551
2574
2584
2590
2596
2599
2602
2603
2604
2575
2562
2550
2540
2501
2491
2476
2466
2417
2402
2384
2378
2369
2335
2322
2306
2294
2287
2277
2270
2260
2222
2214
2203
2193
2164
2155
2149
2136
2093
2087
2079
2073
2064
2029
2013
2004
2001
1990
1977
1960
1949
1900
1886
1868
1856
1795
1778
1765
1750
1740
1710
1698
1681
1671
1661
1648
1638
1634
1602
1595
1600
1607
1621
1625
1633
1645
1673
1685
1693
1693
1704
1712
1718
1717
1719
1726
1722
1728
1734
1747
1750
1751
1753
1781
1793
1812
1832
1846
1888
1902
1917
1932
1947
1965
1975
1989
2042
2053
2072
2092
2148
2163
2185
2194
2235
2248
2264
2274
2285
2305
2308
2313
2319
2319
2323
2327
2331
2329
2331
2323
2317
2308
2301
2297
2296
2289
2280
2274
2266
2256
2221
2214
2210
2211
2214
2219
2218
2217
2213
2214
2216
2215
2228
2231
2235
2242
2244
2235
2236
2226
2221
2224
2227
2227
2217
2169
2149
2137
2129
2073
2069
2059
2050
2038
1980
1965
1949
1936
1932
1926
1917
1907
1876
1867
1854
1844
1837
1834
1832
1836
1835
1820
1824
1830
1836
1842
1842
1844
1841
1844
1827
1827
1828
1829
1825
1827
1829
1833
1819
1820
1821
1816
1812
1809
1812
1810
1815
1817
1815
1820
1824
1812
1812
1819
1826
1825
1827
1836
1843
1863
1875
1889
1902
1940
1954
1968
1986
1998
2031
2037
2045
2048
2060
2071
2076
2095
2116
2114
2112
2116
2123
2121
2127
2127
2097
2100
2096
2096
2099
2092
2088
2088
2089
2093
2092
2089
2095
2113
2115
2114
2117
2135
2138
2141
2140
2154
2155
2160
2164
2162
2160
2164
2168
2165
2165
2169
2167
2164
2166
2159
2160
2155
2137
2128
2125
2121
2128
2115
2114
2106
2095
2089
2084
2080
2067
2048
2042
2044
2037
2022
2018
2015
2016
2012
2015
2010
2011
2013
2004
2001
1996
1993
1990
1988
1988
1984
1965
1966
1959
1956
1931
1924
1917
1914
1916
1909
1909
1905
1899
1895
1894
1895
1898
1905
1904
1910
1915
1931
1928
1932
1936
1944
1948
1952
1950
1953
1973
1975
1973
1974
1972
1979
1989
2002
2025
2028
2027
2032
2049
2050
2051
2052
2057
2061
2062
2066
2069
2070
2077
2079
2081
2091
2095
2099
2101
2100
2099
2101
2105
2108
2109
2113
2114
2117
2119
2121
2115
2108
2109
2109
2115
2119
2119
2115
2117
2118
2116
2116
2112
2105
2103
2085
2083
2078
2074
2049
2037
2025
2020
2010
1992
1991
1986
1984
1981
1976
1971
1967
1964
1963
1961
1960
1942
1944
1948
1946
1946
1937
1937
1940
1941
1941
1936
1932
1927
1933
1937
1939
1937
1955
1958
1964
1967
1982
1993
1998
2004
2006
2023
2032
2039
2039
2041
2046
2049
2050
2066
2065
2066
2068
2064
2069
2074
2076
2082
2080
2077
2078
2074
2074
2072
2075
2076
2066
2055
2046
2041
2020
2020
2014
2006
1989
1989
1997
2000
2010
2009
2009
2003
2005
2007
2004
2011
2016
2025
2024
2023
2029
2054
2058
2067
2078
2086
2091
2092
2097
2101
2113
2122
2130
2127
2125
2127
2120
2116
2108
2105
2106
2100
2095
2076
2069
2066
2062
2055
2050
2047
2042
2034
2027
2027
2015
2013
2005
1997
1994
1993
1984
1980
1983
1981
1982
1985
1984
1983
1973
1967
1967
1966
1961
1954
1950
1948
1944
1943
1939
1937
1932
1932
1932
1933
1933
1931
1933
1940
1944
1947
1951
1958
1964
1971
1975
1979
1991
1998
2022
2032
2035
2044
2071
2076
2077
2084
2109
2108
2119
2123
2117
2113
2111
2107
2102
2101
2094
2089
2086
2080
2078
2077
2073
2042
2045
2046
2038
2038
2024
2019
2021
2019
2019
2017
2019
2016
2032
2029
2032
2038
2043
2049
2056
2060
2080
2083
2082
2084
2090
2101
2107
2107
2106
2111
2110
2108
2109
2100
2098
2088
2079
2055
2054
2051
2054
2052
2025
2019
2009
2002
1999
1989
1982
1978
1966
1961
1956
1952
1933
1934
1934
1930
1907
1906
1907
1907
1912
1914
1914
1914
1917
1921
1920
1927
1931
1949
1951
1954
1956
1960
1964
1972
1975
1976
1981
1979
1982
1983
1977
1979
1982
1987
1981
1980
1983
1986
2016
2022
2027
2026
2040
2037
2040
2044
2050
2075
2079
2083
2092
2096
2098
2093
2098
2117
2125
2127
2131
2124
2123
2124
2120
2120
2117
2119
2122
2127
2118
2106
2101
2094
2068
2069
2064
2065
2058
2064
2066
2063
2072
2076
2081
2081
2082
2079
2081
2081
2077
2079
2083
2079
2078
2062
2062
2061
2059
2050
2050
2054
2050
2040
2032
2030
2023
2019
2013
2016
2016
2019
2010
2005
2002
1999
1991
1988
1988
1984
1971
1965
1965
1962
1964
1971
1965
1966
1969
1970
1971
1974
1975
1975
1985
1989
1991
2000
1999
1996
1995
1996
2012
2016
2022
2022
2027
2022
2017
2016
2007
2003
2002
1993
1984
1980
1977
1974
1967
1962
1958
1955
1950
1937
1942
1942
1942
1936
1936
1941
1943
1941
1943
1950
1956
1971
1973
1982
1986
1991
1996
2001
2004
2010
2014
2024
2025
2034
2042
2045
2054
2060
2078
2082
2083
2087
2101
2102
2107
2113
2115
2106
2106
2105
2106
2103
2101
2097
2096
2097
2096
2095
2096
2097
2101
2098
2094
2097
2097
2105
2103
2103
2100
2095
2098
2099
2097
2091
2082
2076
2072
2072
2072
2072
2059
2060
2055
2043
2043
2039
2033
2029
2027
2020
2018
2018
2019
2006
2003
1999
1993
1974
1975
1978
1977
1978
1986
1984
1984
1987
1988
1994
1995
1999
2011
2022
2023
2024
2021
2020
2019
2019
2024
2021
2012
2014
2014
2002
1996
1995
1992
1987
1985
1982
1973
1953
1949
1949
1951
1933
1930
1927
1930
1936
1933
1930
1934
1932
1934
1938
1940
1952
1977
1981
1984
1994
2019
2020
2019
2032
2042
2035
2029
2014
2006
1979
1974
1969
1966
1968
1967
1970
1980
2010
2021
2024
2030
2045
2050
2058
2067
2078
2100
2098
2103
2103
2100
2093
2087
2082
2060
2061
2071
2080
2097
2093
2094
2083
2059
2060
2066
2078
2088
2122
2124
2128
2121
2104
2085
2067
2047
1984
1978
1975
1976
1986
1995
1996
2004
2005
2005
2007
2018
2026
2032
2031
2036
2038
2034
2032
2032
2038
2043
2060
2070
2080
2142
2147
2155
2168
2175
2162
2156
2160
2159
2155
2153
2155
2158
2110
2088
2061
2034
1928
1911
1893
1885
1880
1854
1856
1860
1860
1858
1870
1882
1897
1989
2012
2042
2062
2121
2133
2130
2118
2052
2029
2004
1989
1970
1934
1924
1920
1917
1915
1914
1914
1911
1940
1950
1972
2002
2111
2139
2162
2181
2191
2200
2202
2204
2204
2201
2191
2184
2176
2144
2127
2118
2105
2094
2081
2067
2057
2052
2060
2062
2073
2082
2095
2109
2122
2132
2140
2154
2149
2146
2140
2134
2120
2102
2085
2015
1992
1973
1953
1918
1908
1898
1895
1903
1907
1905
1903
1906
1896
1894
1892
1891
1890
1892
1886
1884
1873
1870
1865
1865
1873
1875
1880
1889
1898
1932
1949
1955
1960
1960
1961
1967
1971
1975
1979
1975
1974
1970
1968
1966
1962
1940
1942
1938
1942
1938
1916
1908
1905
1907
1902
1903
1904
1900
1886
1884
1884
1882
1888
1893
1900
1914
1918
1947
1957
1966
1977
1985
2001
2012
2022
2053
2062
2068
2075
2067
2068
2063
2063
2044
2027
2013
1994
1983
1963
1974
1990
2018
2032
2055
2077
2102
2206
2227
2248
2267
2379
2400
2415
2421
2420
2379
2355
2332
2302
2272
2245
2224
2198
2157
2150
2146
2143
2144
2146
2157
2172
2225
2235
2245
2253
2258
2244
2240
2234
2221
2214
2207
2198
2188
2132
2111
2091
2070
1999
1988
1971
1967
1969
1956
1952
1947
1951
1948
1952
1954
1954
1909
1889
1866
1843
1755
1741
1728
1717
1716
1714
1717
1721
1724
1723
1725
1729
1735
1772
1785
1805
1831
1861
1879
1893
1899
1906
1915
1918
1921
1921
1926
1929
1926
1922
1917
1905
1912
1905
1908
1911
1923
1944
1967
2092
2127
2168
2205
2348
2385
2417
2452
2534
2550
2562
2570
2577
2574
2567
2561
2553
2551
2543
2532
2519
2440
2426
2406
2394
2321
2304
2286
2264
2240
2146
2115
2083
2056
2027
1998
1974
1950
1879
1852
1834
1814
1787
1766
1745
1729
1714
1685
1679
1680
1672
1660
1647
1636
1623
1615
1591
1583
1582
1575
1568
1567