2410
2402
2354
2342
2327
2305
2279
2248
2212
2173
2030
2005
1984
1978
1948
1944
1933
1915
1906
1863
1859
1853
1858
1871
1891
1906
1931
1980
1993
2009
2030
2134
2162
2185
2206
2295
2321
2346
2375
2392
2455
2475
2493
2517
2540
2568
2596
2626
2739
2761
2782
2800
2816
2807
2789
2772
2754
2707
2685
2662
2634
2614
2592
2575
2547
2414
2390
2365
2349
2273
2255
2240
2220
2143
2127
2115
2102
2089
2054
2035
2025
2013
2000
1994
1986
1978
1962
1962
1965
1965
1964
1958
1946
1932
1920
1838
1806
1773
1738
1707
1669
1633
1602
1438
1401
1366
1334
1242
1240
1238
1240
1275
1290
1316
1348
1379
1489
1526
1567
1611
1652
1692
1731
1775
1947
1988
2026
2065
2185
2205
2233
2255
2282
2344
2358
2365
2380
2395
2401
2406
2413
2434
2440
2442
2449
2458
2454
2451
2435
2381
2360
2336
2308
2285
2215
2194
2168
2145
2113
2087
2066
2043
1981
1961
1942
1925
1859
1840
1822
1798
1774
1690
1675
1655
1637
1621
1607
1594
1590
1575
1570
1563
1559
1562
1566
1574
1579
1580
1612
1622
1625
1623
1614
1616
1616
1621
1630
1649
1655
1668
1681
1688
1700
1715
1730
1786
1808
1831
1848
1914
1936
1955
1974
2067
2101
2125
2149
2170
2200
2206
2205
2207
2214
2222
2231
2233
2210
2204
2198
2197
2152
2141
2130
2115
2098
2045
2032
2018
2010
2005
2000
1993
1989
1954
1948
1947
1949
1951
1953
1962
1964
1997
2006
2015
2023
2035
2098
2121
2135
2145
2155
2167
2181
2191
2246
2247
2250
2263
2274
2275
2277
2275
2270
2245
2237
2227
2225
2221
2218
2212
2210
2207
2210
2207
2205
2211
2207
2206
2206
2184
2179
2177
2175
2167
2151
2150
2142
2141
2147
2150
2153
2155
2179
2191
2195
2204
2215
2221
2221
2224
2217
2215
2212
2208
2207
2206
2201
2204
2197
2149
2143
2133
2117
2042
2023
2003
1990
1915
1899
1884
1872
1860
1821
1810
1795
1783
1772
1762
1760
1758
1753
1749
1743
1745
1746
1745
1748
1758
1765
1794
1802
1812
1821
1826
1831
1843
1852
1864
1876
1883
1886
1904
1898
1894
1892
1894
1895
1901
1911
1913
1923
1929
1939
1953
1967
1972
1980
1991
2030
2045
2059
2072
2114
2129
2142
2154
2165
2184
2188
2191
2194
2197
2189
2180
2171
2156
2145
2145
2144
2113
2102
2095
2080
2039
2033
2029
2020
2016
1989
1985
1980
1973
1965
1960
1963
1963
1960
1959
1961
1963
1968
1973
1981
1986
2007
2006
2006
2011
2011
2032
2041
2048
2057
2063
2067
2076
2084
2105
2107
2105
2102
2126
2126
2127
2129
2123
2107
2102
2097
2090
2086
2075
2063
2060
2041
2035
2024
2018
1981
1973
1972
1975
1948
1955
1957
1963
1967
1972
1971
1976
1982
1980
1985
1987
1992
2007
2006
2004
2009
1999
1998
1997
2001
1999
1997
1995
1999
2005
2009
2004
2000
2001
1998
2002
2005
2004
1994
1991
1992
2003
2012
2019
2021
2020
2022
2021
2024
2032
2037
2045
2051
2055
2058
2081
2079
2082
2085
2115
2122
2126
2124
2123
2120
2125
2130
2128
2132
2137
2133
2136
2120
2120
2115
2114
2106
2104
2108
2106
2097
2102
2103
2104
2097
2087
2082
2071
2069
2064
2062
2061
2053
2029
2029
2029
2023
2015
2013
2014
2007
2002
2003
2001
2001
2005
1994
1992
1984
1982
1984
1983
1984
1976
1953
1953
1949
1949
1911
1904
1909
1906
1906
1897
1888
1883
1885
1884
1889
1895
1898
1912
1909
1917
1920
1929
1929
1933
1937
1941
1952
1960
1971
1983
2003
2007
2009
2016
2028
2030
2034
2035
2051
2056
2058
2064
2053
2054
2051
2043
2037
2033
2032
2033
2028
2018
2015
2008
2009
2011
2008
2004
2009
2012
2017
2018
2022
2021
2019
2020
2021
2028
2033
2035
2039
2050
2060
2067
2068
2074
2096
2110
2120
2127
2133
2133
2128
2126
2135
2135
2132
2124
2125
2109
2098
2092
2087
2086
2081
2079
2077
2052
2048
2040
2041
2034
2030
2026
2023
2028
2013
2014
2020
2023
2026
2028
2030
2034
2036
2036
2038
2031
2033
2032
2037
2036
2036
2035
2033
2029
2026
2024
2024
2026
2028
2026
2030
2031
2027
1995
1996
1992
1985
1978
1977
1972
1960
1955
1951
1952
1952
1947
1950
1952
1957
1960
1969
1971
1966
1963
1966
1970
1979
1987
1989
1995
1993
1987
1982
1983
1990
2001
2000
2004
2009
2007
2001
2006
2007
2008
2014
2024
2018
2019
2027
2033
2039
2050
2050
2049
2052
2055
2051
2048
2045
2043
2040
2034
2034
2039
2040
2042
2041
2041
2045
2050
2048
2053
2063
2063
2071
2073
2076
2082
2090
2089
2090
2100
2105
2106
2103
2104
2099
2098
2101
2091
2093
2096
2092
2077
2077
2077
2071
2047
2046
2038
2029
2027
2015
2007
2010
2004
2000
1993
1989
1981
1955
1959
1953
1952
1945
1942
1945
1946
1952
1959
1962
1962
1967
1971
1973
1975
1980
1973
1970
1972
1971
1980
1980
1977
1980
1972
1974
1980
1986
1991
2009
2011
2012
2019
2019
2015
2012
2012
2040
2038
2035
2035
2023
2024
2023
2024
2027
2020
2021
2021
2028
2033
2033
2035
2039
2054
2054
2063
2069
2075
2073
2074
2076
2074
2071
2066
2060
2056
2050
2043
2041
2042
2034
2034
2032
2030
2027
2029
2025
2022
2029
2031
2037
2034
2049
2051
2051
2053
2056
2049
2055
2052
2049
2046
2048
2055
2061
2094
2099
2112
2126
2154
2160
2165
2171
2181
2173
2171
2158
2151
2144
2148
2145
2144
2099
2088
2080
2074
2049
2042
2033
2026
1997
1992
1988
1985
1981
1968
1966
1956
1950
1946
1942
1941
1940
1916
1915
1916
1917
1921
1923
1925
1924
1924
1935
1938
1937
1948
1949
1948
1947
1955
1969
1974
1985
1985
1974
1974
1977
1979
1963
1959
1960
1958
1959
1960
1954
1949
1951
1954
1953
1954
1959
1987
1996
2005
2006
2019
2019
2023
2023
2029
2028
2030
2025
2025
2030
2030
2025
2026
2033
2034
2036
2032
2037
2033
2040
2040
2042
2039
2038
2030
2023
2008
2001
1993
1992
1987
1986
1979
1969
1924
1916
1906
1891
1866
1864
1873
1879
1877
1860
1858
1845
1834
1828
1823
1817
1806
1805
1802
1804
1807
1819
1832
1835
1821
1782
1633
1586
1551
1530
1512
1508
1512
1526
1545
1644
1678
1707
1736
1763
1793
1826
1871
2058
2103
2141
2175
2366
2430
2485
2541
2707
2732
2751
2773
2798
2629
2290
2053
2078
2231
2345
2432
2567
3027
3108
3125
3110
3079
3125
3235
3296
3299
3276
3232
3227
3237
3196
3102
3021
3013
2943
2919
2892
2848
2600
2499
2415
2343
1903
1799
1711
1630
1551
1360
1255
1107
952
848
789
738
671
327
290
285
294
258
270
302
354
437
841
1007
1236
1517
1810
2082
2326
2520
3012
3130
3254
3382
3677
3678
3669
3654
3666
3668
3663
3632
3571
3261
3132
3001
2865
2696
2519
2371
2248
1875
1777
1664
1553
1044
906
778
677
616
517
478
426
358
276
202
160
150
170
177
184
189
176
180
185
197
210
263
282
313
351
389
433
475
520
690
761
832
902
976
1050
1129
1214
1299
1527
1602
1689
1783
1887
1981
2080
2172
2429
2497
2571
2656
2748
3057
3164
3274
3384
3497
3599
3698
3792
4088
4090
4090
4089
4088
4089
4090
4087
4089
4090
4090
4090
4089
4090
4088
4091
4091
3800
3663
3519
3357
2684
2512
2344
2188
1668
1558
1471
1392
1316
1159
1122
1091
1057
1021
985
946
920
971
1023
1089
1154
1368
1406
1437
1455
1481
1614
1661
1707
1743
1763
1771
1765
1745
1616
1585
1555
1523
1390
1363
1341
1322
1307
1274
1266
1266
1272
1289
1295
1309
1324
1398
1436
1488
1541
1605
1680
1765
1846
1929
2156
2221
2281
2340
2403
2467
2535
2604
2671
2828
2867
2907
2932
2958
2971
2979
2987
3038
3047
3051
3044
2904
2854
2800
2746
2481
2415
2354
2292
2229
2008
1931
1858
1786
1714
1647
1579
1510
1293
1242
1200
1162
1035
1011
989
979
979
1003
1025
1054
1091
1134
1180
1238
1297
1536
1602
1671
1738
1990
2054
2113
2169
2412
2460
2506
2558
2599
2708
2735
2754
2779
2800
2816
2833
2844
2865
2862
2856
2856
2838
2842
2843
2846
2854
2866
2876
2885
2902
2920
2930
2935
2940
2922
2906
2887
2869
2758
2721
2684
2643
2437
2389
2331
2270
2209
1977
1903
1821
1749
1678
1601
1538
1472
1236
1189
1147
1103
992
963
943
931
931
939
951
970
992
1006
1018
1038
1064
1195
1225
1255
1287
1455
1507
1563
1611
1801
1847
1894
1938
1983
2102
2127
2156
2184
2212
2242
2268
2292
2340
2338
2338
2336
2283
2270
2251
2225
2201
2112
2083
2053
2021
1985
1952
1918
1893
1796
1776
1765
1759
1753
1760
1777
1792
1799
1866
1894
1922
1954
1987
2027
2060
2096
2196
2226
2252
2276
2291
2304
2315
2322
2329
2331
2328
2314
2305
2298
2279
2262
2239
2216
2132
2102
2073
2044
2015
1980
1950
1920
1841
1813
1794
1771
1726
1724
1732
1746
1815
1841
1868
1891
1920
2002
2034
2063
2094
2123
2154
2188
2210
2316
2340
2358
2370
2431
2437
2441
2441
2448
2450
2442
2428
2415
2408
2402
2391
2380
2302
2284
2261
2243
2179
2165
2147
2134
2082
2073
2063
2050
2036
2006
2001
1992
1984
1979
1966
1955
1944
1929
1925
1924
1928
1928
1933
1938
1939
1942
1928
1920
1904
1883
1867
1855
1838
1816
1730
1710
1683
1657
1574
1553
1544
1535
1513
1518
1524
1525
1533
1570
1589
1608
1626
1649
1681
1710
1743
1876
1909
1947
1990
2147
2192
2230
2270
2300
2388
2416
2441
2457
2479
2504
2515
2522
2514
2506
2505
2503
2449
2437
2417
2390
2288
2261
2235
2216
2195
2135
2121
2113
2099
2096
2093
2082
2067
2031
2029
2036
2045
2105
2122
2139
2154
2173
2195
2192
2190
2196
2211
2216
2211
2209
2171
2165
2160
2145
2118
2114
2118
2120
2084
2059
2029
2002
1988
1933
1914
1894
1873
1854
1837
1818
1794
1757
1756
1750
1751
1746
1747
1750
1757
1752
1773
1790
1798
1815
1827
1842
1855
1867
1874
1876
1884
1893
1957
1972
1984
1993
1993
1995
1996
1995
1997
1991
1981
1971
1969
1968
1964
1961
1945
1939
1935
1937
1936
1920
1915
1911
1911
1918
1913
1919
1922
1922
1925
1932
1944
1957
1986
2000
2012
2026
2052
2066
2074
2083
2126
2128
2127
2133
2132
2097
2091
2080
2066
2055
2043
2038
2036
2021
2025
2033
2038
2036
2034
2037
2040
2048
2039
2042
2050
2051
2053
2061
2065
2066
2095
2109
2130
2143
2198
2204
2210
2215
2240
2244
2246
2249
2251
2241
2233
2226
2225
2217
2206
2194
2188
2141
2127
2107
2093
2030
2018
2012
2002
1997
1964
1953
1944
1933
1919
1907
1891
1885
1871
1879
1885
1890
1921
1921
1931
1941
1970
1977
1980
1993
2000
2036
2051
2056
2059
2065
2068
2074
2083
2108
2110
2115
2116
2100
2096
2100
2100
2090
2080
2074
2065
2061
2060
2052
2039
2028
2006
1993
1997
1993
1992
1990
1990
2003
2009
2013
2020
2020
2021
2007
2015
2020
2028
2030
2034
2033
2030
2022
2028
2028
2027
2026
2020
2013
2013
2013
1993
1989
1980
1969
1959
1953
1948
1941
1895
1889
1883
1875
1853
1860
1862
1854
1858
1863
1867
1877
1879
1893
1890
1899
1907
1920
1935
1939
1943
1987
2004
2019
2038
2080
2085
2091
2096
2095
2102
2106
2110
2117
2112
2112
2114
2109
2101
2102
2098
2094
2096
2088
2081
2079
2081
2081
2077
2072
2071
2057
2060
2064
2066
2064
2067
2075
2077
2092
2102
2108
2117
2118
2118
2119
2122
2129
2112
2108
2106
2104
2104
2104
2110
2113
2098
2092
2089
2084
2079
2069
2065
2060
2047
2035
2028
2019
2010
1999
1979
1965
1958
1955
1938
1922
1918
1915
1909
1907
1905
1908
1903
1902
1911
1923
1951
1953
1958
1965
1989
1987
1992
1998
2004
2013
2019
2026
2036
2038
2045
2046
2048
2056
2057
2066
2073
2070
2064
2059
2060
2054
2045
2044
2042
2043
2042
2039
2035
2033
2042
2048
2049
2052
2051
2051
2052
2049
2062
2064
2067
2067
2066
2074
2075
2076
2077
2074
2075
2076
2072
2062
2055
2047
2043
2003
1997
1991
1981
1969
1933
1921
1917
1912
1910
1905
1903
1900
1891
1892
1897
1896
1898
1897
1896
1900
1920
1930
1944
1958
1974
2002
2013
2027
2043
2055
2068
2085
2092
2120
2125
2133
2138
2175
2187
2188
2183
2185
2182
2181
2174
2170
2164
2160
2159
2151
2132
2130
2128
2125
2100
2091
2089
2087
2045
2035
2031
2025
2014
1987
1976
1972
1974
1972
1972
1965
1960
1947
1948
1947
1940
1936
1941
1944
1950
1952
1966
1974
1980
1979
1978
1984
1984
1985
1988
1994
2008
2017
2024
2024
2024
2029
2030
2035
2042
2042
2038
2037
2043
2043
2042
2042
2042
2042
2044
2060
2055
2054
2059
2039
2040
2044
2045
2046
2044
2040
2044
2049
2054
2053
2044
2038
2020
2010
2001
1994
1948
1945
1942
1936
1930
1931
1925
1915
1910
1905
1897
1892
1896
1900
1905
1909
1916
1915
1919
1932
1939
1949
1973
1983
1993
2006
2019
2027
2034
2041
2050
2075
2084
2090
2104
2111
2113
2115
2127
2163
2159
2164
2172
2173
2170
2170
2167
2163
2159
2155
2157
2157
2153
2146
2145
2145
2107
2100
2094
2086
2035
2035
2027
2020
1988
1982
1982
1977
1974
1984
1980
1983
1987
1993
1995
2000
2008
2031
2037
2043
2042
2037
2038
2044
2046
2044
2040
2037
2035
2031
2022
2013
2014
2012
1996
1992
1988
1982
1957
1955
1953
1944
1916
1914
1916
1916
1923
1928
1924
1922
1923
1928
1932
1929
1934
1965
1964
1970
1977
2011
2025
1967
1842
1738
1627
1660
1738
1807
1879
1971
2056
2114
2165
2180
2174
2185
2257
2247
2234
2208
2190
2146
2130
2111
2109
2118
2110
2089
2078
2053
2060
2071
2068
2065
2062
2052
2022
1989
1918
1896
1861
1830
1809
1797
1784
1770
1752
1691
1676
1670
1655
1631
1603
1572
1549
1518
1540
1554
1549
1497
1488
1485
1474
1468
1481
1507
1552
1610
1672
1721
1766
1813
1939
1994
2071
2155
2257
2368
2479
2581
2683
2985
3091
3196
3295
3388
3472
3554
3644
3730
3938
3993
4026
4036
4029
4016
4007
3998
3885
3832
3777
3711
3337
3223
3107
2994
2598
2499
2399
2287
2158
1710
1576
1447
1330
1220
1108
1001
891
426
312
204
144
121
119
117
115
114
110
110
110
112
111
115
115
121
157
173
196
238
536
643
758
879
1366
1492
1623
1755
1888
2274
2394
2517
2647
2769
2890
2998
3106
3453
3529
3599
3642
3313
3277
3271
3307
3361
3444
3439
3413
3396
3379
3359
3355
3352
3339
3293
3245
3189
2974
2914
2853
2789
2549
2480
2401
2320
2237
2000
1941
1874
1815
1766
1721
1689
1667
1592
1585
1589
1597
1647
1659
1670
1678
1679
1624
1593
1557
1528
1505
1491
1492
1508
1551
1571
1595
1624
1650
1665
1681
1687
1701
1743
1774
1808
1844
1868
1871
1858
1837
1818
1746
1732
1719
1712
1690
1661
1631
1601
1546
1538
1532
1522
1535
1545
1551
1556
1556
1550
1580
1621
1668
1717
1769
1822
1865
1981
2013
2039
2045
2049
2051
2056
2057
2070
2095
2093
2083
2067
2054
2036
2022
2012
2016
2043
2064
2074
2086
2088
2088
2081
2059
1957
1921
1888
1849
1626
1570
1516
1473
1310
1281
1261
1252
1247
1228
1229
1238
1270
1313
1357
1406
1457
1629
1677
1730
1782
2004
2063
2122
2178
2244
2439
2503
2574
2645
2708
2760
2811
2865
3096
3160
3230
3300
3523
3560
3588
3602
3646
3640
3626
3613
3596
3515
3480
3441
3403
3361
3320
3284
3249
3098
3058
3020
2983
2794
2742
2684
2617
2551
2337
2271
2213
2154
2096
2036
1979
1914
1656
1593
1526
1465
1239
1199
1160
1129
1058
1050
1042
1033
1033
1013
1011
1020
1034
1057
1076
1104
1126
1252
1280
1314
1342
1429
1455
1492
1525
1562
1674
1722
1761
1813
1848
1889
1920
1945
1990
2000
2005
2014
2042
2049
2050
2041
1968
1950
1946
1931
1918
1875
1867
1844
1828
1811
1795
1778
1750
1622
1598
1574
1554
1512
1513
1512
1513
1511
1512
1509
1516
1528
1538
1548
1564
1583
1706
1736
1765
1802
1901
1916
1928
1940
2031
2058
2086
2110
2134
2182
2193
2209
2219
2235
2244
2250
2260
2304
2314
2324
2324
2331
2331
2335
2340
2341
2355
2357
2366
2371
2381
2388
2400
2405
2436
2449
2463
2482
2522
2535
2550
2561
2587
2596
2599
2611
2626
2663
2675
2691
2708
2723
2733
2737
2740
2733
2726
2722
2711
2653
2636
2610
2580
2458
2421
2394
2364
2337
2228
2201
2176
2154
2118
2080
2044
2011
1855
1818
1783
1751
1615
1585
1559
1533
1504
1428
1409
1391
1376
1368
1356
1346
1339
1307
1300
1293
1289
1266
1260
1257
1267
1318
1329
1337
1347
1368
1413
1429
1443
1463
1484
1503
1528
1555
1650
1678
1704
1737
1861
1895
1923
1950
1978
2059
2083
2107
2139
2163
2183
2203
2217
2268
2271
2285
2293
2316
2319
2324
2327
2302
2294
2294
2284
2283
2263
2250
2242
2238
2231
2219
2204
2192
2145
2136
2128
2121
2105
2109
2109
2112
2119
2132
2135
2142
2152
2165
2179
2186
2196
2236
2245
2262
2271
2296
2298
2301
2304
2287
2287
2290
2293
2295
2287
2275
2265
2253
2244
2226
2214
2208
2153
2138
2126
2110
2020
2002
1986
1971
1952
1906
1899
1887
1870
1861
1853
1850
1846
1837
1833
1830
1828
1858
1864
1869
1872
1892
1895
1902
1910
1922
1931
1927
1928
1936
1940
1945
1951
1963
1963
1962
1957
1951
1926
1925
1925
1922
1925
1914
1912
1903
1901
1902
1897
1897
1893
1873
1871
1867
1864
1854
1855
1848
1846
1866
1872
1881
1885
1890
1901
1902
1909
1919
1927
1933
1938
1950
1976
1984
1997
2013
2050
2061
2075
2092
2096
2119
2134
2151
2167
2184
2198
2209
2226
2250
2256
2261
2267
2274
2277
2288
2305
2312
2324
2333
2337
2338
2345
2344
2344
2346
2355
2345
2347
2344
2345
2340
2333
2327
2323
2269
2263
2257
2246
2188
2173
2156
2139
2069
2054
2037
2029
2017
1974
1958
1940
1925
1913
1904
1891
1880
1847
1841
1831
1831
1823
1821
1818
1820
1823
1816
1809
1806
1807
1806
1806
1812
1822
1839
1849
1852
1854
1889
1891
1896
1903
1942
1950
1954
1957
1966
1978
1978
1984
1982
1982
1984
1988
1996
2002
2005
2005
1997
1981
1983
1979
1984
1985
1987
1990
1995
1994
1996
1997
2004
2007
2006
2005
2004
2006
2022
2032
2034
2038
2055
2061
2066
2070
2073
2072
2072
2071
2071
2073
2070
2074
2071
2055
2047
2050
2054
2055
2051
2048
2046
2040
2025
2021
2020
2020
2015
2013
2021
2024
2007
2012
2019
2025
2045
2051
2057
2062
2079
2081
2084
2095
2102
2124
2130
2136
2141
2143
2148
2152
2150
2157
2161
2159
2156
2159
2163
2161
2159
2160
2149
2150
2149
2145
2137
2126
2113
2106
2066
2060
2056
2050
2046
2040
2036
2029
2025
2004
1997
1995
1995
1990
1985
1975
1973
1966
1951
1947
1944
1939
1933
1930
1936
1935
1911
1917
1914
1911
1905
1907
1915
1920
1922
1920
1917
1913
1910
1911
1910
1911
1914
1925
1927
1933
1940
1942
1939
1940
1941
1959
1966
1969
1975
1980
1999
2010
2016
2019
2018
2024
2033
2037
2071
2081
2086
2092
2102
2103
2106
2105
2107
2104
2101
2103
2107
2111
2109
2104
2104
2105
2098
2095
2096
2090
2094
2090
2093
2086
2087
2083
2079
2077
2057
2051
2046
2050
2045
2049
2045
2039
2013
2011
2014
2015
2008
2009
2008
2007
2000
1995
1990
1989
1989
1962
1958
1953
1949
1949
1951
1952
1956
1946
1946
1946
1953
1957
1960
1959
1965
1970
1977
1982
1985
1993
1996
1995
1995
2003
2010
2015
2021
2026
2045
2050
2056
2063
2068
2075
2078
2079
2081
2087
2089
2093
2103
2108
2106
2107
2101
2096
2097
2102
2094
2090
2080
2071
2063
2054
2038
2024
2011
2005
2005
1981
1975
1964
1961
1959
1960
1956
1957
1950
1946
1945
1946
1956
1954
1956
1958
1981
1987
1998
2010
2022
2036
2049
2054
2069
2073
2083
2095
2107
2125
2123
2130
2131
2151
2159
2170
2170
2168
2170
2168
2167
2168
2169
2171
2175
2175
2153
2151
2148
2147
2121
2117
2118
2116
2083
2069
2058
2051
2040
2012
2005
1995
1985
1986
1983
1974
1968
1928
1924
1920
1919
1901
1891
1885
1878
1856
1851
1850
1849
1844
1845
1847
1843
1846
1849
1850
1847
1853
1865
1870
1876
1882
1916
1920
1926
1933
1941
1957
1963
1970
1978
1996
2010
2020
2027
2065
2071
2083
2095
2125
2128
2140
2145
2142
2148
2146
2145
2148
2144
2139
2135
2130
2127
2118
2116
2117
2091
2091
2086
2082
2054
2046
2045
2044
2049
2047
2042
2043
2046
2038
2035
2036
2036
2043
2049
2056
2061
2068
2058
2053
2056
2045
2037
2033
2032
2032
2040
2039
2041
2038
2041
2034
2035
2038
2014
2009
2000
2001
1996
1995
1991
2001
2008
2009
2007
2007
2009
2008
2002
2003
2012
2024
2023
2022
2020
2033
2036
2039
2043
2050
2049
2049
2050
2055
2057
2056
2053
2050
2053
2056
2054
2050
1971
1945
1923
1903
1803
1780
1760
1744
1734
1705
1698
1684
1669
1658
1644
1633
1628
1577
1558
1536
1510
1495
1475
1457
1442
1427
1394
1387
1389
1387
1388
1397
1417
1440
1464
1580
1634
1684
1747
1829
1904
1989
2086
2522
2646
2768
2882
3364
3480
3595
3709
4084
4091
4090
4087
4089
4089
4090
4087
4088
4090
4088
4089
4090
4032
3943
3826
3694
3033
2857
2667
2466
2267
1652
1441
1234
1043
856
666
479
305
99
94
92
90
80
80
79
77
80
78
78
80
81
81
84
88
89
105
113
123
141
412
551
707
873
1566
1735
1904
2057
2209
2624
2749
2859
2971
3076
3176
3273
3363
3584
3618
3646
3669
3682
3666
3638
3619
3471
3422
3384
3337
3285
3140
3095
3040
2974
2917
2853
2790
2725
2424
2357
2299
2246
2074
2039
2003
1969
1948
1838
1801
1774
1739
1706
1666
1622
1570
1393
1344
1305
1275
1187
1187
1190
1199
1249
1271
1306
1339
1369
1432
1439
1451
1462
1463
1457
1454
1451
1427
1413
1398
1398
1383
1369
1360
1362
1369
1383
1397
1411
1433
1461
1493
1521
1550
1699
1762
1826
1900
2200
2271
2354
2435
2746
2824
2890
2965
3040
3236
3290
3336
3377
3420
3457
3494
3522
3595
3599
3590
3577
3393
3330
3253
3176
3103
2858
2768
2672
2572
2465
2357
2247
2139
1722
1629
1540
1457
1139
1068
999
928
673
619
573
543
515
465
449
436
436
442
448
463
482
566
604
649
700
1013
1116
1227
1340
1456
1801
1927
2057
2184
2307
2441
2560
2684
3027
3081
3130
3171
3268
3291
3313
3341
3409
3412
3413
3406
3407
3388
3381
3364
3347
3328
3301
3274
3250
3099
3054
3017
2975
2773
2711
2641
2572
2502
2299
2232
2163
2103
2048
1987
1922
1854
1622
1569
1524
1487
1390
1368
1345
1314
1210
1190
1169
1157
1150
1158
1175
1203
1238
1275
1313
1362
1410
1628
1683
1739
1798
2033
2077
2121
2159
2188
2203
2202
2191
2178
2162
2146
2125
2102
1990
1964
1943
1917
1822
1808
1791
1778
1775
1783
1796
1807
1814
1797
1788
1773
1762
1747
1731
1707
1689
1623
1616
1613
1605
1573
1564
1564
1565
1568
1585
1603
1627
1650
1673
1698
1718
1733
1770
1780
1792
1805
1832
1837
1843
1847
1836
1835
1831
1831
1833
1830
1819
1808
1802
1795
1788
1775
1763
1710
1699
1699
1691
1698
1710
1717
1725
1731
1754
1760
1765
1773
1782
1804
1822
1843
1967
2007
2047
2086
2243
2280
2324
2369
2527
2575
2612
2642
2684
2750
2764
2773
2779
2785
2785
2799
2818
2861
2873
2884
2898
2933
2942
2950
2956
2959
2977
2970
2967
2962
2964
2964
2962
2955
2907
2888
2878
2860
2839
2818
2792
2767
2739
2651
2617
2587
2556
2520
2484
2436
2394
2357
2237
2198
2168
2131
2093
2059
2032
2004
1876
1832
1806
1777
1693
1679
1663
1644
1584
1570
1562
1559
1548
1519
1518
1520
1521
1526
1534
1539
1548
1574
1574
1574
1576
1585
1579
1578
1580
1574
1559
1562
1562
1564
1557
1554
1557
1563
1582
1593
1602
1616
1669
1683
1687
1700
1743
1754
1764
1777
1784
1807
1814
1826
1833
1841
1854
1869
1878
1922
1939
1954
1972
2051
2069
2090
2109
2122
2175
2187
2196
2203
2210
2212
2212
2214
2195
2184
2171
2160
2113
2100
2086
2073
2008
1991
1972
1953
1935
1877
1868
1863
1862
1858
1847
1842
1838
1825
1833
1840
1840
1894
1908
1917
1931
1979
2001
2012
2024
2041
2103
2121
2139
2159
2172
2191
2207
2222
2271
2278
2287
2289
2315
2325
2328
2339
2345
2375
2383
2394
2404
2408
2410
2418
2424
2421
2419
2410
2395
2328
2303
2279
2254
2129
2098
2074
2047
2027
1937
1912
1888
1869
1858
1837
1819
1804
1745
1734
1729
1721
1711
1706
1708
1703
1708
1706
1703
1711
1717
1746
1754
1764
1778
1788
1796
1807
1820
1875
1885
1897
1920
1971
1982
1990
1999
2014
2044
2053
2061
2072
2086
2100
2114
2124
2166
2171
2185
2199
2238
2247
2246
2249
2263
2263
2268
2268
2267
2242
2230
2221
2216
2214
2206
2200
2195
2155
2142
2136
2126
2074
2064
2063
2061
2067
2051
2051
2041
2035
2028
2026
2026
2019
2015
2021
2016
2015
2011
2009
2004
2007
1999
1999
2008
2015
2014
2020
2033
2043
2050
2065
2087
2100
2105
2112
2126
2130
2133
2140
2134
2134
2130
2120
2087
2073
2058
2039
1984
1971
1955
1941
1928
1902
1898
1881
1873
1872
1867
1859
1850
1839
1841
1848
1852
1877
1887
1902
1911
1973
1983
1997
2007
2021
2056
2070
2080
2087
2091
2098
2104
2104
2108
2109
2106
2101
2055
2045
2030
2022
2014
1966
1957
1946
1935
1927
1913
1904
1900
1870
1871
1869
1864
1871
1871
1867
1872
1885
1886
1893
1900
1900
1910
1914
1918
1931
1937
1935
1941
1951
1980
1985
1992
2003
2035
2044
2046
2047
2047
2067
2072
2079
2087
2092
2094
2099
2103
2126
2128
2131
2135
2150
2152
2162
2168
2183
2188
2196
2209
2211
2218
2215
2205
2200
2200
2195
2190
2186
2171
2161
2151
2141
2107
2104
2097
2086
2042
2036
2023
2010
1998
1972
1968
1964
1960
1956
1948
1947
1941
1931
1933
1932
1935
1944
1950
1957
1962
1970
1983
1985
1987
1990
1985
1986
1990
1992
1994
2002
2000
1991
1974
1976
1974
1969
1968
1966
1967
1968
1968
1954
1954
1957
1960
1964
1968
1972
1984
2004
2007
2015
2019
2043
2052
2056
2066
2075
2097
2109
2117
2123
2126
2128
2132
2130
2162
2171
2176
2176
2173
2171
2164
2161
2135
2133
2129
2123
2119
2096
2087
2078
2072
2067
2064
2057
2045
1997
1977
1967
1956
1925
1918
1904
1890
1853
1844
1835
1826
1818
1805
1806
1807
1805
1810
1810
1813
1820
1849
1858
1865
1872
1925
1938
1949
1963
1966
1994
2008
2012
2024
2040
2056
2069
2083
2120
2130
2145
2156
2186
2194
2200
2194
2188
2184
2188
2192
2189
2188
2182
2183
2183
2180
2176
2169
2164
2152
2141
2136
2130
2123
2097
2089
2078
2068
2064
2053
2040
2032
2021
1999
1985
1973
1972
1971
1965
1958
1950
1916
1919
1922
1918
1924
1920
1922
1924
1945
1951
1954
1953
1961
1970
1978
1981
1987
2001
2012
2017
2019
2030
2031
2037
2038
2048
2051
2052
2052
2057
2068
2070
2068
2071
2082
2085
2082
2083
2078
2076
2078
2082
2072
2069
2063
2058
2052
2049
2047
2043
2039
2046
2040
2031
2028
2027
2027
2026
2029
2029
2033
2033
2040
2047
2048
2052
2058
2058
2052
2053
2056
2056
2045
2034
2031
2032
2017
2007
2003
2006
2001
1998
1995
1994
1991
1973
1970
1962
1951
1944
1936
1934
1928
1924
1908
1905
1901
1902
1898
1903
1904
1906
1917
1909
1908
1912
1926
1935
1941
1950
1961
1975
1982
1978
1986
1995
2001
2008
2008
2037
2051
2059
2069
2081
2096
2103
2110
2115
2116
2122
2128
2134
2132
2130
2137
2133
2127
2168
2227
2290
2270
2286
2487
2628
2470
1546
1315
1251
1276
1703
1923
2059
2142
2042
2085
2164
2162
2179
2441
2385
2302
2253
2193
2140
2109
2111
2295
2284
2234
2191
2040
1959
1901
1887
1906
1955
1970
1951
1935
1917
1901
1914
1980
2163
2165
2103
1985
1273
1156
1128
1167
1493
1505
1501
1468
1392
1202
1195
1209
1255
1326
1432
1584
1729
2036
2123
2232
2360
2949
3077
3194
3292
3390
3579
3634
3717
3829
3970
4082
4090
4088
4075
4006
3910
3792
3181
3024
2877
2745
2279
2160
2028
1886
1747
1290
1128
949
776
602
456
336
240
147
147
151
154
174
180
190
206
233
312
348
393
447
517
611
737
885
1469
1565
1629
1663
1800
1903
2025
2168
2686
2800
2893
2976
3065
3349
3452
3553
3642
3711
3750
3754
3732
3469
3429
3403
3382
3335
3304
3252
3193
3134
2926
2794
2657
2531
2421
2318
2230
2150
1843
1821
1802
1781
1627
1558
1487
1401
1062
998
954
932
924
921
908
897
889
864
851
839
843
1002
1062
1130
1207
1599
1696
1795
1891
1983
2237
2297
2349
2391
2430
2459
2493
2524
2549
2540
2525
2506
2390
2368
2342
2308
2049
1970
1884
1803
1741
1672
1681
1697
1723
1750
1766
1772
1778
1761
1761
1766
1776
1855
1890
1933
1989
2045
2204
2245
2282
2302
2305
2295
2274
2250
2069
2041
2029
2045
2194
2220
2234
2241
2165
2144
2124
2107
2095
2048
2028
1995
1954
1906
1853
1807
1766
1669
1676
1691
1702
1772
1802
1837
1876
1918
2091
2150
2204
2254
2297
2335
2371
2398
2463
2464
2456
2441
2339
2318
2299
2285
2286
2280
2272
2268
2257
2213
2199
2196
2203
2221
2245
2284
2339
2564
2615
2660
2695
2774
2790
2807
2830
2851
2894
2896
2887
2863
2823
2769
2713
2651
2395
2328
2264
2202
1930
1858
1788
1717
1483
1435
1390
1355
1317
1229
1207
1189
1174
1163
1157
1161
1172
1212
1233
1264
1300
1438
1468
1494
1521
1546
1625
1654
1684
1710
1740
1768
1800
1836
1994
2020
2050
2074
2154
2176
2202
2228
2354
2384
2406
2422
2439
2437
2433
2422
2416
2408
2405
2397
2391
2353
2345
2338
2329
2277
2262
2253
2242
2231
2179
2161
2138
2102
2069
2036
2001
1950
1779
1735
1701
1678
1580
1565
1541
1518
1481
1475
1474
1482
1495
1563
1587
1607
1626
1638
1660
1680
1698
1776
1802
1840
1876
2018
2051
2074
2100
2128
2178
2192
2206
2221
2222
2236
2243
2255
2264
2263
2247
2227
2135
2116
2097
2083
2003
1982
1964
1946
1918
1872
1860
1845
1842
1839
1837
1842
1845
1897
1913
1933
1953
2061
2082
2104
2136
2165
2229
2246
2265
2277
2288
2295
2293
2293
2284
2278
2276
2276
2236
2221
2200
2182
2103
2086
2074
2065
2059
2032
2027
2020
2025
2031
2030
2037
2044
2080
2093
2113
2138
2207
2215
2224
2224
2218
2200
2184
2167
2147
2130
2111
2098
2085
2031
2014
1993
1977
1952
1941
1931
1915
1901
1885
1879
1871
1867
1861
1854
1846
1839
1837
1829
1833
1835
1838
1842
1853
1870
1887
1959
1978
1996
2014
2087
2109
2135
2153
2191
2199
2206
2211
2210
2165
2149
2130
2102
2072
2043
2020
1998
1911
1888
1871
1859
1784
1777
1769
1762
1760
1773
1782
1802
1821
1840
1853
1864
1885
1968
1993
2016
2042
2119
2138
2152
2164
2198
2210
2228
2246
2257
2272
2280
2285
2286
2279
2277
2271
2265
2240
2228
2212
2198
2156
2148
2140
2134
2121
2074
2064
2050
2042
2035
2029
2025
2025
2034
2035
2031
2034
2038
2041
2040
2039
2037
2023
2021
2013
2009
2002
1993
1984
1971
1962
1924
1917
1910
1902
1896
1884
1880
1871
1843
1840
1836
1832
1822
1832
1844
1849
1883
1891
1896
1902
1909
1943
1953
1961
1981
1995
2010
2022
2038
2080
2089
2095
2100
2096
2100
2096
2093
2082
2057
2047
2038
2037
2036
2033
2025
2014
1964
1957
1951
1953
1945
1941
1939
1939
1940
1941
1948
1952
1953
1968
1968
1966
1973
1975
1978
1985
1995
2006
2011
2014
2017
2038
2046
2049
2050
2052
2066
2065
2073
2081
2085
2090
2094
2090
2092
2088
2087
2087
2085
2079
2080
2081
2079
2061
2059
2057
2053
2057
2063
2065
2065
2070
2069
2080
2083
2091
2094
2095
2099
2106
2110
2112
2116
2119
2101
2093
2098
2089
2057
2041
2030
2029
2025
1998
1993
1985
1977
1975
1973
1971
1971
1967
1963
1969
1974
1981
1987
1997
2004
2014
2044
2059
2068
2074
2080
2092
2099
2105
2114
2110
2105
2102
2087
2085
2082
2079
2044
2039
2035
2031
2028
2029
2034
2037
2032
2032
2029
2030
2027
2039
2048
2054
2055
2063
2060
2060
2065
2073
2080
2081
2082
2084
2084
2085
2088
2093
2104
2104
2100
2096
2069
2057
2049
2037
2001
1994
1983
1966
1955
1923
1910
1895
1889
1883
1872
1863
1855
1829
1832
1831
1833
1848
1857
1867
1873
1883
1907
1919
1923
1928
1938
1945
1958
1968
2002
2004
2011
2013
2036
2036
2040
2049
2058
2059
2060
2063
2072
2062
2055
2053
2055
2054
2049
2050
2047
2051
2048
2046
2047
2057
2064
2068
2072
2081
2096
2097
2094
2098
2104
2104
2106
2105
2106
2105
2104
2104
2102
2095
2087
2079
2074
2055
2055
2048
2042
2038
2035
2033
2021
2023
2029
2025
2021
2018
2018
2017
2012
2010
2000
2000
2001
2008
2004
2007
2017
2024
2047
2050
2046
2044
2046
2066
2068
2067
2070
2072
2068
2064
2059
2057
2051
2046
2045
2021
2008
2003
2002
1998
1977
1966
1961
1964
1962
1956
1951
1947
1939
1941
1944
1953
1963
1964
1965
1972
2000
2011
2016
2025
2026
2042
2046
2048
2049
2048
2049
2053
2056
2052
2056
2058
2055
2045
2038
2037
2036
2034
2016
2011
2006
2002
2004
2000
1994
1988
2000
2000
1997
1998
2000
2003
2008
2007
2013
2028
2030
2035
2046
2048
2052
2057
2062
2068
2067
2066
2070
2068
2073
2074
2066
2065
2058
2053
2058
2057
2045
2044
2043
2040
2033
2040
2040
2040
2034
2035
2034
2033
2037
2038
2041
2040
2042
2047
2051
2059
2061
2075
2082
2088
2096
2108
2133
2137
2144
2138
2141
2143
2142
2137
2126
2119
2112
2099
2058
2049
2041
2037
1992
1978
1962
1957
1954
1934
1927
1921
1917
1904
1897
1887
1887
1880
1884
1883
1886
1894
1889
1889
1894
1902
1900
1904
1914
1922
1933
1939
1943
1949
1850
2085
2266
2300
1990
1853
1809
1869
1565
1604
1650
1669
1701
1829
1846
1896
1950
1954
1936
1956
2024
2119
2181
2175
2164
2211
2232
2265
2254
2233
2369
2319
2255
2241
2224
2164
2123
2153
2116
2144
2155
2168
1951
1849
1786
1735
1564
1461
1367
1263
1126
710
611
558
554
583
632
717
855
1436
1585
1774
1968
2946
3188
3461
3749
4027
4090
4089
4089
4090
4089
4088
4088
4090
4091
4086
4090
4089
4089
4002
3826
3601
2541
2259
1955
1633
1314
466
216
108
97
92
87
84
80
72
69
69
70
75
80
83
87
96
136
182
271
426
624
848
1086
1336
2140
2371
2576
2754
2903
3013
3121
3216
3277
3320
3316
3299
3260
3222
3179
3123
3066
3012
2906
2879
2859
2840
2825
2800
2773
2752
2585