1962
1950
1950
1945
1947
1939
1942
1949
1952
1944
1946
1947
1949
1954
1955
1956
1961
1967
1979
1982
1990
1989
2017
2022
2029
2032
2039
2044
2044
2041
2046
2056
2058
2058
2063
2072
2071
2070
2072
2075
2074
2076
2080
2077
2078
2078
2078
2077
2072
2069
2072
2075
2070
2068
2071
2072
2078
2080
2077
2074
2069
2066
2068
2065
2053
2045
2042
2042
2038
2031
2029
2025
2022
2020
2018
2014
2013
2006
2000
1996
1996
1996
1997
1999
2004
2006
1999
1997
2002
2004
2003
2000
2001
2000
2002
2005
2001
2006
2001
2002
2005
2010
2022
2022
2029
2030
2031
2025
2026
2023
2025
2024
2026
2027
2024
2005
1991
1993
1994
2008
2010
2012
2011
2021
2026
2028
2029
2028
2034
2038
2037
2045
2044
2046
2054
2068
2061
2057
2058
2048
2044
2045
2047
2048
2055
2044
2045
2041
2042
2044
2049
2043
2040
2017
2014
2011
2014
2019
2021
2020
2021
2032
2033
2031
2033
2031
2037
2037
2040
2041
2037
2033
2032
2030
2012
2012
2010
2011
2019
2018
2011
2004
1983
1983
1981
1979
1976
1988
1987
1990
2000
2006
2012
2016
2017
2017
2020
2024
2025
2013
2024
2026
2027
2028
2024
2026
2028
2030
2031
2030
2030
2036
2051
2054
2051
2054
2058
2057
2060
2061
2066
2061
2057
2062
2062
2049
2051
2044
2043
2041
2033
2032
2032
2018
2020
2029
2042
2033
2030
2027
2025
2022
2009
1997
1988
1980
1979
1976
1973
1975
1972
1964
1959
1956
1981
1976
1974
1977
1973
1973
1972
1971
1972
1979
1987
1989
1990
1995
1995
1997
1997
2005
2006
2013
2020
2030
2034
2041
2041
2056
2058
2060
2069
2071
2085
2078
2072
2073
2078
2079
2082
2084
2085
2084
2085
2084
2086
2085
2094
2097
2097
2086
2079
2076
2075
2070
2071
2065
2066
2059
2053
2047
2043
2012
2011
2009
2009
2015
2017
2018
2026
2025
2020
2015
2010
2009
2016
2018
2013
2014
2019
2013
2013
2011
1996
1998
2001
1997
2002
2001
1998
2000
2000
2002
1999
2004
2005
2008
2002
2008
2015
2016
2016
2010
2006
2006
2004
1999
2001
1998
1992
1994
1991
1984
1983
1987
1985
1991
2000
2004
2009
2003
2016
2022
2028
2035
2034
2038
2040
2041
2041
2040
2044
2047
2053
2049
2045
2048
2050
2048
2046
2044
2051
2048
2053
2059
2054
2052
2020
2011
2015
2048
2095
2121
2146
2168
2020
1996
1980
1980
2013
2014
2020
2024
2030
2018
2021
2035
2029
1952
1948
1951
1963
1977
1969
1953
1939
1979
1993
2012
2027
1993
1988
1979
1984
2003
2030
2049
2069
2084
2087
2088
2089
2086
2075
2083
2078
2078
2086
2084
2074
2075
2082
2063
2068
2084
2095
2097
2094
2083
2061
2042
2028
2033
2056
2075
2082
2076
2065
2045
1999
1993
1994
1996
1998
2005
2014
2021
1997
1992
1991
1995
2006
1998
1976
1960
1960
1965
1977
2000
2027
2029
2021
2003
1988
1938
1961
1989
2010
2031
2047
2035
2021
2008
1999
1992
1983
1973
1958
1974
2001
2029
2044
2032
2027
2015
2029
2024
2019
2024
2033
2064
2071
2077
2075
2071
2077
2077
2074
2069
2059
2051
2040
2052
2056
2061
2054
2046
2034
2034
2036
2046
2063
2071
2070
2072
2056
2056
2057
2057
2046
2044
2043
2040
2033
2040
2045
2046
2035
1998
1990
1979
1969
1972
1973
1981
1993
1981
1978
1982
1978
1946
1936
1932
1931
1929
1931
1939
1954
1967
1976
1979
1986
1979
1940
1921
1906
1897
1900
1908
1921
1939
1947
1956
1948
1936
1925
1920
1926
1935
1945
2022
2035
2043
2054
2072
2095
2101
2103
2112
2121
2135
2135
2146
2185
2182
2185
2183
2203
2218
2228
2234
2238
2230
2227
2229
2225
2226
2222
2218
2213
2157
2149
2137
2122
2091
2086
2080
2078
2042
2031
2015
2007
2001
1980
1977
1970
1966
1963
1961
1958
1953
1911
1900
1891
1885
1881
1881
1877
1873
1875
1850
1846
1840
1833
1831
1828
1830
1831
1848
1858
1868
1876
1909
1913
1921
1932
1927
1938
1944
1949
1955
1972
1979
1991
2005
2014
2024
2036
2047
2108
2119
2126
2136
2121
2110
2109
2107
2106
2103
2096
2097
2097
2100
2102
2105
2104
2113
2114
2117
2133
2153
2161
2166
2171
2196
2209
2218
2223
2228
2211
2207
2199
2190
2184
2187
2185
2171
2100
2088
2084
2085
2053
2032
2009
1991
1935
1924
1918
1912
1907
1874
1864
1853
1838
1826
1812
1801
1791
1758
1750
1746
1748
1731
1725
1727
1732
1742
1770
1782
1799
1818
1846
1873
1895
1917
1975
1992
2011
2028
2098
2103
2111
2121
2201
2230
2253
2269
2285
2300
2307
2317
2321
2332
2334
2331
2331
2319
2308
2299
2289
2247
2229
2216
2198
2124
2106
2096
2091
2089
2066
2050
2037
2024
2006
1988
1972
1957
1917
1909
1906
1895
1846
1837
1827
1823
1832
1833
1836
1837
1843
1854
1863
1865
1870
1870
1879
1884
1893
1942
1947
1956
1961
1959
1967
1973
1978
1985
2004
2004
2003
1999
1999
1999
2000
2009
2051
2058
2068
2078
2091
2090
2094
2104
2108
2124
2132
2136
2137
2140
2135
2132
2128
2114
2113
2116
2116
2095
2085
2073
2069
2049
2043
2039
2041
2043
2023
2013
2011
2008
2007
2007
1998
1994
1985
1985
1986
1981
1982
1988
1996
2007
2036
2041
2039
2040
2041
2038
2040
2043
2046
2045
2049
2048
2055
2045
2038
2040
2038
2025
2023
2022
2020
2012
2002
1995
1989
1984
1979
1977
1975
1973
1972
1967
1962
1960
1956
1962
1973
1985
1994
2006
2012
2020
2030
2063
2076
2090
2098
2104
2111
2119
2124
2140
2143
2146
2153
2152
2155
2158
2154
2151
2125
2115
2102
2092
2081
2072
2063
2057
2019
2013
2004
1999
1964
1958
1952
1947
1916
1915
1906
1902
1903
1906
1908
1907
1909
1912
1915
1925
1930
1950
1952
1963
1973
1980
1982
1989
1990
2000
2000
1998
1997
2009
2015
2022
2025
2029
2030
2030
2027
2029
2037
2038
2039
2045
2067
2064
2069
2065
2065
2069
2071
2070
2069
2068
2069
2071
2072
2075
2076
2081
2090
2094
2091
2091
2092
2083
2083
2088
2081
2083
2081
2081
2081
2079
2068
2058
2051
2047
2022
2012
2013
2008
1994
1992
1987
1982
1976
1971
1969
1973
1970
1949
1946
1935
1930
1938
1940
1942
1943
1959
1968
1977
1987
2002
2004
2007
2012
2016
2023
2026
2024
2021
2022
2022
2026
2030
2025
2025
2018
2021
2028
2032
2031
2025
2018
2017
2016
2019
2020
2019
2020
2020
2017
2019
2018
2019
2021
2036
2039
2043
2044
2074
2080
2081
2075
2074
2075
2074
2073
2073
2073
2075
2076
2078
2076
2067
2063
2061
2050
2042
2032
2026
1999
1998
1989
1984
1984
1970
1976
1981
1980
1982
1985
1989
1990
2000
2006
2014
2020
2032
2035
2036
2037
2041
2042
2041
2046
2050
2042
2039
2039
2035
2037
2045
2047
2052
2050
2047
2047
2054
2049
2046
2045
2045
2037
2034
2032
2032
2027
2026
2022
2012
2017
2031
2028
2028
2027
2027
2034
2035
2035
2041
2042
2041
2041
2039
2038
2039
2039
2038
2041
2040
2043
2044
2038
2043
2043
2047
2037
2036
2039
2042
2046
2046
2043
2039
2042
2040
2039
2034
2032
2005
1997
1995
1989
1987
1987
1992
1994
1982
1974
1968
1967
1970
1962
1958
1957
1960
1958
1957
1952
1949
1952
1954
1955
1959
1969
1965
1960
1966
1998
2004
2007
2010
2011
2032
2043
2046
2044
2042
2040
2044
2048
2054
2057
2063
2063
2065
2070
2073
2078
2081
2091
2094
2093
2089
2088
2089
2093
2094
2113
2123
2119
2116
2115
2119
2121
2118
2073
2073
2074
2065
2059
2036
2031
2031
2034
2028
2024
2021
2022
1988
1984
1980
1975
1952
1953
1957
1956
1953
1956
1953
1949
1956
1963
1967
1967
1964
1967
1966
1968
1972
1985
1995
2001
2004
2006
2015
2019
2020
2022
2026
2031
2033
2036
2042
2048
2042
2038
2037
2033
2034
2038
2041
2041
2044
2039
2042
2046
2046
2046
2051
2052
2044
2040
2039
2040
2041
2048
2052
2061
2057
2061
2058
2061
2067
2067
2067
2065
2063
2047
2047
2046
2047
2048
2053
2053
2051
2048
2041
2037
2035
2041
2044
2041
2032
2027
2002
2002
2003
1999
1995
1975
1964
1957
1959
1959
1953
1949
1948
1938
1938
1943
1948
1951
1952
1952
1949
1951
1958
1963
1966
1972
1974
1975
1981
1989
2015
2023
2026
2025
2024
2035
2040
2043
2045
2053
2060
2072
2079
2071
2067
2072
2075
2082
2079
2077
2072
2072
2067
2069
2067
2069
2073
2073
2074
2078
2072
2067
2069
2067
2071
2072
2069
2069
2066
2060
2048
2043
2039
2038
2033
2043
2040
2030
2026
2028
2025
2021
2015
2015
2021
2012
2014
2018
2013
2011
2009
2006
2002
1999
1985
1980
1980
1983
1986
1984
1986
1988
1982
1988
1995
2001
1998
1992
1993
1999
1999
1988
1998
1998
1993
1992
1995
1993
1995
2000
1997
1998
1996
1992
1995
2002
2009
2014
2009
2008
2008
2014
2021
2024
2030
2031
2042
2047
2052
2051
2052
2054
2057
2055
2055
2051
2046
2041
2037
2038
2038
2030
2024
2020
2019
2027
2018
2016
2013
2010
2009
2011
2019
2015
2015
2014
2014
2016
2019
2021
2024
2016
2024
2032
2032
2032
2036
2039
2040
2032
2035
2035
2036
2037
2042
2041
2043
2021
2025
2025
2019
2020
2023
2021
2021
2023
2019
2013
2009
2008
2020
2023
2029
2042
2049
2047
2042
2040
2044
2048
2047
2050
2069
2072
2073
2074
2076
2082
2077
2069
2068
2063
2063
2070
2070
2064
2062
2063
2061
2051
2044
2036
2029
2014
2013
2015
2013
2015
1997
1995
1994
1985
1986
1989
1990
1990
1991
1991
1988
1994
1992
1992
1989
1990
1990
1993
1991
1990
1993
1993
1997
1998
2006
2012
2011
2014
2013
2018
2014
2014
2018
2028
2029
2032
2038
2042
2050
2046
2038
2033
2035
2036
2041
2045
2029
2035
2037
2044
2042
2049
2055
2055
2057
2052
2051
2046
2052
2051
2051
2054
2050
2028
2023
2019
2014
2022
2022
2025
2026
2007
2005
1996
1989
1988
2001
2006
2005
2009
2009
2009
2009
2002
1986
1985
1993
1994
1989
1992
1996
2000
1997
2000
1998
2005
2019
2024
2045
2063
2072
2082
2091
2081
2060
2000
1992
1992
1999
2018
2016
2017
2023
2033
2050
2057
2054
2048
2045
2044
2042
2043
2032
2043
2046
2044
2067
2073
2074
2067
2028
2016
2010
2014
2022
2027
2031
2029
2021
2015
2013
2013
2006
1978
1986
1993
2002
2012
2023
2029
2040
2048
2058
2055
2056
2064
2061
2058
2055
2057
2062
2059
2057
2061
2066
2068
2068
2069
2064
2055
2040
2026
2021
2004
2007
2009
2007
2002
1995
1997
1994
2011
2015
2026
2031
2017
2015
2011
2011
1991
1999
2011
2019
2028
2023
2021
2027
2031
2024
2023
2032
2034
2041
2043
2047
2046
2032
2027
2025
2021
2021
2014
2014
2011
2013
2020
2028
2038
2042
2040
2036
2036
2036
2016
2011
2008
2013
2005
2002
2003
1996
1990
1996
1998
2001
2005
2009
2008
2007
2009
1998
1995
1985
1980
1949
1938
1927
1921
1920
1898
1896
1892
1891
1893
1891
1898
1909
1908
1913
1917
1922
1981
1999
2008
2022
2067
2076
2085
2097
2109
2141
2152
2161
2172
2181
2188
2200
2205
2217
2216
2219
2223
2207
2195
2194
2186
2177
2162
2160
2160
2156
2152
2142
2138
2130
2091
2079
2070
2076
2092
2097
2089
2077
2014
1999
1984
1964
1954
1924
1909
1893
1875
1861
1859
1863
1847
1785
1786
1796
1803
1785
1791
1797
1789
1806
1820
1841
1865
1878
1915
1920
1920
1931
1951
1971
1984
1998
2091
2110
2118
2117
2136
2130
2126
2129
2133
2119
2122
2118
2125
2139
2144
2142
2143
2148
2137
2130
2125
2110
2110
2115
2118
2112
2117
2124
2136
2156
2196
2201
2193
2194
2194
2195
2194
2189
2179
2167
2162
2155
2115
2104
2095
2084
2071
2012
1993
1981
1970
1958
1936
1918
1900
1846
1836
1826
1815
1793
1790
1792
1791
1802
1812
1819
1823
1829
1838
1835
1834
1837
1842
1852
1859
1867
1890
1904
1918
1933
1974
1985
1995
2001
2006
2016
2022
2025
2026
2031
2031
2032
2038
2057
2061
2069
2083
2139
2156
2173
2192
2238
2259
2279
2294
2306
2323
2326
2329
2328
2320
2314
2306
2294
2258
2249
2239
2223
2146
2127
2103
2084
2064
2006
1987
1969
1958
1940
1928
1919
1909
1874
1857
1840
1834
1829
1820
1813
1806
1802
1784
1780
1784
1783
1782
1782
1790
1794
1803
1820
1815
1813
1810
1813
1814
1819
1821
1847
1856
1869
1878
1942
1962
1978
1999
2069
2089
2106
2116
2131
2182
2201
2215
2230
2244
2254
2279
2292
2330
2329
2331
2327
2290
2278
2267
2261
2253
2211
2197
2182
2168
2162
2152
2149
2139
2087
2076
2076
2077
2041
2039
2031
2025
1990
1986
1976
1965
1962
1943
1929
1924
1915
1908
1905
1903
1898
1892
1887
1883
1876
1866
1861
1863
1865
1866
1849
1848
1848
1847
1849
1850
1858
1865
1912
1923
1942
1965
2017
2028
2040
2050
2085
2089
2097
2105
2113
2127
2131
2138
2146
2144
2139
2139
2140
2141
2138
2137
2139
2135
2132
2134
2133
2131
2138
2137
2133
2126
2125
2124
2120
2117
2094
2088
2086
2083
2051
2043
2037
2029
1991
1980
1978
1969
1962
1942
1933
1926
1923
1925
1915
1910
1913
1902
1902
1897
1893
1873
1869
1867
1873
1902
1908
1909
1909
1913
1916
1914
1918
1922
1919
1919
1928
1931
1943
1954
1963
1973
1994
2004
2014
2024
2040
2067
2068
2073
2080
2091
2100
2107
2119
2131
2142
2148
2151
2178
2181
2184
2184
2182
2189
2186
2182
2174
2173
2164
2161
2159
2138
2135
2135
2138
2091
2082
2072
2062
2055
2021
2014
2005
1998
2000
1989
1986
1977
1963
1956
1954
1949
1945
1943
1942
1940
1941
1943
1943
1938
1936
1933
1937
1932
1935
1929
1925
1926
1931
1934
1933
1930
1933
1938
1944
1952
1963
1972
1993
1997
2001
2003
2041
2050
2060
2070
2084
2096
2102
2111
2114
2118
2124
2128
2129
2129
2124
2133
2138
2112
2104
2102
2098
2096
2096
2098
2103
2098
2067
2065
2067
2065
2061
2052
2054
2057
2039
2034
2033
2027
2019
2014
2011
2000
1991
1978
1973
1968
1970
1970
1968
1966
1961
1932
1930
1929
1928
1911
1908
1910
1908
1910
1913
1922
1926
1934
1947
1945
1954
1962
1971
1976
1982
1993
2010
2010
2018
2023
2036
2041
2049
2059
2063
2082
2089
2092
2095
2106
2110
2117
2122
2128
2127
2130
2129
2125
2128
2124
2119
2118
2119
2114
2108
2099
2094
2093
2088
2085
2079
2058
2047
2036
2033
2022
2025
2029
2029
2008
2003
2000
1996
1994
1984
1984
1980
1979
1978
1972
1969
1967
1967
1963
1966
1962
1961
1963
1963
1962
1970
1981
1971
1971
1978
1982
1985
1991
1997
2010
2013
2016
2026
2027
2018
2018
2018
2020
2026
2032
2033
2040
2047
2047
2049
2050
2055
2058
2065
2072
2090
2092
2097
2094
2095
2083
2083
2078
2080
2084
2077
2074
2074
2059
2051
2043
2036
2015
2013
2007
2011
2007
1998
1993
1994
1989
1985
1977
1983
1984
1973
1969
1967
1966
1952
1953
1951
1951
1983
1984
1987
1989
1992
1994
2003
2006
2012
2018
2014
2015
2018
2047
2043
2044
2049
2051
2056
2063
2067
2067
2060
2063
2069
2069
2070
2063
2059
2059
2050
2051
2054
2057
2054
2049
2051
2049
2044
2049
2052
2045
2044
2026
2023
2028
2032
2034
2030
2027
2031
2019
2015
2007
2008
2008
2010
2011
2010
1993
1992
1996
1988
1992
2002
2003
2001
2001
2002
2001
2000
2005
2012
2014
2014
2016
2026
2021
2023
2031
2039
2046
2040
2036
2042
2042
2039
2041
2046
2055
2057
2061
2065
2069
2068
2069
2075
2082
2081
2081
2072
2065
2054
2055
2058
2064
2065
2066
2064
2061
2045
2035
2033
2028
2007
2003
1996
1987
1983
1971
1969
1966
1968
1972
1979
1979
1972
1971
1972
1968
1966
1966
1970
1973
1980
1981
1980
1983
1983
1989
2004
2009
2009
2013
2010
2012
2015
2018
2011
2016
2019
2021
2021
2020
2017
2019
2026
2032
2029
2030
2031
2034
2040
2049
2058
2069
2069
2071
2073
2078
2078
2078
2078
2088
2092
2091
2095
2096
2089
2086
2083
2079
2075
2073
2072
2067
2052
2045
2044
2046
2027
2021
2021
2018
1995
1989
1980
1974
1967
1951
1940
1936
1936
1932
1935
1942
1951
1958
1957
1958
1964
1969
1967
1969
1971
1978
1996
1999
2003
2003
2012
2018
2027
2029
2034
2033
2035
2036
2047
2054
2058
2063
2063
2063
2065
2064
2064
2063
2064
2056
2061
2054
2054
2059
2063
2066
2066
2068
2068
2066
2064
2056
2046
2046
2044
2045
2044
2044
2038
2033
2033
2034
2042
2049
2051
2054
2053
2045
2051
2050
2046
2028
2021
2017
2011
1996
1992
1993
1994
1992
1981
1982
1992
2004
2014
2018
2019
2022
2034
2034
2045
2047
2020
2015
2007
2002
2001
1987
1990
1986
1987
1991
1997
2000
2001
2024
2030
2042
2045
2033
2035
2040
2036
1992
1989
1992
2004
2023
2063
2057
2050
2063
2094
2107
2102
2113
2101
2094
2085
2084
2037
2023
2017
2006
1977
1941
1932
1922
1929
1954
1967
1973
1988
2026
2026
2024
2016
2000
1994
2007
2015
2042
2042
2044
2055
2052
2049
2066
2082
2098
2107
2114
2106
2106
2054
2058
2061
2055
2016
2014
2017
2005
1990
1979
1983
1980
1987
2000
2005
1989
1981
1974
1964
1953
1933
1920
1927
1947
1974
2012
2018
2022
2038
2061
2114
2121
2121
2110
2095
2086
2077
2064
2046
2043
2042
2050
2094
2098
2106
2114
2130
2131
2121
2106
2094
2077
2063
2044
2028
1952
1937
1927
1921
1913
1915
1912
1913
1977
1991
2003
2011
2017
2021
2027
2029
2031
2028
2032
2030
2036
2042
2038
2037
2034
2058
2068
2075
2073
2054
2048
2041
2040
2028
1999
1982
1959
1944
1947
1949
1947
1946
1999
2014
2028
2038
2069
2076
2087
2092
2095
2101
2101
2100
2101
2107
2112
2110
2122
2128
2121
2117
2115
2076
2065
2053
2042
1991
1979
1969
1962
1956
1942
1949
1948
1943
1946
1958
1965
1966
1948
1945
1946
1940
1916
1907
1897
1887
1872
1843
1838
1836
1828
1829
1827
1840
1849
1882
1896
1914
1933
2003
2021
2034
2049
2057
2082
2091
2098
2106
2107
2109
2109
2121
2160
2177
2192
2205
2246
2254
2262
2269
2263
2257
2249
2232
2219
2167
2152
2140
2133
2126
2116
2110
2116
2116
2119
2122
2121
2113
2109
2114
2125
2133
2146
2140
2130
2127
2120
2111
2094
2080
2056
2052
2049
2042
2018
2010
1993
1977
1920
1904
1891
1872
1853
1794
1774
1756
1743
1730
1722
1714
1706
1726
1729
1735
1742
1776
1790
1807
1823
1835
1886
1898
1909
1916
1925
1937
1948
1962
1998
2013
2025
2044
2084
2087
2096
2098
2124
2125
2126
2128
2132
2129
2126
2127
2130
2135
2134
2133
2138
2138
2136
2142
2145
2150
2156
2155
2160
2168
2186
2198
2208
2214
2224
2226
2236
2245
2260
2266
2269
2272
2270
2259
2251
2245
2233
2206
2185
2153
2122
2095
2071
2045
2016
1986
1906
1880
1856
1840
1824
1815
1794
1765
1685
1668
1654
1648
1610
1608
1604
1599
1605
1622
1642
1658
1676
1720
1743
1761
1780
1804
1831
1853
1872
1958
1982
2008
2036
2120
2141
2157
2173
2189
2235
2258
2276
2294
2304
2317
2327
2338
2375
2381
2390
2392
2390
2387
2389
2388
2373
2370
2367
2361
2353
2319
2304
2299
2292
2278
2258
2245
2227
2153
2136
2125
2108
2030
2002
1980
1962
1944
1878
1859
1844
1831
1816
1797
1781
1770
1721
1714
1709
1700
1700
1708
1711
1716
1748
1758
1774
1778
1789
1812
1816
1823
1831
1837
1842
1851
1858
1902
1918
1936
1954
2035
2049
2070
2091
2106
2148
2170
2191
2208
2227
2239
2251
2268
2264
2269
2270
2270
2262
2254
2247
2239
2201
2189
2175
2166
2158
2115
2096
2078
2064
2052
2045
2035
2029
2006
2002
1999
2000
2014
2016
2014
2010
2011
2013
2016
2017
2017
2014
2010
2006
2002
1969
1954
1948
1938
1923
1921
1910
1910
1890
1880
1868
1865
1858
1840
1832
1823
1823
1822
1818
1824
1824
1847
1854
1863
1871
1917
1932
1953
1978
1992
2022
2028
2039
2060
2073
2089
2103
2121
2181
2191
2203
2219
2254
2267
2281
2287
2296
2299
2301
2296
2290
2269
2250
2238
2224
2212
2204
2189
2176
2124
2115
2109
2097
2028
2012
1996
1977
1965
1918
1904
1886
1877
1865
1857
1848
1844
1816
1811
1808
1803
1802
1804
1811
1813
1837
1842
1846
1855
1864
1881
1888
1894
1909
1919
1924
1936
1945
1977
1981
1986
2000
2038
2041
2045
2050
2058
2089
2097
2102
2108
2118
2127
2141
2157
2186
2192
2198
2207
2212
2218
2221
2224
2230
2238
2235
2235
2233
2229
2220
2210
2210
2211
2186
2170
2159
2145
2134
2123
2117
2110
2062
2049
2047
2039
2004
1994
1982
1972
1969
1962
1957
1954
1957
1954
1952
1951
1953
1944
1937
1931
1928
1927
1927
1927
1929
1930
1929
1929
1933
1937
1938
1946
1952
1948
1951
1950
1955
1958
1962
1967
1972
1972
1977
1969
1973
1974
1975
1994
1994
1999
2004
2004
2010
2013
2014
2014
2018
2014
2015
2021
2017
2019
2017
2016
2019
2029
2035
2040
2041
2051
2056
2060
2065
2073
2077
2086
2092
2090
2092
2093
2093
2097
2107
2111
2108
2119
2117
2119
2114
2112
2087
2077
2069
2063
2037
2034
2021
2012
2008
2001
1999
1997
1997
1992
1984
1979
1971
1933
1928
1925
1922
1911
1908
1905
1899
1903
1909
1913
1917
1923
1932
1941
1947
1953
1978
1979
1981
1988
2011
2022
2030
2035
2055
2064
2076
2079
2083
2101
2104
2111
2123
2135
2142
2149
2154
2155
2153
2148
2148
2133
2132
2127
2120
2117
2099
2100
2093
2082
2075
2068
2066
2062
2055
2052
2048
2045
2041
2037
2036
2032
2028
2020
2016
2011
2013
2012
2012
2006
1998
1996
1995
1990
1983
1978
1980
1978
1975
1980
1983
1989
1994
2002
2006
2006
2005
2008
2009
2012
2013
2016
2021
2021
2020
2018
2020
2016
2021
2023
2024
2022
2022
2022
2018
2002
2005
2014
2020
2005
2004
2003
2003
2002
1996
1998
2002
2000
1999
1989
1989
1985
1978
1988
1983
1987
1985
1985
1988
1985
1986
1990
1992
1995
2004
2012
2005
2007
2015
2013
2016
2015
2018
2032
2038
2041
2047
2078
2082
2089
2096
2099
2102
2100
2097
2097
2098
2097
2096
2088
2067
2066
2061
2053
2022
2017
2016
2013
2019
2003
2002
2000
2004
2004
2000
1996
1994
1992
1988
1986
1987
1999
2003
2003
2002
1997
1998
1999
1999
1999
2012
2020
2026
2029
2030
2031
2034
2034
2031
2036
2041
2044
2042
2046
2048
2049
2050
2045
2046
2056
2050
2052
2058
2065
2065
2063
2054
2056
2055
2042
2045
2053
2047
2040
2033
2034
2035
2037
2035
2035
2035
2038
2041
2042
2041
2034
2025
2024
2017
2018
2005
2005
2002
2004
2000
1999
1995
1995
2001
1993
1993
1999
1998
1997
1991
1986
1982
1998
1998
1999
2003
2012
2011
2013
2016
2019
2025
2027
2023
2030
2034
2029
2030
2031
2024
2022
2020
2021
2020
2020
2022
2020
2039
2038
2045
2049
2046
2050
2056
2061
2069
2070
2067
2066
2062
2051
2050
2051
2052
2053
2052
2055
2051
2053
2045
2044
2042
2046
2044
2046
2045
2049
2043
2041
2042
2048
2048
2045
2044
2045
2044
2046
2040
2039
2038
2040
2040
2037
2024
2017
2017
2021
2017
2015
2020
2015
2009
2010
1997
1993
1993
1992
1980
1977
1973
1974
1981
1984
1985
1983
1984
1989
1988
1993
1998
1998
2003
2002
2006
2006
2002
2003
2001
2000
2007
2009
2003
2002
1998
1996
2001
2006
2006
2007
2008
2011
2009
2003
2007
2008
2006
2010
2016
2016
2025
2025
2026
2022
2026
2024
2027
2026
2033
2042
2042
2044
2047
2060
2058
2060
2055
2066
2072
2072
2069
2063
2050
2048
2049
2046
2036
2036
2033
2031
2033
2032
2035
2031
2019
2018
2022
2026
2024
2027
2034
2046
2020
1999
1971
1951
1942
1992
2024
2063
2091
2101
2107
2101
2082
2010
2011
2016
2026
2088
2102
2114
2108
2092
2019
1991
1976
1968
1962
1957
1962
1981
1993
1991
1987
1988
1994
1996
2000
2005
2043
2063
2071
2070
2063
2043
2047
2052
2063
2071
2083
2085
2096
2089
2091
2094
2099
2056
2043
2032
2025
2034
2037
2040
2036
2028
2000
1996
1992
1998
2001
1995
1987
1979
1963
1972
1978
1990
2031
2032
2028
2025
2023
1999
1991
1990
1998
2009
2015
2026
2027
1995
1983
1979
1982
2025
2044
2057
2065
2025
2010
1995
1980
1973
1980
1988
1994
1994
1991
1976
1962
1951
1941
1949
1964
1982
2017
2023
2024
2021
2038
2050
2067
2090
2110
2109
2099
2083
2063
2048
2035
2033
2031
2054
2062
2073
2079
2079
2069
2063
2084
2118
2129
2142
2124
2090
2060
2048
2028
2013
2038
2036
2048
2061
2030
2009
1990
1989
1971
1996
2005
2005
2020
1999
1993
2001
2007
2023
2046
2067
2068
2013
1986
1966
1959
1953
1953
1959
1976
1992
2021
2028
2029
2030
2023
2016
2007
1988
1948
1959
1973
1980
1945
1935
1936
1940
1960
1966
1981
1991
1994
2011
2030
2035
2040
2053
2069
2071
2061
2067
2059
2073
2079
2088
2087
2077
2072
2067
2004
1982
1970
1973
1976
1980
2002
2022
2063
2053
2047
2041
2039
2039
2044
2054
2075
2079
2083
2088
2085
2074
2089
2105
2129
2149
2166
2185
2204
2204
2197
2192
2198
2197
2191
2179
2163
2145
2087
2076
2061
2046
2036
2018
2003
1985
1940
1915
1891
1875
1865
1865
1870
1885
1900
1930
1927
1922
1905
1891
1882
1880
1884
1885
1922
1943
1960
1971
1971
1968
1962
1952
1932
1941
1952
1962
1962
1959
1955
1948
1921
1924
1931
1943
1956
1993
2000
2001
2000
1999
1998
1999
2001
2051
2064
2075
2085
2116
2119
2128
2132
2140
2169
2185
2189
2198
2204
2201
2185
2174
2159
2157
2162
2157
2095
2077
2060
2042
2005
2004
2003
2001
1996
1972
1962
1949
1941
1933
1924
1921
1925
1914
1898
1890
1883
1847
1848
1849
1860
1868
1880
1875
1874
1879
1875
1877
1886
1890
1900
1906
1918
1932
1977
1984
1994
2012
2065
2073
2090
2102
2110
2131
2139
2149
2153
2162
2177
2188
2193
2204
2208
2211
2210
2207
2209
2206
2206
2208
2192
2184
2177
2177
2178
2181
2193
2202
2231
2232
2237
2235
2214
2206
2195
2186
2142
2132
2122
2105
2080
2010
1991
1964
1939
1909
1892
1875
1854
1770
1752
1730
1719
1696
1690
1682
1671
1661
1661
1666
1676
1687
1703
1714
1730
1749
1818
1838
1862
1886
1981
2007
2023
2043
2089
2101
2109
2115
2124
2146
2157
2162
2171
2182
2190
2198
2203
2217
2216
2222
2230
2231
2230
2227
2228
2229
2244
2249
2251
2253
2254
2249
2239
2227
2193
2185
2180
2171
2159
2157
2154
2142
2135
2097
2078
2068
2053
2038
2015
1996
1980
1971
1931
1917
1903
1890
1880
1869
1864
1858
1826
1814
1799
1790
1767
1769
1772
1767
1792
1795
1805
1814
1827
1840
1846
1854
1865
1880
1887
1894
1898
1910
1909
1913
1923
1973
1991
2005
2020
2030
2068
2079
2088
2105
2119
2133
2154
2173
2234
2247
2259
2275
2306
2312
2319
2320
2306
2299
2289
2282
2275
2243
2231
2219
2210
2198
2193
2188
2184
2132
2113
2099
2092
2040
2028
2013
2004
1987
1935
1924
1911
1899
1882
1876
1867
1853
1839
1832
1834
1828
1824
1817
1807
1796
1788
1791
1786
1776
1778
1785
1791
1793
1793
1791
1808
1815
1823
1833
1843
1854
1861
1866
1901
1917
1931
1950
2007
2025
2032
2042
2073
2085
2094
2111
2129
2163
2167
2178
2186
2189
2192
2195
2198
2208
2212
2217
2226
2235
2233
2236
2232
2233
2214
2210
2205
2203
2201
2195
2192
2182
2136
2128
2124
2119
2078
2068
2057
2047
2005
1999
1994
1990
1982
1960
1947
1940
1936
1926
1921
1920
1919
1918
1919
1924
1928
1908
1908
1911
1910
1910
1915
1913
1912
1912
1909
1910
1914
1914
1933
1936
1938
1935
1930
1934
1936
1936
1960
1967
1977
1992
2003
2022
2029
2037
2051
2063
2072
2084
2099
2125
2131
2141
2152
2157
2169
2183
2188
2187
2193
2189
2187
2186
2183
2179
2169
2165
2130
2118
2106
2090
2045
2032
2024
2014
1993
1981
1975
1969
1958
1940
1933
1921
1914
1912
1910
1911
1911
1908
1906
1907
1912
1915
1918
1920
1923
1930
1931
1939
1950
1954
1971
1976
1981
1980
1986
1984
1977
1983
1997
2001
2003
2006
2040
2040
2040
2045
2057
2080
2085
2095
2112
2125
2132
2147
2156
2180
2184
2189
2197
2218
2221
2222
2216
2173
2165
2162
2149
2141
2115
2107
2096
2089
2088
2087
2081
2074
2026
2018
2009
2009
1972
1957
1945
1945
1941
1925
1928
1933
1933
1926
1921
1912
1907
1895
1899
1902
1902
1904
1904
1910
1913
1920
1927
1931
1936
1935
1934
1938
1945
1954
1952
1955
1958
1965
1973
1976
1982
1983
1989
1992
1998
1995
1999
2002
2006
2011
2019
2027
2031
2036
2040
2041
2050
2054
2055
2061
2059
2065
2066
2068
2060
2066
2072
2078
2078
2077
2080
2076
2071
2073
2065
2062
2066
2064
2059
2056
2060
2057
2060
2063
2060
2057
2060
2061
2058
2059
2056
2057
2055
2054
2048
2040
2034
2035
2035
2036
2043
2040
2021
2016
2011
2008
2010
1989
1989
1984
1985
1986
1980
1977
1973
1978
1979
1987
1990
1989
1996
2000
2007
2021
2022
2023
2021
2023
2037
2038
2041
2044
2051
2056
2064
2070
2073
2075
2080
2081
2090
2092
2084
2083
2082
2072
2071
2071
2067
2065
2058
2054
2050
2038
2038
2034
2027
2035
2035
2024
2019
2015
2011
2006
2007
2012
2016
2019
2021
2019
2010
2007
2008
2010
2015
2014
2012
2014
2005
2011
2012
2011
2002
1997
1993
1993
1993
1984
1977
1972
1971
1973
1973
1978
1977
1976
1979
1985
1985
1991
2001
2005
2010
2015
2022
2023
2022
2022
2024
2028
2032
2032
2034
2039
2044
2043
2055
2051
2048
2054
2063
2069
2071
2066
2061
2059
2058
2064
2064
2048
2042
2036
2034
2022
2020
2015
2010
2006
2005
2002
2003
2002
1998
1998
1993
2006
2007
2011
2012
2018
2029
2033
2031
2032
2044
2046
2051
2055
2052
2057
2057
2051
2048
2048
2045
2045
2043
2049
2036
2027
2023
2024
2026
2024
2022
2017
2005
2003
2010
2018
2015
2016
2013
2014
2015
2020
2020
2022
2026
2027
2030
2028
2028
2036
2036
2039
2038
2042
2041
2041
2046
2050
2045
2045
2042
2042
2039
2033
2032
2036
2034
2032
2033
2030
2019
2013
2014
2024
2021
2021
2017
2012
2017
2019
2016
2014
2013
2012
2016
2021
2024
2015
2016
2016
2013
2023
2027
2032
2036
2027
2035
2038
2039
2041
2029
2029
2033
2033
2033
2035
2035
2031
2013
2008
2007
2010
2001
2002
1997
1995
1994
1990
1990
1987
1992
2000
1999
2000
1997
1994
1996
1997
1988
1990
1996
1996
1997
2002
2005
2010
2013
2017
2029
2032
2040
2039
2040
2043
2044
2048
2056
2055
2055
2044
2060
2065
2061
2060
2062
2066
2071
2076
2077
2066
2056
2050
2039
2068
2075
2077
2076
2066
2066
2065
2056
2058
2051
2044
2048
2054
2055
2057
2068
2081
2031
2015
2014
2017
2033
2038
2037
2034
1998
1994
1991
1992
2000
2012
2013
2019
2023
2020
2011
2007
2002
1997
2004
2005
2006
1999
2005
2009
2004
2002
2000
2003
2005
2006
2003
2005
2009
2010
2010
2013
2015
2014
2020
2023
2022
2024
2011
2010
2007
2013
2021
2038
2038
2038
2040
2045
2045
2041
2040
2015
2019
2017
2014
2008
2002
2003
2004
2008
2002
2004
2000
1997
2000
2007
2013
2022
2026
2026
2028
2032
2033
2033
2033
2042
2056
2059
2057
2053
2045
2052
2047
2045
2039
2031
2025
2028
2027
2034
2030
2034
2038
2025
2017
2008
2001
1988
1993
2005
2011
2014
2000
1989
1985
1994
2001
2016
2026
2028
2029
2034
2042
2046
2065
2069
2073
2076
2073
2056
2053
2047
2043
2034
2026
2014
2006
2000
1996
1999
1989
1987
1984
1979
1973
1957
1956
1942
1934
1938
1945
1949
1952
1956
1956
1955
1955
1960
1969
1974
1976
1986
1998
1998
2008
2012
2015
2043
2048
2050
2048
2048
2056
2056
2057
2059
2054
2058
2062
2080
2078
2083
2087
2101
2108
2115
2117
2120
2126
2131
2130
2135
2140
2151
2160
2171
2203
2203
2203
2202
2233
2273
2293
2285
2279
2221
2173
2160
2150
2135
2129
2132
2135
2058
2039
2030
2033
1982
1976
1963
1944
1843
1828
1830
1819
1802
1777
1797
1822
1838
1841
1835
1831
1822
1798
1787
1784
1791
1786
1779
1798
1805
1807
1824
1840
1843
1841
1859
1862
1876
1904
1917
1923
1935
1958
1979
1985
1993
2000
2011
2014
2026
2027
2039
2116
2136
2156
2178
2191
2191
2191
2202
2202
2202
2212
2224
2227
2263
2267
2273
2281
2284
2286
2286
2286
2271
2212
2199
2192
2188
2182
2178
2178
2171
2124
2113
2102
2093
2010
1987
1972
1954
1932
1888
1878
1859
1839
1820
1798
1785
1781
1755
1756
1760
1762
1763
1735
1712
1705
1702
1701
1701
1705
1715
1743
1750
1763
1774
1786
1794
1807
1820
1837
1867
1880
1888
1894
1907
1925
1944
1969
2067
2090
2115
2138
2150
2208
2227
2238
2251
2270
2279
2282
2289
2331
2338
2353
2360
2364
2362
2365
2361
2358
2359
2357
2349
2342
2311
2303
2291
2283
2273
2265
2251
2239
2174
2150
2126
2101
2020
1998
1980
1960
1935
1878
1853
1834
1826
1815
1808
1803
1800
1788
1778
1767
1759
1729
1729
1725
1722
1714
1713
1722
1737
1750
1792
1802
1804
1812
1824
1835
1838
1850
1907
1924
1948
1973
2055
2067
2076
2081
2092
2117
2124
2134
2149
2160
2167
2181
2186
2215
2224
2236
2247
2250
2247
2252
2250
2250
2235
2222
2218
2213
2210
2203
2198
2192
2153
2140
2134
2134
2111
2107
2101
2097
2046
2038
2036
2031
2025
2017
2016
2014
2012
2005
2001
1995
1994
1950
1940
1935
1926
1891
1889
1885
1883
1880
1855
1855
1855
1859
1855
1844
1842
1841
1834
1835
1838
1841
1862
1871
1883
1897
1959
1969
1982
1986
1993
2011
2022
2028
2036
2041
2044
2056
2063
2090
2098
2115
2122
2151
2150
2153
2155
2152
2149
2146
2153
2153
2154
2154
2150
2150
2151
2143
2138
2138
2097
2087
2084
2079
2082
2073
2072
2064
2062
2060
2050
2041
2037
2004
1992
1981
1970
1945
1937
1927
1919
1879
1876
1870
1864
1857
1855
1853
1855
1858
1858
1862
1866
1870
1893
1898
1913
1923
1964
1971
1977
1986
2028
2037
2046
2057
2065
2099
2116
2126
2135
2139
2151
2162
2171
2173
2165
2165
2172
2174
2171
2174
2174
2170
2163
2161
2164
2166
2162
2150
2143
2138
2099
2092
2088
2080
2047
2046
2041
2034
2013
2009
2000
1998
1996
2000
1995
1990
1991
1983
1983
1973
1968
1961
1968
1970
1980
1989
1988
1994
1996
1996
1990
1987
1991
1996
1995
1990
1984
1980
1976
1975
1980
1983
1991
1999
2003
2004
2016
2021
2028
2037
2039
2050
2052
2050
2049
2045
2043
2044
2051
2037
2037
2033
2032
2013
2013
2017
2022
2021
2024
2026
2029
2031
2029
2026
2023
2020
2024
2018
2018
2015
2006
1998
1994
1992
1984
1987
1989
1988
1987
1989
1989
1994
1993
1977
1979
1977
1973
1972
1971
1974
1971
1957
1954
1958
1962
1963
1974
1977
1977
1982
1987
1996
2004
2010
2029
2036
2050
2061
2087
2075
2070
2079
2080
2081