2108
2109
2100
2090
2087
2086
2088
2085
2051
2042
2031
2019
2016
2014
2017
2020
1978
1974
1969
1960
1966
1971
1977
1985
1984
1984
1986
1993
1993
2012
2010
2013
2015
2032
2033
2041
2039
2033
2020
2029
2030
2030
2028
2035
2038
2036
2028
2021
2017
2012
1994
1993
1993
1989
1986
1987
1985
1986
1987
1993
1993
1990
1987
1990
1988
1981
1970
1970
1980
1991
1999
2009
2005
2003
2004
2009
2013
2007
2004
2004
1997
1994
1997
2005
2008
2006
2004
2006
2015
2012
2011
2014
2008
2009
2006
2008
2017
2021
2026
2031
2030
2031
2031
2036
2039
2027
2026
2028
2026
2010
2003
1997
1997
1993
1995
1989
1986
1988
1992
2001
2007
2013
2008
2006
2012
2010
2010
2013
2019
2017
2014
2013
2016
2018
2018
2030
2030
2032
2029
2031
2032
2034
2037
2051
2060
2058
2051
2057
2057
2058
2054
2047
2053
2055
2054
2056
2063
2071
2074
2083
2083
2081
2080
2078
2080
2085
2089
2094
2080
2079
2076
2071
2067
2065
2067
2069
2070
2063
2058
2062
2065
2050
2042
2044
2047
2036
2044
2049
2050
2053
2046
2051
2050
2052
2057
2057
2051
2044
2037
2039
2039
2044
2056
2055
2054
2051
2047
2046
2046
2048
2047
2041
2043
2044
2043
2036
2036
2032
2028
1998
1991
1984
1981
1961
1958
1952
1949
1944
1919
1922
1920
1919
1923
1926
1929
1936
1935
1935
1941
1948
1950
1947
1953
1960
1969
1977
1981
1986
1993
2009
2012
2012
2012
2018
2025
2033
2032
2030
2028
2025
2031
2032
2029
2033
2035
2035
2028
2020
2025
2033
2038
2036
2040
2044
2058
2054
2054
2057
2073
2077
2075
2078
2083
2086
2088
2086
2086
2084
2086
2083
2085
2076
2071
2075
2076
2071
2074
2080
2084
2073
2071
2070
2073
2071
2056
2059
2054
2048
2041
2034
2032
2028
2008
2006
2004
2004
1990
1990
1989
1992
1993
1994
1996
1996
2000
1990
1991
1987
1986
1980
1979
1980
1979
1980
1980
1974
1972
1974
1976
1978
1986
1991
2004
2008
2009
2006
2009
2006
2012
2016
2015
2017
2015
2012
2016
2014
2009
2005
2015
2023
2023
2029
2035
2051
2048
2041
2045
2052
2062
2066
2070
2074
2078
2067
2064
2047
2049
2042
2037
2034
2025
2030
2026
2026
2026
2019
2013
2011
2009
2007
2014
2012
2013
2012
2005
1999
1982
1981
1987
1990
1994
1991
1989
1988
1988
1993
1998
2005
2009
2023
2027
2036
2036
2024
2022
2022
2024
2022
2017
2016
2016
2021
2023
2014
2003
2024
1913
1977
2078
2131
2197
2124
2090
2074
1883
1884
1893
1906
1974
2088
2112
2132
2136
2161
2178
2173
2151
2046
2028
2006
2011
2051
2074
2101
2109
2104
2159
2138
2133
2151
2138
2109
2103
2106
2050
2017
1979
1988
1976
1976
1985
1994
2015
1989
1977
1966
1943
1961
1972
1976
1971
1958
1956
1955
1970
1976
1978
1986
1996
2005
2013
2016
2016
2017
2032
2038
2048
2050
2042
2035
2026
2011
1974
1978
1989
2009
2079
2100
2097
2093
2028
2013
2007
2006
2001
2032
2045
2058
2072
2073
2068
2055
2049
1997
1991
1990
1989
1997
1999
2001
2000
2005
2019
2025
2028
2039
2050
2055
2048
2042
1979
1968
1968
1961
1937
1917
1914
1909
1897
1903
1913
1926
1937
1957
1948
1942
1938
1941
1948
1958
1965
2041
2048
2056
2051
2040
2034
2030
2034
2048
2046
2052
2052
2053
2046
2049
2044
2049
2052
2055
2060
2061
2114
2125
2136
2137
2107
2095
2079
2067
2053
2027
2019
2018
2024
2025
2034
2049
2063
2037
2025
2014
1996
1972
1967
1971
1970
1963
1944
1936
1933
1936
1937
1940
1951
1957
2022
2035
2049
2066
2138
2154
2165
2188
2276
2294
2314
2334
2348
2347
2337
2325
2313
2301
2283
2264
2249
2168
2150
2140
2118
2021
1991
1959
1936
1910
1828
1803
1784
1765
1750
1735
1728
1715
1643
1636
1649
1659
1725
1754
1783
1814
1877
1891
1902
1916
1933
2003
2015
2037
2067
2104
2129
2151
2175
2185
2179
2170
2162
2088
2054
2023
2016
2075
2359
2391
2392
2359
2282
2194
2100
2006
1741
1752
1782
1830
1962
1975
2000
2022
2039
2006
1978
1944
1910
1884
1905
1930
1957
1982
2007
2034
2061
2219
2243
2272
2298
2368
2359
2334
2296
2259
2215
2218
2217
2216
2217
2226
2241
2258
2146
2096
2051
2021
1977
1968
1949
1931
1887
1888
1894
1902
1905
1923
1924
1928
1941
1947
1946
1939
1934
2002
2011
2018
2012
1901
1876
1866
1867
1876
1940
1965
1989
2024
2047
2059
2063
2054
1930
1908
1901
1902
1948
1950
1942
1937
1862
1839
1822
1814
1813
1805
1806
1810
1822
1831
1850
1881
1904
2028
2065
2110
2148
2210
2211
2205
2194
2192
2179
2172
2156
2140
2118
2095
2082
2078
2107
2123
2128
2134
2086
2060
2035
2016
1999
2009
2013
2024
2017
1954
1927
1913
1901
1886
1875
1871
1871
1902
1913
1918
1923
1945
1956
1975
1991
2071
2092
2105
2128
2141
2150
2151
2142
2140
2133
2129
2118
2104
2077
2078
2085
2095
2115
2112
2099
2088
2076
2052
2043
2043
2045
2053
2052
2054
2046
1981
1961
1941
1925
1876
1874
1887
1905
1954
1953
1960
1953
1948
1942
1961
1987
2030
2076
2110
2147
2191
2258
2252
2236
2214
2155
2147
2152
2165
2181
2229
2239
2245
2245
2242
2238
2228
2220
2176
2158
2147
2131
2047
2024
1996
1965
1888
1890
1891
1899
1917
1939
1944
1941
1939
1938
1931
1933
1939
1991
2021
2041
2063
2096
2095
2096
2091
2077
2037
2024
2012
2007
2004
1996
1991
1987
1976
1973
1965
1958
1931
1923
1928
1929
1946
1941
1940
1938
1935
1925
1925
1918
1916
1919
1923
1928
1937
1994
1998
2001
2007
2009
2007
2011
2017
2021
2038
2045
2047
2044
2037
2026
2015
2002
1955
1960
1956
1954
1943
1935
1930
1918
1876
1874
1875
1886
1896
1919
1925
1932
1942
1948
1952
1956
1961
1965
1974
1984
1990
2037
2047
2063
2090
2112
2143
2157
2162
2166
2175
2187
2190
2192
2178
2182
2181
2180
2153
2145
2142
2137
2117
2109
2112
2107
2107
2106
2109
2108
2109
2103
2104
2102
2102
2111
2113
2122
2125
2097
2091
2086
2089
2092
2102
2105
2109
2115
2120
2125
2137
2146
2170
2163
2149
2129
2018
1995
1971
1962
1929
1925
1921
1920
1925
1919
1908
1898
1882
1872
1865
1867
1873
1869
1869
1874
1875
1918
1926
1931
1939
1936
1932
1926
1930
1927
1916
1922
1926
1937
1953
1955
1957
1960
1943
1951
1958
1965
1953
1948
1947
1949
1959
1975
1983
1987
1995
2011
2026
2047
2064
2080
2080
2095
2104
2151
2155
2150
2158
2166
2165
2156
2156
2152
2143
2140
2136
2132
2122
2123
2123
2115
2110
2101
2092
2084
2077
2057
2053
2045
2040
2037
2037
2032
2027
2028
2039
2040
2035
2039
2037
2036
2030
2024
1994
1985
1977
1974
1970
1973
1978
1983
1979
1975
1966
1965
1969
1966
1966
1964
1964
1967
1967
1969
1968
1960
1963
1962
1965
1999
2005
2016
2027
2042
2075
2082
2088
2101
2104
2102
2104
2109
2111
2109
2111
2112
2096
2092
2087
2077
2077
2075
2066
2064
2058
2058
2057
2052
2047
2042
2036
2035
2038
2017
2019
2017
2012
2013
2011
2005
2003
2001
2007
2010
2010
2008
2007
2010
2014
2015
2015
2014
2021
2026
2026
2029
2035
2037
2043
2042
2041
2040
2042
2041
2043
2045
2046
2022
2019
2012
2004
2002
2005
2003
2002
1977
1979
1977
1974
1967
1949
1945
1939
1940
1944
1951
1957
1963
1972
1982
1992
1999
2017
2022
2025
2031
2034
2042
2049
2047
2051
2056
2055
2052
2044
2023
2018
2017
2019
2001
1995
1996
2000
2036
2039
2044
2051
2063
2069
2067
2066
2073
2069
2069
2076
2073
2058
2063
2063
2061
2063
2063
2061
2059
2063
2068
2057
2053
2056
2052
2047
2044
2042
2031
2026
2030
2024
2020
2016
2017
2019
2013
2013
2014
2017
2016
2022
2027
2033
2031
2043
2045
2044
2046
2054
2052
2053
2054
2048
2042
2041
2044
2049
2037
2037
2028
2026
2028
2028
2025
2025
2023
2021
2015
2011
1991
1987
1992
1990
1988
1976
1972
1970
1972
1972
1964
1959
1959
1938
1932
1926
1930
1949
1946
1949
1950
1949
1969
1971
1974
1977
1982
1987
1994
2002
2013
2006
2004
2002
2010
2013
2013
2013
2022
2018
2020
2023
2029
2043
2041
2042
2049
2050
2053
2053
2053
2070
2076
2074
2076
2076
2079
2077
2076
2082
2077
2076
2079
2080
2081
2085
2091
2088
2068
2059
2061
2062
2056
2056
2057
2057
2056
2050
2042
2045
2049
2052
2056
2065
2069
2081
2084
2089
2089
2088
2090
2085
2090
2093
2091
2087
2086
2082
2081
2082
2083
2077
2067
2044
2038
2036
2035
2033
2026
2019
2015
2001
1997
1996
1997
2000
1997
1999
1993
1995
1975
1978
1977
1980
1983
1982
1981
1977
1985
1985
1989
1991
1995
1993
1993
1998
1997
1996
2000
2004
2001
2000
1999
2000
2005
2010
2009
2010
2019
2025
2019
2021
2024
2026
2024
2028
2027
2029
2026
2024
2027
2028
2025
2025
2025
2027
2027
2029
2030
2034
2024
2017
2010
2012
2021
2019
2016
2013
2010
2007
2001
1993
1993
1982
1979
1972
1972
1958
1954
1956
1954
1955
1936
1929
1924
1923
1926
1930
1930
1929
1951
1954
1961
1972
2006
2018
2022
2030
2057
2049
2009
2001
2057
2240
2265
2254
2248
2225
2163
2076
1995
1870
1866
1863
1879
2053
2073
2088
2096
2091
2135
2143
2148
2147
2133
2108
2081
2069
2123
2168
2197
2220
2277
2243
2212
2193
2170
2139
2144
2154
2159
2147
2114
2075
2035
1907
1914
1935
1956
2027
2015
1983
1931
1821
1835
1868
1907
1942
2007
2011
2003
1999
1999
1997
1998
2006
2107
2140
2165
2183
2144
2146
2156
2163
2169
2146
2123
2094
2059
2028
2004
1988
1977
1984
2003
2031
2059
2015
1977
1940
1916
1942
1969
1999
2020
2033
1947
1893
1838
1796
1771
1758
1754
1764
1868
1896
1927
1936
1978
1992
2016
2052
2083
2156
2154
2142
2122
2097
2076
2056
2048
2024
2007
1989
1964
1891
1899
1908
1928
1948
2002
2004
1999
1991
1979
1976
1981
1998
2115
2127
2133
2137
2103
2095
2087
2096
2104
2096
2082
2060
2031
1934
1922
1904
1905
1912
1928
1938
1937
1882
1857
1830
1804
1689
1675
1664
1653
1638
1576
1570
1573
1589
1608
1630
1666
1707
1906
1970
2040
2120
2480
2584
2688
2796
2894
3145
3209
3261
3304
3344
3374
3400
3421
3403
3372
3332
3283
2969
2869
2760
2642
2132
2012
1893
1770
1645
1285
1168
1050
929
817
718
639
565
368
356
363
383
548
594
650
709
782
1044
1141
1238
1342
1437
1528
1615
1694
1985
2056
2132
2212
2484
2526
2571
2609
2645
2710
2726
2735
2744
2756
2758
2763
2769
2745
2732
2715
2696
2536
2497
2482
2480
2439
2401
2355
2294
2223
1991
1930
1885
1866
1860
1869
1892
1918
2058
2090
2127
2164
2345
2368
2375
2371
2352
2268
2245
2233
2230
2226
2215
2214
2203
2109
2081
2056
2033
1981
1982
1978
1965
1941
1839
1812
1798
1800
1810
1827
1844
1858
1748
1685
1616
1552
1394
1385
1391
1393
1353
1341
1328
1325
1331
1424
1472
1525
1592
1655
1721
1781
1836
2035
2093
2164
2234
2413
2431
2453
2474
2487
2511
2516
2526
2545
2576
2603
2626
2643
2572
2538
2506
2475
2428
2412
2385
2346
2291
2046
1960
1883
1819
1763
1721
1690
1672
1649
1648
1646
1649
1729
1769
1821
1869
1922
2032
2035
2037
2035
2023
2009
1994
1988
1918
1887
1853
1817
1700
1687
1672
1666
1657
1647
1633
1624
1618
1642
1664
1695
1727
1751
1768
1777
1792
1876
1913
1955
2008
2241
2298
2352
2403
2443
2553
2599
2643
2684
2729
2775
2828
2872
2883
2841
2786
2726
2487
2447
2411
2369
2169
2122
2079
2054
2029
1938
1911
1881
1858
1833
1813
1792
1767
1718
1720
1727
1733
1721
1712
1693
1677
1670
1666
1670
1677
1688
1707
1726
1743
1773
1887
1921
1959
2010
2162
2192
2211
2230
2260
2249
2237
2227
2218
2187
2178
2170
2163
2153
2135
2129
2121
2092
2079
2072
2065
2082
2091
2102
2108
2113
2108
2101
2091
2076
2062
2051
2033
2025
2066
2082
2099
2109
2135
2151
2162
2175
2190
2225
2231
2233
2233
2233
2223
2207
2187
2071
2036
1999
1959
1818
1792
1774
1767
1730
1730
1734
1738
1750
1756
1757
1760
1769
1771
1777
1788
1796
1818
1818
1818
1820
1835
1849
1865
1877
1894
1901
1893
1884
1875
1862
1849
1852
1845
1848
1849
1850
1852
1849
1848
1835
1838
1845
1850
1860
1868
1882
1947
1972
1999
2024
2057
2084
2121
2150
2281
2311
2337
2359
2408
2410
2416
2415
2417
2408
2402
2395
2393
2391
2383
2364
2349
2338
2476
2583
2589
2403
2320
2233
2172
2045
2070
2036
1976
1945
1918
1931
1938
1918
1868
1834
1852
1870
1836
1822
1786
1751
1805
1838
1861
1866
1885
1963
1957
1953
1967
1993
2000
1996
1973
1934
1945
1977
2005
2040
2066
2085
2102
2100
2106
2114
2131
2139
2094
2075
2076
2075
2069
2063
2068
2085
2052
2038
2041
2050
1994
1959
1932
1909
1909
1934
1949
1955
1960
1965
1971
1972
1960
1878
1870
1871
1877
1990
1983
1962
1951
1934
1937
1952
1967
1990
2056
2067
2078
2092
2097
2094
2093
2086
2002
1990
1983
1984
1964
1969
1967
1971
1971
1978
1983
1989
2000
2010
2014
2012
2015
2027
2035
2043
2049
2047
2033
2016
1995
1963
1984
2003
2017
2023
2003
2003
2002
2004
2007
2024
2042
2062
2127
2147
2165
2177
2165
2158
2157
2159
2162
2132
2121
2107
2097
2082
2063
2041
2030
1998
2009
2016
2030
2042
2039
2039
2038
2050
2057
2069
2081
2095
2133
2134
2135
2133
2132
2139
2143
2146
2120
2105
2098
2094
2063
2052
2036
2022
1999
1934
1919
1899
1887
1883
1879
1873
1865
1853
1855
1857
1864
1889
1896
1901
1908
1974
1996
2014
2028
2038
2061
2068
2073
2075
2080
2082
2085
2093
2114
2112
2118
2119
2145
2146
2142
2146
2156
2172
2174
2173
2164
2157
2153
2144
2135
2067
2050
2038
2025
1960
1945
1928
1915
1900
1862
1860
1863
1869
1868
1867
1870
1874
1879
1878
1888
1900
1910
1916
1916
1920
1925
1924
1919
1918
1913
1915
1916
1921
1921
1928
1949
1960
1972
1980
1987
2000
2005
2013
2021
2025
2031
2040
2051
2048
2045
2046
2064
2066
2063
2064
2069
2067
2076
2076
2077
2079
2085
2090
2095
2128
2135
2137
2141
2168
2174
2181
2186
2193
2172
2166
2157
2157
2156
2148
2149
2143
2120
2116
2106
2100
2060
2052
2045
2034
2036
2038
2031
2037
2038
2032
2031
2024
2019
1996
1991
1993
1990
1984
1985
1984
1988
1988
1987
1986
1987
1985
1972
1971
1976
1981
1980
1978
1978
1971
1947
1929
1918
1914
1906
1914
1920
1928
1929
1940
1944
1953
1959
1966
1972
1976
1984
2005
2010
2013
2018
2031
2034
2036
2034
2027
2024
2022
2022
2021
2004
2003
2003
2006
2011
2022
2026
2019
2017
2019
2024
2030
2036
2040
2043
2046
2045
2040
2047
2055
2054
2053
2053
2062
2066
2065
2057
2057
2058
2040
2034
2036
2033
2003
1996
1993
1995
1994
1991
1984
1973
1978
1974
1975
1972
1970
1984
1991
1996
2006
2035
2037
2038
2044
2051
2070
2076
2090
2097
2102
2106
2103
2105
2118
2119
2123
2124
2125
2127
2123
2116
2090
2089
2089
2084
2086
2086
2085
2080
2067
2053
2044
2042
2043
2032
2030
2030
2026
2017
2014
2011
2007
2009
2007
2010
2010
2009
2010
2009
2006
2008
2003
2007
2005
2002
1998
1996
1994
1990
1992
1993
1993
1990
1992
1996
1995
1992
1993
1988
1994
2003
2003
1987
1978
1974
1974
1990
1997
2005
2007
2016
2031
2033
2037
2036
2031
2032
2036
2032
2036
2026
2027
2030
2005
2002
1999
1988
1985
1970
1966
1969
1976
1982
1940
1853
1796
2365
2356
2298
2154
1460
1479
1591
1730
1818
1788
1820
1838
1806
1783
1835
1920
1964
2090
2170
2199
2220
2254
2267
2291
2300
2290
2394
2437
2514
2586
2620
2664
2734
2785
2789
2652
2528
2370
2212
2115
2109
2178
2213
1850
1704
1523
1370
1454
1523
1556
1549
1435
1402
1402
1423
1434
1463
1556
1670
1792
1896
1987
2033
2031
2076
2142
2231
2331
2643
2683
2704
2719
2726
2565
2499
2458
2428
2411
2393
2396
2394
2163
2078
2013
1982
1943
1968
1991
2014
2065
2053
2020
1970
1924
1984
2015
2021
1991
1914
1796
1672
1546
1331
1392
1469
1548
1878
1947
2008
2042
2070
2210
2311
2408
2500
2570
2600
2587
2542
2260
2170
2091
2021
1874
1845
1818
1804
1702
1678
1663
1657
1665
1761
1804
1841
1852
1844
1845
1866
1902
2063
2068
2060
2045
1971
1949
1927
1922
1935
2032
2046
2047
2036
2016
1982
1947
1926
1983
2036
2089
2137
2141
2117
2089
2048
2006
1884
1843
1816
1770
1714
1673
1634
1594
1537
1541
1555
1571
1593
1629
1675
1721
1782
2001
2068
2144
2226
2309
2395
2488
2583
2665
2869
2924
2970
3008
3052
3099
3148
3202
3421
3461
3493
3510
3493
3471
3440
3407
3365
3159
3056
2933
2797
2643
2486
2328
2168
1551
1405
1263
1130
684
601
525
460
242
223
215
221
228
300
334
370
408
453
496
541
594
833
902
984
1057
1496
1634
1777
1927
2073
2469
2587
2691
2793
2897
2994
3072
3137
3288
3310
3332
3345
3064
2940
2806
2672
2545
2270
2215
2166
2105
2052
2001
1965
1926
1803
1790
1788
1797
1907
1936
1955
1975
2030
2046
2060
2081
2100
2191
2231
2266
2315
2362
2398
2437
2469
2574
2606
2646
2682
2797
2822
2840
2855
2856
2793
2753
2702
2644
2587
2523
2447
2369
2004
1906
1821
1746
1502
1453
1402
1358
1227
1219
1216
1211
1217
1251
1256
1261
1265
1266
1265
1257
1259
1345
1375
1427
1484
1679
1724
1766
1813
1858
2013
2068
2128
2188
2239
2276
2305
2321
2293
2274
2253
2222
2003
1964
1919
1867
1813
1778
1752
1710
1653
1572
1579
1606
1666
1753
1852
1945
2048
2302
2355
2395
2431
2441
2432
2433
2455
2482
2505
2481
2448
2405
2367
2339
2319
2304
2306
2297
2278
2266
2106
2039
1965
1890
1657
1622
1589
1555
1518
1413
1387
1368
1365
1368
1390
1426
1481
1748
1810
1879
1948
2263
2346
2428
2496
2553
2692
2711
2725
2747
2755
2756
2745
2727
2676
2666
2632
2596
2412
2358
2312
2268
2233
2136
2115
2102
2095
2084
2069
2042
1997
1800
1765
1742
1726
1673
1659
1643
1617
1561
1576
1593
1613
1643
1722
1756
1799
1845
1897
1948
1990
2032
2128
2152
2175
2197
2257
2272
2289
2300
2315
2304
2281
2259
2234
2209
2177
2149
2118
2054
2049
2040
2034
1972
1946
1922
1885
1857
1743
1712
1682
1656
1636
1626
1618
1614
1641
1660
1682
1705
1855
1903
1952
1997
2184
2225
2271
2321
2359
2478
2525
2559
2595
2625
2648
2661
2665
2660
2650
2640
2634
2633
2625
2613
2600
2578
2481
2449
2420
2398
2362
2323
2283
2245
2077
2035
1997
1959
1827
1802
1792
1837
1740
1698
1637
1570
1491
1224
1172
1117
1084
1055
1029
1017
1005
965
947
957
995
1031
1054
1104
1174
1244
1422
1482
1532
1572
1613
1664
1731
1794
2023
2076
2137
2188
2267
2273
2283
2288
2292
2340
2354
2370
2387
2402
2412
2405
2402
2409
2427
2450
2473
2501
2513
2542
2561
2582
2648
2663
2669
2669
2668
2664
2656
2644
2561
2526
2499
2473
2450
2431
2418
2402
2386
2294
2250
2210
2164
2117
2074
2029
1982
1938
1859
1840
1819
1799
1771
1746
1710
1677
1569
1570
1582
1595
1669
1675
1685
1696
1709
1750
1765
1785
1799
1814
1823
1829
1830
1857
1864
1876
1892
1939
1945
1948
1950
1939
1951
1968
1980
1993
2004
2000
1994
1990
1982
1975
1965
1961
1933
1944
1952
1960
2043
2068
2106
2142
2177
2305
2339
2363
2392
2415
2440
2469
2500
2577
2577
2588
2587
2530
2509
2485
2458
2349
2321
2291
2263
2228
2128
2097
2077
2049
2018
1984
1954
1918
1792
1774
1764
1758
1767
1775
1774
1772
1769
1749
1756
1763
1769
1770
1778
1784
1798
1832
1837
1841
1842
1850
1863
1879
1889
1905
1941
1947
1955
1967
1979
1994
2006
2014
2040
2056
2073
2099
2138
2151
2172
2187
2221
2225
2232
2241
2252
2268
2269
2276
2280
2279
2281
2283
2289
2272
2259
2239
2226
2176
2157
2138
2118
2100
2024
1992
1966
1932
1892
1865
1839
1817
1711
1684
1659
1639
1586
1587
1589
1594
1640
1661
1679
1695
1711
1756
1782
1800
1821
1836
1855
1874
1888
1960
1975
1992
2012
2093
2110
2124
2137
2146
2195
2205
2211
2211
2221
2219
2214
2209
2192
2186
2176
2168
2115
2098
2092
2094
2099
2081
2072
2071
2071
2071
2070
2074
2078
2091
2084
2085
2085
2074
2071
2072
2071
2035
2039
2032
2029
2036
2027
2021
2014
2011
2014
2014
2016
2014
2004
2001
1993
1991
1977
1968
1959
1955
1949
1924
1918
1921
1925
1930
1926
1932
1932
1933
1940
1943
1940
1971
1977
1982
1985
2001
2008
2013
2022
2021
2024
2021
2016
2014
2019
2020
2018
2013
2009
2016
2015
2018
2042
2053
2064
2077
2092
2122
2126
2134
2146
2156
2171
2180
2186
2199
2204
2206
2211
2211
2209
2215
2219
2212
2201
2198
2197
2198
2196
2195
2189
2189
2167
2156
2154
2152
2110
2093
2085
2074
2026
2015
2005
1988
1974
1948
1946
1945
1950
1952
1947
1945
1944
1920
1915
1907
1896
1873
1865
1859
1853
1848
1848
1842
1835
1842
1846
1854
1857
1859
1864
1864
1872
1878
1888
1891
1898
1910
1921
1947
1948
1962
1977
1985
1989
1997
2002
2036
2041
2045
2043
2041
2040
2035
2038
2040
2056
2056
2057
2059
2058
2059
2054
2051
2046
2026
2024
2025
2028
2028
2029
2024
2023
2019
2028
2038
2039
2056
2066
2077
2088
2092
2110
2119
2123
2135
2139
2144
2149
2162
2181
2184
2189
2195
2196
2192
2185
2186
2189
2163
2156
2151
2145
2138
2132
2120
2115
2109
2079
2073
2061
2049
2040
2024
2013
2004
1957
1944
1929
1918
1898
1893
1885
1877
1874
1856
1850
1851
1855
1855
1860
1863
1869
1894
1904
1911
1919
1940
1949
1961
1974
2017
2030
2043
2054
2064
2081
2089
2092
2099
2107
2113
2123
2123
2134
2134
2140
2145
2135
2133
2132
2131
2134
2124
2125
2121
2116
2118
2112
2115
2120
2111
2107
2104
2102
2092
2080
2078
2077
2033
2022
2018
2014
2008
1990
1979
1970
1960
1948
1934
1924
1916
1893
1888
1884
1883
1875
1874
1878
1876
1879
1894
1903
1907
1910
1918
1920
1927
1945
2142
2154
2042
1972
1814
1836
1844
1830
2078
2128
2174
2225
2202
2092
2078
2021
2010
2044
2070
2061
2056
2131
2127
2143
2157
2216
2221
2254
2310
2343
2298
2280
2263
2232
2200
2172
2149
2130
1997
1978
1977
1975
1959
1971
1966
1959
1944
1838
1826
1825
1824
1826
1841
1849
1867
1947
1940
1931
1918
1954
1999
2036
2054
2061
2058
2049
2047
2055
2116
2136
2151
2160
2161
2146
2122
2110
2082
2089
2097
2103
2057
2038
2015
1987
1961
1892
1903
1940
1983
2038
2098
2151
2176
2092
2040
1983
1929
1837
1847
1856
1869
1857
1846
1846
1852
1871
1989
2034
2072
2101
2132
2153
2164
2167
2171
2178
2197
2212
2166
2137
2099
2070
2055
2051
2058
2053
2048
2027
1999
1971
1934
1863
1884
1906
1933
2050
2055
2040
2013
1968
1962
1957
1954
1956
1966
1968
1964
1957
1946
1930
1907
1888
1812
1795
1773
1752
1670
1668
1667
1675
1685
1688
1684
1677
1666
1647
1626
1606
1585
1562
1574
1589
1599
1660
1693
1735
1783
2024
2103
2185
2264
2346
2588
2666
2745
2824
2908
3001
3101
3191
3517
3586
3656
3721
3911
3952
3976
3987
3991
3964
3931
3886
3829
3752
3657
3553
3430
2875
2713
2552
2394
1693
1514
1330
1141
956
446
295
168
124
116
109
106
103
94
94
93
94
97
98
102
105
107
128
145
172
224
308
421
555
721
1254
1433
1600
1773
1938
2093
2236
2364
2492
2818
2908
2989
3063
3136
3196
3243
3289
3329
3414
3433
3450
3465
3474
3476
3466
3448
3313
3269
3228
3180
2965
2917
2894
2907
2603
2463
2306
2157
2023
1762
1717
1701
1701
1707
1715
1747
1784
1789
1764
1736
1719
1717
1725
1730
1725
1708
1695
1714
1727
1744
1757
1772
1803
1862
2042
2067
2084
2074
2049
2038
2022
2006
1883
1869
1860
1856
1862
1850
1816
1773
1720
1652
1578
1508
1441
1290
1278
1269
1270
1218
1205
1197
1202
1226
1425
1493
1559
1619
1687
1766
1866
1981
2211
2221
2238
2277
2494
2527
2566
2606
2847
2901
2946
2984
3002
2923
2869
2817
2771
2725
2681
2653
2647
2719
2737
2722
2670
2238
2116
2007
1908
1822
1621
1551
1478
1406
1328
1249
1185
1138
1103
1112
1120
1131
1175
1169
1181
1204
1301
1324
1351
1379
1399
1476
1516
1571
1631
1686
1743
1796
1827
1852
1856
1866
1879
2143
2245
2340
2425
2500
2636
2654
2660
2671
2697
2735
2792
2859
3043
3062
3075
3066
3040
3044
3057
3079
3107
3122
3094
3043
2979
2895
2797
2696
2605
2388
2334
2274
2215
2151
2075
1992
1905
1828
1659
1623
1595
1564
1533
1501
1469
1436
1393
1231
1188
1156
1144
1154
1171
1195
1220
1285
1286
1278
1264
1292
1325
1364
1407
1510
1538
1573
1615
1671
1899
1985
2067
2143
2209
2267
2315
2359
2454
2461
2459
2462
2506
2521
2535
2541
2551
2564
2575
2589
2600
2628
2635
2645
2636
2612
2692
2835
2870
2778
2693
2640
2647
2535
2512
2465
2408
2375
2216
2159
2131
2084
1999
1923
1898
1876
1772
1777
1788
1794
1826
1860
1869
1876
1858
1840
1816
1805
1820
1813
1801
1803
1779
1745
1724
1715
1696
1628
1598
1576
1561
1488
1477
1472
1466
1405
1387
1383
1384
1395
1458
1488
1528
1570
1601
1621
1633
1644
1701
1712
1720
1746
1880
1923
1958
1993
2025
2087
2097
2104
2115
2130
2154
2188
2213
2239
2223
2212
2206
2166
2171
2187
2203
2259
2268
2281
2280
2263
2198
2175
2150
2138
2115
2083
2050
2025
1901
1877
1859
1838
1846
1864
1890
1912
1965
1979
1996
2014
2041
2113
2142
2171
2201
2214
2220
2209
2195
2111
2096
2080
2058
1945
1916
1898
1885
1882
1925
1959
1985
2013
2036
2060
2088
2122
2270
2293
2321
2343
2432
2445
2452
2458
2433
2423
2415
2412
2411
2393
2385
2376
2368
2350
2330
2312
2292
2237
2220
2206
2186
2088
2058
2028
2006
1962
1953
1945
1926
1901
1822
1793
1766
1743
1722
1715
1713
1710
1698
1706
1714
1725
1760
1771
1787
1809
1832
1900
1929
1958
1980
1998
2012
2029
2047
2113
2128
2148
2167
2200
2199
2198
2201
2194
2193
2199
2196
2197
2185
2181
2181
2184
2185
2182
2175
2169
2150
2147
2140
2136
2092
2076
2061
2054
2047
2005
1991
1968
1953
1934
1908
1890
1867
1814
1810
1800
1802
1825
1831
1847
1869
1909
1917
1922
1924
1935
1941
1942
1942
1943
1937
1932
1933
1935
1921
1919
1915
1914
1915
1920
1923
1923
1929
1940
1956
1963
1973
1967
1962
1955
1947
1947
1950
1955
1958
1955
1933
1919
1922
1927
1934
1944
1956
1963
1988
1993
2002
2014
2027
2039
2048
2055
2063
2088
2094
2098
2107
2120
2128
2128
2133
2144
2143
2143
2140
2144
2146
2146
2143
2144
2146
2146
2141
2140
2111
2100
2096
2085
2048
2042
2036
2034
2021
2025
2021
2015
2010
2008
2016
2018
2026
2031
2036
2037
2048
2066
2064
2068
2075
2083
2085
2078
2068
2059
2036
2032
2027
2023
2015
2011
2007
2003
1970
1960
1955
1951
1932
1932
1935
1943
1951
1949
1956
1965
1968
1983
1990
2001
2011
2021
2033
2036
2040
2075
2080
2086
2091
2106
2102
2106
2105
2098
2080
2069
2061
2050
2037
2030
2020
2013
1992
1988
1986
1983
1994
1997
1999
2002
2021
2022
2031
2039
2047
2069
2073
2085
2086
2084
2086
2088
2093
2106
2115
2118
2118
2108
2104
2091
2084
2080
2069
2076
2079
2077
2070
2062
2064
2061
2030
2021
2017
2011
2005
2004
1996
1990
1981
1959
1958
1959
1957
1951
1947
1947
1946
1942
1926
1927
1927
1928
1940
1936
1940
1944
1967
1973
1979
1988
1994
2001
2015
2030
2039
2051
2059
2072
2080
2091
2092
2092
2089
2088
2088
2086
2081
2077
2075
2068
2063
2053
2043
2036
2030
2024
2016
2014
2009
2010
2013
2011
2011
2009
2013
2018
2023
2019
2023
2023
2021
2023
2024
2009
2005
1998
1995
1972
1974
1970
1970
1969
1963
1967
1970
1971
1976
1981
1994
2001
1997
2000
2002
2000
2026
2034
2037
2036
2037
2027
2022
2019
2020
2019
2043
2043
2043
2050
2057
2070
2076
2089
2098
2099
2095
2100
2108
2085
2084
2084
2079
2065
2057
2049
2047
2025
2017
2014
2012
2010
1996
1993
1995
1997
1995
1995
1991
1991
2021
2029
2038
2034
2043
2064
2064
2064
2064
2064
2063
2061
2070
2074
2067
2058
2052
2052
2054
2052
2053
2052
2052
2048
2045
2046
2048
2044
2041
2039
2023
2021
2012
2008
2008
2000
1998
2000
1995
1991
1994
1999
1998
1986
1985
1988
1986
1977
1973
1972
1968
1970
1959
1960
1953
1951
1950
1952
1949
1944
1935
1931
1931
1931
1929
1926
1920
1920
1925
1939
1941
1951
1960
1998
2003
2006
2013
2039
2043
2050
2058
2064
2091
2090
2091
2094
2104
2110
2109
2116
2152
2153
2158
2161
2161
2159
2162
2167
2169
2152
2148
2140
2131
2119
2105
2096
2089
2152
2214
2088
1836
1569
1575
1630
1688
1956
1974
1940
1952
2035
1929
2060
2099
1951
1849
1931
2052
2063
2071
2029
2011
2057
2164
2224
2210
2191
2231
2230
2255
2320
2362
2329
2268
2226
2214
2165
2194
2169
2126
2113
2074
1994
1937
1952
2026
2009
2001
2004
2000
1966
1934
1910
1869
1865
1912
1956
2014
2067
2081
2073
2060
1889
1890
1909
1933
2065
2083
2089
2078
2019
2009
2008
2024
2049
2027
2022
2043
2084
2129
2147
2129
2107
2015
2027
2052
2066
2010
1983
1960
1964
2035
2064
2091
2116
2134
2095
2021
1938
1883
1849
1836
1842
1874
2007
2015
1992
1953
1872
1895
1929
1966
1998
2042
2045
2042
2034
2025
2014
2003
2010
1997
1975
1958
1952
1967
1970
1959
1950
1940
1935
1931
1921
1912
1907
1901
1907
1932
1955
1976
1990
1997
1938
1928
1932
1938
1987
1989
1986
1971
1949
1814
1764
1728
1691
1668
1651
1638
1628
1607
1594
1583
1581
1675
1715
1755
1797
1889
1903
1922
1945
1969
2067
2113
2165
2215
2275
2354
2429
2496
2740
2813
2896
2977
3244
3296
3347
3394
3434
3515
3533
3548
3568
3582
3580
3556
3510
3234
3163
3092
3027
2751
2665
2566
2462
2359
1995
1883
1767
1642
1521
1423
1330
1230
967
882
809
745
691
644
600
556
511
121
109
108
109
112
119
129
140
153
288
339
382
430
498
589
691
781
1242
1305
1369
1443
1715
1793
1881
1987
2487
2604
2706
2804
2876
3000
3031
3061
3113
3162
3183
3187
3188
3202
3190
3165
3122
2990
2998
3016
3031
3030
2932
2897
2861
2832
2801
2765
2735
2725
2826
2848
2854
2827
2640
2607
2588
2577
2592
2615
2639
2655
2652
2563
2519
2481
2452
2429
2404
2372
2340
2230
2198
2147
2079
1685
1596
1513
1454
1395
1167
1072
981
902
827
757
690
620
365
322
286
246
129
126
127
128
131
149
161
176
191
208
229
263
313
563
661
767
868
967
1064
1159
1259
1363
1664
1765
1875
1975
2076
2173
2260
2349
2447
2741
2834
2906
2967
3017
3056
3100
3144
3264
3293
3321
3347
3369
3387
3402
3412
3412
3329
3290
3257
3218
3180
3144
3110
3073
3027
2870
2822
2777
2741
2705
2673
2648
2620
2495
2466
2435
2405
2280
2263
2237
2213
2186
2198
2222
2250
2277
2342
2365
2375
2391
2400
2411
2415
2420
2418
2414
2414
2416
2392
2478
2536
2474
2391
2163
2049
1975
1898
1810
1728
1700
1712
1522
1485
1398
1311
1102
1049
1021
1011
1052
1066
1098
1147
1194
1285
1313
1343
1387
1457
1538
1615
1683
1868
1886
1912
1943
2025
2051
2090
2134
2182
2308
2342
2377
2404
2408
2397
2387
2384
2426
2442
2463
2507
2533
2531
2527
2514
2491
2468
2476
2493
2503
2503
2512
2523
2523
2504
2445
2400
2370
2359
2357
2352
2353
2351
2326
2307
2277
2244
2092
2058
2031
2008
1933
1902
1865
1816
1764
1581
1537
1508
1483
1460
1449
1444
1429
1325
1296
1274
1256
1289
1315
1347
1375
1398
1454
1479
1508
1541
1571
1601
1638
1670
1840
1877
1910
1935
2041
2082
2120
2161
2271
2292
2308
2321
2331
2343
2340
2333
2330
2325
2320
2313
2301
2191
2178
2166
2162
2202
2210
2216
2223
2228
2259
2259
2263
2280
2298
2317
2331
2342
2326
2314
2297
2283
2194
2180
2167
2155
2064
2035
2007
1982
1953
1847
1812
1791
1770
1750
1734
1716
1699
1639
1619
1606
1598
1600
1615
1622
1633
1654
1660
1662
1674
1681
1728
1759
1786
1818
1854
1890
1922
1965
2096
2133
2168
2210
2352
2390
2429
2467
2498
2568
2582
2597
2610
2618
2621
2625
2624
2572
2546
2523
2502
2427
2418
2418
2410
2398
2356
2343
2335
2332
2329
2321
2313
2306
2257
2235
2211
2186
2155
2134
2114
2083
2052
1969
1947
1919
1891
1859
1826
1803
1774
1737
1635
1610
1575
1550
1537
1524
1503
1485
1409
1395
1385
1380
1385
1394
1408
1417
1431
1442
1455
1468
1485
1563
1589
1620
1648
1676
1703
1728
1752
1895
1932
1969
2013
2154
2191
2231
2267
2293
2364
2393
2410
2425
2449
2470
2485
2498
2535
2543
2561
2576
2625
2629
2626
2635
2648
2652
2648
2634
2627
2627
2617
2601
2587
2522
2501
2477
2453
2352
2327
2296
2263
2132
2094
2055
2013
1970
1843
1795
1752
1717
1683
1654
1626
1605
1516
1493
1476
1459
1427
1429
1428
1427
1432
1461
1469
1484
1499
1515
1535
1555
1566
1630
1652
1671
1700
1725
1747
1773
1791
1818
1867
1883
1895
1909
1928
1945
1959
1972
1985
2038
2051
2062
2070
2080
2089
2097
2102
2140
2148
2158
2174
2235
2242
2248
2260
2288
2292
2296
2301
2302
2307
2309
2309
2309
2303
2301
2300
2303
2288
2281
2279
2269
2249
2235
2218
2206
2192
2137
2128
2112
2098
2074
2050
2028
2016
1953
1933
1912
1898
1875
1876
1873
1870
1855
1857
1849
1848
1850
1870
1876
1882
1889
1890
1894
1893
1890
1894
1899
1911
1915
1924
1929
1931
1931
1935
1942
1946
1950
1956
1962
1969
1968
1970
1996
2004
2011
2022
2059
2064
2061
2072
2120
2128
2133
2133
2142
2157
2164
2176
2189
2203
2208
2212
2223
2258
2259
2262
2263
2266
2265
2261
2258
2243
2208
2195
2179
2160
2142
2131
2120
2100
2052
2041
2020
2004
1993
1985
1975
1964
1955
1922
1919
1917
1918
1915
1917
1918
1918
1915
1893
1895
1900
1906
1914
1912
1917
1927
1937
1945
1949
1952
1979
1987
1999
2001
2026
2029
2036
2045
2052
2060
2063
2066
2070
2076
2079
2082
2088
2097
2103
2105
2106
2084
2080
2075
2071
2073
2076
2067
2061
2061
2062
2058
2052
2042
2023
2025
2015
2012
1972
1963
1953
1938
1930
1906
1899
1888
1882
1871
1857
1847
1842
1815
1816
1815
1817
1852