2406
2433
2453
2438
2415
2390
2368
2295
2283
2272
2259
2180
2143
2100
2052
1999
1903
1892
1889
1891
1893
1894
1884
1875
1856
1851
1841
1834
1813
1808
1806
1799
1794
1743
1735
1722
1716
1711
1711
1708
1715
1707
1706
1709
1703
1700
1704
1710
1711
1743
1741
1745
1759
1782
1841
1865
1897
1928
1960
1993
2021
2052
2153
2184
2216
2238
2311
2321
2331
2333
2321
2280
2272
2274
2276
2283
2301
2323
2328
2319
2317
2307
2297
2293
2308
2317
2322
2324
2377
2423
2465
2482
2463
2407
2319
2229
1965
1912
1883
1867
1863
1867
1879
1892
1901
1927
1948
1966
1988
2019
2045
2078
2101
2126
2142
2139
2118
2087
2048
2014
1988
1973
1943
1929
1917
1892
1779
1765
1759
1763
1782
1798
1804
1805
1806
1791
1804
1826
1842
1859
1870
1872
1870
1837
1809
1780
1753
1810
1860
1915
1961
2006
2053
2047
2042
2037
2038
2040
2050
2068
2219
2261
2285
2300
2304
2316
2323
2331
2299
2276
2243
2201
2166
2046
2009
1975
1963
1959
1957
1971
1988
2032
2027
2021
2029
2050
2049
2038
2018
1985
1872
1838
1814
1800
1798
1810
1831
1847
1849
1837
1821
1809
1800
1791
1797
1814
1830
1877
1887
1891
1894
1887
1867
1848
1823
1803
1797
1805
1823
1837
1857
1879
1907
1932
2032
2059
2093
2126
2244
2268
2288
2315
2372
2377
2379
2375
2369
2354
2350
2343
2333
2322
2307
2297
2285
2230
2217
2205
2180
2129
2114
2098
2087
2077
2037
2031
2024
2030
2028
2027
2031
2031
1990
1984
1975
1968
1979
1987
1998
1995
1925
1902
1888
1880
1882
1888
1891
1894
1887
1876
1863
1850
1845
1882
1897
1912
1918
1921
1924
1926
1928
1927
1942
1951
1956
1968
1987
2004
2030
2057
2150
2173
2199
2217
2284
2285
2280
2272
2224
2214
2205
2197
2191
2158
2145
2137
2130
2121
2113
2106
2101
2076
2072
2076
2072
2043
2041
2043
2043
2048
2065
2065
2074
2082
2082
2080
2075
2073
2054
2055
2063
2067
2034
2021
2010
2004
1962
1956
1949
1946
1940
1925
1919
1911
1906
1902
1901
1899
1896
1867
1861
1856
1851
1809
1803
1801
1799
1806
1815
1815
1823
1836
1876
1892
1907
1920
1943
1963
1974
1981
2008
2008
2008
2010
2013
2009
2010
2016
2018
2005
1998
1992
1987
1991
1992
1998
2001
2011
2006
2002
2004
1987
1986
1988
1989
1998
2002
2005
2006
2010
2020
2030
2039
2047
2055
2067
2082
2098
2115
2113
2117
2116
2097
2093
2085
2074
2068
2050
2045
2042
2039
2035
2038
2043
2042
2044
2045
2045
2047
2027
2031
2034
2030
2046
2049
2064
2072
2076
2096
2097
2099
2098
2100
2106
2113
2118
2124
2122
2121
2125
2126
2126
2129
2123
2119
2115
2109
2101
2096
2094
2092
2091
2090
2072
2059
2053
2046
2009
1999
2001
2004
1996
2002
2004
2003
2007
2022
2027
2042
2051
2057
2060
2062
2066
2058
2053
2054
2047
2019
2020
2021
2021
2014
2004
2001
2000
2005
2002
1998
1999
2001
1992
1985
1987
1987
2000
2004
2003
2001
1991
1990
1992
1993
2001
2014
2016
2017
2018
2019
2015
2015
2012
1997
1994
1996
1993
1982
1982
1984
1987
1970
1970
1970
1962
1963
1959
1954
1946
1947
1946
1947
1949
1946
1957
1968
1977
1986
2001
2009
2010
2018
2023
2046
2050
2057
2064
2067
2068
2071
2073
2080
2076
2071
2070
2070
2076
2076
2074
2075
2063
2057
2056
2058
2051
2043
2040
2036
2024
2023
2018
2011
1996
1998
1998
1993
1989
1997
1998
1999
1999
2003
2012
2018
2022
2016
2014
2012
2013
2027
2034
2035
2037
2028
2018
2016
2013
2016
2021
2026
2030
2032
2028
2030
2032
2033
2036
2045
2046
2038
2036
2031
2031
2038
2055
2054
2059
2063
2065
2069
2071
2068
2069
2079
2080
2076
2063
2053
2051
2053
2051
2048
2047
2047
2046
2013
2004
1995
1998
2009
1995
1998
1997
1990
1983
1982
1983
1979
1967
1970
1978
1985
1995
1991
1997
2013
2032
2024
2032
2027
2022
2024
2028
2036
2038
2027
2025
2020
2025
2027
2022
2026
2043
2040
2046
2044
2038
2027
2013
2008
2011
2024
2037
2036
2027
2016
1994
1969
1972
2002
2073
2078
2082
2080
2080
2056
2052
2049
2040
2029
2029
2019
2022
2028
2016
2001
2001
1985
1999
2003
2003
2011
2014
2016
2015
2007
2014
2022
2021
2017
2019
2028
2035
2042
2018
2019
2028
2033
2063
2076
2069
2060
2068
2113
2106
2097
2091
2087
2086
2090
2082
2079
2069
2060
2050
2021
2009
2009
2013
2016
2000
1998
2003
2003
2003
1996
1994
1991
1976
1990
2004
2021
2014
1992
1981
1980
2028
2044
2052
2056
2066
2085
2081
2082
2080
2061
2047
2045
2055
2051
2038
2020
2007
1965
1958
1951
1941
1943
1962
1963
1962
1961
1968
1978
1988
1998
2039
2045
2062
2058
2023
2017
2014
2019
2019
2041
2061
2071
2074
2069
2065
2057
2060
2066
2078
2088
2088
2084
2094
2090
2074
2005
1969
1954
1949
1948
1980
1987
1992
2001
2001
1988
1979
1975
1985
1993
1997
1996
2003
2006
2005
1997
1992
1976
1968
1960
1948
1939
1937
1936
1925
1918
1902
1887
1882
1896
1897
1900
1912
1928
1940
1947
1952
1955
1957
1956
1958
1976
1987
1997
2004
2015
2051
2065
2092
2110
2121
2176
2197
2205
2219
2243
2255
2253
2253
2307
2323
2340
2347
2338
2314
2303
2308
2262
2253
2250
2245
2245
2214
2186
2170
2151
2129
2105
2103
2108
2081
2066
2047
2031
1973
1952
1935
1929
1924
1904
1884
1866
1854
1846
1832
1817
1804
1738
1726
1721
1716
1714
1718
1721
1725
1728
1730
1737
1746
1754
1769
1776
1779
1796
1819
1831
1842
1862
1929
1943
1958
1966
1997
2003
2025
2046
2056
2091
2104
2109
2118
2135
2149
2153
2163
2190
2196
2212
2221
2247
2239
2241
2249
2251
2254
2267
2261
2266
2267
2270
2274
2267
2234
2236
2232
2219
2155
2140
2127
2109
2092
2040
2019
1995
1980
1967
1953
1946
1942
1919
1917
1917
1910
1860
1876
1904
1912
1833
1756
1685
1605
1529
1449
1468
1513
1572
1630
1709
1788
1854
1970
1975
1989
2010
2031
2084
2090
2076
2066
2050
2024
1994
1976
1977
1993
2027
2063
2098
2113
2125
2145
2158
2156
2167
2182
2197
2215
2245
2273
2292
2319
2344
2340
2342
2344
2349
2353
2355
2363
2393
2392
2388
2375
2336
2326
2327
2338
2357
2393
2380
2350
2304
2250
2185
2122
2070
1980
1987
1993
1999
1974
1949
1928
1907
1763
1731
1695
1673
1653
1591
1578
1573
1573
1584
1595
1611
1631
1751
1776
1800
1827
1897
1897
1902
1899
1889
1817
1790
1766
1751
1746
1743
1763
1791
1885
1895
1902
1910
1919
1933
1950
1972
1998
2075
2095
2108
2118
2125
2130
2146
2163
2241
2265
2282
2307
2353
2360
2365
2372
2383
2361
2341
2327
2314
2287
2263
2244
2222
2150
2133
2120
2102
2016
2004
1995
1990
2025
2031
2035
2037
2035
1998
1971
1945
1907
1860
1813
1767
1735
1669
1670
1677
1686
1724
1726
1719
1713
1706
1688
1692
1696
1695
1698
1690
1689
1685
1711
1729
1741
1768
1895
1934
1977
2020
2068
2214
2278
2341
2415
2493
2571
2656
2735
2995
3049
3103
3150
3281
3291
3299
3299
3291
3237
3203
3168
3136
3094
3044
2985
2920
2563
2454
2347
2235
1829
1742
1662
1588
1524
1363
1317
1275
1230
1184
1145
1104
1076
961
941
925
911
889
895
900
910
981
1009
1033
1055
1075
1137
1165
1201
1225
1247
1276
1302
1321
1408
1440
1473
1514
1722
1784
1849
1907
1968
2147
2208
2266
2330
2388
2443
2498
2559
2746
2782
2816
2845
2918
2932
2941
2957
2962
2958
2959
2954
2952
2946
2932
2923
2902
2799
2762
2724
2687
2519
2484
2443
2397
2360
2238
2190
2147
2115
2091
2070
2049
2035
1982
1972
1958
1947
1884
1866
1850
1832
1798
1793
1776
1767
1756
1721
1712
1699
1690
1678
1661
1639
1608
1418
1362
1308
1261
1124
1119
1129
1147
1166
1245
1284
1329
1380
1437
1501
1568
1646
1911
1964
2014
2062
2217
2261
2299
2333
2377
2476
2498
2523
2548
2573
2584
2605
2629
2699
2715
2734
2760
2781
2773
2760
2746
2646
2616
2575
2533
2494
2368
2326
2278
2247
2219
2197
2177
2160
2047
2016
1983
1942
1762
1724
1690
1666
1638
1573
1557
1538
1525
1515
1499
1482
1471
1414
1402
1383
1370
1304
1288
1285
1290
1304
1366
1404
1442
1481
1523
1570
1616
1662
1850
1902
1948
1992
2163
2208
2253
2301
2454
2492
2526
2556
2585
2647
2664
2677
2692
2705
2722
2734
2739
2755
2740
2726
2708
2566
2527
2482
2436
2393
2270
2231
2195
2158
2121
2084
2060
2041
1988
1975
1963
1954
1902
1888
1868
1847
1833
1769
1757
1740
1735
1726
1711
1704
1695
1660
1656
1649
1652
1650
1652
1656
1653
1647
1653
1659
1664
1669
1684
1686
1692
1703
1721
1738
1757
1775
1884
1922
1947
1970
2072
2095
2117
2138
2163
2237
2250
2266
2276
2293
2299
2313
2324
2348
2353
2365
2382
2387
2378
2366
2349
2337
2273
2259
2246
2231
2216
2202
2190
2173
2131
2131
2127
2137
2184
2184
2180
2172
2167
2130
2120
2103
2094
2090
2083
2069
2052
1972
1959
1948
1942
1928
1921
1915
1905
1844
1836
1829
1808
1794
1778
1771
1763
1757
1754
1746
1736
1733
1753
1760
1774
1781
1792
1830
1852
1872
1886
1899
1913
1934
1954
2008
2027
2048
2057
2067
2075
2087
2102
2114
2136
2145
2150
2161
2168
2169
2172
2176
2172
2167
2166
2159
2156
2152
2154
2154
2151
2144
2148
2151
2155
2148
2143
2150
2161
2156
2154
2154
2151
2145
2116
2106
2093
2087
2082
2070
2050
2038
1969
1952
1935
1925
1895
1886
1879
1875
1874
1863
1859
1854
1851
1850
1851
1849
1849
1839
1845
1855
1871
1906
1912
1919
1936
1956
1993
2004
2014
2027
2032
2035
2042
2051
2061
2058
2061
2063
2069
2068
2068
2069
2072
2071
2066
2052
2051
2042
2042
2039
2039
2036
2025
2025
2021
1992
1986
1989
1990
2014
2023
2032
2039
2049
2075
2079
2082
2090
2099
2106
2106
2102
2128
2127
2133
2129
2121
2121
2122
2123
2123
2115
2111
2108
2102
2094
2087
2089
2086
2073
2067
2060
2052
2038
2040
2040
2042
2048
2050
2046
2050
2057
2051
2038
2031
2034
2035
2034
2029
2027
1997
1994
1986
1977
1952
1949
1941
1935
1937
1930
1929
1923
1925
1924
1915
1911
1913
1910
1904
1905
1908
1908
1911
1917
1922
1932
1962
1974
1975
1975
1988
2004
2019
2019
2099
2116
2125
2129
2139
2146
2148
2152
2150
2146
2153
2158
2156
2136
2118
2105
2101
2100
2093
2084
2085
2083
2073
2059
2040
2000
1990
1978
1976
1974
1977
1962
1947
1946
1948
1941
1930
1931
1968
1975
1979
1989
1985
1989
1999
2013
2016
2038
2042
2043
2042
2042
2051
2047
2044
2016
2027
2027
2024
1986
1989
1987
1978
1953
1957
1957
1960
1968
1988
1994
1992
1992
1995
1996
1996
1995
2007
2008
2008
2015
2044
2042
2044
2052
2057
2067
2075
2086
2089
2077
2073
2075
2074
2059
2057
2060
2060
2029
2021
2012
2014
2026
2033
2042
2048
2054
2040
2039
2038
2034
2037
2036
2041
2050
2051
2044
2039
2037
2051
2061
2067
2068
2068
2053
2044
2036
2040
2042
2039
2033
2031
2018
2006
1999
1991
1963
1957
1953
1946
1940
1934
1936
1940
1944
1941
1944
1970
1978
1972
1964
1937
1930
2006
2018
2034
2038
2083
2069
2075
2095
2104
2101
2113
2110
2109
2126
2151
2147
2122
2103
2099
2101
2107
2071
2069
2053
2042
2037
2025
2028
2038
2034
2026
2028
2043
2057
2058
2060
2050
2058
2093
2098
2109
2116
2115
2137
2140
2132
2127
2131
2133
2135
2138
2127
2124
2115
2106
2048
2032
2024
2018
1975
1973
1959
1949
1945
1908
1910
1913
1910
1906
1914
1929
1925
1895
1885
1880
1888
1899
1900
1901
1904
1920
1957
1960
1963
1969
1974
1971
1981
1993
2018
2019
2014
2010
1992
1986
1977
1969
1916
1912
1908
1904
1910
1931
1947
1958
1973
1989
1996
2002
2010
2045
2056
2075
2088
2115
2117
2121
2123
2125
2117
2117
2118
2118
2116
2111
2112
2108
2107
2106
2104
2101
2100
2102
2102
2103
2084
2085
2080
2065
2052
2030
2021
2010
2000
1991
1977
1970
1964
1930
1928
1924
1925
1908
1913
1911
1911
1909
1919
1924
1919
1918
1921
1918
1913
1910
1895
1909
1923
1928
1946
1948
1954
1965
2012
2023
2029
2041
2051
2081
2086
2092
2093
2091
2100
2106
2101
2102
2088
2085
2090
2087
2094
2100
2109
2122
2138
2146
2154
2168
2173
2176
2176
2179
2202
2203
2196
2198
2161
2159
2158
2156
2147
2132
2134
2127
2124
2128
2126
2124
2124
2120
2126
2131
2132
2119
2113
2109
2100
2078
2065
2053
2043
2046
2018
2005
1991
1984
1981
1975
1975
1966
1952
1949
1946
1948
1909
1903
1897
1881
1871
1858
1853
1844
1846
1849
1848
1845
1846
1861
1871
1890
1901
1961
1974
1986
1996
2003
2035
2038
2044
2051
2050
2046
2042
2042
2028
2020
2015
2010
2003
1996
1988
1990
1985
1970
1967
1972
1973
1979
1985
1996
1997
2002
2021
2029
2038
2043
2046
2048
2052
2055
2049
2053
2055
2053
2058
2054
2052
2046
2023
2018
2014
2006
1995
1979
1972
1968
1957
1953
1954
1951
1944
1925
1925
1928
1931
1923
1918
1924
1932
1947
1962
1968
1977
1986
1995
2003
2016
2025
2060
2062
2068
2074
2100
2108
2113
2114
2116
2126
2126
2132
2137
2146
2152
2154
2159
2163
2169
2174
2172
2170
2170
2169
2161
2138
2131
2127
2112
2104
2076
2074
2069
2062
2061
2054
2050
2045
2030
2033
2033
2032
2014
2008
1999
1989
1984
1973
1960
1956
1952
1948
1940
1930
1930
1916
1913
1915
1913
1933
1928
1928
1931
1929
1932
1939
1941
1934
1953
1963
1972
1981
1983
1988
1992
2003
2031
2042
2043
2042
2063
2063
2068
2067
2070
2073
2081
2079
2083
2081
2080
2083
2080
2073
2072
2073
2070
2049
2039
2032
2031
2036
2041
2038
2035
2033
2036
2039
2045
2052
2058
2063
2068
2077
2086
2085
2089
2088
2095
2097
2100
2099
2102
2104
2105
2101
2090
2085
2051
2043
2026
2015
2008
2000
1998
1989
1976
1969
1967
1966
1957
1962
1963
1969
1976
1979
1984
1988
1988
2014
2018
2018
2018
2019
2012
2005
2007
1997
1996
1995
1987
1890
1854
1826
1798
1771
1744
1744
1753
1765
1778
1794
1810
1827
1843
1848
1856
1868
1874
1867
1860
1855
1832
1844
1860
1882
1900
1991
2029
2067
2105
2140
2182
2224
2277
2501
2564
2626
2690
2909
2952
2989
3022
3049
3092
3090
3085
3079
3067
3045
3016
2987
2792
2735
2666
2601
2298
2214
2137
2052
1968
1736
1667
1612
1565
1523
1478
1443
1415
1308
1280
1256
1238
1136
1114
1097
1087
1061
1053
1060
1068
1080
1121
1131
1149
1166
1179
1187
1191
1199
1249
1263
1287
1316
1471
1524
1573
1625
1678
1858
1920
1979
2036
2094
2151
2207
2273
2535
2594
2644
2697
2856
2884
2912
2939
3005
3009
3004
3002
2995
2945
2924
2902
2882
2852
2823
2796
2768
2614
2572
2535
2508
2364
2334
2302
2265
2235
2142
2112
2093
2071
2051
2031
2014
2003
1932
1916
1899
1889
1838
1811
1798
1781
1765
1721
1706
1685
1666
1646
1625
1600
1582
1509
1489
1480
1475
1463
1451
1442
1422
1303
1267
1229
1198
1176
1200
1233
1272
1315
1365
1416
1469
1528
1872
1969
2068
2162
2430
2475
2504
2532
2555
2586
2598
2609
2620
2629
2645
2655
2662
2684
2696
2710
2723
2772
2776
2777
2775
2675
2639
2605
2571
2538
2416
2382
2346
2305
2265
2236
2215
2191
2088
2058
2028
1999
1859
1823
1785
1742
1704
1603
1564
1526
1502
1471
1458
1441
1429
1387
1370
1360
1347
1306
1306
1304
1295
1298
1323
1339
1366
1405
1452
1501
1554
1614
1816
1876
1929
1973
2127
2156
2188
2221
2288
2295
2306
2325
2337
2388
2408
2432
2461
2486
2505
2533
2553
2600
2598
2586
2574
2482
2456
2419
2390
2355
2228
2188
2159
2136
2107
2079
2062
2053
2024
2020
2018
2016
2001
1994
1989
1985
1921
1900
1879
1852
1826
1759
1742
1732
1730
1730
1726
1721
1713
1697
1692
1687
1681
1694
1695
1704
1710
1712
1737
1748
1774
1807
1836
1867
1903
1938
2090
2125
2156
2183
2276
2291
2313
2323
2333
2363
2377
2389
2400
2407
2411
2421
2437
2472
2480
2484
2488
2469
2464
2455
2443
2373
2358
2342
2323
2307
2253
2233
2215
2201
2179
2158
2138
2122
2057
2044
2031
2017
1971
1961
1952
1938
1920
1882
1871
1862
1855
1847
1836
1826
1823
1795
1798
1802
1807
1771
1760
1754
1741
1695
1690
1685
1676
1670
1675
1678
1688
1708
1726
1734
1750
1765
1818
1828
1842
1854
1896
1912
1926
1937
1955
1995
2012
2030
2053
2070
2087
2101
2113
2149
2153
2154
2157
2146
2142
2138
2134
2104
2096
2087
2076
2075
2053
2050
2054
2049
2039
2037
2040
2042
2060
2071
2078
2084
2087
2086
2083
2074
2071
2053
2040
2034
2028
2021
2013
2009
2000
2013
2014
2009
2001
1991
1993
1988
1979
1957
1959
1961
1957
1957
1952
1950
1946
1945
1943
1937
1930
1929
1901
1901
1904
1907
1924
1929
1939
1942
1944
1970
1982
1996
2005
2011
2021
2032
2037
2058
2066
2068
2078
2091
2092
2091
2091
2084
2079
2079
2083
2081
2093
2093
2092
2105
2118
2121
2123
2128
2146
2152
2153
2157
2153
2147
2150
2148
2147
2144
2145
2145
2144
2142
2140
2142
2146
2140
2135
2131
2128
2094
2088
2074
2060
2055
2025
2022
2020
2026
2027
2025
2025
2022
2012
2012
2013
2017
2017
2013
2015
2006
2008
2011
2006
2002
2002
1994
1982
1976
1967
1967
1970
1965
1965
1965
1964
1961
1956
1932
1933
1931
1928
1934
1949
1955
1955
1963
1970
1978
1988
1994
2012
2012
2014
2021
2038
2036
2040
2045
2084
2088
2097
2105
2106
2114
2126
2126
2134
2136
2145
2148
2148
2135
2131
2125
2122
2074
2056
2040
2025
2012
1980
1969
1960
1958
1963
1967
1970
1966
1931
1927
1919
1916
1958
1960
1957
1949
1930
1927
1927
1929
1936
1960
1969
1967
1968
1973
1976
1969
1959
1957
1948
1956
1972
1985
1986
1981
1982
1989
1996
1998
2005
2010
2013
2017
2027
2036
2066
2069
2074
2075
2122
2134
2147
2153
2148
2148
2153
2153
2152
2151
2144
2144
2144
2110
2110
2108
2103
2091
2082
2079
2074
2063
2058
2045
2032
2015
2000
1990
1978
1965
1937
1933
1932
1933
1917
1910
1904
1898
1898
1907
1917
1920
1925
1926
1937
1948
1952
1954
1954
1957
1966
1997
2005
2011
2008
2010
2008
2008
2003
1995
1995
1992
1994
1993
1996
2000
2006
2016
2024
2023
2032
2043
2041
2042
2045
2048
2081
2087
2090
2092
2095
2099
2099
2104
2107
2115
2114
2118
2122
2149
2152
2160
2160
2146
2143
2137
2133
2094
2088
2082
2070
2060
2035
2021
2015
2013
2011
2009
2006
1996
1980
1975
1976
1976
1973
1971
1971
1971
1979
1975
1970
1967
1961
1956
1959
1955
1957
1942
1948
1948
1952
1953
1955
1957
1967
1999
2005
2013
2019
2020
2029
2033
2031
2035
2043
2050
2057
2067
2085
2093
2100
2099
2126
2126
2125
2135
2145
2170
2172
2171
2170
2164
2161
2160
2158
2146
2146
2140
2136
2099
2084
2068
2054
2049
2034
2027
2018
2018
2012
2006
1999
1995
1972
1967
1965
1967
1963
1959
1952
1943
1943
1938
1929
1921
1923
1937
1935
1929
1926
1921
1923
1930
1938
1949
1948
1944
1953
1953
1950
1951
1947
1948
1944
1939
1940
1947
1947
1945
1945
1949
1962
1972
1986
1994
2035
2045
2057
2071
2106
2109
2110
2116
2120
2113
2113
2111
2111
2113
2113
2116
2119
2096
2092
2092
2097
2075
2074
2077
2077
2079
2054
2047
2039
2034
2028
2027
2020
2013
1997
1996
1997
1999
2005
2003
2003
2007
2005
2007
2010
2018
2017
2021
2020
2026
2036
2036
2037
2041
2036
2017
2015
2012
2002
1984
1985
1987
1981
1984
1982
1986
1986
1994
2007
2008
2006
2007
2018
2024
2033
2041
2037
2033
2036
2038
2043
2046
2049
2053
2063
2073
2068
2067
2070
2051
2053
2061
2064
2061
2060
2056
2051
2038
2036
2033
2032
2029
2024
2014
2009
2006
1998
1996
1992
1991
2011
2018
2024
2028
2026
2027
2024
2016
2015
1995
1995
1996
1999
1994
1995
1992
1991
1990
1987
1984
1984
1977
1981
1982
1987
1978
1969
1965
1968
1971
1969
1968
1970
1978
1982
1979
1978
1979
2001
2005
2004
2008
2026
2031
2035
2038
2042
2057
2056
2058
2058
2069
2073
2076
2081
2092
2092
2092
2092
2085
2086
2090
2094
2088
2074
2074
2078
2082
2082
2086
2088
2087
2090
2090
2090
2088
2089
2088
2088
2084
2086
2082
2081
2074
2070
2064
2059
2060
2059
2058
2055
2049
2043
2043
2047
2042
2036
2024
2013
2010
2007
2003
1988
1986
1988
1988
1984
1984
1977
1977
1972
1974
1973
1979
1983
1993
1998
2000
2004
2022
2028
2030
2040
2041
2046
2048
2053
2056
2048
2046
2044
2045
2059
2085
2101
2102
1903
1848
1812
1807
1910
1918
1944
1954
1958
1997
2024
2057
2083
2113
2147
2191
2238
2222
2202
2171
2135
2042
2026
2015
1994
1965
1964
1973
1974
1971
1971
1962
1956
1944
1938
1939
1934
1934
1964
1967
1969
1970
1926
1911
1898
1891
1896
1944
1962
1977
1998
2019
2039
2056
2064
2018
2001
1991
1989
2038
2038
2031
2029
2026
2049
2052
2058
2065
2080
2090
2098
2104
2083
2078
2068
2056
2027
2027
2032
2044
2098
2114
2129
2142
2141
2123
2119
2113
2104
2087
2056
2035
2013
1939
1942
1948
1950
1946
1937
1930
1922
1924
1968
1990
2013
2038
2063
2086
2099
2108
2091
2080
2067
2057
2026
2020
2022
2019
1989
1992
1997
2009
2033
2037
2019
1999
1973
1943
1912
1880
1840
1643
1591
1533
1479
1308
1297
1308
1322
1348
1458
1493
1536
1582
1624
1667
1707
1753
1902
1932
1963
2000
2197
2267
2342
2429
2825
2932
3040
3144
3251
3576
3668
3755
3834
3899
3947
3987
4020
4025
3998
3965
3913
3602
3507
3399
3291
3182
2819
2695
2560
2423
2282
2140
2004
1868
1344
1214
1088
963
523
431
353
278
220
143
135
134
131
129
128
125
127
127
129
131
136
171
195
228
277
601
712
823
933
1044
1371
1466
1563
1657
1746
1835
1926
2019
2385
2466
2546
2628
2947
3020
3094
3168
3246
3427
3475
3518
3544
3568
3573
3578
3565
3443
3397
3346
3294
3031
2959
2889
2823
2610
2569
2528
2493
2471
2413
2396
2373
2354
2331
2314
2294
2276
2195
2176
2165
2146
2028
1994
1958
1920
1883
1810
1796
1781
1760
1733
1697
1660
1630
1498
1478
1465
1459
1403
1388
1369
1350
1329
1248
1232
1226
1217
1209
1206
1204
1206
1250
1275
1307
1345
1392
1443
1490
1542
1603
1792
1855
1926
1993
2063
2129
2197
2259
2326
2477
2516
2560
2599
2634
2664
2695
2719
2788
2806
2824
2842
2853
2850
2850
2847
2820
2811
2801
2796
2792
2763
2745
2726
2715
2698
2678
2650
2621
2466
2421
2370
2314
2068
2003
1940
1881
1823
1627
1573
1520
1466
1412
1355
1302
1245
1055
1011
963
915
777
752
732
720
716
716
725
741
754
775
796
827
864
1053
1108
1183
1258
1575
1655
1735
1818
2143
2218
2288
2369
2446
2653
2710
2763
2809
2854
2898
2938
2972
3067
3081
3091
3102
3078
3064
3047
3024
2998
2895
2853
2812
2767
2724
2670
2624
2574
2333
2271
2212
2157
1940
1891
1847
1806
1654
1618
1586
1560
1543
1489
1481
1472
1463
1447
1444
1441
1440
1444
1454
1463
1475
1501
1504
1506
1522
1541
1600
1625
1659
1689
1724
1763
1802
1838
1990
2022
2052
2089
2224
2250
2279
2313
2425
2449
2474
2492
2511
2544
2551
2556
2564
2567
2570
2574
2576
2559
2552
2542
2534
2479
2462
2444
2428
2417
2366
2344
2328
2313
2295
2281
2264
2250
2209
2202
2193
2187
2156
2146
2141
2132
2131
2104
2092
2081
2069
2056
2045
2034
2018
1952
1940
1926
1914
1827
1809
1797
1780
1739
1723
1712
1700
1688
1670
1668
1663
1657
1656
1660
1662
1657
1662
1668
1673
1675
1685
1691
1699
1705
1713
1734
1744
1754
1761
1775
1784
1806
1825
1877
1895
1915
1930
1980
2001
2015
2031
2115
2134
2148
2159
2170
2195
2209
2217
2232
2249
2266
2283
2298
2338
2338
2343
2356
2368
2369
2357
2352
2345
2285
2259
2227
2201
2167
2128
2095
2065
1948
1917
1892
1865
1776
1764
1743
1722
1644
1635
1626
1623
1623
1609
1609
1610
1609
1608
1607
1616
1634
1713
1752
1790
1830
1897
1897
1911
1933
1952
2025
2046
2060
2080
2115
2145
2160
2182
2264
2268
2279
2286
2291
2280
2270
2266
2256
2257
2263
2261
2256
2253
2236
2213
2201
2197
2188
2178
2173
2148
2137
2133
2131
2121
2113
2108
2106
2107
2109
2108
2100
2087
2073
2066
2060
2051
2055
2055
2055
2052
2066
2061
2047
2039
2003
1997
1992
1994
1993
1983
1987
1996
2007
2024
2034
2040
2042
2051
2053
2058
2066
2058
2045
2038
2035
2044
2023
2008
1998
1982
1965
1949
1937
1930
1909
1895
1887
1880
1837
1824
1816
1814
1809
1794
1802
1808
1810
1817
1828
1834
1837
1866
1872
1886
1902
1920
1934
1951
1967
1974
2010
2027
2047
2062
2075
2094
2109
2130
2144
2194
2208
2218
2230
2238
2250
2263
2270
2289
2293
2294
2299
2277
2269
2265
2259
2255
2227
2217
2195
2177
2158
2138
2119
2105
2038
2026
2009
2000
1949
1934
1915
1895
1854
1842
1830
1818
1812
1793
1793
1787
1789
1790
1793
1799
1803
1828
1840
1845
1860
1908
1913
1927
1938
1942
1968
1982
2000
2026
2050
2063
2071
2087
2131
2135
2142
2151
2173
2178
2178
2188
2181
2180
2172
2168
2171
2172
2174
2167
2160
2148
2137
2120
2113
2070
2062
2057
2049
2008
1996
1988
1982
1978
1968
1967
1964
1965
1961
1954
1952
1950
1940
1941
1941
1947
1960
1960
1967
1970
1956
1953
1957
1956
1956
1956
1955
1955
1959
1965
1969
1972
1975
1980
1976
1983
1987
1966
1965
1959
1958
1958
1966
1970
1976
1979
1977
1985
1992
1996
2007
2022
2028
2029
2046
2052
2065
2069
2101
2106
2102
2108
2113
2111
2107
2105
2103
2103
2102
2098
2090
2079
2076
2079
2086
2086
2083
2091
2098
2101
2104
2110
2104
2100
2097
2097
2101
2106
2100
2100
2098
2101
2093
2088
2090
2086
2060
2053
2043
2034
2031
2006
1998
1991
1988
1976
1972
1969
1961
1935
1933
1929
1925
1926
1928
1928
1929
1931
1949
1958
1964
1969
1972
1975
1988
1999
2029
2047
2059
2059
2079
2092
2095
2093
2095
2113
2112
2108
2112
2113
2121
2119
2120
2118
2109
2105
2102
2086
2087
2082
2077
2046
2035
2026
2002
1984
1968
1953
1938
1926
1914
1910
1909
1909
1893
1894
1893
1888
1887
1886
1887
1890
1893
1911
1916
1915
1918
1922
1928
1927
1934
1950
1958
1966
1974
2003
2000
2000
2007
2018
2015
2016
2022
2029
2041
2035
2033
2035
2032
2036
2041
2051
2066
2072
2081
2087
2114
2120
2123
2126
2126
2132
2136
2132
2136
2133
2131
2134
2136
2109
2109
2106
2107
2098
2094
2093
2082
2078
2061
2057
2058
2054
2047
2039
2038
2036
2039
2035
2034
2031
2024
2020
2017
2014
2009
2014
2012
2015
2013
2021
2029
2022
2022
2022
2021
2020
2013
1985
1983
1982
1985
1985
1981
1987
1984
1988
1983
1980
1981
1978
1969
1966
1966
1969
1980
1983
1984
1992
1990
1987
1987
1990
2002
2009
2012
2015
2026
2029
2037
2037
2038
2038
2043
2049
2048
2052
2053
2057
2068
2079
2077
2082
2088
2086
2086
2090
2088
2086
2085
2085
2087
2081
2080
2079
2078
2074
2056
2050
2044
2036
2022
2017
2016
2018
2010
1990
1977
1973
1974
1973
1974
1970
1965
1938
1940
1945
1948
1954
1954
1961
1966
1970
1999
2009
2019
2030
2027
2035
2044
2052
2076
2084
2091
2102
2105
2105
2104
2106
2114
2099
2096
2090
2084
2081
2074
2076
2074
2053
2042
2040
2042
2027
2023
2022
2020
1990
1987
1986
1982
1975
1973
1977
1983
1985
1982
1983
1989
1990
2006
2008
2013
2017
2030
2034
2035
2036
2038
2048
2044
2052
2048
2045
2046
2052
2053
2033
2027
2024
2019
1993
1994
1992
1991
1992
1991
1988
1985
1977
1977
1978
1984
1980
1976
1977
1976
1974
1962
1963
1967
1970
1972
1975
1979
1986
1987
1990
1995
1998
1999
1997
1999
2007
2009
2001
2001
2000
1999
1999
2010
2014
2003
2002
1973
1970
1964
1972
1979
1989
2000
2014
2039
2037
2036
2046
2093
2098
2107
2110
2127
2121
2123
2125
2120
2133
2133
2126
2127
2124
2125
2117
2114
2105
2109
2105
2100
2079
2072
2068
2057
2042
2012
2007
1999
1991
1987
1980
1978
1975
1948
1949
1951
1958
1986
1991
1994
1997
2025
2030
2029
2008
1991
1964
1961
1959
1971
1974
1981
1991
1997
2001
2000
1999
2001
2065
2079
2087
2089
2095
2084
2083
2086
2093
2099
2103
2108
2110
2103
2099
2098
2093
2078
2076
2082
2083
2066
2055
2041
2026
2015
1992
1986
1984
1977
1972
1968
1962
1961
1904
1889
1866
1847
1772
1759
1742
1729
1709
1646
1615
1590
1571
1562
1558
1568
1577
1579
1577
1563
1546
1531
1544
1565
1590
1616
1717
1757
1798
1844
1898
1959
2038
2123
2528
2640
2751
2861
3290
3385
3476
3564
3876
3927
3969
3995
4008
3981
3953
3914
3868
3818
3757
3696
3628
3222
3102
2981
2850
2315
2182
2043
1905
1762
1328
1191
1057
928
800
678
565
463
152
138
129
125
112
110
112
110
112
119
121
126
130
133
140
151
167
266
338
427
526
634
744
852
963
1075
1426
1548
1675
1802
1932
2057
2182
2294
2403
2719
2821
2916
3010
3098
3179
3264
3343
3545
3571
3589
3604
3575
3558
3535
3503
3331
3279
3228
3175
3120
2956
2909
2866
2823
2784
2744
2706
2673
2563
2527
2503
2472
2358
2332
2307
2281
2250
2160
2128
2094
2067
2038
2020
2019
2020
1802
1673
1558
1457
1183
1133
1089
1036
776
699
641
614
622
712
724
726
723
721
713
711
702
855
939
1023
1107
1430
1528
1625
1718
1810
2108
2223
2345
2464
2566
2654
2732
2802
3024
3053
3077
3098
3185
3190
3189
3185
3144
3140
3143
3143
3142
3114
3101
3073
3042
3008
2973
2927
2878
2754
2745
2737
2728
2566
2496
2422
2350
2279
2068
2004
1948
1884
1818
1748
1678
1610
1265
1196
1141
1105
971
937
898
861
715
685
658
643
636
657
671
674
679
684
684
681
681
751
791
838
887
1101
1172
1246
1335
1723
1827
1919
2013
2098
2367
2461
2554
2650
2745
2838
2927
3009
3316
3374
3434
3488
3636
3660
3680
3701
3709
3691
3662
3625
3576
3517
3450
3361
3275
2923
2834
2737
2646
2237
2147
2067
1983
1910
1685
1617
1550
1489
1430
1376
1330
1286
1132
1108
1089
1075
1050
1060
1079
1101
1147
1156
1165
1175
1189
1263
1291
1319
1353
1391
1426
1461
1499
1662
1717
1775
1832
2057
2111
2165
2220
2272
2411
2460
2502
2547
2591
2636
2669
2696
2846
2861
2941
3038
3093
3056
2991
2949
2821
2818
2811
2797
2791
2748
2723
2743
2775
2769
2735
2707
2676
2613
2610
2610
2607
2413
2351
2296
2247
2196
2060
2022
1998
1966
1943
1919
1886
1823
1386
1258
1154
1068
863
857
851
838
809
839
883
942
1013
1191
1234
1277
1309
1342
1390
1442
1487
1647
1676
1706
1738
1862
1892
1925
1955
1989
2050
2068
2088
2089
2086
2083
2080
2090
2120
2110
2102
2084
2040
2043
2034
2021
1968
1962
1960
1960
1972
2025
2051
2068
2091
2108
2129
2151
2182
2290
2299
2303
2306
2319
2322
2330
2343
2352
2342
2329
2312
2290
2265
2234
2202
2173
2091
2078
2055
2016
1853
1826
1800
1782
1708
1697
1691
1681
1677
1652
1655
1666
1676
1699
1722
1755
1780
1873
1892
1914
1947
2114
2158
2194
2224
2243
2306
2324
2340
2350
2358
2374
2395
2406
2396
2385
2366
2345
2277
2265
2250
2237
2153
2132
2113
2103
2101
2127
2145
2158
2156
2148
2138
2125
2112
2093
2084
2079
2073
2059
2049
2038
2026
2018
1990
1992
1997
2012
2027
2043
2063
2083
2102
2098
2099
2105
2064
2051
2040
2029
2013
2011
2012
2016
2011
1993
1987
1980
1976
1972
1968
1971
1978
2007
2021
2033
2041
2056
2063
2078
2096
2113
2159
2175
2187
2194
2198
2196
2194
2188
2116
2096
2081
2068
2004
1989
1971
1953
1876
1862
1853
1842
1831
1800
1796
1801
1810
1810
1806
1803
1807
1800
1797
1804
1814
1847
1864
1872
1881
1899
1913
1914
1931
1941
1951
1968
1985
2002
2058
2073
2088
2098
2105
2106
2118
2121
2153
2158
2167
2176
2172
2166
2161
2162
2163
2160
2157
2157
2151
2123
2107
2100
2095
2043
2038
2028
2019
2015
1987
1982
1971
1957
1949
1932
1921
1910
1869
1865
1863
1867
1878
1891
1899
1911
1925
1936
1941
1948
1957
1981
1987
1993
2006
2015
2018
2023
2026
2041
2041
2035
2031
2055
2064
2067
2075
2081
2085
2083
2081
2076
2079
2074
2074
2077
2055
2050
2047
2042
2009
1999
1986
1973
1978
1984
1993
2004
2008
2022
2036
2041
2044
2045
2048
2054
2060
2064
2066
2069
2070
2051
2046
2039
2027
2020
1986
1968
1952
1943
1937
1933
1928
1915
1865
1860
1859
1855
1848
1846
1849
1855
1865
1887
1907
1920
1922
1939
1960
1974
1984
2050
2073
2086
2107
2154
2172
2177
2191
2229
2239
2248
2253
2260
2256
2258
2258
2253
2249
2245
2242
2239
2209
2200
2187
2176
2137
2129
2119
2108
2102
2090
2085
2086
2091
2094
2097
2101
2105
2109
2110
2107
2111
2104
2100
2095
2095
2079
2076
2074
2067
2066
2039
2020
2010
2003
2001
1997
1991
1984
1947
1939
1928
1925
1897
1897
1893
1894
1888
1871
1872
1869
1867
1868
1870
1876
1884
1915
1921
1931
1944
1963
1968
1979
1991
2031
2029
2029
2032
2040
2059
2057
2050
2053
2051
2049
2040
2034
2028
2022
2022
2017
1993
1986
1975
1970
1967
1958
1952
1950
1949
1952
1953
1953
1947
1927
1929
1930
1934
1942
1941
1949
1954
1959
1969
1973
1981
1991
1995
2001
2005
2009
2027
2040
2045
2054
2062
2057
2056
2051
2050
2040
2036
2039
2039
2035
2038
2034
2036
2019
2016
2021
2025
2020
2018
2017
2017
2014
2024
2028
2032
2036
2042
2047
2047
2049
2048
2059
2070
2079
2086
2090
2097
2096
2101
2096
2092
2092
2091
2088
2096
2102
2107
2112
2114
2116
2114
2111
2098
2099
2100
2097
2092
2093
2092
2092
2076
2073
2071
2070
2048
2048
2044
2039
2038
2027
2024
2021
2015
2007
2000
1997
1994
1984
1981
1986
1988
1980
1978
1982
1985
1985
1991
1997
2005
2011
2010
2011
2013
2019
2019
2026
2037
2039
2030
2031
2037
2038
2029
2028
2029
2023
2015
2008
2009
2012
2013
2013
2012
2021
2015
2007
2005
1998
1998
1995
1996
1991
1993
2006
2009
2008
2009
2014
2014
2015
2018
2016
2017
2022
2021
2025
2031
2029
2026
2016
1983
1973
1969
1965
1965
1955
1952
1949
1951
1957
1960
1960
1960
1939
1934
1933
1938
1965
1964
1968
1972
1974
1993
1992
1992
1996