1915
1871
1850
1839
1731
1734
1753
1716
1667
1653
1667
1673
1737
1744
1770
1796
1929
1902
1851
1824
1818
1771
1776
1788
1816
1850
1874
1858
1842
1789
1786
1800
1805
1875
1857
1864
1878
1885
1892
1892
1910
1930
1917
1923
1931
1947
1981
2021
2048
2088
2217
2221
2224
2214
2244
2263
2306
2342
2364
2481
2496
2497
2508
2518
2519
2511
2503
2565
2589
2591
2573
2448
2414
2380
2359
2345
2276
2255
2236
2220
2217
2220
2218
2205
2151
2123
2107
2103
2055
2025
1990
1957
1885
1874
1869
1850
1834
1760
1735
1724
1719
1719
1723
1739
1768
1843
1855
1867
1870
1826
1816
1803
1798
1792
1802
1810
1817
1822
1834
1845
1865
1887
1988
2011
2024
2037
2102
2113
2129
2130
2107
2106
2106
2106
2113
2105
2101
2096
2087
2079
2089
2101
2096
2061
2046
2035
2012
1959
1956
1959
1962
1968
1996
1996
1991
1985
1985
1985
1986
1986
1987
1983
1979
1974
1970
1963
1956
1940
1929
1887
1873
1862
1852
1846
1856
1864
1865
1865
1867
1874
1878
1890
1903
1911
1917
1923
1881
1866
1854
1837
1804
1800
1807
1818
1854
1868
1884
1895
1918
1982
2001
2014
2028
2034
2050
2059
2059
2051
2045
2042
2031
2042
2054
2069
2086
2101
2147
2162
2172
2181
2187
2200
2207
2205
2196
2199
2197
2198
2204
2199
2200
2202
2245
2251
2268
2279
2285
2298
2300
2304
2303
2303
2305
2298
2290
2226
2212
2200
2191
2151
2144
2137
2131
2121
2099
2081
2061
2048
2035
2025
2011
2000
1935
1920
1904
1884
1826
1826
1830
1833
1828
1826
1822
1822
1825
1844
1849
1852
1852
1853
1849
1846
1843
1896
1909
1931
1958
2023
2043
2062
2075
2093
2111
2117
2116
2115
2112
2108
2108
2099
2069
2065
2065
2066
2094
2099
2112
2115
2154
2171
2183
2188
2200
2171
2161
2149
2143
2137
2133
2130
2120
2053
2041
2027
2020
1981
1966
1955
1950
1937
1900
1887
1877
1867
1860
1850
1841
1830
1812
1808
1800
1800
1806
1810
1815
1819
1828
1831
1833
1844
1856
1883
1888
1894
1896
1888
1885
1884
1888
1903
1911
1917
1920
1916
1919
1921
1929
1939
1979
1993
2002
2013
2028
2035
2041
2054
2100
2109
2128
2148
2200
2216
2236
2252
2326
2342
2351
2368
2376
2394
2389
2386
2389
2384
2373
2368
2358
2351
2345
2333
2320
2264
2253
2240
2229
2217
2157
2138
2111
2084
2060
2038
2018
1999
1934
1922
1911
1903
1852
1846
1838
1830
1845
1850
1854
1860
1863
1868
1872
1873
1883
1870
1865
1855
1853
1846
1844
1846
1844
1842
1834
1832
1840
1856
1866
1867
1874
1883
1897
1929
1935
1939
1950
1957
1963
1965
1976
2014
2026
2039
2052
2090
2104
2117
2130
2181
2191
2195
2201
2206
2204
2205
2204
2193
2188
2179
2173
2164
2131
2123
2114
2110
2069
2055
2042
2033
2030
1984
1974
1957
1943
1928
1916
1907
1897
1874
1872
1874
1878
1890
1900
1910
1923
1949
1951
1950
1951
1947
1939
1931
1924
1918
1919
1912
1912
1913
1916
1915
1918
1919
1962
1971
1979
1985
1994
2004
2003
2000
2000
2001
2004
2014
2023
2040
2044
2047
2055
2091
2096
2106
2107
2111
2120
2128
2127
2130
2126
2126
2126
2130
2131
2134
2135
2136
2140
2140
2145
2148
2162
2162
2158
2161
2168
2166
2170
2169
2169
2164
2153
2145
2144
2117
2115
2110
2104
2073
2061
2052
2049
2034
1728
1695
1708
1762
1836
1906
1960
1997
2084
2060
2042
2026
1975
1985
1972
1960
1886
1894
1900
1902
1909
1940
1938
1946
1957
1960
1970
1979
1988
1999
2018
2034
2058
2111
2124
2133
2151
2179
2215
2194
2169
2147
2135
2119
2102
2086
2047
2067
2094
2114
2108
2092
2075
2060
2041
2005
2011
2031
2058
2078
2087
2089
2071
1990
1969
1951
1936
1928
1922
1915
1915
1912
1926
1935
1946
1964
1981
1993
1996
1993
1981
1940
1933
1920
1904
1886
1875
1865
1863
1872
1874
1884
1891
1871
1857
1847
1849
1923
1932
1949
1963
1979
2047
2071
2088
2107
2124
2133
2139
2140
2166
2175
2171
2169
2129
2128
2133
2138
2148
2168
2177
2178
2176
2160
2137
2128
2108
2051
2035
2021
2017
1995
1993
1977
1955
1866
1856
1852
1852
1854
1844
1839
1842
1838
1837
1832
1827
1817
1752
1733
1717
1691
1589
1559
1539
1519
1510
1514
1521
1528
1533
1525
1522
1527
1527
1530
1530
1525
1524
1519
1533
1540
1554
1658
1702
1758
1815
1871
2025
2075
2124
2165
2202
2260
2318
2376
2659
2739
2816
2892
3160
3235
3202
2967
2874
2977
3028
3142
3234
3286
3342
3477
3604
3877
3904
3858
3890
4067
4088
4090
4089
4017
3949
3901
3854
3797
3540
3444
3355
3262
3143
3026
2921
2805
2409
2286
2158
2058
1630
1570
1526
1471
1407
1176
1132
1087
1005
916
842
779
710
581
561
526
496
312
269
219
174
164
214
243
268
283
288
295
303
310
327
339
355
367
377
374
387
411
443
570
624
687
744
806
872
938
998
1054
1190
1213
1263
1310
1351
1391
1439
1489
1639
1658
1669
1674
1718
1749
1793
1833
1965
1984
2009
2040
2065
2208
2253
2299
2349
2391
2416
2449
2477
2513
2512
2504
2489
2440
2421
2410
2395
2385
2351
2337
2319
2301
2292
2281
2272
2268
2255
2269
2290
2316
2388
2388
2393
2399
2423
2436
2448
2463
2475
2512
2529
2536
2534
2533
2535
2544
2559
2574
2576
2578
2568
2513
2500
2488
2480
2468
2443
2436
2423
2417
2409
2390
2379
2373
2374
2373
2378
2388
2449
2474
2494
2513
2609
2642
2671
2699
2721
2765
2769
2770
2784
2790
2786
2784
2784
2761
2746
2728
2705
2581
2552
2530
2512
2488
2428
2395
2369
2343
2309
2279
2251
2221
2106
2066
2034
2001
1888
1869
1849
1829
1788
1784
1772
1754
1733
1674
1659
1654
1645
1644
1646
1643
1639
1621
1620
1616
1619
1671
1680
1692
1710
1717
1725
1727
1728
1741
1752
1757
1756
1765
1779
1776
1776
1771
1731
1728
1715
1706
1668
1655
1638
1622
1615
1602
1600
1594
1594
1608
1609
1611
1619
1635
1641
1650
1658
1679
1690
1701
1707
1714
1708
1704
1701
1703
1709
1716
1711
1710
1705
1692
1690
1688
1697
1699
1704
1703
1732
1737
1757
1774
1797
1853
1874
1898
1928
1962
1989
2007
2030
2130
2150
2169
2189
2241
2246
2256
2260
2264
2285
2283
2294
2299
2295
2285
2285
2281
2289
2290
2283
2275
2243
2236
2228
2217
2192
2188
2184
2181
2182
2155
2147
2136
2129
2120
2115
2115
2108
2089
2088
2085
2090
2091
2098
2105
2106
2106
2108
2105
2110
2116
2120
2125
2134
2138
2138
2143
2139
2137
2128
2124
2122
2125
2119
2112
2108
2099
2087
2045
2027
2011
1998
1988
1977
1959
1936
1873
1864
1856
1852
1843
1842
1843
1851
1861
1802
1846
1903
1937
1969
2003
2033
2022
1911
1933
1975
2004
2041
2024
1998
2006
2067
2076
2082
2077
2063
2127
2146
2147
2143
2142
2148
2181
2217
2257
2276
2260
2240
2298
2297
2284
2270
2256
2273
2294
2318
2333
2341
2326
2306
2294
2274
2267
2260
2251
2237
2241
2229
2207
2130
2116
2103
2094
2091
2062
2066
2083
2082
2067
2048
2034
2024
1967
1964
1967
1980
1997
1987
1982
1978
1979
1984
1993
2002
1992
1911
1905
1899
1891
1874
1860
1847
1840
1831
1825
1819
1814
1825
1834
1843
1856
1862
1845
1847
1855
1867
1873
1870
1859
1848
1841
1853
1861
1851
1844
1845
1850
1847
1867
1868
1871
1880
1894
1913
1907
1902
1899
1893
1889
1879
1859
1849
1867
1886
1896
1912
1909
1916
1925
1936
1984
2005
2020
2039
2047
2063
2076
2076
2105
2117
2129
2139
2160
2157
2164
2170
2170
2163
2155
2156
2152
2129
2130
2126
2122
2110
2097
2086
2068
2042
2042
2056
2057
2063
2062
2065
2065
2058
2047
2038
2033
2029
2031
2031
2027
2021
2004
1993
1986
1970
1937
1922
1909
1890
1805
1783
1763
1751
1742
1724
1722
1720
1731
1741
1751
1764
1777
1896
1932
1969
2012
2155
2188
2221
2257
2291
2372
2391
2414
2430
2449
2464
2471
2468
2452
2450
2446
2443
2413
2406
2398
2385
2302
2286
2266
2248
2236
2166
2139
2119
2100
2102
2128
2169
2204
2201
2174
2166
2178
2204
2244
2247
2253
2252
2248
2241
2235
2227
2186
2170
2145
2100
2057
2010
1991
1967
1937
1797
1760
1736
1712
1694
1668
1646
1626
1556
1555
1548
1542
1532
1476
1475
1487
1518
1557
1593
1618
1639
1680
1691
1700
1710
1789
1821
1859
1888
1909
1925
1946
1972
1990
2006
2021
2030
2045
2088
2097
2100
2098
2075
2063
2050
2045
2075
2084
2091
2089
2091
2128
2150
2174
2202
2224
2247
2264
2281
2343
2359
2375
2378
2385
2390
2390
2383
2371
2299
2277
2263
2252
2240
2228
2203
2176
2101
2093
2084
2065
1962
1944
1929
1921
1850
1833
1817
1811
1800
1744
1730
1719
1713
1711
1703
1700
1709
1729
1735
1743
1744
1728
1730
1735
1741
1744
1732
1727
1722
1718
1716
1719
1727
1737
1797
1819
1839
1857
1989
2033
2072
2115
2305
2349
2390
2417
2449
2529
2555
2578
2603
2619
2629
2631
2633
2619
2604
2594
2579
2462
2432
2405
2380
2358
2275
2250
2218
2189
2160
2133
2096
2068
1948
1925
1904
1882
1802
1781
1773
1769
1754
1766
1772
1777
1783
1775
1770
1763
1754
1744
1739
1740
1738
1702
1697
1693
1684
1657
1654
1658
1669
1677
1697
1707
1721
1742
1764
1782
1800
1820
1896
1929
1956
1983
2017
2045
2073
2102
2128
2194
2216
2240
2257
2280
2297
2313
2322
2326
2342
2342
2345
2342
2345
2348
2352
2358
2337
2314
2301
2290
2243
2225
2208
2191
2116
2097
2075
2053
2036
1972
1959
1951
1947
1949
1952
1955
1965
1975
1980
1982
1989
2019
2028
2033
2038
2043
2027
2020
2016
2011
2007
1997
1995
1995
1980
1973
1963
1962
1935
1933
1931
1924
1888
1889
1895
1869
1787
1494
1482
1526
1590
1670
1746
1800
1830
1976
2037
2080
2100
2143
2187
2253
2337
2479
2420
2361
2333
2342
2390
2382
2380
2374
2358
2342
2333
2336
2245
2215
2204
2198
2203
2208
2193
2160
2128
2060
2040
2003
1965
1953
1961
1978
1994
1903
1860
1824
1803
1791
1790
1793
1795
1819
1815
1805
1789
1763
1721
1712
1700
1682
1671
1662
1651
1645
1599
1595
1608
1633
1717
1732
1746
1754
1750
1738
1751
1768
1789
1822
1855
1879
1898
1900
1891
1879
1888
1982
2006
2026
2039
2058
2049
2042
2038
2044
2039
2032
2013
1996
1969
1951
1941
1944
1992
2020
2057
2101
2245
2255
2260
2269
2276
2312
2328
2347
2365
2373
2381
2382
2390
2402
2408
2415
2436
2217
2110
2031
1969
1873
1912
1954
2003
2074
2264
2281
2293
2318
2355
2399
2442
2506
2874
2915
2950
2980
3135
3160
3193
3236
3282
3361
3381
3392
3385
3357
3327
3296
3277
3197
3177
3169
3153
3116
3063
3008
2959
2903
2674
2612
2579
2554
2530
2503
2476
2449
2415
2205
2123
2042
1954
1877
1816
1755
1704
1462
1398
1326
1245
907
833
762
692
433
368
311
258
207
158
159
161
166
173
190
205
221
241
244
256
259
314
325
334
345
363
379
404
443
488
669
738
807
870
930
987
1044
1108
1433
1520
1611
1703
2057
2143
2229
2317
2408
2659
2745
2818
2887
2949
2996
3038
3067
3108
3116
3117
3112
3098
3074
3059
3030
2866
2826
2788
2751
2721
2648
2619
2591
2561
2527
2493
2459
2429
2299
2267
2235
2202
2122
2118
2125
2127
2133
2150
2155
2162
2175
2177
2186
2197
2202
2219
2232
2237
2244
2252
2267
2276
2283
2301
2329
2333
2349
2366
2379
2402
2424
2450
2481
2545
2563
2581
2592
2596
2603
2608
2620
2673
2690
2710
2732
2790
2807
2826
2839
2914
2927
2941
2950
2951
2937
2928
2920
2913
2903
2890
2880
2866
2783
2756
2733
2706
2554
2520
2484
2451
2412
2301
2264
2225
2193
2158
2120
2088
2046
1859
1811
1760
1709
1494
1448
1411
1381
1260
1239
1222
1204
1191
1137
1127
1119
1122
1129
1129
1137
1140
1153
1164
1178
1189
1253
1272
1294
1310
1330
1380
1394
1408
1421
1437
1444
1448
1462
1481
1491
1498
1515
1575
1606
1634
1664
1766
1797
1827
1852
1880
1941
1961
1976
1991
2007
2028
2045
2060
2093
2097
2107
2117
2126
2132
2136
2135
2135
2111
2100
2097
2088
2072
2062
2051
2042
2020
2014
2007
2005
1984
1978
1979
1987
1999
2002
1992
1993
1989
1984
1982
1978
1979
1976
1967
1959
1951
1945
1950
1956
1966
2002
2007
2020
2034
2050
2094
2104
2119
2130
2143
2150
2164
2174
2224
2237
2244
2252
2282
2294
2306
2314
2327
2322
2320
2317
2317
2293
2289
2281
2268
2258
2246
2234
2222
2144
2132
2118
2105
2032
2023
2012
2000
1985
1973
1960
1954
1951
1934
1927
1919
1924
1925
1927
1933
1936
1938
1947
1958
1964
1974
1975
1979
1986
1990
1977
1971
1965
1966
1968
1962
1959
1962
1943
1946
1948
1949
1950
1950
1947
1945
1953
1954
1954
1962
1973
2001
2006
2010
2021
2029
2046
2052
2055
2134
2198
2231
2250
2302
2288
2295
2295
2301
2319
2321
2314
2314
2300
2285
2292
2306
2281
2270
2242
2219
2183
2157
2144
2139
2111
2101
2124
2147
2145
2128
2124
2116
2118
2106
2097
2104
2115
2181
2198
2219
2234
2227
2226
2216
2206
2196
2182
2179
2167
2157
2145
2129
2117
2100
2012
1980
1956
1944
1890
1881
1870
1867
1808
1785
1769
1767
1764
1733
1734
1733
1740
1752
1768
1785
1791
1811
1817
1828
1834
1851
1849
1861
1868
1870
1862
1859
1851
1840
1835
1829
1819
1821
1790
1790
1790
1788
1761
1762
1760
1764
1757
1759
1768
1770
1783
1819
1836
1848
1858
1869
1884
1893
1896
1961
1981
1997
2012
2092
2106
2109
2111
2113
2111
2115
2115
2113
2114
2117
2117
2117
2134
2142
2150
2146
2136
2140
2141
2142
2142
2149
2148
2154
2160
2179
2181
2181
2175
2177
2190
2187
2192
2207
2211
2206
2209
2179
2176
2174
2170
2163
2140
2132
2120
2109
2102
2098
2095
2103
2078
2076
2075
2072
2061
2066
2062
2066
2067
2056
2052
2053
2054
2053
2050
2046
2041
2028
2014
2005
1995
1990
1981
1974
1965
1959
1922
1909
1901
1894
1889
1890
1888
1880
1878
1878
1882
1891
1902
1915
1927
1939
1959
2016
2031
2047
2058
2133
2148
2160
2169
2212
2225
2226
2228
2232
2248
2246
2241
2234
2228
2225
2213
2199
2165
2163
2158
2148
2071
2058
2047
2029
2019
1979
1973
1961
1960
1952
1943
1944
1941
1911
1904
1909
1912
1886
1878
1875
1875
1900
1902
1896
1887
1874
1825
1820
1825
1827
1823
1816
1810
1803
1785
1783
1785
1788
1761
1761
1757
1765
1772
1797
1813
1826
1833
1848
1863
1879
1892
1951
1966
1986
2004
2075
2098
2119
2148
2229
2237
2246
2259
2269
2298
2307
2319
2322
2329
2332
2333
2327
2285
2272
2260
2256
2222
2209
2193
2181
2168
2129
2115
2101
2090
2078
2076
2076
2076
2054
2055
2054
2055
2061
2063
2063
2056
2055
2044
2045
2038
2036
2036
2042
2039
2038
2012
2005
1996
1998
1991
1989
1987
1985
1988
1965
1958
1952
1949
1936
1923
1913
1902
1892
1877
1876
1871
1870
1868
1864
1865
1872
1903
1898
1901
1904
1923
1936
1959
1973
2007
2007
2015
2017
2027
2040
2044
2047
2051
2056
2063
2068
2080
2101
2107
2110
2120
2130
2132
2136
2136
2132
2134
2133
2134
2131
2126
2119
2115
2109
2117
2119
2118
2120
2088
2083
2079
2067
2062
2037
2026
2015
2010
2008
1999
1993
1988
1955
1945
1937
1930
1901
1895
1893
1890
1860
1851
1848
1845
1848
1852
1856
1855
1859
1865
1871
1879
1892
1909
1918
1928
1936
1936
1940
1952
1962
1982
1987
1993
2005
2013
2041
2056
2069
2091
2105
2112
2124
2138
2170
2182
2186
2188
2190
2198
2201
2203
2206
2203
2207
2202
2201
2198
2198
2196
2195
2171
2165
2156
2142
2088
2077
2068
2053
2042
2025
2020
2011
2010
2006
1998
1997
1986
1970
1964
1955
1953
1951
1948
1943
1940
1944
1947
1941
1941
1945
1949
1949
1953
1957
1964
1981
1990
1995
1998
2000
2007
2016
2023
2036
2043
2046
2041
2043
2050
2050
2050
2052
2047
2046
2047
2044
2041
2037
2037
2040
2040
2036
2037
2038
2023
2017
2022
2024
2029
2033
2037
2043
2048
2051
2054
2051
2050
2048
2053
2057
2059
2046
2043
2048
2050
2035
2036
2032
2031
2027
2005
2008
2010
2018
2024
2024
2014
1987
1870
1847
1832
1838
1898
1914
1926
1935
1939
1938
1946
1965
1985
2044
2066
2081
2089
2085
2085
2075
2062
2000
1993
1974
1974
1985
1993
1993
1995
1995
1974
1983
1991
1997
2006
2012
2023
2031
2039
2039
2037
2032
2011
2019
2036
2056
2143
2153
2154
2148
2135
2093
2088
2088
2092
2104
2113
2120
2120
2121
2126
2141
2158
2191
2177
2163
2146
2130
2059
2053
2050
2045
2044
2040
2043
2041
1995
1980
1960
1949
1943
1941
1948
1960
1976
2025
2032
2042
2048
2046
2037
2029
2025
2025
2044
2045
2050
2045
2039
2019
1994
1969
1911
1918
1923
1932
1941
1941
1933
1925
1917
1914
1911
1914
1907
1887
1881
1878
1873
1862
1861
1865
1867
1835
1823
1810
1794
1775
1770
1768
1773
1778
1768
1759
1753
1741
1729
1720
1710
1703
1697
1697
1707
1716
1752
1755
1758
1761
1792
1799
1808
1820
1830
1843
1852
1862
1876
1897
1920
1946
1972
2129
2179
2227
2272
2474
2525
2582
2636
2690
2850
2902
2957
3008
3060
3112
3172
3245
3437
3459
3461
3449
3417
3382
3351
3335
3317
3234
3214
3200
3194
3189
3176
3159
3135
3100
2926
2887
2876
2892
2918
2943
2965
2978
2825
2741
2646
2550
2169
2090
2021
1961
1609
1496
1382
1270
1175
926
852
787
726
665
607
546
481
285
271
267
269
403
444
476
507
524
592
620
648
684
730
776
820
871
1028
1084
1154
1243
1704
1827
1939
2035
2241
2270
2294
2326
2362
2487
2536
2588
2630
2661
2673
2670
2661
2588
2582
2581
2588
2591
2577
2558
2535
2386
2354
2327
2301
2271
2128
2060
1989
1910
1828
1745
1663
1588
1356
1314
1278
1233
1037
993
962
940
931
920
924
932
939
943
949
969
995
1130
1183
1237
1283
1474
1518
1567
1626
1949
2053
2164
2277
2383
2660
2747
2828
2908
2989
3068
3158
3256
3614
3691
3754
3805
3906
3915
3921
3924
3923
3907
3875
3835
3794
3627
3564
3513
3458
3396
3338
3282
3221
2955
2887
2813
2734
2437
2354
2277
2204
2137
1938
1868
1815
1769
1725
1684
1654
1629
1548
1526
1509
1484
1438
1437
1440
1451
1473
1462
1446
1429
1410
1371
1367
1376
1385
1397
1413
1426
1438
1465
1474
1478
1493
1563
1586
1614
1638
1662
1737
1757
1784
1808
1830
1850
1866
1887
1942
1952
1963
1971
1964
1954
1955
1951
1916
1912
1905
1892
1882
1852
1846
1844
1840
1836
1825
1821
1815
1766
1761
1753
1741
1733
1718
1724
1718
1710
1707
1702
1707
1711
1735
1748
1760
1776
1798
1821
1844
1864
1880
1922
1938
1960
1976
1994
2007
2021
2034
2043
2063
2056
2054
2048
2039
2034
2025
2023
2027
2037
2043
2057
2065
2073
2079
2088
2089
2115
2128
2149
2169
2185
2204
2216
2231
2243
2274
2279
2282
2291
2300
2311
2329
2341
2370
2380
2387
2396
2420
2428
2442
2456
2460
2471
2467
2466
2466
2469
2466
2462
2464
2453
2440
2426
2415
2401
2383
2365
2361
2344
2304
2289
2270
2253
2226
2195
2162
2127
2092
1999
1970
1941
1912
1886
1861
1839
1812
1700
1672
1646
1625
1556
1543
1522
1509
1499
1468
1459
1454
1446
1446
1451
1458
1466
1494
1504
1511
1526
1543
1564
1581
1594
1613
1649
1667
1681
1691
1705
1717
1731
1744
1805
1821
1839
1860
1883
1955
1978
2001
2028
2058
2078
2101
2120
2194
2211
2216
2219
2230
2230
2227
2226
2227
2223
2215
2214
2216
2214
2212
2213
2212
2211
2217
2223
2223
2223
2227
2232
2233
2252
2257
2266
2263
2267
2277
2281
2283
2292
2295
2300
2306
2310
2329
2322
2314
2311
2293
2289
2282
2273
2268
2237
2227
2217
2205
2195
2176
2159
2149
2111
2103
2100
2095
2086
2075
2069
2060
2048
2032
2025
2020
2017
2023
2024
2022
2021
2026
2010
2006
2006
1999
1997
1986
1977
1974
1935
1930
1917
1909
1877
1874
1866
1859
1857
1859
1862
1869
1872
1890
1894
1900
1904
1909
1910
1908
1918
1931
1934
1941
1947
1957
1969
1968
1975
1986
1993
2000
2003
2004
1993
1992
1985
1977
1978
1975
1974
1970
1963
1938
1926
1916
1904
1895
1886
1876
1871
1863
1841
1834
1832
1829
1817
1810
1801
1793
1767
1767
1769
1769
1767
1772
1779
1774
1771
1778
1791
1797
1808
1812
1820
1835
1847
1859
1897
1912
1930
1944
1966
1981
1999
2016
2076
2094
2116
2132
2156
2179
2197
2214
2236
2280
2289
2298
2298
2305
2313
2324
2329
2329
2318
2316
2321
2324
2319
2311
2312
2308
2268
2262
2248
2242
2210
2199
2185
2178
2175
2147
2142
2123
2108
2098
2088
2088
2076
2047
2045
2039
2030
1977
1973
1972
1967
1960
1941
1934
1929
1924
1919
1917
1917
1923
1928
1932
1936
1935
1939
1940
1942
1942
1946
1956
1952
1953
1961
1968
1973
1974
1980
1981
2008
2019
2027
2033
2045
2057
2066
2078
2093
2089
2088
2087
2084
2085
2088
2085
2087
2086
2074
2068
2063
2065
2060
2055
2048
2022
2017
2016
2013
1992
1991
1986
1988
1981
1976
1973
1973
1972
1968
1962
1957
1953
1947
1941
1943
1946
1948
1949
1957
1966
1952
1961
1968
1975
1992
1998
2003
2008
2020
2031
2040
2042
2047
2049
2049
2043
2040
2038
2036
2034
2033
2013
2011
2010
2008
2009
2009
2009
2008
2011
2004
2004
2004
2003
2008
2007
2009
2006
2011
2012
2016
2020
2022
2016
2022
2029
2036
2032
2035
2034
2033
2034
2039
2044
2053
2060
2070
2078
2079
2072
2072
2077
2080
2082
2083
2088
2080
2074
2068
2060
2060
2058
2052
2049
2044
2043
2017
2020
2014
2012
2011
2008
2006
2008
2007
2001
1994
1993
1994
1995
1994
1991
1993
1991
1984
1987
1991
1992
1992
1992
1990
1994
2004
2007
2012
2016
2023
2027
2032
2034
2040
2036
2033
2036
2038
2037
2038
2041
2043
2035
2028
2033
2041
2101
2114
2127
2127
2127
2119
2116
2109
2108
2116
2121
2124
2121
2119
2119
2120
2121
2115
2102
2091
2074
2059
2050
2039
2026
2017
2009
2004
2003
2012
2071
2079
2078
2073
2071
2033
2016
2010
2001
1995
1994
1984
1981
1971
1966
1961
1955
1925
1915
1913
1920
1927
1929
1925
1918
1905
1892
1880
1876
1884
1922
1924
1924
1933
1967
1971
1978
1984
1972
1968
1963
1957
1958
2003
2016
2024
2035
2049
2059
2068
2064
2038
2024
2021
2014
1985
1979
1975
1970
1963
1969
1977
1987
2002
2046
2059
2076
2095
2107
2119
2136
2148
2167
2168
2167
2163
2153
2156
2164
2164
2170
2150
2136
2120
2123
2140
2171
2203
2216
2094
2066
2062
2081
2013
1969
1930
1909
1954
1942
1920
1904
1897
1985
2038
2075
2085
2085
2093
2097
2078
1993
1982
1996
2021
2023
2012
1996
1968
1943
1887
1902
1945
1990
2024
2026
2005
1962
1881
1904
1946
1985
2039
2013
1978
1951
1953
1972
1996
2023
2050
2077
2067
2057
2053
2051
2056
2066
2083
2159
2174
2176
2172
2119
2096
2079
2072
2064
2071
2067
2057
2052
2046
2045
2038
2030
1993
1995
2002
2010
2013
2014
2000
1978
1958
1932
1939
1955
1972
1988
2000
2003
2006
1999
2001
2015
2025
2034
2035
2033
2023
2008
1895
1890
1889
1893
1924
1934
1949
1967
1960
1941
1922
1905
1893
1870
1861
1846
1840
1828
1823
1827
1833
1833
1822
1810
1786
1706
1709
1724
1744
1756
1746
1738
1737
1740
1752
1768
1791
1819
1905
1931
1952
1977
2058
2075
2095
2117
2204
2223
2245
2259
2277
2300
2306
2315
2329
2362
2402
2441
2481
2537
2532
2535
2543
2516
2490
2456
2438
2424
2461
2482
2491
2504
2519
2542
2576
2620
2776
2817
2854
2885
2969
2977
2981
2990
2985
2963
2932
2885
2823
2598
2535
2475
2418
2363
2297
2222
2140
1850
1794
1751
1722
1596
1550
1505
1461
1356
1345
1342
1348
1347
1347
1339
1338
1347
1357
1369
1388
1406
1414
1395
1372
1348
1233
1204
1187
1172
1154
1127
1113
1097
1088
1082
1077
1073
1078
1194
1249
1300
1354
1516
1549
1581
1617
1795
1846
1890
1927
1958
2011
2033
2059
2085
2112
2126
2137
2137
2023
1982
1949
1917
1855
1857
1858
1858
1857
1826
1807
1789
1776
1777
1789
1796
1812
1830
1827
1823
1811
1798
1787
1783
1783
1782
1772
1763
1760
1751
1743
1744
1737
1739
1747
1795
1815
1839
1871
1909
1954
2002
2050
2234
2264
2302
2344
2511
2554
2599
2649
2846
2895
2943
2990
3025
3101
3123
3135
3149
3156
3170
3180
3182
3190
3190
3184
3175
3111
3086
3065
3043
3026
2975
2955
2946
2933
2924
2922
2912
2907
2839
2818
2788
2765
2647
2610
2571
2531
2361
2321
2276
2229
2189
2047
2001
1950
1903
1851
1802
1747
1699
1522
1482
1451
1420
1321
1299
1286
1274
1268
1254
1252
1255
1263
1272
1286
1302
1320
1379
1395
1405
1414
1435
1440
1451
1457
1451
1444
1439
1442
1444
1446
1441
1432
1424
1422
1414
1408
1396
1390
1399
1414
1423
1515
1551
1586
1620
1658
1762
1800
1841
1877
1907
1940
1975
2006
2102
2124
2146
2168
2233
2238
2244
2248
2251
2245
2239
2234
2232
2230
2229
2231
2228
2201
2196
2187
2179
2177
2177
2178
2179
2185
2178
2181
2183
2189
2190
2198
2206
2219
2267
2275
2286
2294
2294
2294
2291
2280
2267
2263
2261
2261
2262
2228
2220
2211
2196
2158
2151
2148
2142
2138
2117
2115
2112
2113
2113
2115
2125
2128
2139
2134
2132
2125
2110
2114
2118
2122
2123
2118
2118
2115
2119
2110
2106
2099
2098
2097
2084
2069
2054
2006
1999
1992
1978
1932
1917
1899
1880
1869
1825
1808
1785
1763
1746
1725
1710
1697
1642
1624
1619
1611
1596
1598
1608
1621
1669
1691
1710
1723
1747
1811
1827
1841
1857
1875
1895
1922
1938
1992
2004
2022
2039
2086
2097
2103
2105
2110
2102
2100
2096
2099
2095
2093
2090
2086
2084
2078
2078
2084
2107
2119
2129
2139
2195
2216
2237
2257
2273
2323
2337
2348
2364
2380
2385
2394
2399
2415
2413
2418
2417
2409
2398
2394
2389
2378
2327
2307
2290
2277
2265
2254
2244
2232
2169
2155
2146
2135
2103
2101
2098
2098
2083
2079
2076
2070
2076
2072
2066
2062
2066
2069
2064
2059
2052
2012
2001
1998
1994
1928
1911
1900
1890
1880
1841
1828
1821
1814
1806
1798
1790
1776
1718
1707
1705
1699
1699
1699
1703
1709
1740
1749
1762
1775
1787
1844
1859
1869
1883
1892
1902
1907
1917
1952
1960
1965
1974
1996
2006
2012
2020
2019
2022
2026
2022
2021
2015
2008
1996
1992
1987
1984
1979
1976
1956
1951
1952
1948
1939
1937
1941
1951
1950
1941
1948
1953
1956
1968
1969
1969
1982
2006
2016
2022
2032
2044
2053
2062
2068
2085
2087
2086
2091
2092
2090
2088
2088
2087
2092
2093
2092
2099
2100
2098
2099
2109
2135
2142
2149
2158
2165
2186
2192
2195
2202
2209
2215
2218
2217
2231
2231
2233
2235
2220
2215
2208
2203
2165
2157
2151
2148
2143
2106
2099
2092
2080
2072
2066
2055
2041
2005
2007
2001
1985
1962
1955
1956
1957
1954
1956
1959
1955
1958
1958
1962
1965
1968
1971
1971
1965
1968
1966
1961
1957
1961
1963
1959
1955
1958
1952
1950
1955
1957
1954
1939
1945
1948
1955
1958
1952
1949
1945
1946
1941
1945
1953
1960
1964
1971
1974
1978
1975
1983
1990
1990
1992
1988
1990
1993
2004
2010
2009
2014
2015
2031
2037
2044
2046
2047
2049
2051
2054
2058
2060
2059
2062
2069
2082
2082
2089
2090
2089
2081
2082
2088
2093
2096
2092
2091
2086
2087
2085
2079
2069
2067
2059
2060
2064
2068
2072
2069
2065
2062
2041
2036
2034
2029
2008
2009
2006
2005
1971
1964
1962
1965
1961
1946
1942
1943
1945
1939
1940
1944
1945
1940
1940
1942
1938
1941
1949
1952
1955
1961
1983
1992
2001
2007
2011
2015
2022
2033
2061
2068
2076
2088
2088
2088
2086
2088
2077
2071
2067
2061
2061
2057
2048
2045
2048
2047
2042
2034
2038
2041
2044
2046
2046
2058
2058
2061
2063
2060
2049
2047
2044
2042
2042
2041
2047
2049
2030
2023
2017
2010
2003
1993
1994
1993
1992
1990
1987
1990
1989
1989
1986
1986
1992
1997
1995
1997
2003
2003
2003
2012
2020
2022
2035
2036
2045
2051
2067
2067
2073
2077
2103
2098
2096
2100
2096
2097
2099
2104
2104
2109
2113
2112
2110
2084
2081
2079
2072
2046
2032
2023
2020
2019
2007
2005
1999
1995
1992
1990
1987
1986
1990
1991
1998
2001
1985
1985
1986
1984
1992
1992
1987
1988
1992
1993
1991
1993
1998
1996
1991
1986
1988
1970
1972
1974
1971
1949
1943
1940
1939
1939
1939
1944
1945
1945
1945
1946
1950
1952
1952
1957
1964
1964
1982
1993
1993
1987
2015
2025
2036
2042
2037
2037
2039
2037
2037
2040
2045
2050
2058
2051
2058
2060
2070
2082
2086
2085
2083
2074
2079
2079
2078
2078
2084
2081
2081
2077
2075
2079
2077
2083
2089
2091
2089
2090
2102
2104
2108
2108
2109
2108
2106
2110
2113
2108
2114
2112
2105
2096
2089
2080
2073
2049
2046
2040
2034
2033
2029
2025
2025
2030
2019
2016
2022
2024
2023
2020
2015
2005
2009
2014
2013
2008
1998
2001
1999
2008
2021
2024
2022
2022
2024
2019
2018
2018
2021
2019
2011
2004
2000
1993
1988
1985
1983
1978
1975
1971
1966
1967
1959
1949
1945
1941
1940
1938
1943
1950
1950
1952
1955
1961
1964
1966
1961
1963
1967
1968
1971
1976
1977
1983
1988
1987
1993
1995
2003
2007
2012
2009
2011
2012
2014
2011
2013
2018
2019
2021
2033
2029
2024
2030
2034
2037
2039
2037
2044
2041
2040
2042
2048
2050
2052
2053
2047
2045
2047
2052
2055
2065
2067
2070
2076
2084
2081
2082
2084
2085
2087
2095
2105
2119
2119
2125
2128
2125
2117
2119
2117
2108
2106
2103
2111
2124
2170
2172
2155
2139
2108
2095
2076
2035
1891
1876
1866
1849
1827
1753
1753
1767
1790
1817
1851
1891
1935
2105
2124
2141
2140
2154
2161
2164
2161
2157
2137
2114
2091
2052
2003
1956
1919
1893
1880
1873
1867
1857
1766
1766
1767
1794
1944
1976
2003
2015
2026
2059
2083
2115
2149
2182
2206
2222
2236
2184
2157
2125
2100
2035
2023
2025
2027
2020
2018
2011
2005
2004
2033
2054
2086
2126
2160
2188
2219
2242
2268
2262
2259
2246
2136
2095
2048
1997
1942
1802
1778
1759
1751
1756
1769
1792
1819
1970
2013
2065
2113
2277
2298
2305
2302
2207
2173
2133
2099
2069
2012
1997
1975
1958
1935
1916
1899
1882
1867
1873
1885
1905
1895
1881
1867
1855
1853
1875
1895
1921
1950
1972
1990
2007
2015
1997
1990
1980
1978
1937
1917
1892
1874
1813
1802
1798
1802
1812
1860
1879
1901
1925
1941
1959
1983
2011
2099
2120
2139
2151
2119
2100
2080
2059
2040
2000
1984
1971
1968
1967
1966
1962
1964
1971
1984
2000
2016
2032
2018
2010
2006
1998
2008
2024
2044
2065
2114
2120
2122
2127
2135
2136
2142
2148
2180
2185
2188
2197
2182
2170
2160
2145
2136
2115
2118
2118
2118
2121
2128
2141
2154
2201
2212
2225
2228
2213
2212
2201
2190
2132
2132
2121
2119
2106
2083
2077
2062
2054
2046
2045
2036
2037
2027
2021
2009
2005
1968
1965
1960
1955
1951
1951
1947
1954
1959
1965
1968
1974
1978
2001
2001
2000
1993
1952
1939
1925
1896
1878
1839
1826
1820
1820
1814
1805
1800
1801
1814
1821
1836
1847
1910
1920
1927
1931
1938
1944
1943
1948
1957
1999
2006
2015
2025
2031
2039
2045
2053
2078
2083
2090
2102
2113
2101
2093
2086
2080
2044
2035
2028
2025
2019
2013
2009
2003
1983
1982
1975
1976
1968
1964
1961
1956
1978
1992
1998
2015
2027
2081
2096
2111
2128
2149
2165
2183
2197
2271
2281
2286
2292
2273
2261
2245
2224
2208
2156
2138
2118
2108
2093
2071
2054
2040
1983
1970
1963
1963
1941
1930
1931
1930
1929
1933
1932
1946
1959
1987
1988
1996
2001
2013
2027
2036
2045
2077
2085
2087
2089
2060
2051
2045
2039
2038
2021
2018
2008
2005
2001
1998
1994
1993
1989
1983
1987
1986
1990
1981
1973
1976
1974
1977
1980
1986
1990
2003
2012
2021
2027
2037
2048
2054
2057
2088
2093
2089
2088
2075
2074
2067
2063
2060
2036
2025
2013
1997
1987
1977
1974
1964
1942
1942
1935
1931
1898
1890
1882
1875
1863
1863
1863
1863
1871
1890
1900
1913
1923
1935
1949
1965
1984
2045
2059
2069
2079
2121
2134
2140
2145
2145
2163
2166
2166
2159
2153
2150
2138
2130
2098
2082
2071
2066
2059
2050
2044
2038
2025
2001
1995
1986
1984
1986
1979
1976
1975
1975
1986
1991
1997
1999
2003
2011
2026
2040
2074
2081
2085
2088
2104
2103
2106
2097
2102
2106
2107
2107
2108
2111
2110
2114
2115
2117
2112
2109
2106
2082
2078
2069
2059
2026
2024
2020
2015
2006
1998
1992
1983
1987
1996
1999
2000
2001
2005
2005
2005
2008
2005
2004
2000
2001
1978
1976
1970
1961
1963
1959
1960
1955
1955
1953
1948
1948
1947
1940
1942
1938
1937
1941
1953
1964
1971
1978
1991
1995
1999
2004
2011
2010
2013
2017
2029
2029
2030
2036
2032
2024
2025
2028
2031
2029
2027
2024
2030
2024
2023
2027
2030
2030
2029
2025
2019
2006
2006
2006
2014
2004
2003
1995
1989
1989
2001
1998
1993
1990
1986
1981
1984
1985
1993
2000
2007
2008
2016
2021
2028
2027
2040
2046
2049
2056
2061
2065
2064
2067
2069
2074
2082
2081
2081
2093
2099
2105
2112
2128
2130
2127
2129
2128
2147
2156
2159
2158
2156
2157
2163
2164
2159
2155
2151
2139
2136
2134
2133
2125
2116
2085
2077
2068
2056
2044
2041
2032
2021
2018
1991
1985
1978
1968
1961
1963
1962
1956
1934
1927
1923
1922
1929
1932
1941
1944
1969
1975
1976
1977
1989
1995
1996
1996
2001
1994
1989
1989
1992
1995
1994
1991
1983
1976
1983
1983
1984
1989
2001
2000
2007
2008
2005
2002
2008
2017
2028
2027
2027
2022
2028
2030
2026
2025
2039
2037
2037
2043
2044
2057
2061
2067
2069
2077
2078
2089
2095
2099
2091
2088
2084
2066
2062
2055
2052
2049
2027
2026
2020
2012
2009
2002
1999
1995
1977
1976
1974
1978
1988
1992
2001
2005
2009
2005
2007
2012
2011
2021
2022
2028
2031
2030
2032
2037
2035
2033
2023
2022
2021
2007
2007
2004
2000
1997
2001
2000
2005
2009
2011
2013
2012
2012
2010
2006
2005
2003
2011
2017
2013
2018
2020
2019
2027
2034
2041
2045
2042
2041
2039
2039
2034
2037
2036
2043
2043
2044
2040
2031
2032
2036
2036
2035
2039
2036
2040
2039
2032
2027
2023
2022
2019
2007
2006
2008
1998
2000
1999
2001
2008
2011
2016
2020
2024
2021
2023
2024
2032
2030
2032
2036
2035
2037
2036
2036
2031
2025
2027
2029
2019
2031
2051
2076
2123
2149
2086
2050
2018
2016
2043
2061
2061
2073