2178
2177
2179
2181
2178
2178
2177
2175
2182
2153
2125
2084
2042
2006
1962
1964
1964
1957
1950
1954
1923
1853
1980
1929
1935
1923
1740
1720
1735
1745
1735
1746
1763
1779
1786
1824
1869
1895
1909
1939
1973
1994
2021
2158
2190
2221
2224
2307
2331
2353
2396
2415
2398
2384
2341
2280
2236
2204
2158
2103
1914
1890
1855
1807
1691
1673
1661
1677
1695
1708
1702
1690
1682
1676
1653
1620
1591
1573
1588
1623
1673
1697
1689
1677
1685
1688
1647
1625
1602
1580
1565
1578
1608
1644
1676
1750
1766
1778
1786
1808
1831
1853
1871
1895
1895
1898
1898
2013
2058
2115
2186
2268
2542
2622
2690
2745
2801
2854
2911
2962
3132
3147
3152
3152
3169
3259
3296
3244
3195
3191
3231
3267
3297
3421
3449
3496
3550
3562
3560
3553
3549
3401
3327
3228
3132
2755
2682
2604
2495
2084
1964
1867
1778
1680
1487
1432
1375
1313
1256
1193
1094
982
556
475
407
330
156
142
135
126
119
110
108
108
110
115
117
118
124
148
167
193
225
649
791
948
1099
1559
1638
1720
1796
1874
2082
2156
2228
2292
2346
2383
2413
2440
2529
2562
2600
2637
2760
2785
2792
2797
2793
2711
2686
2662
2643
2633
2632
2637
2645
2662
2659
2658
2666
2771
2827
2871
2908
3025
3030
3033
3031
3025
2969
2945
2915
2875
2820
2764
2705
2649
2422
2375
2329
2272
1975
1889
1798
1709
1629
1446
1387
1330
1275
1211
1149
1096
1047
850
812
782
756
743
765
795
836
878
1056
1124
1204
1280
1358
1439
1523
1605
1903
1966
2037
2108
2383
2439
2486
2528
2652
2675
2687
2702
2717
2749
2747
2739
2733
2733
2735
2748
2770
2913
2952
2983
3013
3123
3160
3195
3222
3239
3222
3199
3152
3102
3052
3000
2947
2885
2642
2581
2520
2459
2197
2134
2075
2029
1858
1827
1800
1771
1741
1604
1548
1486
1414
1347
1274
1210
1147
909
857
809
778
715
723
735
756
783
898
947
998
1055
1125
1195
1267
1343
1696
1785
1866
1943
2251
2325
2393
2460
2680
2716
2743
2775
2799
2826
2821
2819
2819
2825
2819
2805
2791
2680
2636
2592
2544
2362
2319
2272
2226
2174
2010
1957
1896
1847
1801
1764
1730
1702
1625
1624
1625
1623
1642
1655
1664
1673
1677
1697
1690
1684
1678
1674
1667
1667
1668
1699
1712
1723
1727
1749
1752
1764
1780
1815
1824
1817
1801
1785
1708
1679
1652
1628
1607
1589
1587
1579
1575
1593
1610
1633
1772
1818
1873
1929
1989
2134
2174
2212
2250
2288
2324
2361
2393
2474
2493
2510
2524
2588
2607
2640
2666
2775
2805
2830
2852
2869
2907
2915
2921
2920
2911
2903
2886
2863
2699
2644
2594
2534
2266
2195
2130
2063
1995
1795
1739
1688
1641
1597
1557
1527
1503
1414
1397
1387
1380
1363
1364
1363
1369
1391
1391
1394
1406
1416
1435
1444
1454
1468
1493
1512
1538
1563
1676
1700
1730
1770
1892
1923
1952
1981
2012
2079
2092
2108
2127
2141
2164
2176
2193
2279
2299
2322
2353
2454
2482
2508
2532
2612
2626
2638
2643
2651
2668
2671
2670
2659
2650
2645
2639
2624
2581
2566
2547
2524
2454
2432
2399
2372
2342
2218
2167
2117
2073
2025
1980
1930
1886
1749
1721
1698
1680
1644
1641
1637
1636
1642
1660
1668
1676
1681
1687
1681
1681
1685
1701
1700
1700
1703
1726
1730
1734
1746
1788
1793
1808
1821
1836
1867
1874
1884
1891
1897
1902
1911
1916
1918
1915
1907
1904
1888
1894
1896
1900
1900
1912
1916
1917
1926
1938
1959
1986
2005
2077
2097
2120
2140
2210
2224
2241
2263
2291
2290
2287
2284
2277
2245
2234
2221
2208
2198
2187
2175
2167
2143
2135
2130
2128
2114
2113
2114
2110
2106
2080
2062
2048
2038
2029
2016
2003
1992
1954
1945
1932
1928
1912
1905
1907
1904
1891
1886
1880
1879
1876
1867
1864
1857
1855
1855
1859
1860
1862
1891
1903
1913
1919
1971
1986
2003
2011
2017
2037
2048
2054
2062
2070
2077
2083
2087
2107
2120
2131
2136
2165
2176
2190
2197
2212
2219
2232
2239
2243
2229
2225
2215
2208
2201
2193
2186
2178
2136
2130
2119
2108
2075
2072
2069
2066
2068
2047
2036
2033
2032
2025
2022
2023
2015
1987
1979
1972
1967
1942
1936
1933
1934
1925
1918
1918
1916
1921
1949
1952
1956
1965
1982
1990
1997
2006
2049
2059
2066
2077
2082
2084
2085
2087
2088
2073
2064
2056
2055
2057
2051
2041
2032
2006
2000
1999
1997
1984
1979
1979
1978
1977
1972
1970
1964
1966
1963
1963
1960
1959
1942
1936
1931
1934
1938
1945
1949
1951
1975
1976
1980
1988
1988
1986
1983
1985
1992
1994
2000
1999
1999
1995
1999
2011
2007
2008
2013
2012
2013
2012
2009
1992
1991
1990
1990
1977
1967
1964
1968
1969
1967
1970
1971
1980
1987
1994
2008
2019
2051
2056
2068
2076
2087
2090
2097
2102
2108
2108
2114
2117
2116
2118
2120
2122
2124
2119
2119
2127
2126
2127
2134
2140
2146
2147
2147
2150
2147
2148
2144
2134
2125
2124
2121
2118
2120
2115
2076
2074
2075
2076
2057
2048
2039
2035
2013
2012
2004
1999
1995
1975
1965
1950
1940
1934
1924
1923
1910
1882
1877
1870
1866
1862
1865
1863
1861
1861
1869
1874
1878
1879
1885
1891
1892
1906
1950
1958
1967
1976
2008
2019
2035
2054
2066
2096
2101
2110
2118
2126
2130
2135
2141
2144
2145
2142
2147
2145
2146
2145
2137
2133
2112
2111
2104
2098
2090
2083
2072
2067
2064
2043
2039
2030
2019
2011
2012
2006
2008
2003
1999
1997
1997
1988
1985
1989
1991
1993
1992
1996
1996
1996
1993
1987
1983
1982
1978
1978
1981
1982
1975
1975
1979
1981
1986
1985
1987
1988
1994
1996
2000
2008
2014
2022
2030
2041
2046
2066
2076
2083
2088
2092
2093
2098
2091
2086
2082
2076
2072
2071
2061
2061
2054
2056
2056
2055
2053
2054
2052
2051
2045
2053
2004
1865
1778
1717
1674
1699
1734
1795
1873
1962
2020
2068
2119
2277
2280
2293
2277
2181
2178
2172
2163
2144
2154
2163
2157
2145
2186
2191
2216
2240
2236
2220
2234
2266
2178
2135
2079
2034
1923
1909
1881
1849
1822
1814
1807
1788
1766
1749
1753
1757
1752
1706
1707
1722
1746
1826
1832
1834
1838
1877
1896
1905
1901
1900
1957
1977
1992
2009
2040
2055
2066
2076
2126
2117
2105
2100
2156
2166
2169
2161
2144
2108
2112
2107
2092
2077
2067
2061
2054
2096
2100
2103
2099
2116
2111
2089
2065
1982
1976
1976
1980
1996
2041
2045
2042
2033
2024
2022
2028
2039
2058
2070
2082
2095
2120
2116
2106
2098
2083
2033
2017
2012
2017
2035
2053
2064
2064
2043
2039
2045
2048
2028
2019
2017
2017
2040
2043
2049
2052
2059
2064
2066
2071
2064
2053
2037
2029
2023
2009
2001
1996
1995
1978
1976
1971
1962
1954
1941
1938
1944
1946
1942
1943
1946
1956
1977
1984
1998
2011
1978
1958
1930
1909
1871
1859
1850
1837
1828
1821
1817
1817
1815
1827
1829
1831
1850
1893
1903
1906
1919
1928
1924
1926
1933
1941
1985
2013
2048
2088
2114
2147
2182
2214
2302
2316
2320
2321
2362
2408
2461
2448
2319
2307
2314
2332
2344
2424
2467
2515
2539
2559
2588
2621
2643
2688
2716
2730
2729
2706
2703
2689
2674
2658
2600
2569
2529
2494
2468
2431
2375
2324
2096
2066
2020
1958
1744
1695
1645
1593
1394
1354
1313
1273
1260
1140
1048
1054
1137
1220
1283
1322
1336
1116
1010
904
845
925
971
1058
1166
1243
1420
1474
1493
1509
1573
1671
1765
1839
1865
1845
1878
1928
2208
2246
2280
2329
2344
2333
2314
2296
2302
2335
2351
2341
2289
2239
2208
2184
2151
2173
2190
2214
2234
2099
2024
1941
1852
1856
1891
1923
1940
1943
1883
1861
1835
1832
1839
1842
1855
1870
1997
2006
1992
1960
1942
1971
1991
2005
2005
1941
1911
1897
1895
1918
1938
1938
1941
2094
2159
2208
2221
2062
2025
2026
2053
2261
2292
2307
2296
2268
2126
2093
2081
2094
2121
2153
2199
2259
2397
2426
2448
2456
2537
2583
2639
2681
2705
2680
2638
2602
2575
2560
2557
2570
2589
2583
2557
2528
2494
2466
2448
2445
2443
2448
2487
2494
2499
2491
2460
2418
2368
2328
2294
2291
2303
2307
2301
2280
2244
2190
2124
1882
1854
1829
1813
1771
1742
1702
1658
1506
1498
1516
1542
1572
1591
1581
1558
1527
1496
1474
1449
1424
1427
1435
1444
1448
1441
1470
1502
1537
1582
1701
1738
1775
1813
1851
1890
1919
1950
2113
2167
2223
2268
2354
2357
2379
2398
2524
2566
2602
2641
2683
2772
2784
2784
2791
2803
2808
2810
2814
2796
2776
2758
2733
2517
2436
2340
2245
2157
1953
1894
1833
1774
1719
1660
1599
1536
1261
1196
1133
1086
945
927
913
898
875
874
885
902
923
1040
1097
1159
1234
1307
1382
1454
1527
1800
1863
1929
1990
2179
2222
2262
2293
2325
2373
2373
2373
2378
2376
2372
2365
2355
2355
2371
2387
2404
2421
2432
2437
2438
2426
2395
2436
2488
2530
2561
2567
2558
2527
2471
2297
2251
2206
2170
2136
2106
2087
2080
2059
2057
2068
2087
2212
2225
2226
2223
2168
2164
2164
2163
2155
2136
2122
2113
2096
2081
2055
2028
1996
1927
1908
1888
1869
1760
1753
1743
1740
1755
1800
1816
1824
1815
1796
1774
1747
1723
1728
1726
1719
1706
1680
1677
1683
1687
1792
1842
1901
1958
2009
2115
2142
2178
2222
2268
2313
2365
2409
2450
2445
2442
2444
2429
2423
2425
2440
2459
2488
2465
2435
2405
2374
2346
2322
2310
2253
2242
2218
2181
1949
1885
1835
1791
1669
1659
1648
1645
1641
1628
1636
1647
1671
1697
1725
1764
1816
1952
1959
1957
1959
1982
1986
1998
1999
1989
1912
1894
1889
1887
1897
1904
1918
1931
1961
1966
1965
1961
1967
1981
1996
2022
2051
2135
2151
2158
2155
2141
2123
2107
2094
2084
2058
2063
2072
2080
2092
2098
2111
2121
2188
2223
2261
2293
2418
2441
2461
2474
2517
2524
2527
2529
2521
2432
2394
2346
2296
2246
2199
2160
2123
1981
1946
1903
1866
1754
1738
1731
1729
1734
1732
1729
1719
1706
1690
1677
1665
1654
1653
1651
1655
1656
1688
1704
1718
1741
1824
1849
1874
1900
1928
2026
2054
2084
2103
2120
2129
2139
2145
2145
2147
2148
2150
2179
2192
2200
2207
2218
2229
2231
2237
2239
2251
2256
2255
2249
2241
2222
2212
2200
2125
2113
2105
2102
2075
2070
2060
2047
2033
2010
2010
2008
2003
2002
2004
2003
1996
1963
1958
1947
1931
1871
1853
1845
1838
1833
1817
1816
1811
1816
1822
1831
1838
1848
1869
1876
1881
1889
1906
1912
1921
1926
1901
1901
1898
1896
1891
1888
1897
1903
1912
1919
1928
1937
1942
1983
2002
2013
2026
2075
2085
2090
2097
2110
2116
2115
2109
2107
2097
2095
2089
2085
2086
2083
2087
2092
2098
2097
2093
2096
2098
2105
2113
2112
2111
2110
2105
2102
2099
2101
2099
2101
2099
2095
2095
2096
2093
2087
2090
2095
2095
2089
2109
2112
2117
2123
2119
2113
2112
2107
2096
2090
2079
2069
2030
2025
2026
2030
2033
2032
2033
2030
2033
1999
1992
1981
1972
1963
1960
1961
1954
1931
1925
1924
1917
1902
1904
1912
1920
1936
1982
1997
2011
2025
2038
2050
2057
2060
2115
2120
2121
2126
2123
2121
2119
2111
2079
2079
2071
2060
2046
2027
2022
2022
2018
2015
2018
2019
2017
2005
2000
2000
1995
1979
1978
1975
1974
1971
1959
1958
1961
1971
1978
1986
1986
1986
2002
2007
2011
2018
2022
2025
2034
2031
2028
2029
2023
2014
2010
2004
2004
2005
2005
1998
1994
1992
1990
1998
2005
2009
2014
2036
2035
2042
2044
2057
2060
2061
2063
2064
2067
2058
2061
2063
2064
2066
2068
2068
2064
2069
2071
2077
2079
2073
2076
2074
2073
2049
2043
2038
2039
2043
2041
2047
2050
2027
2024
2027
2026
2017
2016
2023
2024
2036
2032
2027
2025
2025
2001
1999
1995
1991
1989
1991
1988
1990
1991
1990
1992
1991
2004
2011
2021
2024
2027
2026
2020
2022
2020
2022
2023
2022
2019
2004
1996
1988
1978
1954
1959
1956
1956
1951
1953
1959
1960
1966
1980
1988
1995
2004
2012
2016
2022
2024
2038
2037
2040
2043
2043
2039
2028
2023
2024
2022
2028
2037
2044
2049
2045
2047
2053
2076
2085
2095
2098
2102
2098
2094
2095
2078
2079
2072
2062
2059
2024
2020
2014
2020
2017
2019
2020
2014
2017
2018
2018
2017
2012
2003
1996
1992
1987
1970
1959
1953
1953
1953
1941
1937
1939
1939
1944
1950
1958
1990
2005
2019
2022
2052
2058
2061
2071
2082
2094
2090
2094
2095
2097
2102
2105
2101
2075
2074
2073
2078
2096
2097
2096
2094
2089
2081
2076
2075
2073
2078
2078
2074
2069
2055
2056
2056
2059
2033
2039
2038
2038
2044
2039
2040
2042
2045
2052
2046
2044
2043
2038
2026
2021
2010
1986
1981
1979
1976
1964
1961
1960
1960
1960
1943
1942
1943
1947
1944
1939
1939
1939
1946
1954
1955
1957
1883
1794
1714
1663
1723
1792
1863
1926
1975
2080
2100
2127
2150
2157
2166
2180
2195
2277
2297
2316
2325
2219
2196
2184
2178
2172
2156
2150
2147
2147
2149
2143
2131
2121
2050
2045
2044
2041
2044
2045
2042
2038
1986
1981
1970
1961
1955
1956
1963
1969
1980
1998
2012
2022
2030
2021
2005
1989
1975
1932
1936
1941
1945
1950
1939
1939
1942
1938
1942
1949
1953
1958
1932
1920
1923
1922
1919
1920
1918
1931
2000
2010
2010
2013
2014
2042
2051
2054
2058
2061
2065
2074
2077
2037
2029
2030
2033
2063
2062
2062
2056
2052
2025
2022
2010
2007
2001
1991
1982
1969
1883
1876
1867
1856
1845
1849
1841
1834
1769
1749
1727
1702
1671
1565
1544
1535
1522
1498
1465
1429
1399
1412
1433
1470
1518
1691
1750
1802
1839
1880
1965
2009
2047
2088
2125
2145
2170
2218
2362
2391
2446
2507
2563
2627
2692
2738
2784
2969
3019
3057
3116
3197
3255
3273
3299
3344
3706
3854
3882
3837
3829
3860
3859
3793
3582
3441
3337
3197
3063
3115
3172
3269
3362
3381
3356
3303
3242
3056
3003
2982
2907
2799
2715
2675
2611
2135
2029
1918
1792
1302
1159
1013
863
695
277
162
122
112
109
108
110
109
95
93
92
89
88
89
90
92
92
97
102
112
118
126
137
150
180
422
514
607
686
765
845
924
1015
1128
1504
1623
1734
1838
1926
2005
2075
2157
2231
2431
2505
2577
2647
2718
2778
2818
2836
2895
2879
2868
2871
2986
3007
3012
3002
2902
2864
2821
2769
2713
2602
2566
2524
2489
2447
2409
2370
2338
2259
2244
2216
2193
2026
1974
1928
1895
1870
1735
1688
1628
1561
1502
1457
1405
1348
1222
1223
1240
1260
1324
1346
1370
1403
1537
1570
1604
1634
1681
1827
1879
1924
1969
2010
2037
2066
2098
2287
2334
2383
2439
2622
2660
2706
2749
2789
2940
2986
3021
3056
3095
3140
3176
3204
3303
3307
3299
3283
3188
3171
3161
3152
3109
3099
3086
3073
3061
3003
2981
2958
2940
2925
2907
2891
2871
2753
2708
2655
2601
2388
2343
2296
2245
2202
2023
1956
1889
1817
1749
1689
1626
1566
1345
1293
1245
1201
1051
1023
1000
974
854
829
807
795
795
809
819
837
850
863
876
885
900
1005
1046
1093
1155
1392
1449
1503
1561
1616
1805
1869
1925
1984
2050
2118
2198
2273
2455
2509
2562
2616
2673
2723
2766
2804
2845
2916
2928
2945
2955
2955
2965
2964
2952
2930
2830
2781
2731
2675
2620
2559
2502
2439
2209
2157
2104
2056
1852
1808
1764
1729
1578
1544
1520
1499
1480
1399
1372
1350
1328
1314
1306
1299
1297
1279
1281
1284
1297
1365
1389
1416
1436
1450
1530
1561
1593
1629
1664
1702
1742
1785
1825
1826
1832
1835
1863
1884
1914
1934
2023
2049
2074
2095
2121
2191
2218
2243
2276
2302
2330
2356
2379
2417
2425
2435
2453
2523
2537
2547
2550
2550
2550
2546
2542
2536
2523
2508
2501
2489
2449
2435
2420
2398
2308
2286
2263
2238
2118
2093
2070
2044
2016
1946
1916
1888
1869
1847
1822
1797
1784
1752
1754
1753
1750
1738
1740
1739
1737
1734
1715
1708
1709
1707
1712
1721
1725
1729
1754
1756
1757
1758
1783
1786
1790
1797
1810
1843
1844
1846
1861
1866
1866
1878
1895
1945
1963
1983
2003
2026
2052
2077
2107
2136
2231
2261
2291
2320
2358
2388
2411
2440
2466
2526
2536
2546
2551
2556
2555
2558
2559
2544
2542
2536
2534
2499
2487
2482
2474
2415
2397
2375
2355
2338
2267
2245
2224
2206
2180
2153
2116
2074
1951
1926
1906
1884
1791
1769
1750
1738
1725
1686
1676
1669
1668
1673
1675
1677
1680
1713
1720
1727
1736
1763
1776
1787
1793
1828
1837
1854
1867
1885
1934
1944
1958
1972
1979
2001
2010
2016
2037
2044
2059
2066
2080
2083
2084
2081
2083
2097
2105
2116
2123
2130
2136
2144
2147
2127
2127
2126
2127
2130
2134
2138
2144
2125
2123
2120
2115
2106
2096
2095
2087
2082
2078
2068
2066
2065
2040
2029
2018
2012
1975
1967
1961
1951
1942
1908
1898
1892
1887
1883
1881
1874
1873
1873
1874
1879
1883
1880
1878
1876
1881
1881
1882
1881
1879
1887
1882
1877
1873
1872
1873
1874
1874
1875
1889
1886
1894
1900
1942
1964
1976
1981
1987
2005
2007
2008
2012
2013
2019
2023
2028
2030
2038
2042
2048
2075
2095
2114
2130
2186
2205
2215
2222
2237
2252
2264
2275
2285
2295
2310
2317
2321
2306
2299
2295
2291
2251
2242
2230
2216
2194
2149
2142
2128
2113
2097
2081
2063
2051
1994
1979
1958
1944
1908
1899
1887
1881
1840
1842
1834
1839
1843
1855
1856
1861
1862
1863
1870
1872
1877
1899
1906
1923
1934
1958
1963
1975
1981
2013
2026
2041
2049
2052
2076
2078
2084
2094
2099
2108
2115
2117
2122
2117
2120
2123
2122
2122
2124
2116
2112
2107
2096
2086
2083
2081
2075
2074
2071
2057
2056
2056
2057
2042
2037
2038
2039
2022
2017
2011
2006
2011
1975
1962
1957
1948
1948
1943
1941
1940
1918
1921
1922
1919
1927
1924
1926
1928
1930
1923
1921
1926
1927
1927
1930
1931
1931
1938
1943
1950
1951
1975
1983
1991
2000
2029
2032
2039
2043
2056
2068
2073
2075
2082
2091
2097
2102
2097
2093
2091
2093
2094
2084
2077
2080
2087
2093
2081
2082
2087
2094
2093
2092
2096
2102
2113
2113
2118
2121
2113
2108
2104
2111
2089
2082
2082
2075
2064
2057
2053
2039
2040
2039
2042
2043
2044
2035
2033
2027
2015
1989
1983
1977
1973
1974
1975
1975
1972
1962
1961
1957
1954
1957
1959
1962
1959
1960
1956
1955
1957
1962
1986
1988
1988
1989
1991
2000
2003
2013
2024
2025
2029
2030
2042
2050
2052
2049
2055
2074
2077
2083
2085
2090
2089
2087
2082
2084
2086
2090
2091
2092
2086
2077
2071
2065
2058
2056
2060
2059
2056
2051
2045
2040
2037
2010
2009
2008
2004
1998
1997
1997
1990
1967
1967
1964
1960
1951
1951
1953
1950
1959
1957
1962
1959
1952
1949
1948
1948
1950
1947
1942
1937
1935
1960
1962
1963
1965
1973
1980
1992
1995
2003
2018
2026
2035
2049
2052
2053
2056
2063
2073
2076
2084
2089
2096
2092
2091
2096
2093
2097
2098
2094
2090
2095
2098
2094
2091
2096
2101
2099
2101
2087
2086
2084
2080
2074
2069
2062
2059
2063
2063
2060
2052
2044
2039
2039
2035
2030
2029
2028
2030
2024
2000
1995
1988
1983
1993
1991
1989
1998
1997
1968
1970
1973
1982
1981
1981
1982
1984
1980
1984
1991
1993
1994
2000
2000
1974
1927
1770
1769
1796
1841
1883
1916
1946
1977
2065
2079
2085
2087
2094
2103
2132
2178
2269
2267
2261
2242
2227
2183
2184
2177
2168
2162
2157
2155
2159
2109
2094
2079
2071
2054
2052
2043
2028
2013
1956
1942
1932
1921
1909
1887
1879
1877
1871
1867
1864
1865
1924
1939
1946
1951
1901
1895
1889
1886
1891
1938
1958
1974
1995
2007
2016
2020
2015
2014
2020
2019
2018
2017
2019
2012
2016
2011
1993
2002
2013
2028
2041
2049
2055
2059
2070
2072
2069
2070
2110
2119
2127
2127
2123
2119
2120
2128
2136
2133
2130
2124
2119
2113
2104
2096
2091
2064
2054
2053
2056
2035
2024
2015
2016
2013
1994
1993
1989
1991
1992
1993
1989
1990
1950
1937
1927
1931
1953
1968
1985
2001
2037
2035
2028
2032
2039
2044
2042
2038
2035
2031
2024
2025
2024
1999
1991
1990
1980
1975
1974
1965
1955
1913
1909
1902
1903
1906
1905
1908
1909
1909
1909
1907
1907
1908
1916
1917
1918
1926
1971
1974
1983
1992
1995
2001
1995
1990
1990
1986
1979
1973
1963
1945
1946
1946
1946
1946
1944
1943
1936
1943
1943
1944
1943
1940
1943
1935
1928
1925
1915
1902
1893
1891
1901
1905
1916
1924
1977
1997
2019
2036
2063
2120
2142
2174
2205
2233
2263
2290
2316
2419
2448
2481
2505
2611
2631
2653
2668
2739
2761
2775
2783
2790
2813
2786
2724
2651
2575
2485
2409
2396
2406
2431
2445
2446
2470
2469
2465
2482
2496
2484
2512
2528
2512
2459
2406
2376
2340
2142
2093
2048
2001
1764
1712
1649
1572
1303
1255
1205
1147
1079
815
728
658
612
589
603
657
720
1109
1203
1298
1383
1605
1652
1708
1772
1836
1962
1972
1968
1958
1937
1903
1876
1855
1842
1870
1899
1929
2041
2053
2072
2092
2213
2237
2266
2282
2296
2276
2264
2251
2238
2211
2196
2196
2199
2226
2225
2214
2199
2175
2188
2199
2207
2211
2158
2112
2060
2001
1949
1900
1860
1825
1806
1816
1816
1798
1727
1709
1695
1687
1506
1441
1383
1350
1336
1342
1345
1351
1372
1398
1431
1481
1539
1637
1637
1640
1634
1716
1752
1806
1847
2014
2043
2074
2108
2155
2255
2282
2309
2330
2349
2369
2390
2405
2420
2431
2450
2480
2538
2547
2560
2570
2586
2632
2650
2651
2655
2655
2667
2677
2688
2721
2723
2725
2722
2749
2753
2757
2760
2745
2740
2726
2705
2682
2612
2584
2562
2531
2489
2446
2402
2357
2144
2097
2056
2022
1867
1831
1795
1757
1728
1640
1617
1592
1581
1581
1593
1608
1625
1667
1660
1661
1655
1665
1672
1686
1707
1727
1781
1800
1818
1834
1847
1855
1862
1864
1896
1907
1918
1942
1998
2020
2040
2059
2083
2139
2158
2170
2185
2194
2207
2223
2237
2331
2355
2374
2392
2419
2422
2425
2421
2379
2373
2360
2343
2325
2234
2193
2148
2107
2070
2042
2022
2010
1952
1935
1917
1895
1801
1776
1754
1736
1666
1651
1634
1621
1611
1580
1577
1578
1573
1571
1572
1566
1563
1552
1546
1552
1560
1611
1622
1642
1663
1680
1741
1765
1784
1803
1824
1841
1861
1888
1938
1952
1958
1963
1975
1989
2007
2023
2027
2042
2047
2051
2056
2070
2075
2092
2111
2130
2162
2169
2179
2197
2205
2207
2199
2201
2171
2167
2158
2153
2151
2149
2151
2160
2136
2124
2115
2106
2099
2074
2069
2065
2057
2049
2045
2041
2041
2018
2010
2001
1996
1936
1928
1921
1916
1903
1858
1851
1848
1840
1838
1835
1845
1853
1885
1891
1899
1906
1930
1936
1946
1952
1960
1975
1977
1984
1993
2004
2011
2016
2027
2031
2029
2023
2021
2022
2021
2026
2035
2039
2040
2045
2047
2047
2049
2051
2057
2060
2070
2100
2119
2138
2154
2171
2180
2196
2213
2232
2253
2260
2266
2283
2298
2314
2327
2334
2306
2286
2265
2237
2214
2201
2191
2178
2169
2136
2128
2124
2116
2105
2086
2071
2054
2011
1999
1987
1985
1961
1950
1948
1947
1943
1943
1942
1942
1944
1948
1947
1948
1950
1959
1965
1970
1978
2016
2029
2042
2060
2072
2089
2093
2101
2106
2104
2106
2111
2117
2116
2112
2106
2105
2102
2101
2102
2102
2106
2108
2111
2105
2101
2099
2105
2111
2113
2119
2116
2113
2115
2121
2128
2128
2126
2127
2121
2116
2111
2108
2092
2085
2073
2065
2016
2005
1993
1985
1984
1964
1951
1952
1949
1940
1938
1943
1939
1920
1914
1912
1912
1914
1913
1916
1919
1929
1958
1969
1980
1988
1997
2000
2016
2027
2040
2041
2044
2040
2029
2027
2028
2026
2023
2019
2014
2012
2005
2005
1996
1984
1980
1974
1959
1953
1953
1932
1918
1916
1913
1880
1882
1878
1881
1882
1883
1884
1886
1889
1892
1887
1890
1893
1931
1940
1943
1944
1960
1970
1980
1992
2014
2017
2010
2009
2008
1997
1992
1997
1996
1996
1995
1996
2001
2001
1999
2004
2011
2045
2056
2064
2074
2084
2114
2120
2130
2136
2147
2155
2164
2173
2180
2179
2179
2178
2133
2122
2113
2115
2096
2090
2083
2077
2076
2057
2053
2043
2036
2028
2023
2017
2010
1978
1972
1975
1980
2005
2015
2028
2035
2047
2050
2052
2055
2061
2067
2070
2079
2084
2100
2097
2100
2097
2096
2091
2088
2083
2063
2060
2055
2047
2040
2027
2026
2022
2020
2015
2008
2001
2000
1986
1983
1980
1977
1979
1979
1981
1980
1985
2001
2011
2016
2023
2036
2041
2050
2056
2053
2051
2051
2048
2033
2030
2033
2031
2009
2004
1996
2001
2008
2012
2009
2010
2011
2011
2011
2011
2016
2022
2030
2031
2032
2036
2037
2039
2040
2042
2043
2041
2039
2034
2033
2033
2036
2030
2029
2023
2027
2030
2026
2015
2015
2016
1995
1994
1994
1993
1991
1987
1985
1982
1979
1981
1972
1970
1973
1969
1964
1968
1967
1985
1989
1996
2008
2017
2030
2028
2026
2026
2031
2032
2036
2043
2045
2044
2041
2048
2049
2043
2034
2034
2026
2026
2026
2032
2037
2014
2014
2004
2000
2004
2012
2012
2013
2004
2000
1996
1988
1984
1991
1993
1993
2000
1993
1995
1993
1993
2003
2009
2011
2015
2033
2035
2040
2052
2051
2056
2051
2052
2049
2049
2047
2050
2056
2061
2062
2065
2061
2061
2062
2068
2071
2062
2058
2058
2060
2059
2057
2058
2056
2057
2052
2057
2058
2056
2053
2049
2047
2039
2030
2023
2016
2016
2014
2009
2010
2005
2000
2007
2008
2011
2008
2001
2000
2000
2000
2004
1982
1982
1981
1981
1986
1987
1989
1995
2000
2007
2016
2025
2050
2048
2054
2060
2059
2059
2061
2055
2052
2055
2049
2048
2053
2048
2052
2062
2058
2045
2046
2042
2038
2040
2040
2042
2042
2037
2036
2032
2026
2024
2031
2027
2026
2028
2013
2012
2013
2009
2003
2004
2002
1999
1979
1980
1983
1984
1994
2006
2013
2014
2013
2010
2019
2022
2030
2033
2039
2036
2038
2043
2047
2051
2053
2055
2041
2025
2024
2023
2025
2022
2026
2027
2021
2020
2011
2006
2004
2000
2002
2009
2020
2031
2030
2025
2024
2025
2024
2022
2026
2035
2036
2025
2015
2011
2009
2006
2003
2003
1986
1988
1990
1986
1988
1991
1994
1997
1990
1997
2001
2008
2011
2024
2025
2027
2030
2028
2034
2037
2044
2050
2050
2055
2055
2052
2052
2060
2064
2064
2062
2061
2065
2065
2060
2056
2049
2049
2026
2021
2024
2021
2021
2024
2029
2032
2034
2028
2026
2026
2031
2040
2046
2047
2038
2013
1973
1932
1898
1931
1987
2046
2104
2183
2169
2150
2123
2112
2092
2099
2102
2111
2111
2109
2097
2075
2017
2014
2018
2023
2035
2051
2068
2086
2095
2067
2048
2028
2012
1999
1996
1996
2007
2026
2071
2063
2049
2034
2015
1995
1975
1967
1987
1996
2008
2018
2006
1998
1985
1977
1990
2001
2014
2012
2001
1936
1910
1891
1882
1886
1888
1902
1922
2014
2017
2014
2001
1929
1927
1933
1950
1964
1988
1989
1983
1982
1982
1985
1993
2005
2039
2051
2067
2082
2036
2023
2017
2012
2048
2062
2078
2085
2085
2079
2071
2068
2059
2057
2057
2061
2056
2055
2041
2030
2011
1988
2007
2024
2039
2046
2018
2005
1997
1994
1993
1992
1996
2001
2021
2025
2028
2021
1963
1954
1952
1950
1959
1963
1958
1958
1957
1956
1956
1955
1953
1956
1959
1948
1940
1872
1839
1819
1792
1727
1722
1721
1724
1728
1732
1726
1719
1722
1729
1728
1725
1727
1717
1707
1710
1712
1722
1737
1751
1776
1902
1925
1947
1981
2006
2076
2108
2139
2174
2205
2229
2259
2299
2451
2493
2532
2571
2767
2820
2870
2917
3048
3074
3106
3139
3175
3263
3287
3299
3314
3323
3323
3316
3305
3230
3209
3187
3165
3018
2971
2927
2877
2822
2646
2579
2509
2440
2379
2312
2247
2177
1917
1883
1791
1602
901
689
646
592
839
903
1006
1111
1171
1181
1169
1181
1213
1204
1196
1229
1261
1320
1293
1262
1243
1185
1212
1229
1251
1270
1238
1216
1187
1167
1154
1152
1161
1188
1321
1365
1411
1429
1428
1451
1505
1565
1937
2038
2128
2207
2274
2421
2453
2491
2532
2576
2617
2650
2669
2544
2454
2360
2259
2085
2093
2135
2171
2199
2148
2093
2019
1939
1870
1813
1769
1739
1685
1669
1667
1665
1612
1609
1616
1638
1849
1870
1867
1837
1790
1711
1695
1682
1694
1731
1772
1826
1904
2079
2123
2163
2167
2187
2181
2209
2256
2286
2290
2271
2281
2308
2356
2367
2371
2356
2324
2300
2308
2315
2352
2378
2412
2460
2627
2654
2653
2641
2628
2608
2616
2617
2630
2650
2664
2683
2696
2764
2760
2767
2765
2759
2754
2747
2741
2669
2636
2596
2559
2524
2369
2323
2273
2232
2204
2192
2154
2109
1980
1950
1940
1943
1904
1883
1858
1834
1812
1730
1715
1699
1682
1681
1682
1689
1696
1680
1671
1668
1672
1674
1667
1650
1643
1621
1621
1620
1620
1628
1672
1690
1704
1721
1723
1725
1735
1746
1816
1860
1905
1949
2107
2155
2203
2244
2277
2339
2351
2358
2362
2370
2371
2370
2359
2325
2324
2321
2314
2281
2274
2255
2234
2204
2113
2078
2045
2016
1992
1971
1954
1944
1921
1911
1909
1906
1904
1905
1904
1900
1892
1852
1831
1809
1789
1763
1733
1707
1686
1661
1611
1595
1578
1569
1559
1537
1516
1499
1486
1488
1497
1514
1561
1556
1552
1549
1566
1582
1607
1628
1649
1720
1742
1772
1795
1818
1852
1897
1937
2120
2156
2189
2219
2296
2308
2322
2332
2341
2369
2377
2382
2384
2378
2373
2368
2355
2303
2287
2271
2260
2203
2185
2162
2139
2087
2079
2067
2047
2037
2013
2008
2007
2009
2012
2017
2025
2040
2112
2121
2129
2130
2127
2126
2138
2147
2154
2162
2161
2159
2150
2152
2148
2142
2132
2097
2091
2080
2077
2036
2020
2006
1992
1926
1919
1915
1906
1893
1855
1843
1831
1826
1820
1816
1819
1824
1853
1858
1868
1884
1958
1972
1991
2011
2029
2089
2106
2118
2130
2134
2140
2145
2155
2191
2194
2202
2201
2182
2169
2156
2143
2097
2086
2076
2074
2069
2047
2044
2033
2031
2025
2016
2013
2025
2097
2112
2118
2125
2128
2130
2130
2131
2127
2108
2103
2105
2107
2107
2102
2093
2089
2094
2084
2078
2078
2064
2043
2029
2024
1991
1981
1977
1972
1976
1967
1963
1959
1962
1964
1964
1961
1961
1989
1987
1985
1990
2024
2030
2035
2036
2032
2032
2030
2040
2048
2040
2026
2024
2024
2030
2027
2015
2006
1996
1991
1987
1983
1958
1947
1939
1932
1937
1949
1941
1937
1941
1943
1944
1948
1941
1973
1980
1983
1984
2007
2017
2015
2014
2027
2021
2009
2011
2016
2029
2020
2017
2021
2026
2030
2041
2044
2050
2061
2069
2066
2090
2098
2099
2096
2096
2100
2101
2093
2087
2084
2085
2090
2089
2065
2057
2053
2048
2010
2009
2000
1995
1978
1971
1971
1967
1967
1944
1938
1931
1928
1923
1917
1917
1923
1926
1923
1916
1907
1892
1894
1897
1901
1906
1938
1948
1954
1955
1959
1973
1988
2004
2034
2046
2052
2055
2064
2075
2085
2085
2078
2080
2089
2101
2114
2093
2089
2085
2081
2077
2067
2053
2047
2038
2029
2023
2022
2046
2049
2047
2047
2054
2081
2086
2091
2097
2105
2118
2127
2128
2120
2114
2110
2107
2096
2084
2080
2079
2061
2057
2049
2048
2035
2003
2000
2005
2010
2007
1998
1994
1993
1996
1994
1990
1986
1972
1967
1966
1964
1969
2005
2004
2003
2004
2014
2014
2013
2016
2025
2025
2029
2039
2058
2061
2066
2069
2058
2055
2058
2060
2055
2034
2034
2038
2040
2035
2040
2035
2026
2026
2025
2020
2011
1997
1991
1996
2004
2012
2019
2020
2024
2026
2026
2028
2028
2034
2042
2043
2042
2038
2048
2045
2038
2039
2028
2017
2008
2000
1995
1985
1982
1983
1976
1953
1951
1944
1940
1912
1900
1889
1888
1895
1897
1896
1900
1905
1933
1937
1940
1949
1959
1967
1974
1986
2023
2022
2032
2041
2089
2094
2097
2105
2108
2125
2126
2125
2137
2145
2142
2142
2143
2138
2138
2134
2128
2126
2125
2119
2119
2105
2099
2107
2108
2104
2097
2093
2085
2080
2071
2075
2075
2070
2068
2062
2061
2060
2041
2030
2028
2023
2014
1980
1981
1978
1979
1979
1973
1962
1957
1953
1954
1951
1948
1940
1938
1938
1940
1941
1941
1939
1938
1943
1948
1956
1962
1966
1968
1969
1980
1987
2000
2007
2018
2027
2044
2045
2049
2055
2067
2054
2051
2054
2051
2053
2054
2060
2063
2056
2060
2064
2059
2050
2049
2057
2064
2056
2055
2054
2055
2057
2049
2054
2060
2059
2055
2053
2058
2054
2060
2055
2054
2055
2047
2047
2035
2031
2038
2037
2034
2026
2013
2000
1996
1990
1985
1971
1964
1959
1957
1937
1930
1921
1927
1929
1928
1930
1930
1936
1950
1959
1971
1981
1982
1982
1991
2003
2022
2022
2024
2030
2054
2063
2070
2074
2075
2071
2073
2080
2091
2106
2115
2117
2125
2129
2129
2130
2124
2119
2118
2117
2114
2094
2089
2084
2081
2079
2076
2073
2070
2070
2075
2075
2079
2083
2074
2069
2067
2061
2035
2035
2031
2033
2010
2007
2002
1995
1990
1974
1970
1965
1966
1966
1967
1966
1963
1949
1953
1944
1940
1947
1945
1941
1934
1938
1949
1951
1958
1960
1959
1964
1968
1971
1988
1988
1988
1991
1994
2001
2005
2009
2013
2023
2030
2030
2029
2020
2025
2028
2025
2025
2028
2033
2036
2048
2052
2050
2053
2055
2058
2062
2061
2069
2081
2083
2088
2085
2079
2078
2071
2066
2065
2065
2071
2074
2059
2055
2053
2062
2066
2067
2069
2069
2065
2040
2041
2032
2025
2014
2013
2009
2005
2008
2002
2001
2004
2007
2013
2009
2007
2010
2006
2005
2012
2015
2015
2019
2026
2031
2029
2026
2026
2034
2033
2035
2035
2030
2022
2021
2027
2029
2029
2026
2031
2028
2028
2030
2029
2026
2029
2034
2026
2023
2019
2018
2015
2012
2012
2006
2000
2005
2007
2003
2008
2016
2014
2012
2018
2019
2019
2021
2014
2014
2011
2006
2010
2012
2011
2005
2002
2002
1999
1994
1995
1990
1986
1990
1984
1962
1957
1954
1955
1951
1949
1947
1947
1947
1966
1970
1977
1986
1988
1991
1995
2000
2003
2005
2010
2014
2021
2022
2022
2024
2022
2029
2037
2038
2037
2045
2049
2045
2043
2036
2033
2023
2018
2008
1998
1987
1990
1990
1978
1971
1960
1958
1956
1960
1955
1953
1957
1958
1962
1961
1961
1959
1957
1951
1944
1959
1976
1990
2006
2047
2059
2065
2068
2096
2104
2118
2128
2129
2144
2148
2152
2149
2160
2168
2171
2173
2195
2199
2202
2204
2188
2187
2178
2177
2186
2208
2221
2236
2245
2259
2271
2306
2366
2208
2140
2063
2018
2170
2232
2279
2292
2287
2340
2333
2339
2359
2393
2420
2449
2476
2421
2389
2341
2284
2214
2209
2202
2193
2048
1991
1933
1883
1838
1723
1702
1680
1665
1654
1632
1605
1592
1522
1481
1450
1432
1526
1569
1620
1683
1738
1899
1927
1947
1968
1998
2023
2052
2084
2054
2017