2007
2012
2013
2018
2049
2061
2070
2071
2080
2084
2092
2098
2110
2105
2102
2103
2109
2119
2125
2131
2133
2125
2119
2116
2121
2103
2087
2072
2061
2056
2028
2019
2001
1987
1980
1974
1967
1964
1964
1970
1967
1961
1963
1968
1974
1975
1972
1972
1974
1980
1984
1977
1978
1982
1986
1995
2004
2016
2020
2016
2018
2017
2025
2045
2050
2047
2038
2062
2068
2074
2086
2091
2091
2089
2093
2102
2114
2121
2117
2117
2135
2141
2143
2147
2151
2147
2156
2168
2176
2192
2192
2190
2185
2187
2186
2183
2195
2176
2185
2166
2117
2079
2060
2074
2084
2102
2087
2070
2071
2079
2032
2030
2022
2018
2027
2035
2033
2012
1969
1972
1973
1983
1987
1983
1965
1957
1957
1935
1905
1888
1882
1868
1853
1843
1842
1813
1814
1809
1801
1844
1840
1843
1851
1850
1848
1845
1846
1853
1862
1871
1885
1895
1888
1883
1893
1901
1948
1956
1967
1986
2017
2020
2027
2026
2025
2048
2050
2056
2072
2082
2084
2084
2080
2064
2057
2046
2041
2006
1996
1995
1994
1991
1993
1987
1982
1983
1975
1973
1975
1981
1980
1976
1979
1980
1989
1991
1984
1986
2001
2010
2011
2014
2019
2026
2029
2036
2048
2047
2045
2040
2028
2005
2001
1998
2008
2041
2049
2052
2058
2059
2059
2061
2064
2071
2096
2106
2122
2130
2136
2138
2135
2139
2153
2159
2174
2183
2195
2194
2195
2197
2203
2210
2207
2206
2208
2204
2199
2191
2187
2163
2156
2156
2158
2119
2106
2091
2089
2074
2078
2077
2075
2072
2052
2042
2029
2028
2028
2024
2021
2023
2025
2026
2022
2016
2000
1994
1988
1980
1984
1996
1990
1990
1986
1982
1981
1981
1983
1988
1988
1993
1995
2011
2012
2011
2014
2023
2028
2033
2030
2029
2026
2029
2035
2042
2042
2042
2045
2041
2027
2029
2029
2027
2012
2008
2000
1999
1993
1988
1983
1975
1974
1968
1972
1976
1976
1977
1977
1978
1976
1960
1968
1970
1969
1969
1973
1975
1973
1966
1957
1953
1951
1957
1965
1968
1975
1979
1962
1964
1962
1955
1943
1928
1928
1927
1909
1913
1917
1922
1930
1940
1946
1958
1970
1978
1978
1985
1986
1985
1999
2010
2015
2033
2038
2045
2050
2056
2074
2075
2083
2092
2105
2114
2118
2125
2134
2135
2135
2131
2101
2095
2093
2093
2089
2058
2051
2043
2038
2035
2030
2022
2015
1997
1981
1974
1968
1962
1957
1951
1947
1945
1951
1952
1953
1955
1963
1964
1969
1978
2009
2015
2016
2018
2031
2041
2040
2043
2042
2043
2050
2059
2067
2084
2087
2091
2090
2079
2079
2084
2082
2079
2069
2065
2060
2056
2055
2056
2056
2049
2069
2071
2063
2074
2090
2093
2090
2085
2073
2078
2077
2076
2079
2084
2080
2073
2068
2068
2067
2065
2062
2043
2036
2031
2019
1977
1970
1966
1960
1940
1934
1921
1919
1922
1915
1922
1925
1920
1915
1923
1924
1922
1917
1916
1920
1925
1936
1953
1962
1968
1976
1993
1992
1999
2012
2018
2014
2020
2037
2030
2041
2048
2046
2060
2060
2067
2071
2092
2097
2090
2093
2099
2110
2111
2119
2119
2120
2128
2132
2131
2142
2143
2139
2132
2127
2123
2120
2121
2120
2124
2121
2113
2105
2099
2094
2086
2084
2074
2066
2060
2064
2047
2050
2048
2038
2011
2001
1995
1997
1996
1989
1986
1985
1975
1970
1967
1968
1969
1960
1954
1950
1948
1940
1942
1943
1934
1932
1927
1928
1928
1926
1930
1928
1931
1933
1939
1940
1943
1947
1961
1961
1968
1972
1991
2000
2003
2008
2021
2062
2076
2083
2091
2096
2107
2116
2125
2148
2149
2146
2143
2140
2143
2138
2138
2132
2134
2131
2126
2112
2074
2064
2055
2053
2042
2032
2027
2014
1976
1970
1961
1959
1950
1945
1941
1934
1937
1924
1925
1926
1921
1923
1918
1915
1921
1932
1936
1942
1944
1946
1953
1959
1963
1969
1969
1962
1960
1957
1957
1960
1970
1978
1986
1991
1998
2003
2024
2026
2028
2032
2069
2075
2088
2091
2105
2115
2109
2107
2108
2108
2112
2113
2116
2124
2131
2142
2152
2166
2158
2146
2133
2104
2098
2104
2105
2093
2086
2075
2062
2060
2053
2035
2013
2000
1974
1968
1973
1981
1974
1977
1978
1970
1979
1985
1993
2004
2010
2012
2014
2016
2017
2010
2004
2011
2013
2047
2059
2058
2058
2054
2057
2055
2050
2040
2028
2021
2012
2008
2001
1998
1992
1995
1983
1980
1974
1973
1965
1964
1963
1967
2008
2014
2022
2031
2044
2056
2058
2053
2048
2046
2048
2051
2058
2067
2076
2081
2085
2077
2071
2074
2069
2064
2062
2062
2055
2047
2037
2031
2023
2008
1985
1988
1992
1993
1987
1984
1984
1976
1973
1973
1975
1972
1971
1979
1975
1973
1978
1976
1969
1972
1973
1966
1962
1966
1967
1986
1984
1984
1983
1999
2001
2001
2011
2021
2041
2052
2057
2061
2066
2071
2074
2083
2078
2083
2089
2093
2104
2106
2110
2111
2105
2104
2103
2098
2099
2097
2091
2086
2084
2057
2052
2056
2057
2050
2045
2042
2046
2036
2035
2033
2029
2028
2032
2030
2038
2037
2040
2041
2038
2032
2017
2010
2002
2000
1994
1982
1970
1967
1969
1965
1970
1970
1973
1969
1966
1969
1967
1971
1974
1970
1969
1968
1968
1974
1978
1986
1985
1988
1988
1982
1997
2002
2006
2013
2022
2030
2034
2035
2059
2062
2069
2073
2086
2091
2096
2096
2095
2095
2090
2088
2090
2081
2074
2066
2060
2065
2061
2055
2055
2040
2035
2034
2036
2019
2020
2020
2018
2019
2007
2003
2000
2002
2008
2004
2000
1999
2001
1995
2005
2014
2001
2002
2006
2004
2001
1995
1995
1994
1999
1994
1987
1985
1990
1989
1990
1985
1989
1978
1978
1979
1986
1990
1995
2001
2011
2015
2027
2034
2035
2042
2045
2047
2047
2048
2070
2079
2082
2078
2089
2092
2099
2098
2100
2105
2107
2111
2120
2123
2119
2117
2113
2087
2081
2078
2081
2068
2066
2059
2054
2013
2011
2006
1997
1986
1964
1961
1957
1955
1951
1953
1957
1956
1940
1945
1955
1960
1967
1965
1967
1961
1961
1954
1956
1963
1969
1970
1983
1987
1998
2029
2032
2029
2026
2013
2015
2016
2013
2021
2020
2028
2035
2046
2038
2041
2037
2028
2025
2033
2036
2039
2042
2042
2044
2048
2061
2064
2068
2078
2078
2076
2072
2071
2068
2065
2062
2061
2057
2056
2052
2052
2061
2068
2060
2056
2054
2046
2043
2036
2023
2017
2006
2009
2011
2014
2011
2014
2015
2017
1993
1987
1986
1992
1999
2001
2001
2003
2016
2021
2027
2022
2025
2034
2035
2033
2033
2034
2034
2033
2033
2018
2017
2018
2015
2014
2016
2017
2020
2019
2013
2016
2021
2026
2030
2037
2042
2047
2046
2039
2037
2037
2043
2045
2040
2033
2031
2029
2024
2021
2022
2016
2006
2003
2005
2009
2010
2008
2005
2000
1998
1994
1994
1999
2001
2006
2006
2008
2008
2014
2018
2021
2029
2032
2036
2042
2045
2040
2034
2037
2049
2049
2053
2051
2020
2013
2012
2006
2003
1999
1995
1991
1994
1995
1993
1993
1991
1986
1991
1997
1990
1991
1983
1975
1978
1988
1989
1997
2002
2003
2016
2019
2017
2014
2019
2026
2031
2037
2042
2044
2043
2044
2033
2035
2036
2038
2040
2045
2034
2029
2023
2016
2006
2000
1999
2002
2003
2003
2006
2001
2004
2003
2007
2025
2027
2026
2030
2029
2034
2041
2049
2052
2051
2059
2060
2070
2097
2106
2116
2123
2126
2126
2133
2131
2132
2129
2125
2123
2121
2123
2121
2129
2138
2156
2139
2119
2107
2067
2066
2059
2064
2045
2041
2040
2041
2044
2050
2044
2039
2035
2029
2022
2009
1995
1968
1970
1971
1972
1964
1963
1965
1966
1963
1949
1947
1945
1941
1940
1938
1937
1933
1930
1923
1921
1918
1928
1941
1957
1965
1972
1968
1960
1961
1970
1984
1982
1980
1978
1983
1992
2003
2010
2033
2031
2029
2023
2049
2048
2047
2046
2045
2050
2054
2056
2060
2062
2061
2066
2069
2060
2060
2053
2047
2034
2039
2046
2054
2048
2047
2048
2048
2050
2028
2016
2007
1998
1979
1965
1956
1953
1936
1929
1923
1933
1949
1955
1959
1955
1945
1942
1941
1944
1948
1941
1945
1952
1954
1958
1953
1961
1972
2006
2013
2023
2032
2070
2069
2079
2082
2092
2114
2120
2119
2114
2110
2121
2122
2130
2126
2123
2122
2116
2107
2110
2116
2122
2122
2118
2107
2103
2103
2110
2109
2101
2096
2088
2081
2079
2075
2053
2053
2052
2055
2055
2054
2051
2049
2038
2018
2010
2005
1999
1993
1990
1988
1988
1987
1988
1987
1990
2016
2026
2029
2035
2045
2045
2042
2040
2043
2035
2030
2031
2033
2033
2023
2018
2019
2035
2034
2029
2028
2023
2030
2034
2030
2033
2018
2020
2019
2023
2032
2032
2033
2035
2038
2039
2047
2049
2079
2085
2090
2086
2059
2056
2059
2060
2061
2057
2045
2039
2032
2026
2021
2016
2009
1987
1981
1971
1964
1951
1946
1944
1942
1943
1943
1946
1951
1959
1963
1964
1963
1969
1976
1969
1969
1967
1954
1955
1953
1953
1956
1959
1966
1969
1975
1988
1987
1990
1996
2003
2012
2017
2023
2035
2042
2046
2049
2050
2048
2046
2042
2048
2062
2062
2063
2063
2063
2060
2070
2069
2084
2083
2086
2086
2080
2078
2073
2066
2048
2043
2043
2043
2040
2053
2054
2054
2055
2055
2051
2054
2047
2029
2025
2025
2025
2000
1996
1988
1985
1981
1964
1966
1968
1958
1951
1952
1964
1962
1944
1942
1941
1945
1951
1951
1953
1959
1972
1975
1985
1986
1988
2001
1998
1994
1994
2001
2000
1998
2005
2019
2024
2024
2036
2054
2060
2067
2078
2088
2085
2087
2084
2088
2094
2096
2102
2103
2130
2138
2137
2136
2126
2124
2126
2122
2108
2103
2101
2099
2091
2078
2070
2065
2063
2061
2054
2054
2050
2032
2024
2023
2024
1997
1995
1992
1995
2002
1993
1988
1988
1985
1982
1985
1985
1983
1974
1965
1958
1954
1952
1955
1951
1950
1955
1974
1970
1970
1985
1986
1993
2004
2009
2024
2030
2030
2033
2052
2055
2052
2058
2085
2083
2081
2078
2091
2096
2103
2104
2101
2102
2099
2093
2096
2095
2092
2084
2081
2068
2063
2060
2062
2057
2036
2027
2017
2013
2013
2012
2007
2005
2017
2019
2025
2024
2007
2006
2013
2015
1989
1988
1984
1977
1974
1957
1957
1954
1948
1948
1946
1948
1943
1931
1932
1934
1933
1956
1954
1955
1964
1974
1980
1985
1984
1991
1990
1993
2003
2005
2011
2026
2039
2048
2083
2091
2096
2099
2089
2098
2097
2094
2086
2077
2074
2076
2080
2077
2074
2071
2064
2057
2052
2043
2037
2020
2019
2015
2019
2004
1998
2002
2011
2021
2026
2021
2017
2020
2022
2022
2025
2025
2013
2013
2014
2008
2002
2000
2004
2008
2011
2024
2027
2030
2032
2029
2030
2028
2029
2031
2024
2023
2024
2019
2021
2021
2027
2025
2024
2030
2032
2035
2043
2049
2049
2045
2043
2041
2038
2036
2027
2027
2025
2024
2031
2032
2036
2040
2046
2057
2062
2064
2068
2066
2063
2060
2063
2055
2058
2065
2067
2063
2055
2050
2043
2049
2055
2060
2054
2048
2031
2020
2015
2019
2020
2017
2020
2017
2030
2034
2030
2026
2015
2017
2028
2028
2029
2021
2011
2011
2010
2012
2010
2015
2017
2011
2002
2001
2000
1999
1995
1994
1998
1995
1988
1981
1979
1983
1985
1981
1984
1985
1987
1987
1986
1986
1996
1998
1996
1997
1985
1981
1989
1995
2001
2000
2007
2009
2018
2024
2029
2030
2033
2043
2042
2044
2047
2058
2058
2058
2066
2067
2069
2066
2063
2059
2053
2051
2052
2059
2058
2060
2056
2054
2043
2035
2035
2030
2020
2022
2024
2029
2030
2011
2005
1994
1995
1990
1988
1983
1978
1995
2000
1999
1999
1989
1989
1993
1998
2008
2010
2009
2008
2008
2015
2011
2015
2027
2035
2038
2045
2047
2052
2050
2060
2066
2058
2053
2051
2054
2056
2047
2045
2046
2042
2038
2040
2046
2054
2059
2059
2058
2062
2064
2069
2075
2068
2050
2045
2041
2037
2035
2029
2030
2029
2027
2028
2025
2026
2024
2014
2012
2015
2017
2021
2022
2016
2010
2009
2000
1996
2002
2006
1999
1990
1995
2003
1988
1991
1994
2003
2007
2012
2019
2022
2026
2022
2020
2018
2018
2007
2007
2005
2006
2005
2001
2000
1988
1990
1992
1992
1994
1989
1992
1995
1999
2006
2010
2013
2017
2022
2026
2028
2030
2035
2025
2025
2021
2023
2022
2021
2025
2021
2020
2020
2023
2026
2032
2046
2040
2044
2048
2056
2059
2056
2060
2064
2065
2060
2055
2034
2036
2033
2037
2040
2031
2032
2035
2040
2038
2041
2047
2045
2041
2036
2038
2042
2044
2036
2036
2030
2031
2026
2025
2029
2031
2031
2031
2032
2033
2014
2005
2006
2018
2020
2019
2017
2016
2024
2021
2020
2013
2011
2010
2010
2009
2012
2017
2019
2014
2014
2014
2022
2021
2024
2026
2027
2024
2025
2034
2046
2047
2051
2053
2061
2059
2059
2067
2078
2080
2077
2073
2066
2061
2053
2047
2041
2006
2004
2004
2012
2009
2009
2013
2016
2018
2022
2024
2025
2024
2013
2007
2005
1999
2004
2004
2004
2008
2007
2007
2007
2003
1995
1997
2000
2005
2013
2028
2030
2029
2033
2038
2040
2038
2034
2024
2021
2019
2021
2006
2010
2010
2010
2015
2000
1995
1991
1990
1995
1995
2005
2006
1999
1997
2002
2006
2010
2014
2020
2025
2025
2020
2019
2023
2030
2028
2026
2033
2038
2041
2043
2042
2047
2062
2061
2063
2062
2056
2044
2038
2037
2038
2023
2018
2013
2011
2006
2006
2004
2001
1995
1998
2004
2010
2038
2041
2044
2040
2042
2039
2047
2045
2041
2050
2056
2062
2058
2053
2045
2040
2041
2028
2033
2046
2052
2056
2061
2063
2069
2070
2059
2052
2037
2033
2032
2029
2024
2020
2013
2010
2012
2014
2018
2018
2010
2005
2004
2005
2009
2012
2020
2028
2025
2029
2033
2036
2038
2032
2027
2028
2031
2027
2032
2023
2015
2009
2008
2015
2030
2033
2036
2041
2047
2046
2042
2041
2057
2058
2057
2060
2029
2023
2018
2018
2017
2006
1992
1987
1979
1981
1977
1972
1967
1949
1942
1937
1943
1951
1950
1958
1962
1956
1945
1945
1945
1950
1955
1950
1951
1949
1956
1971
1981
1981
1985
1984
1991
2002
2019
2029
2040
2054
2064
2069
2082
2114
2124
2150
2146
2143
2152
2160
2159
2156
2149
2139
2145
2147
2128
2117
2085
2075
2064
2058
2086
2079
2074
2071
2086
2091
2091
2096
2096
2081
2081
2080
2082
2080
2072
2066
2064
2050
2052
2058
2049
2043
2045
2047
2041
2032
2004
1994
1986
1974
1968
1963
1959
1954
1939
1940
1932
1924
1904
1905
1905
1909
1925
1931
1932
1927
1931
1939
1946
1957
1962
1961
1959
1968
1971
1973
1970
1968
1976
1993
1996
1995
1994
2001
2032
2036
2034
2040
2045
2048
2052
2058
2045
2048
2046
2043
2023
2021
2017
2009
1959
1951
1952
1952
1959
1977
1987
1983
1992
2003
2010
2018
2022
2061
2069
2074
2079
2085
2088
2087
2087
2083
2075
2081
2087
2084
2091
2093
2092
2091
2086
2081
2086
2086
2046
2033
2032
2021
1996
1985
1978
1974
1971
1963
1963
1959
1958
1959
1965
1968
1970
2008
2013
2013
2015
2019
2019
2022
2027
2029
2009
2010
2013
2017
2019
2020
2021
2018
2002
2000
1997
2002
2037
2042
2041
2045
2086
2096
2110
2123
2132
2156
2162
2169
2174
2167
2163
2159
2155
2145
2146
2144
2137
2099
2090
2086
2086
2086
2075
2069
2065
2062
2057
2055
2049
2047
2029
2021
2023
2022
2026
2020
2013
2009
1997
1999
1998
2008
2006
2001
1993
1995
1993
1993
1999
1985
1971
1940
1936
1928
1927
1911
1904
1907
1907
1914
1924
1928
1937
1943
1951
1954
1956
1958
1981
1988
1994
2002
2039
2043
2047
2050
2068
2063
2059
2062
2075
2089
2092
2096
2099
2100
2104
2103
2098
2091
2089
2086
2078
2049
2034
2029
2031
2020
2004
2001
1995
1986
1981
1981
1976
1976
1948
1947
1949
1948
1946
1950
1955
1961
1976
1976
1979
1980
1982
1986
1984
1987
1994
1995
1999
2000
2006
2004
2002
2010
2015
2013
2009
2009
2013
2015
2016
2009
2004
2002
2005
2008
2006
2002
2008
2012
2020
2024
2052
2054
2055
2059
2093
2098
2104
2102
2101
2096
2098
2100
2102
2105
2104
2109
2115
2108
2106
2105
2103
2100
2094
2091
2087
2084
2072
2057
2051
2041
2039
2038
2033
2029
2015
2008
2004
1998
1995
1995
1997
2002
2009
2006
2008
2006
2004
2010
2008
2003
2002
2005
2007
2004
2004
1986
1984
1988
1989
1991
1986
1987
1984
1991
1993
1991
1990
1997
1997
2003
2009
2012
2004
2009
2014
2022
2017
2018
2022
2025
2018
2018
2021
2017
2020
2031
2034
2040
2037
2038
2045
2048
2056
2082
2092
2096
2096
2100
2106
2106
2105
2105
2098
2097
2094
2094
2092
2081
2076
2073
2036
2033
2027
2027
1992
1986
1978
1975
1951
1946
1945
1945
1949
1953
1956
1951
1951
1952
1953
1951
1951
1964
1972
1976
1974
1988
1999
2004
2005
2012
2012
2011
2012
2016
2019
2024
2023
2025
2023
2025
2033
2033
2031
2025
2024
2028
2044
2047
2048
2057
2064
2072
2073
2077
2084
2084
2089
2091
2097
2086
2086
2082
2084
2078
2074
2079
2086
2085
2063
2052
2047
2045
2041
2031
2019
2013
1985
1981
1979
1975
1979
1977
1975
1972
1973
1972
1966
1960
1956
1957
1958
1951
1962
1983
1989
1990
1987
2005
2010
2008
2007
2013
2024
2032
2037
2032
2031
2030
2030
2026
2045
2046
2046
2045
2049
2055
2050
2049
2052
2050
2046
2050
2053
2056
2062
2061
2059
2053
2051
2050
2049
2044
2045
2047
2048
2046
2034
2029
2029
2028
2014
2009
2007
2009
2004
2008
2014
2010
2015
2029
2029
2032
2042
2042
2042
2038
2038
2043
2046
2047
2051
2054
2050
2053
2054
2056
2055
2051
2049
2054
2055
2050
2044
2034
2036
2037
2041
2044
2045
2038
2035
2030
2029
2027
2025
2028
2024
2017
2007
2003
2005
2011
2020
2019
2013
2014
2013
2008
2009
2008
2004
2008
2014
2009
2005
2008
2010
2009
2014
2021
2031
2037
2043
2047
2040
2041
2039
2039
2037
2036
2040
2040
2046
2045
2045
2050
2037
2031
2038
2042
2040
2039
2045
2052
2052
2049
2041
2035
2033
2029
2026
2018
2007
2006
1995
1987
1980
1965
1960
1961
1961
1960
1954
1957
1959
1958
1960
1962
1965
1966
1961
1959
1964
1967
1979
1982
1985
1991
1993
1996
1997
2005
2011
2013
2020
2020
2021
2024
2029
2039
2041
2043
2044
2049
2059
2073
2080
2087
2093
2103
2109
2107
2109
2106
2104
2109
2109
2112
2103
2098
2101
2102
2092
2096
2094
2085
2058
2055
2053
2053
2048
2036
2030
2025
2021
2018
2016
2013
2008
1989
1995
1994
1992
1989
1991
1998
2002
2006
1998
1997
1992
1995
2001
1999
1999
2001
1989
1994
1999
2000
1995
1994
1993
1996
2006
2005
2015
2019
2018
2025
2028
2030
2031
2029
2027
2030
2030
2043
2043
2043
2042
2037
2034
2030
2029
2031
2022
2019
2015
2015
2016
2015
2016
2015
2001
2000
1996
1986
1982
1974
1975
1975
1990
1998
2000
2009
2015
2022
2023
2028
2041
2041
2037
2037
2037
2032
2033
2032
2031
2024
2026
2031
2028
2024
2022
2023
2018
2015
2024
2029
2033
2038
2047
2046
2039
2039
2050
2050
2046
2052
2059
2063
2059
2060
2061
2055
2056
2059
2061
2057
2056
2057
2057
2040
2040
2047
2046
2048
2042
2038
2038
2041
2045
2042
2041
2037
2029
2028
2034
2040
2043
2033
2023
2024
2028
2028
2031
2032
2034
2039
2041
2037
2038
2039
2042
2040
2037
2033
2021
2019
2014
2008
2006
2002
2001
1998
1986
1982
1981
1979
1977
1979
1979
1978
1971
1963
1967
1971
1977
1979
1980
1985
1989
1997
2006
2011
2013
2010
2013
2024
2021
2027
2029
2030
2036
2042
2050
2049
2047
2047
2047
2047
2058
2057
2056
2051
2054
2058
2052
2050
2050
2055
2057
2054
2054
2052
2056
2062
2063
2065
2068
2040
2039
2032
2021
1997
1988
1985
1979
1962
1964
1966
1974
1974
1981
1982
1988
1994
1998
2007
2004
2005
1988
1986
1985
1987
1995
1996
1998
1996
1994
2001
2006
2014
2019
2027
2026
2032
2037
2040
2037
2036
2033
2036
2035
2040
2047
2064
2067
2075
2076
2078
2062
2066
2059
2060
2064
2065
2064
2060
2044
2055
2059
2057
2050
2051
2050
2051
2056
2058
2059
2055
2052
2037
2037
2032
2029
2022
2020
2027
2031
2039
2040
2048
2052
2050
2037
2036
2043
2047
2022
2016
2013
2010
2002
2001
1994
1992
1995
2003
2006
2007
2013
2019
2021
2024
2024
2021
2021
2015
2015
2010
2010
2015
2016
2017
2024
2026
2023
2027
2030
2036
2036
2015
2012
2019
2023
2022
2011
2008
2003
2002
1997
1999
1999
1997
2016
2021
2023
2025
2043
2042
2043
2048
2060
2060
2062
2069
2074
2071
2071
2075
2078
2073
2068
2063
2067
2072
2070
2066
2067
2071
2063
2058
2052
2041
2035
2028
2021
2011
2005
1995
1990
1982
1991
1988
1979
1977
1982
1975
1976
1978
1977
1968
1966
1965
1965
1945
1934
1923
1918
1917
1918
1918
1923
1930
1930
1930
1931
1935
1963
1961
1960
1965
1970
1981
1990
1994
2000
2020
2027
2032
2034
2041
2048
2063
2076
2106
2112
2117
2113
2129
2125
2133
2139
2138
2132
2134
2136
2142
2107
2131
2160
2158
2150
2169
2196
2197
2142
2132
2122
2114
2048
2045
2033
2018
1991
1987
1988
1985
1985
2007
2013
2020
2025
2024
2022
2023
2022
2027
2020
2023
2039
2016
2014
2003
1984
1980
2010
2018
2031
2031
2030
2029
2021
2020
2014
2000
1989
1986
1971
1960
1945
1948
1941
1948
1957
1950
1949
1950
1947
1946
1942
1929
1928
1926
1918
1938
1952
1972
1981
2013
2026
2035
2048
2068
2121
2136
2129
2115
2096
2075
2055
2054
2053
2058
2069
2084
2102
2109
2121
2120
2068
2055
2044
2032
2021
2009
2007
1997
1984
1980
1979
1980
1985
1994
1986
1982
1985
2049
2054
2055
2055
2054
2073
2077
2080
2075
2067
2059
2048
2044
2024
2019
2009
1994
1965
1958
1954
1945
1919
1925
1922
1920
1918
1893
1890
1888
1887
1882
1880
1876
1873
1902
1916
1930
1943
1967
1982
1986
1986
1988
2031
2048
2070
2091
2107
2122
2134
2148
2186
2199
2209
2217
2190
2178
2172
2173
2130
2123
2121
2118
2119
2115
2117
2120
2121
2127
2134
2147
2157
2155
2146
2140
2128
2071
2054
2041
2029
2019
1991
1984
1967
1955
1944
1932
1922
1921
1912
1916
1917
1925
1952
1961
1965
1980
1976
1973
1970
1966
1960
1961
1970
1977
1983
1987
1991
1994
2002
2025
2029
2032
2034
2039
2035
2038
2036
2036
2041
2030
2023
2031
2032
2029
2023
2025
2018
2022
2022
2026
2032
2038
2042
2044
2055
2058
2058
2053
2055
2072
2078
2077
2076
2065
2060
2061
2059
2024
2033
2033
2035
2037
2037
2035
2029
2020
2014
2012
2010
2012
2019
2012
2004
1996
1965
1957
1956
1957
1950
1945
1947
1949
1968
1968
1978
1993
2017
2042
2051
2051
2058
2060
2058
2059
2061
2063
2060
2056
2043
2023
2015
2016
2015
2019
2017
2013
2016
2024
2019
2017
2017
2011
2019
2019
2021
2016
1994
1985
1985
1983
2004
2005
2012
2031
2040
2056
2061
2073
2086
2096
2099
2106
2116
2120
2124
2120
2114
2093
2085
2087
2088
2087
2068
2057
2050
2045
2044
2042
2034
2029
2031
2023
2017
2016
2010
2007
2004
2006
2014
2005
2000
1991
1995
2002
1993
1981
1982
1984
1988
1997
1991
1989
1989
1981
1973
1993
1989
1989
1986
1978
1975
1974
1970
1967
1972
1976
1983
1979
1977
1984
1985
1988
2021
2030
2030
2028
2020
2039
2070
2099
2122
2112
2084
2059
2041
2030
2028
2024
2030
2061
2068
2073
2076
2042
2032
2017
2006
2001
2019
2028
2032
2042
2040
2034
2021
2013
1992
1998
2005
2008
1972
1975
1977
1979
1987
1994
2005
2022
2040
2061
2071
2075
2070
2086
2097
2110
2117
2099
2091
2091
2094
2105
2102
2095
2094
2103
2097
2086
2081
2070
2054
2051
2050
2047
2010
1988
1980
1988
2011
2001
1986
1975
1959
1920
1909
1903
1900
1896
1908
1918
1922
1911
1910
1916
1921
1953
1962
1967
1977
2024
2031
2029
2028
2028
2028
2035
2046
2052
2057
2058
2061
2063
2072
2077
2090
2100
2104
2106
2105
2104
2105
2111
2105
2099
2105
2108
2109
2098
2091
2036
2024
2011
2007
2013
2017
2019
2013
2012
2008
2009
2002
2002
1991
1995
1998
1993
1992
1986
1988
1985
1959
1957
1958
1958
1974
1973
1977
1973
1975
1978
1985
1992
1993
1989
1987
1992
1998
1998
2001
2003
2002
1998
2003
2006
2005
1991
1989
1993
2008
2011
2023
2034
2047
2060
2068
2071
2075
2076
2078
2078
2078
2079
2084
2083
2084
2087
2094
2073
2074
2074
2079
2089
2088
2086
2091
2090
2085
2088
2084
2077
2075
2074
2068
2038
2033
2019
2013
2011
1993
1985
1982
1989
1993
1996
1995
1987
1996
1996
2000
2007
2015
2018
2020
2019
2021
2013
2018
2022
2022
2024
2020
2016
2015
2004
2000
2001
1999
1993
1992
1991
1991
1988
1987
1984
1977
1973
1979
1976
1978
1976
1976
1978
1982
1981
1998
1999
2003
2003
2026
2026
2037
2040
2053
2084
2087
2094
2103
2107
2114
2116
2111
2127
2123
2122
2121
2117
2115
2119
2119
2105
2099
2098
2095
2100
2076
2067
2056
2044
2037
2033
2035
2027
1984
1979
1970
1964
1947
1947
1950
1953
1954
1951
1947
1945
1941
1941
1936
1941
1953
1971
1974
1984
1991
2016
2018
2022
2029
2025
2023
2015
2014
2018
2022
2026
2025
2023
2022
2023
2022
2032
2020
2021
2023
2027
2045
2048
2042
2037
2035
2037
2035
2031
2036
2032
2036
2039
2031
2035
2040
2038
2044
2047
2049
2049
2050
2052
2043
2041
2041
2041
2016
2012
2007
2001
2000
1998
1994
1991
1974
1977
1972
1967
1968
1968
1974
1972
1973
1975
1977
1981
1988
1986
1977
1971
1971
1979
1978
1985
1989
1992
1995
1995
1996
2006
2017
2027
2037
2043
2041
2038
2040
2043
2048
2056
2060
2070
2057
2058
2067
2072
2070
2069
2065
2071
2073
2074
2082
2080
2080
2082
2087
2090
2094
2079
2077
2082
2082
2073
2068
2073
2074
2061
2057
2056
2058
2061
2062
2060
2059
2055
2053
2052
2052
2053
2043
2042
2042
2041
2034
2030
2030
2031
2036
2035
2033
2030
2025
2025
2025
2017
2019
1996
1992
1993
1988
1965
1964
1964
1958
1954
1957
1959
1962
1967
1983
1987
1985
1995
1999
2001
2004
2011
2021
2022
2021
2022
2031
2031
2032
2032
2029
2046
2043
2043
2045
2050
2046
2045
2046
2035
2032
2030
2031
2037
2038
2035
2033
2020
2022
2015
2012
2017
2021
2023
2022
2024
2028
2028
2028
2025
2032
2040
2052
2061
2050
2039
2034
2030
2023
2000
2001
1997
1996
1990
1992
1997
1996
1981
1982
1985
1990
1998
2005
2004
1998
1956
1963
1967
1974
1986
1987
1987
1984
1985
1990
1988
1992
1997
1982
1980
1988
1997
2010
2011
2013
2024
2027
2038
2035
2036
2045
2056
2068
2075
2081
2062
2065
2073
2072
2072
2073
2072
2074
2080
2101
2096
2092
2091
2089
2091
2092
2093
2080
2077
2069
2070
2042
2036
2034
2033
2027
2021
2011
2002
2003
2022
2021
2017
2019
2015
2014
2020
2013
1985
1984
1978
1979
1996
2002
2009
2009
2017
2017
2019
2027
2037
2040
2047
2055
2058
2047
2035
2031
2028
2037
2037
2041
2043
2054
2055
2059
2065
2075
2075
2078
2079
2074
2067
2061
2054
2051
2051
2051
2045
2036
2011
2014
2024
2031
2026
2005
2003
2008
2018
2022
2024
2022
2025
2003
2003
2006
2012
2016
2012
2017
2016
1998
1992
1993
1994
1995
1979
1975
1979
1981
1986
1993
1991
1990
2012
2015
2017
2032
2043
2045
2044
2047
2054
2059
2052
2052
2049
2040
2036
2032
2029
2006
2005
2001
1999
1974
1975
1972
1973
1971
1972
1967
1968
1969
1967
1961
1955
1951
1949
1956
1961
1963
1976
1977
1979
1984
1994
1997
1998
2008
2011
2045
2054
2038
2040
2063
2071
2055
2048
2077
2080
2083
2078
2037
2031
2045
2057
2034
2034
2024
2025
2037
2056
2063
2067
2067
2072
2069
2054
2048
2057
2058
2069
2072
2077
2081
2091
2103
2113
2116
2121
2116
2113
2118
2123
2128
2128
2114
2116
2108
2095
2073
2065
2059
2058
2022
2024
2024
2023
2022
2008
2007
2002
1994
1989
1990
1999
2001
2007
2015
2015
2021
2006
2001
1991
1982
1973
1970
1970
1972
1976
1977
1980
1984
1988
1963
1964
1968
1976
1989
1989
1988
1977
1954
1941
1934
1925
1916
1907
1905
1912
1915
1917
1915
1906
1908
1947
1963
1977
1994
2044
2054
2069
2078
2088
2093
2100
2106
2111
2112
2118
2126
2126
2128
2132
2134
2137
2128
2123
2119
2106
2101
2102
2095
2088
2077
2040
2030
2016
2010
2004
1997
1991
1986
1978
1972
1973
1973
1973
1977
1974
1974
1974
1967
1965
1962
1962
1959
1960
1963
1958
1940
1935
1933
1927
1907
1907
1907
1902
1906
1905
1900
1905
1916
1938
1946
1953
1962
1969
1982
1994
2006
2044
2048
2056
2066
2100
2112
2121
2127
2137
2143
2146
2147
2147
2147
2147
2143
2142
2149
2148
2141
2141
2151
2156
2145
2128
2141
2148
2172
2200
2207
2164
2133
2095
2072
2068
2064
2064
2054
2101
2107
2110
2094
2052
2027
1991
1966
1950
1917
1915
1923
1930
1933
1925
1918
1917
1900
1903
1888
1880
1905
1912
1919
1916
1906
1909
1915
1924
1950
1995
2012
2025
2024
2019
2032
2044
2064
2076
2073
2071
2066
2088
2088
2089
2093
2092
2070
2062
2050
2054
2058
2071
2064
2054
2025
2019
2025
2028
2042
2040
2042
2036
2047
2048
2056
2068
2071
2083
2078
2082
2083
2084
2085
2078
2064
2086
2084
2086
2082
2095
2085
2076
2055
2023
1974
1968
1962
1956
1960
1949
1945
1942
1895
1890
1880
1869
1850
1852
1846
1847
1845
1847
1850
1855
1870
1886
1903
1921
1939
1971
1972
1982
1990
2034
2049
2064
2080
2127
2131
2129
2134
2137
2142
2131
2127
2131
2135
2135
2128
2125
2115
2108
2107
2103
2100
2103
2103
2095
2084
2062
2058
2059
2063
2069
2073
2078
2083
2088
2090
2088
2077
2045
2041
2039
2043
2043
2043
2036
2028
2026
1986
1983
1970
1962
1958
1951
1943
1936
1899
1893
1896
1900
1901
1903
1906
1902
1907
1888
1890
1891
1888
1891
1899
1914
1926
1968
1976
1992
2008
2064
2078
2091
2094
2135
2145
2156
2165
2172
2185
2197
2207
2215
2220
2229
2227
2224
2201
2205
2198
2184
2150
2140
2132
2127
2115
2071
2059
2049
2037
2030
2021
2014
2013
1969
1960
1954
1939
1894
1884
1880
1883
1876
1872
1875
1880
1895
1929
1944
1958
1964
1964
1958
1942
1928
1910
1929
1935
1946
2018
2027
2038
2044
2044
2032
2023
2009
2011
2011
2015
2027
2039
2049
2053
2055
2054
2048
2048
2039
2037
2019
2011
2011
2015
2015
2022
2032
2035
2043
2050
2051
2060
2061
2081
2078
2082
2090
2088
2087
2095
2100
2107
2123
2126
2134
2137
2141
2142
2143
2136
2111
2102
2086
2075
2056
2053
2050
2044
1988
1973
1962
1958
1949
1921
1916
1919
1920
1919
1910
1908
1904
1915
1921
1921
1925
1944
1953
1962
1971
1977
1989
1990
1986
1987
1990
1984
1983
1981
1985
2000
2005
2013
2028
2035
2039
2044
2047
2045
2041
2043
2047
2043
2038
2039
2039
2046
2044
2049
2056
2051
2052
2053
2058
2065
2069
2080
2093
2105
2119
2119
2122
2119
2122
2122
2122
2122
2113
2106
2105
2096
2074
2068
2060
2048
2044
2029
2025
2013
2006
2002
1994
1989
1988
1971
1971
1973
1972
1970
1970
1964
1957
1950
1930
1929
1931
1933
1931
1938
1944
1951
1958
1973
1974
1972
1976
1986
1998
2012
2014
2052
2059
2065
2063
2054
2058
2058
2055
2054
2052
2047
2039
2033
2025
2024
2019
2020
2018
2017
2008
2003
2010
2007
2010
2009
1985
1980
1978
1968
1966
1950
1951
1948
1955
1959
1969
1972
1980
2007
2010
2011
2013
2028
2036
2039
2042
2053
2060
2064
2066
2072
2072
2077
2072
2075
2080
2081
2077
2081
2079
2078
2078
2078
2080
2075
2074
2079
2085
2080
2080
2076
2074
2066
2063
2051
2044
2030
2029
2027
2021
2024
2023
2022
2031
2039
2040
2048
2056
2061
2060
2062
2065
2076
2074
2070
2068
2062
2031
2033
2031
2024
2015
2015
2015
2016
2017
2015
2014
2010
2015
2015
2018
2024
2028
2016
2014
2017
2022
2018
2014
2013
2010
2001
1999
1992
1988
1984
1973
1979
1984
1991
1992
1991
1994
1996
1991
1996
2000
1995
1991
1993
1998
2004
2010
2006
2001
1994
1993
1998
2000
2002
1998
1998
2001
2008
2011
2022
2022
2027
2034
2030
2030
2023
2019
2020
2021
2021
2022
2019
2015
2006
2007
2009
2009
2015
2022
2028
2033
2037
2043
2043
2048
2044
2046
2048
2051
2052
2052
2053
2053
2042
2036
2032
2031
2030
2029
2030
2035
2037
2039
2032
2024
2026
2027
2027
2023
2022
2006
1998
1995
1984
1987
1985
1989
1992
1990
1992
1994
1997
2004
2002
2004
2010
2021
2039
2047
2049
2052
2050
2048
2048
2048
2037
2037
2036
2031
2028
2013
2011
2012
2014
2017
2013
2011
2016
2013
2017
2018
2019
2030
2031
2039
2045
2044
2036
2041
2044
2049
2056
2055
2055
2056
2054
2053
2058
2063
2066
2069
2068
2066
2067
2062
2054
2046
2043
2036
2033
2033
2033
2034
2039
2038
2034
2022
2017
2018
2029
2055
2063
2069
2063
2054
2043
2038
2031
2027
2030
2035
2031
2027
2024
2030
2036
2035
2023
2021
2020
2018
2014
2000
1989
1984
1983
1992
1995
1995
1996
1995
2004
2010
2009
1995
1994
1994
2005
2027
2028
2026
2031
2038
2038
2031
2027
2027
2029
2031
2036
2045
2043
2047
2054
2053
2037
2029
2024
2026
2029
2026
2018
2016
2011
2010
2002
2000
1999
1994
1995
2002
2012
2010
2015
2020
2026
2039
2041
2046
2048
2054
2050
2049
2050
2056
2053
2053
2051
2057
2032
2023
2017
2012
2022
2015
2006
1999
1995
1985
1983
1984
1984
1983
1976
1971
1971
1982
1983
1984
1983
1972
1975
1978
1983
1993
2001
2010
2017
2025
2019
2019
2019
2015
2011
2008
2003
2002
1995
1998
2004
2002
2000
2002
2003
2006
2009
2023
2029
2041
2050
2047
2040
2044
2048
2056
2048
2053
2058
2069
2072
2076
2075
2088
2085
2089
2090
2086
2080
2072
2070
2077
2085
2085
2089
2085
2074
2075
2071
2071
2056
2058
2054
2052
2053
2033
2032
2031
2032
2029
2027
2028
2028
2016
2019
2021
2023
2014
2016
2012
2010
2001
2007
2011
2009
2015
2025
2020
2017
2013
2015
2016
2014
2011
1996
1996
1995
1995
1999
2003
2002
2004
2003
2007
2009
2011
2015
2016
2018
2019
2012
2015
2013
2012
2015
1983
1981
1979
1982
1980
1975
1975
1975
1970
1972
1970
1966
1963
1962
1964
1972
1975
1995
1999
2008
2018
2029
2035
2033
2029
2042
2073
2072
2082
2105
2120
2127
2130
2139
2115
2111
2112
2116
2113
2115
2115
2116
2129
2142
2142
2142
2142
2125
2116
2107
2095
2084
2077
2069
2063
2067
2068
2063
2058
2033
2026
2026
2020
2015
2000
2001
1999
2002
2002
1987
1987
1982
1948
1946
1940
1924
1899
1881
1871
1860
1851
1848
1851
1844
1839
1842
1842
1849
1854
1883
1895
1909
1921
1961
1972
1977
1981
2013
2022
2038
2049
2056
2074
2080
2092
2101
2105
2111
2113
2114
2135
2139
2145
2151
2170
2167
2161
2156
2152
2151
2154
2152
2147
2141
2136