2025
2019
2025
2028
2042
2040
2042
2036
2047
2048
2056
2068
2071
2083
2078
2082
2083
2084
2085
2078
2064
2086
2084
2086
2082
2095
2085
2076
2055
2023
1974
1968
1962
1956
1960
1949
1945
1942
1895
1890
1880
1869
1850
1852
1846
1847
1845
1847
1850
1855
1870
1886
1903
1921
1939
1971
1972
1982
1990
2034
2049
2064
2080
2127
2131
2129
2134
2137
2142
2131
2127
2131
2135
2135
2128
2125
2115
2108
2107
2103
2100
2103
2103
2095
2084
2062
2058
2059
2063
2069
2073
2078
2083
2088
2090
2088
2077
2045
2041
2039
2043
2043
2043
2036
2028
2026
1986
1983
1970
1962
1958
1951
1943
1936
1899
1893
1896
1900
1901
1903
1906
1902
1907
1888
1890
1891
1888
1891
1899
1914
1926
1968
1976
1992
2008
2064
2078
2091
2094
2135
2145
2156
2165
2172
2185
2197
2207
2215
2220
2229
2227
2224
2201
2205
2198
2184
2150
2140
2132
2127
2115
2071
2059
2049
2037
2030
2021
2014
2013
1969
1960
1954
1939
1894
1884
1880
1883
1876
1872
1875
1880
1895
1929
1944
1958
1964
1964
1958
1942
1928
1910
1929
1935
1946
2018
2027
2038
2044
2044
2032
2023
2009
2011
2011
2015
2027
2039
2049
2053
2055
2054
2048
2048
2039
2037
2019
2011
2011
2015
2015
2022
2032
2035
2043
2050
2051
2060
2061
2081
2078
2082
2090
2088
2087
2095
2100
2107
2123
2126
2134
2137
2141
2142
2143
2136
2111
2102
2086
2075
2056
2053
2050
2044
1988
1973
1962
1958
1949
1921
1916
1919
1920
1919
1910
1908
1904
1915
1921
1921
1925
1944
1953
1962
1971
1977
1989
1990
1986
1987
1990
1984
1983
1981
1985
2000
2005
2013
2028
2035
2039
2044
2047
2045
2041
2043
2047
2043
2038
2039
2039
2046
2044
2049
2056
2051
2052
2053
2058
2065
2069
2080
2093
2105
2119
2119
2122
2119
2122
2122
2122
2122
2113
2106
2105
2096
2074
2068
2060
2048
2044
2029
2025
2013
2006
2002
1994
1989
1988
1971
1971
1973
1972
1970
1970
1964
1957
1950
1930
1929
1931
1933
1931
1938
1944
1951
1958
1973
1974
1972
1976
1986
1998
2012
2014
2052
2059
2065
2063
2054
2058
2058
2055
2054
2052
2047
2039
2033
2025
2024
2019
2020
2018
2017
2008
2003
2010
2007
2010
2009
1985
1980
1978
1968
1966
1950
1951
1948
1955
1959
1969
1972
1980
2007
2010
2011
2013
2028
2036
2039
2042
2053
2060
2064
2066
2072
2072
2077
2072
2075
2080
2081
2077
2081
2079
2078
2078
2078
2080
2075
2074
2079
2085
2080
2080
2076
2074
2066
2063
2051
2044
2030
2029
2027
2021
2024
2023
2022
2031
2039
2040
2048
2056
2061
2060
2062
2065
2076
2074
2070
2068
2062
2031
2033
2031
2024
2015
2015
2015
2016
2017
2015
2014
2010
2015
2015
2018
2024
2028
2016
2014
2017
2022
2018
2014
2013
2010
2001
1999
1992
1988
1984
1973
1979
1984
1991
1992
1991
1994
1996
1991
1996
2000
1995
1991
1993
1998
2004
2010
2006
2001
1994
1993
1998
2000
2002
1998
1998
2001
2008
2011
2022
2022
2027
2034
2030
2030
2023
2019
2020
2021
2021
2022
2019
2015
2006
2007
2009
2009
2015
2022
2028
2033
2037
2043
2043
2048
2044
2046
2048
2051
2052
2052
2053
2053
2042
2036
2032
2031
2030
2029
2030
2035
2037
2039
2032
2024
2026
2027
2027
2023
2022
2006
1998
1995
1984
1987
1985
1989
1992
1990
1992
1994
1997
2004
2002
2004
2010
2021
2039
2047
2049
2052
2050
2048
2048
2048
2037
2037
2036
2031
2028
2013
2011
2012
2014
2017
2013
2011
2016
2013
2017
2018
2019
2030
2031
2039
2045
2044
2036
2041
2044
2049
2056
2055
2055
2056
2054
2053
2058
2063
2066
2069
2068
2066
2067
2062
2054
2046
2043
2036
2033
2033
2033
2034
2039
2038
2034
2022
2017
2018
2029
2055
2063
2069
2063
2054
2043
2038
2031
2027
2030
2035
2031
2027
2024
2030
2036
2035
2023
2021
2020
2018
2014
2000
1989
1984
1983
1992
1995
1995
1996
1995
2004
2010
2009
1995
1994
1994
2005
2027
2028
2026
2031
2038
2038
2031
2027
2027
2029
2031
2036
2045
2043
2047
2054
2053
2037
2029
2024
2026
2029
2026
2018
2016
2011
2010
2002
2000
1999
1994
1995
2002
2012
2010
2015
2020
2026
2039
2041
2046
2048
2054
2050
2049
2050
2056
2053
2053
2051
2057
2032
2023
2017
2012
2022
2015
2006
1999
1995
1985
1983
1984
1984
1983
1976
1971
1971
1982
1983
1984
1983
1972
1975
1978
1983
1993
2001
2010
2017
2025
2019
2019
2019
2015
2011
2008
2003
2002
1995
1998
2004
2002
2000
2002
2003
2006
2009
2023
2029
2041
2050
2047
2040
2044
2048
2056
2048
2053
2058
2069
2072
2076
2075
2088
2085
2089
2090
2086
2080
2072
2070
2077
2085
2085
2089
2085
2074
2075
2071
2071
2056
2058
2054
2052
2053
2033
2032
2031
2032
2029
2027
2028
2028
2016
2019
2021
2023
2014
2016
2012
2010
2001
2007
2011
2009
2015
2025
2020
2017
2013
2015
2016
2014
2011
1996
1996
1995
1995
1999
2003
2002
2004
2003
2007
2009
2011
2015
2016
2018
2019
2012
2015
2013
2012
2015
1983
1981
1979
1982
1980
1975
1975
1975
1970
1972
1970
1966
1963
1962
1964
1972
1975
1995
1999
2008
2018
2029
2035
2033
2029
2042
2073
2072
2082
2105
2120
2127
2130
2139
2115
2111
2112
2116
2113
2115
2115
2116
2129
2142
2142
2142
2142
2125
2116
2107
2095
2084
2077
2069
2063
2067
2068
2063
2058
2033
2026
2026
2020
2015
2000
2001
1999
2002
2002
1987
1987
1982
1948
1946
1940
1924
1899
1881
1871
1860
1851
1848
1851
1844
1839
1842
1842
1849
1854
1883
1895
1909
1921
1961
1972
1977
1981
2013
2022
2038
2049
2056
2074
2080
2092
2101
2105
2111
2113
2114
2135
2139
2145
2151
2170
2167
2161
2156
2152
2151
2154
2152
2147
2141
2136
2128
2114
2101
2098
2092
2090
2077
2071
2063
2056
2056
2054
2051
2042
2036
2028
2019
2005
1996
1984
1985
1988
1988
1992
1992
1994
1995
1989
1964
1952
1945
1935
1923
1916
1914
1908
1903
1891
1886
1880
1872
1862
1858
1857
1856
1860
1870
1877
1887
1890
1898
1904
1909
1922
1946
1955
1958
1966
1979
1987
2002
2014
2050
2057
2062
2071
2098
2110
2116
2125
2136
2137
2140
2144
2156
2172
2178
2188
2191
2192
2196
2204
2213
2217
2214
2217
2220
2201
2188
2186
2182
2177
2149
2138
2127
2112
2095
2082
2066
2052
1990
1974
1967
1955
1927
1917
1905
1896
1855
1820
1824
1892
1983
2079
2037
1982
1913
1840
1799
1752
1694
1716
1796
1874
1927
1973
2077
2118
2136
2107
2055
2020
1988
1947
1860
1883
1901
1915
1941
1978
2014
2041
2069
2128
2143
2148
2140
2122
2102
2098
2099
2100
2138
2140
2141
2143
2163
2177
2192
2197
2213
2233
2235
2217
2152
2138
2128
2119
2061
2051
2061
2082
2089
2102
2100
2089
2086
2081
2066
2042
2028
1983
1981
1976
1967
1974
1979
1993
1986
1966
1895
1871
1854
1852
1864
1879
1899
1916
1944
1939
1932
1919
1890
1888
1893
1897
1959
1972
1984
1994
1995
1962
1949
1933
1919
1914
1916
1920
1925
1984
1999
2010
2023
2065
2079
2084
2080
2077
2073
2070
2079
2085
2093
2105
2112
2110
2108
2103
2097
2099
2125
2130
2129
2132
2108
2103
2103
2109
2120
2138
2144
2141
2135
2126
2116
2101
2081
2035
2030
2015
2004
1969
1969
1971
1978
1981
1975
1966
1958
1955
1948
1938
1925
1916
1850
1846
1843
1847
1865
1873
1881
1888
1891
1916
1924
1937
1951
1960
1964
1965
1963
1943
1957
1974
1992
2058
2075
2084
2092
2125
2142
2154
2167
2177
2217
2229
2238
2254
2258
2258
2260
2268
2277
2275
2269
2264
2245
2238
2232
2216
2198
2152
2135
2113
2089
2070
2048
2034
2024
1971
1959
1952
1935
1907
1894
1880
1872
1837
1829
1826
1829
1839
1845
1843
1840
1844
1849
1847
1858
1870
1899
1909
1914
1916
1925
1929
1934
1952
1969
1993
2008
2022
2024
2026
2026
2026
2030
2033
2035
2040
2053
2080
2087
2094
2100
2104
2097
2095
2101
2109
2124
2156
2187
2198
2190
2163
2140
2110
2016
2005
1998
2003
2023
2035
2057
2071
2073
2061
2050
2045
2038
2032
2032
2032
2030
2037
2035
2036
2045
2045
2044
2045
2042
2023
2021
2015
2011
2011
1996
1990
1984
1984
1984
1980
1973
1966
1952
1955
1953
1939
1891
1882
1876
1877
1873
1867
1875
1885
1887
1891
1902
1914
1928
1931
1946
1956
1963
2015
2031
2044
2055
2068
2095
2098
2105
2113
2119
2125
2133
2148
2184
2190
2194
2197
2197
2199
2189
2189
2171
2163
2160
2154
2147
2112
2105
2091
2079
2074
2064
2048
2041
2005
1999
1993
1987
1991
1991
1986
1985
1991
1978
1975
1974
1969
1972
1966
1957
1951
1932
1925
1926
1922
1930
1934
1936
1934
1948
1958
1964
1969
1978
1986
1994
2000
2009
2011
2010
2020
2026
2015
2009
2010
2018
2043
2047
2046
2047
2048
2064
2067
2074
2085
2091
2094
2098
2105
2096
2092
2093
2093
2071
2064
2060
2061
2058
2039
2027
2020
2017
2011
2005
1998
1991
1983
1976
1972
1975
1964
1958
1958
1951
1949
1955
1967
1967
1975
2007
2017
2024
2024
2026
2026
2027
2032
2045
2045
2046
2044
2048
2048
2052
2057
2061
2059
2064
2065
2068
2068
2063
2061
2062
2055
2058
2066
2071
2080
2081
2082
2080
2074
2076
2075
2084
2089
2091
2089
2084
2079
2078
2081
2082
2084
2062
2063
2065
2065
2047
2048
2044
2042
2035
2032
2029
2040
2042
2041
2041
2042
2036
2015
2012
2010
2004
2002
1997
1993
1993
1989
1991
1992
1990
1995
1990
1989
1987
1986
1987
1987
1985
1978
1958
1957
1958
1959
1970
1969
1968
1978
1985
1979
1972
1973
1977
1982
1980
1978
1980
1974
1980
1985
1992
1999
1998
1997
1990
1994
1990
1993
1996
1989
1990
1995
1998
2007
2011
2014
2014
2022
2038
2048
2057
2054
2055
2055
2053
2052
2052
2038
2033
2033
2032
2035
2036
2036
2039
2022
2021
2021
2022
2025
2026
2034
2038
2045
2050
2051
2049
2051
2053
2051
2051
2055
2052
2052
2059
2060
2063
2068
2068
2063
2064
2057
2055
2053
2050
2037
2031
2030
2029
2029
2027
2023
2024
2017
2018
2021
2019
2022
2024
2022
2023
2026
2024
2029
2037
2040
2039
2041
2040
2040
2041
2038
2031
2031
2012
2005
1998
1994
1983
1988
1985
1979
1977
1975
1977
1979
1985
1990
1987
1989
1992
2003
2008
2011
2017
2040
2046
2053
2059
2065
2063
2064
2068
2070
2079
2082
2085
2085
2075
2071
2070
2075
2048
2042
2039
2039
2042
2034
2027
2021
2011
2018
2016
2020
2018
2012
2005
2004
2004
2010
2014
2011
2006
2011
2012
2013
2016
2018
2023
2028
2029
2037
2036
2029
2031
2028
2026
2017
2025
2027
2031
2031
2034
2039
2043
2020
2022
2021
2021
2015
2016
2014
2008
2000
1993
2002
2008
2008
2006
2002
2009
2016
2018
2022
2021
2026
2027
2027
2031
2034
2055
2066
2082
2095
2103
2070
2055
2040
2036
2026
2022
2028
2030
2023
2014
2015
2015
1999
2005
2016
2024
2032
2018
2003
1992
1986
1984
1985
1996
1999
2021
2017
2004
1994
1988
1993
1998
1999
1995
2005
2002
2010
2018
2017
2020
2018
2018
2040
2042
2050
2061
2065
2068
2069
2064
2062
2071
2072
2074
2072
2072
2075
2079
2076
2074
2070
2063
2058
2021
2019
2020
2019
2018
2015
2009
2009
2008
2005
2011
2009
2003
1988
1987
1988
1986
1977
1968
1965
1962
1981
1987
1994
1991
1988
1991
1996
1999
2010
2013
2011
2004
2004
2002
1991
1990
1996
2022
2030
2036
2040
2042
2036
2044
2051
2077
2076
2078
2081
2083
2075
2070
2059
2056
2049
2043
2038
2039
2029
2026
2032
2037
2044
2037
2036
2042
2051
2060
2064
2058
2054
2049
2045
2041
2037
2023
2022
2026
2023
2008
2005
2000
2000
2001
1997
1996
1999
2003
2003
2006
2007
2005
1997
1995
1991
1992
2014
2014
2019
2017
2017
2023
2030
2039
2049
2050
2051
2048
2045
2044
2042
2045
2043
2028
2024
2024
2023
2028
2033
2027
2025
2024
2030
2035
2038
2040
2033
2027
2021
2026
2026
2024
2018
2018
2012
2020
2021
2023
2027
2025
2026
2022
2014
2016
2020
2021
2016
2016
2009
2012
2010
2006
2001
1997
1998
1996
1991
1988
1985
1990
1992
1992
2006
2006
2008
2024
2026
2022
2025
2026
2026
2025
2026
2025
2027
2025
2023
2011
2004
2002
2003
2036
2041
2047
2049
2045
2039
2032
2036
2041
2039
2034
2034
2036
2047
2043
2041
2043
2045
2046
2047
2041
2037
2030
2031
2040
2039
2045
2050
2052
2049
2043
2042
2047
2048
2059
2061
2065
2066
2066
2069
2069
2073
2073
2068
2065
2061
2068
2073
2077
2080
2080
2055
2053
2053
2057
2054
2056
2046
2038
2037
2018
2008
2006
2001
1997
1981
1972
1960
1941
1943
1941
1940
1929
1932
1935
1941
1949
1959
1960
1965
1965
1972
1978
1978
1987
1994
1994
2003
2010
2020
2021
2015
2018
2014
2017
2012
2013
2012
2006
1999
2001
2006
2010
2010
2018
2029
2050
2055
2058
2066
2061
2061
2063
2069
2072
2092
2096
2107
2112
2114
2114
2111
2107
2096
2094
2085
2076
2054
2046
2039
2027
2014
2015
2013
2011
2010
2004
1994
1984
1983
1982
1978
1979
1975
1962
1959
1960
1963
1947
1948
1950
1950
1949
1958
1951
1945
1944
1943
1942
1949
1950
1944
1949
1951
1959
1963
1983
2003
1940
1859
2118
2178
2249
2306
2293
2220
2138
2091
1841
1819
1801
1793
2017
2041
2043
2057
2204
2228
2233
2214
2192
2154
2112
2109
2141
2152
2151
2168
2196
2243
2258
2251
2240
2193
2193
2195
2181
2143
2054
2024
1998
1988
1970
1942
1925
1951
2092
2093
2057
2000
1835
1828
1843
1849
1895
1925
1957
1969
1963
1940
1940
1948
1970
1998
2016
2021
2029
1996
2010
2035
2049
2069
2064
2051
2023
1991
1939
1925
1922
1940
1969
1998
2029
2051
2037
2013
1996
1981
2019
2048
2084
2114
2088
2048
2007
1977
1953
1934
1938
1945
1963
1988
2007
2013
2020
2043
2056
2082
2107
2212
2219
2212
2189
2168
2104
2091
2080
2065
2042
2014
1985
1956
1849
1849
1859
1871
1977
1975
1974
1966
1956
1978
2014
2042
2076
2138
2128
2113
2089
2061
2024
1996
1973
1958
1971
1980
1982
1960
1948
1936
1930
1933
1994
2018
2044
2062
2069
2076
2074
2066
2033
2034
2038
2044
2016
2008
2005
2002
2034
2047
2056
2066
2066
2031
2018
2012
2017
2030
2046
2072
2106
2165
2148
2129
2101
2002
1987
1974
1966
1955
1934
1931
1922
1914
1914
1920
1924
1934
1991
2001
2013
2013
2007
2001
1995
1990
1987
1990
1998
2005
2009
2036
2053
2074
2095
2119
2140
2155
2174
2205
2216
2230
2244
2301
2311
2312
2301
2285
2243
2231
2215
2204
2201
2190
2181
2170
2085
2054
2022
1996
1910
1900
1893
1882
1837
1827
1813
1803
1783
1725
1703
1689
1679
1679
1683
1695
1706
1779
1804
1829
1855
1957
1972
1989
2006
2022
2058
2078
2094
2110
2122
2126
2125
2125
2090
2076
2057
2048
2064
2067
2069
2065
2058
2052
2053
2067
2067
2100
2113
2125
2132
2131
2135
2145
2156
2232
2255
2274
2273
2144
2100
2067
2034
2018
1984
1981
1975
1977
1977
1977
1978
1980
2045
2065
2072
2075
1997
1975
1961
1955
1963
1968
1968
1978
1979
1981
1987
1990
1999
2003
2006
2012
2015
2006
2001
1999
1996
2024
2035
2048
2053
2051
2003
1978
1962
1953
1944
1940
1943
1947
1920
1906
1895
1884
1883
1894
1906
1917
1980
1991
1999
2000
2016
2072
2086
2116
2137
2151
2169
2177
2178
2166
2164
2172
2181
2195
2200
2197
2184
2168
2106
2096
2087
2076
2073
2067
2063
2053
1951
1916
1885
1861
1803
1798
1799
1801
1798
1805
1815
1821
1841
1908
1928
1952
1979
1996
2007
2014
2013
2010
2015
2017
2028
2032
2021
2011
2003
2003
2033
2042
2057
2070
2076
2078
2082
2090
2107
2115
2134
2159
2179
2178
2173
2164
2112
2104
2096
2093
2090
2093
2094
2089
2091
2093
2097
2104
2112
2166
2174
2185
2188
2175
2163
2156
2146
2139
2088
2070
2053
2032
2015
1993
1961
1948
1899
1888
1879
1882
1879
1885
1895
1905
1964
1972
1979
1985
1992
1979
1973
1970
1976
1980
1982
1979
1976
1979
1979
1974
1969
1967
1974
1988
1993
1999
2032
2041
2048
2056
2059
2063
2065
2068
2075
2075
2074
2079
2068
2071
2076
2082
2089
2092
2094
2096
2106
2125
2124
2121
2126
2122
2120
2118
2114
2080
2072
2066
2068
2034
2030
2024
2017
2006
1977
1973
1966
1963
1964
1966
1963
1965
1960
1956
1960
1965
1956
1957
1955
1954
1958
1961
1965
1971
1976
1984
1982
1991
1998
2008
2014
2014
2021
2020
2017
2018
2016
1998
1989
1980
1975
1970
1954
1953
1956
1955
1959
1959
1965
1968
1975
1983
1990
1996
2029
2042
2055
2069
2093
2102
2109
2110
2107
2108
2106
2107
2111
2109
2112
2112
2110
2082
2073
2058
2059
2048
2046
2047
2042
2035
2006
2001
1995
1995
1994
1989
1989
1981
1961
1955
1950
1949
1976
1980
1980
1978
2007
2012
2020
2021
2027
2044
2045
2052
2058
2065
2064
2066
2067
2066
2062
2055
2050
2022
2018
2016
2013
2002
2000
1998
1992
1992
1985
1983
1980
1972
1974
1979
1978
1979
2004
2005
2009
2022
2048
2054
2061
2076
2082
2079
2089
2092
2095
2097
2102
2104
2104
2088
2083
2084
2079
2063
2050
2039
2034
2020
2012
2009
1998
2002
1999
1995
1981
1977
1967
1959
1963
1962
1971
1972
1975
1973
1991
1993
1995
2008
2017
2043
2050
2054
2061
2067
2073
2073
2074
2066
2063
2068
2075
2062
2057
2058
2062
2063
2055
2047
2037
2031
2032
2032
2028
2029
2017
2013
2008
2006
2007
2013
2010
2014
2016
2011
2005
2006
2009
2004
2007
2010
2009
2006
2004
2002
2002
2003
2003
1999
2003
2007
2013
2022
2018
2013
2008
2013
2027
2040
2052
2096
2093
2088
2079
2074
2061
2060
2062
2050
2048
2041
2037
2048
2046
2044
2040
2018
2008
2001
2004
1998
1985
1977
1975
1980
1983
1981
1982
1993
1999
1997
1993
1988
2002
2000
2006
2013
2015
2014
2014
2019
2024
2027
2021
2019
2025
2020
2012
2012
2012
2011
2013
2017
2019
2030
2042
2050
2057
2062
2065
2067
2062
2060
2064
2057
2059
2055
2049
2046
2046
2047
2046
2039
2035
2027
2025
2020
2020
2020
2019
2010
1993
1988
1992
1997
1997
1991
1992
1991
2005
2009
2012
2010
2011
2010
2008
2014
2019
2023
2037
2039
2041
2038
2038
2037
2039
2033
2014
2003
1991
1989
1979
1981
1987
1990
1982
1981
1986
1992
1989
1994
1997
2002
2021
2028
2038
2042
2040
2043
2040
2041
2040
2039
2043
2044
2053
2057
2058
2063
2069
2079
2085
2084
2075
2068
2068
2069
2067
2064
2060
2052
2063
2065
2058
2052
2050
2056
2047
2042
2038
2040
2038
2025
2022
2020
2015
2011
2007
2012
2012
2031
2031
2030
2032
2028
2027
2026
2028
2030
2033
2025
2024
2029
2038
2041
2042
2046
2046
2051
2052
2053
2050
2045
2045
2043
2034
2027
2029
2032
2031
2013
2013
2010
2003
1970
1959
1954
1948
1942
1925
1919
1915
1915
1911
1905
1909
1911
1906
1910
1913
1919
1952
1953
1955
1956
1962
1975
1976
1979
1987
1993
2004
2018
2026
2035
2030
2028
2038
2100
2121
2135
2134
2142
2152
2159
2164
2179
2193
2185
2180
2194
2211
2219
2217
2220
2212
2209
2208
2203
2174
2169
2164
2158
2152
2130
2120
2115
2111
2102
2090
2080
2062
2028
2016
2004
2000
1948
1936
1935
1930
1902
1899
1900
1893
1885
1875
1867
1852
1837
1832
1828
1822
1820
1796
1794
1795
1792
1803
1804
1801
1801
1803
1815
1821
1827
1832
1838
1852
1873
1892
1937
1955
1973
1989
2042
2052
2067
2078
2102
2113
2117
2130
2148
2181
2191
2205
2218
2226
2230
2239
2246
2281
2285
2292
2294
2311
2304
2300
2296
2281
2273
2274
2276
2273
2262
2252
2242
2229
2182
2169
2159
2143
2120
2099
2078
2060
2049
2013
1998
1979
1963
1943
1925
1903
1888
1869
1811
1797
1786
1770
1756
1735
1725
1716
1685
1678
1678
1677
1666
1661
1662
1664
1672
1702
1710
1718
1727
1739
1751
1764
1782
1839
1856
1874
1903
1932
1959
1982
1997
2015
2084
2104
2121
2140
2160
2176
2195
2217
2239
2289
2306
2320
2332
2343
2353
2367
2374
2387
2391
2404
2413
2415
2411
2404
2400
2374
2356
2338
2325
2314
2268
2249
2229
2216
2198
2183
2171
2150
2071
2053
2033
2014
1920
1896
1877
1849
1829
1774
1760
1741
1733
1717
1701
1694
1688
1661
1659
1659
1664
1678
1690
1705
1715
1759
1772
1787
1802
1815
1865
1883
1897
1915
1932
1945
1961
1980
2023
2042
2063
2090
2146
2154
2161
2166
2162
2170
2177
2178
2186
2197
2207
2224
2238
2274
2274
2280
2291
2313
2306
2298
2297
2274
2270
2273
2264
2258
2228
2213
2204
2192
2176
2161
2148
2132
2066
2047
2031
2017
1953
1938
1923
1916
1906
1871
1863
1853
1844
1833
1821
1813
1805
1771
1764
1753
1740
1734
1735
1736
1735
1725
1723
1728
1733
1737
1758
1766
1780
1796
1810
1823
1845
1862
1927
1947
1967
1988
2060
2079
2100
2124
2148
2216
2239
2263
2287
2309
2322
2329
2337
2376
2394
2414
2421
2394
2371
2348
2319
2223
2211
2204
2202
2199
2172
2151
2129
2104
2076
2049
2032
2020
1979
1966
1945
1925
1847
1836
1824
1822
1796
1790
1789
1782
1776
1751
1748
1741
1743
1736
1721
1705
1682
1580
1557
1525
1495
1428
1426
1422
1432
1447
1522
1580
1650
1733
1835
1941
2065
2187
2706
2830
2949
3063
3464
3556
3637
3702
3856
3859
3844
3821
3776
3549
3445
3328
3195
3061
2915
2755
2590
1882
1715
1550
1386
774
631
500
386
292
145
144
145
145
144
148
158
166
269
329
412
516
1027
1160
1294
1428
1929
2041
2155
2261
2366
2643
2715
2775
2824
2867
2901
2926
2950
3015
3021
3023
3019
2949
2927
2901
2878
2849
2734
2692
2642
2588
2522
2453
2383
2312
2048
1986
1937
1891
1743
1731
1727
1741
1913
1975
2037
2107
2186
2350
2391
2435
2501
2571
2632
2677
2714
2536
2448
2343
2235
1815
1724
1648
1580
1511
1350
1309
1282
1260
1251
1253
1265
1285
1426
1451
1474
1494
1618
1664
1714
1768
1901
1906
1903
1891
1880
1875
1886
1906
1927
1953
1971
1989
1998
1966
1975
2002
2041
2189
2203
2209
2209
2200
2176
2183
2192
2214
2247
2281
2315
2342
2377
2380
2386
2398
2498
2526
2543
2563
2581
2572
2556
2530
2503
2420
2383
2339
2287
2224
2150
2075
2002
1777
1738
1718
1712
1717
1722
1722
1721
1723
1714
1728
1744
1752
1756
1748
1729
1694
1497
1450
1406
1377
1360
1374
1393
1413
1502
1534
1572
1613
1656
1791
1852
1890
1926
1952
1972
1998
2020
2139
2167
2194
2227
2365
2402
2445
2491
2688
2741
2799
2851
2891
2970
2998
3019
3030
3035
3031
3017
2991
2789
2723
2653
2579
2301
2238
2181
2120
2060
1878
1817
1758
1706
1663
1627
1597
1569
1445
1412
1380
1348
1282
1265
1260
1262
1269
1275
1291
1311
1338
1449
1501
1557
1611
1665
1730
1796
1859
2118
2178
2233
2288
2432
2455
2470
2478
2468
2424
2412
2399
2389
2379
2361
2345
2319
2216
2194
2186
2181
2144
2138
2133
2126
2088
2082
2073
2069
2067
2067
2070
2073
2083
2099
2116
2136
2155
2234
2256
2274
2288
2347
2350
2351
2348
2340
2259
2222
2174
2126
2071
2020
1964
1905
1692
1641
1600
1571
1512
1507
1504
1512
1524
1575
1604
1627
1649
1678
1718
1747
1780
1878
1907
1930
1951
1967
1978
2002
2017
2033
2073
2085
2098
2106
2118
2127
2133
2136
2139
2136
2128
2113
2099
2084
2069
2054
2040
1991
1976
1964
1958
1905
1895
1892
1892
1905
1919
1929
1945
1964
2025
2046
2063
2090
2117
2144
2164
2190
2256
2265
2276
2288
2320
2323
2317
2314
2302
2263
2251
2231
2224
2213
2201
2188
2176
2134
2117
2099
2075
2008
1992
1972
1957
1874
1849
1825
1807
1792
1755
1750
1747
1742
1742
1747
1757
1769
1840
1859
1881
1909
2002
2028
2054
2074
2089
2115
2127
2134
2144
2147
2155
2169
2168
2170
2164
2164
2167
2169
2171
2173
2180
2184
2184
2173
2158
2140
2133
2116
2099
2094
2088
2059
2049
2037
2026
2023
2018
2016
2012
2006
2006
2006
2003
2021
2022
2023
2019
1996
1985
1974
1963
1950
1913
1903
1898
1893
1884
1884
1880
1881
1881
1887
1896
1895
1932
1935
1938
1945
1962
2008
2013
2026
2043
2059
2068
2075
2082
2115
2122
2129
2136
2149
2148
2147
2144
2123
2119
2113
2101
2087
2056
2048
2040
2032
2017
2000
1982
1970
1937
1935
1933
1933
1918
1919
1928
1934
1940
1959
1973
1981
1990
2006
2017
2025
2035
2064
2061
2061
2061
2056
2054
2053
2047
2008
2002
2007
2006
2006
2000
1995
1996
2003
2007
2012
2016
2022
2054
2064
2068
2081
2091
2104
2109
2114
2120
2131
2138
2140
2141
2152
2153
2156
2153
2144
2144
2143
2141
2140
2115
2102
2088
2079
2064
2039
2025
2008
1942
1925
1916
1901
1888
1851
1841
1839
1841
1842
1848
1853
1858
1885
1899
1921
1942
1982
1985
1975
1973
2060
2088
2115
2135
2143
2141
2132
2133
2130
2126
2122
2120
2116
2129
2137
2146
2142
2132
2087
2075
2069
2069
2071
2056
2043
2027
1994
1982
1971
1969
1962
1951
1952
1953
1947
1941
1938
1933
1922
1910
1901
1898
1908
1958
1976
1997
2013
2026
2061
2058
2056
2056
2055
2051
2057
2059
2067
2059
2054
2048
2006
1995
1979
1979
1981
1999
1998
1995
1993
1989
1982
1975
1969
1958
1964
1970
1981
2018
2026
2034
2036
2084
2099
2120
2136
2147
2149
2145
2136
2133
2132
2130
2132
2135
2117
2123
2123
2118
2100
2096
2089
2080
2069
2020
2003
1991
1981
1964
1958
1954
1953
1957
1965
1969
1978
1985
1990
1992
1990
1997
2003
2001
2006
2009
2014
2025
2036
2038
2041
2043
2037
2030
2022
2012
1997
1980
1958
1921
1911
1909
1912
1896
1895
1891
1890
1922
1929
1930
1941
1957
1994
2002
2017
2026
2038
2051
2068
2077
2135
2142
2152
2162
2185
2194
2197
2201
2192
2177
2165
2162
2157
2128
2119
2104
2093
2083
2078
2063
2050
1974
1959
1953
1945
1933
1934
1928
1925
1925
1925
1925
1927
1925
1930
1934
1948
1965
2004
2015
2016
2022
2013
2014
2017
2017
1994
1992
1986
1981
1975
1954
1946
1943
1937
1932
1933
1938
1944
1957
1955
1963
1965
1981
1991
1997
2001
2032
2034
2040
2053
2065
2095
2107
2118
2134
2147
2148
2149
2151
2170
2183
2186
2187
2185
2187
2184
2181
2184
2177
2171
2167
2168
2163
2159
2151
2144
2100
2082
2068
2056
2019
2007
2000
2000
1958
1951
1946
1938
1931
1906
1901
1904
1904
1895
1896
1895
1897
1894
1893
1897
1898
1906
1910
1912
1914
1931
1931
1929
1929
1931
1962
1964
1969
1978
1978
1984
1988
1996
2003
2004
2006
2008
2000
2006
2012
2018
2027
2051
2061
2070
2075
2079
2079
2085
2091
2116
2118
2124
2139
2151
2145
2137
2131
2120
2121
2119
2118
2114
2090
2082
2071
2062
2051
2045
2035
2032
2006
1998
1996
1988
1960
1960
1956
1952
1938
1930
1934
1933
1932
1935
1934
1935
1942
1951
1960
1968
1977
1991
1998
2008
2016
2027
2031
2034
2034
2035
2022
2015
2018
2022
2028
2028
2032
2037
2031
2029
2031
2032
2032
2039
2046
2044
2048
2065
2066
2071
2087
2099
2112
2118
2116
2116
2101
2102
2097
2089
2087
2089
2098
2095
2074
2067
2067
2065
2041
2041
2042
2049
2061
2060
2066
2072
2080
2083
2081
2082
2094
2095
2091
2083
2078
2053
2043
2031
2016
1987
1983
1976
1978
1980
1967
1967
1965
1960
1955
1951
1948
1948
1928
1926
1929
1928
1916
1918
1924
1934
1959
1962
1970
1970
1976
1992
1998
2005
2013
2020
2035
2043
2052
2058
2058
2060
2062
2068
2068
2071
2072
2073
2076
2072
2069
2060
2071
2076
2083
2087
2090
2092
2090
2096
2057
2049
2042
2027
1985
1919
1854
1975
2172
1945
1885
1849
1791
1762
1789
1772
1706
2069
2035
2001
1979
1903
1902
1892
1923
1991
2011
2017
2017
2031
2023
2085
2112
2106
2127
2173
2210
2245
2246
2242
2254
2272
2217
2203
2180
2160
2158
2095
2083
2061
2028
1995
1987
1985
1954
1853
1838
1824
1818
1793
1792
1766
1743
1742
1771
1806
1836
1854
1857
1859
1866
1880
1885
1889
1897
1922
2065
2071
2083
2083
2058
2097
2140
2184
2284
2294
2307
2318
2328
2381
2378
2386
2422
2481
2553
2625
2698
2774
2760
2738
2713
2607
2587
2569
2535
2500
2372
2307
2257
2204
2145
2087
2052
2031
1908
1869
1820
1769
1542
1492
1444
1403
1280
1242
1192
1142
1094
1027
1032
1059
1095
1123
1142
1152
1161
1232
1273
1333
1398
1678
1738
1793
1837
1967
2005
2050
2098
2152
2294
2325
2357
2381
2395
2407
2431
2451
2519
2565
2595
2627
2663
2601
2536
2475
2420
2344
2332
2338
2361
2386
2397
2389
2361
2182
2161
2140
2123
2083
2071
2057
2051
2060
2084
2117
2152
2192
2300
2330
2354
2372
2381
2392
2400
2408
2368
2350
2323
2298
2197
2180
2165
2160
2151
2148
2129
2111
2088
1997
1973
1953
1931
1911
1894
1872
1850
1758
1745
1737
1736
1709
1692
1677
1655
1640
1593
1599
1604
1622
1645
1657
1663
1673
1667
1683
1716
1746
1858
1865
1867
1874
1879
1888
1893
1905
1929
2068
2119
2162
2200
2214
2213
2199
2175
2013
1968
1938
1898
1752
1720
1684
1649
1617
1580
1594
1613
1640
1676
1714
1754
1801
1940
1975
2012
2059
2236
2262
2279
2276
2227
2223
2222
2223
2220
2175
2147
2112
2081
2052
2025
2010
2003
2033
2044
2057
2076
2085
2074
2072
2068
2067
2067
2063
2061
2063
2048
2029
2010
1994
1939
1933
1926
1931
1935
1952
1971
1982
2008
2078
2112
2146
2183
2230
2280
2328
2370
2402
2487
2498
2501
2500
2492
2487
2479
2461
2354
2321
2290
2257
2147
2129
2113
2102
2066
2056
2045
2031
2021
1978
1976
1972
1963
1952
1944
1932
1919
1875
1875
1873
1869
1876
1884
1895
1908
1919
1948
1960
1974
1991
1999
2005
2012
2024
2063
2086
2108
2134
2156
2177
2185
2200
2207
2214
2216
2216
2211
2212
2211
2215
2221
2229
2214
2204
2190
2175
2158
2138
2119
2099
2002
1980
1950
1925
1818
1799
1774
1760
1750
1750
1752
1762
1778
1791
1800
1822
1842
1896
1915
1932
1952
1967
1980
1988
1991
1993
1999
2004
2001
2006
2007
2005
2003
2006
2012
1994
1987
1989
1986
1982
1979
1988
1997
2050
2062
2070
2081
2071
2069
2072
2066
2063
2039
2029
2014
1999
1974
1956
1937
1915
1877
1869
1859
1852
1845
1846
1847
1850
1848
1865
1875
1881
1889
1894
1906
1913
1920
1926
1934
1934
1931
1926
1923
1913
1901
1896
1879
1877
1873
1871
1876
1878
1886
1896
1918
1961
1972
1978
1990
1995
2004
2011
2026
2043
2078
2083
2085
2096
2106
2120
2131
2139
2159
2164
2169
2176
2207
2212
2212
2213
2232
2236
2241
2240
2247
2231
2221
2220
2209
2204
2204
2205
2198
2161
2153
2150
2152
2106
2100
2087
2078
2069
2046
2031
2018
2014
2007
1991
1984
1975
1949
1943
1942
1938
1936
1934
1937
1943
1964
1970
1979
1986
1994
2018
2021
2034
2043
2054
2055
2053
2051
2031
2028
2024
2015
1970
1955
1945
1930
1919
1917
1914
1911
1917
1915
1918
1919
1926
1934
1937
1938
1947
1964
1966
1973
1983
1992
2000
2008
2011
2018
2049
2060
2070
2082
2083
2091
2103
2113
2153
2157
2162
2166
2177
2184
2183
2180
2175
2163
2155
2145
2141
2126
2118
2109
2100
2071
2062
2061
2056
2025
2022
2021
2023
2010
2012
2014
2014
2016
2007
1997
1990
1995
1994
1993
1993
1991
1987
1987
1987
1994
1995
2004
2003
2010
2007
2011
2012
2018
2013
1999
1999
2003
2005
2006
2011
2006
2005
1997
2003
2003
2006
2013
2014
2009
2009
2010
2011
2017
2018
2019
2016
2011
2011
2007
1999
2001
2016
2022
2025
2027
2030
2029
2021
2013
2002
1996
1991
1976
1969
1960
1960
1956
1947
1946
1937
1918
1921
1918
1918
1944
1950
1958
1968
1976
2006
2018
2024
2035
2048
2056
2059
2065
2081
2086
2084
2082
2076
2077
2082
2079
2072
2071
2078
2082
2074
2069
2073
2079
2079
2078
2076
2076
2075
2070
2067
2066
2063
2053
2026
2018
2017
2012
2008
2000
1995
1986
1978
1961
1963
1959
1954
1953
1954
1954
1955
1968
1965
1967
1972
1989
1987
1992
2004
2019
2022
2023
2023
2028
2031
2034
2038
2040
2044
2048
2056
2063
2065
2068
2071
2072
2088
2089
2095
2098
2092
2084
2079
2077
2080
2088
2092
2089
2087
2084
2086
2089
2086
2091
2090
2085
2079
2071
2061
2064
2063
2058
2040
2035
2031
2027
2026
2026
2028
2026
2021
2018
2019
2022
2013
2017
2021
2022
2023
2016
2012
2011
2012
2016
2016
2014
2012
2002
2000
1996
1999
1995
1994
1994
1989
2001
2006
2006
2006
2009
1998
1993
1991
2001
2006
2011
2016
2028
2020
2016
2011
2005
1997
1997
1996
1993
1993
1988
1983
1984
1980
1979
1985
1984
1988
1992
1989
1989
1989
1988
1988
1987
1986
1984
1972
1976
1985
1983
1978
1974
1975
1976
1962
1958
1962
1966
1979
1989
1998
2002
2017
2024
2030
2031
2039
2045
2045
2053
2057
2064
2069
2080
2084
2103
2111
2119
2129
2124
2125
2130
2130
2131
2120
2117
2113
2107
2102
2099
2091
2086
2071
2066
2065
2069
2067
2061
2057
2052
2036
2035
2036
2031
2026
2009
2004
2006
2007
2005
2004
2002
2000
2007
2008
2005
2005
2014
2010
2008
2011
2012
2024
2024
2017
2013
2014
2012
2016
2011
2006
2010
2007
2004
2018
2022
2019
2017
2004
2003
2001
1997
1994
1986
1985
1986
1985
1978
1978
1981
1980
1993
2000
2006
1998
2009
2010
2016
2018
2019
2031
2036
2039
2042
2048
2051
2056
2058
2050
2052
2059
2059
2032
2027
2029
2025
2023
2020
2021
2019
2017
2015
2017
2015
2013
2005
2002
2003
2000
2004
2007
2005
2009
2008
2017
2017
2014
2014
2007
2005
2002
1999
2000
1986
1984
1989
1991
1996
1996
2007
2010
2009
2010
2012
2014
2009
2016
2018
2013
2014
2012
2008
2013
2009
1994
1996
1999
2006
2010
2015
2016
2020
2034
2042
2053
2056
2070
2074
2080
2091
2101
2096
2090
2088
2084
2080
2081
2084
2090
2098
2098
2091
2089
2102
2102
2103
2101
2085
2082
2079
2078
2075
2054
2047
2044
2039
2038
2030
2022
2024
2005
1997
1996
1997
1978
1971
1971
1991
2011
1950
1934
1922
1908
1903
1905
1920
1934
1997
2005
2017
2031
2027
2024
2008
2002
2029
2043
2064
2070
2064
2093
2100
2103
2105
2104
2102
2106
2120
2120
2115
2101
2088
2027
2022
2013
2006
2007
2011
2008
2006
2011
2013
2006
2004
1998
1967
1959
1964
1969
1981
1983
1984
1985
1985
1986
1987
1988
1986
1987
1988
1985
1984
1984
1983
1989
1996
1999
2053
2176
2222
1838
1797
1774
1794
1821
1879
1927
1982
2007
1990
2001
2048
2043
1904
1880
1830
1822
1875
1926
1952
1969
2014
2039
2011
2038
2097
2119
2101
2098