2061
2063
2063
2066
2065
2064
2060
2056
2058
2062
2057
2054
2053
2057
2059
2055
2047
2044
2048
2049
2055
2062
2057
2050
2048
2047
2043
2040
2040
2031
2030
2027
2024
2016
2011
2009
2004
1989
1985
1982
1979
1968
1961
1959
1957
1962
1958
1953
1953
1954
1958
1959
1958
1957
1953
1953
1960
1964
1967
1977
1971
1962
1957
1961
1969
1974
1982
1994
2000
2006
2014
2019
2023
2029
2035
2062
2070
2078
2086
2085
2082
2080
2082
2080
2068
2073
2072
2070
2069
2070
2070
2067
2052
2049
2049
2042
2032
2028
2024
2030
2013
2012
2015
2014
2022
2022
2016
2008
2004
1992
1979
1972
1970
1983
1991
2001
1998
2020
2020
2017
2012
2009
2004
2004
2000
2000
2003
2003
2006
2011
2020
2024
2032
2046
2059
2057
2057
2061
2066
2071
2080
2076
2081
2078
2072
2078
2077
2082
2081
2078
2083
2078
2074
2073
2075
2060
2056
2059
2060
2065
2065
2060
2055
2050
2048
2046
2044
2044
2033
2027
2030
2027
2012
2012
2005
2002
2000
1989
1982
1984
1989
1985
1983
1987
1991
1990
1985
1979
1980
1992
2000
2000
2000
2018
2032
2037
2037
2045
2044
2041
2038
2038
2040
2042
2046
2051
2048
2050
2051
2052
2051
2046
2045
2039
2038
2031
2028
2028
2033
2032
2028
2025
2020
2006
2003
1997
2000
2024
2026
2027
2030
2041
2043
2041
2042
2046
2039
2045
2048
2048
2046
2037
2042
2040
2044
2037
2035
2035
2016
2016
2016
2023
2027
2012
2011
2008
2007
2003
1997
1996
2000
1994
1998
2000
1995
1985
1987
1989
1992
1988
1993
1995
1995
1999
1990
1984
1988
1987
1989
1995
2003
2006
2018
2018
2026
2030
2022
2020
2027
2027
2032
2025
2018
2016
2020
2024
2022
2024
2023
2006
2002
2007
2007
1993
1991
1989
1984
1983
1983
1979
1977
1976
1976
1973
1976
1979
1975
1976
1977
1979
1989
1996
2005
2003
1999
2011
2015
2011
2010
2009
2014
2019
2022
2023
2034
2037
2036
2027
2021
2014
2017
2017
2017
2016
2017
2019
2042
2048
2052
2051
2050
2056
2063
2070
2080
2089
2092
2091
2097
2077
2067
2059
2057
2048
2047
2048
2052
2051
2053
2057
2054
2051
2055
2055
2053
2054
2050
2045
2048
2050
2063
2073
2057
2063
2087
2155
2121
2064
2079
2051
2031
2023
1998
1972
1964
1970
1975
1965
1963
1935
1942
1974
2005
2024
2015
2021
2021
2013
2021
2047
2074
2088
2089
2094
2115
2138
2143
2137
2173
2161
2143
2143
2119
2116
2109
2107
2103
2085
2077
2068
2059
2047
2042
2049
2050
2037
2021
2006
2000
2002
2000
1998
2007
1998
2007
2015
2014
2016
1990
1980
1978
1985
1992
1995
2000
1991
1999
1993
1988
1990
1967
1962
1964
1969
1976
1971
1962
1948
1938
1936
1929
1929
1925
1928
1928
1928
1935
1946
1942
1942
1947
1945
1950
1955
1955
1951
1968
1968
1973
1984
1992
2005
2011
2014
2043
2048
2053
2060
2081
2083
2088
2092
2094
2093
2094
2093
2089
2086
2079
2079
2080
2061
2055
2045
2031
2016
2015
2014
2011
2015
2018
2019
2019
2019
2007
2009
2016
2021
2019
2017
2021
2018
2014
2013
2012
2014
2014
2016
2017
2023
2028
2013
2010
2010
2012
2014
2017
2020
2015
2005
2011
2018
2019
2014
2020
2022
2028
2030
2030
2022
2016
2017
2019
2022
2022
2021
2035
2038
2031
2032
2054
2057
2064
2072
2085
2076
2067
2060
2065
2057
2056
2052
2042
2035
2037
2039
2036
2029
2032
2034
2035
2031
2029
2031
2035
2043
2047
2046
2049
2054
2054
2057
2054
2062
2065
2065
2067
2069
2069
2070
2080
2080
2062
2060
2056
2055
2061
2067
2058
2054
2054
2050
2045
2047
2046
2038
2037
2039
2043
2056
2059
2058
2051
2056
2050
2051
2055
2057
2051
2052
2054
2047
2029
2025
2024
2029
2025
2020
2013
2010
1994
1992
1995
1999
1998
1993
1987
1992
1990
1993
1999
2007
2014
2011
2008
2012
2018
2008
2010
2013
2013
2016
2012
2013
2014
2015
2012
2011
2012
2013
2009
2010
2006
2016
2008
2006
2005
1999
1997
1993
1983
1985
1988
1983
1983
1978
1970
1954
1942
1939
1935
1947
1955
1960
1966
1967
1970
1975
1982
1987
1985
1988
1997
2011
2016
2023
2033
2034
2056
2055
2059
2064
2081
2082
2088
2084
2084
2076
2068
2062
2060
2055
2053
2050
2050
2034
2032
2034
2034
2031
2031
2031
2029
2006
2004
2007
2010
2006
1995
1997
1997
1992
1991
1990
1992
1990
1980
1982
1979
1984
1980
1977
1975
1976
1973
1978
1977
1969
1965
1966
1969
1971
1979
1973
1979
1985
1995
2019
2020
2027
2036
2055
2061
2065
2064
2067
2067
2062
2066
2065
2064
2062
2066
2070
2061
2058
2058
2063
2071
2069
2069
2068
2069
2079
2075
2076
2078
2079
2079
2069
2068
2068
2064
2064
2061
2043
2040
2038
2037
2033
2035
2041
2042
2041
2041
2044
2047
2047
2049
2050
2050
2045
2046
2042
2045
2052
2070
2072
2068
2067
2059
2048
2046
2053
2051
2049
2044
2045
2046
2035
2034
2031
2029
2002
2002
2006
2001
2003
2012
2012
2011
2010
2008
2009
2006
1999
2016
2008
2005
2008
2021
2022
2027
2032
2017
2019
2014
2010
2007
2001
2005
2001
2001
2006
2005
2004
2004
2002
2005
2005
2008
2017
2023
2024
2032
2027
2044
2042
2048
2051
2047
2048
2049
2058
2044
2043
2042
2042
2034
2035
2040
2041
2019
2014
2012
2022
2022
2017
2012
2003
1994
1990
1991
1990
1987
1983
1975
1980
1982
1971
1979
1979
1981
1982
1986
1982
1983
1986
1991
1997
2003
2009
2016
2028
2042
2043
2042
2043
2046
2052
2049
2038
2035
2033
2026
2029
2023
2018
2010
2020
2021
2020
2022
2019
2022
2021
2023
2014
2015
2016
2014
2006
1959
1938
1918
1902
1887
1876
1875
1880
1932
1958
1979
1992
2047
2055
2066
2079
2097
2147
2160
2174
2187
2194
2196
2199
2200
2167
2149
2136
2121
2063
2056
2045
2035
2028
2032
2033
2038
2044
2035
2035
2029
2030
2028
2030
2034
2034
2013
2009
2005
2001
2028
2046
2066
2077
2091
2100
2100
2097
2080
2066
2054
2046
2041
2021
2017
2014
2012
2028
2026
2023
2012
1997
1970
1961
1958
1958
1951
1953
1951
1949
1932
1932
1928
1925
1915
1920
1932
1943
1998
2018
2036
2055
2069
2091
2097
2094
2090
2090
2088
2085
2081
2046
2037
2031
2024
2007
2001
2000
1998
1996
1982
1974
1961
1951
1943
1934
1917
1903
1878
1867
1856
1847
1797
1774
1755
1738
1679
1671
1665
1667
1668
1679
1683
1684
1691
1700
1707
1715
1728
1767
1778
1797
1820
1903
1925
1943
1964
1988
2044
2064
2090
2114
2144
2168
2200
2231
2384
2423
2467
2512
2687
2736
2789
2838
3008
3043
3077
3113
3142
3200
3211
3218
3225
3228
3220
3217
3209
3114
3082
3045
3010
2829
2781
2731
2676
2622
2436
2369
2296
2228
2163
2089
2017
1949
1675
1606
1539
1479
1246
1201
1154
1114
966
938
910
886
870
836
829
828
826
827
833
843
848
882
897
916
929
1000
1023
1048
1068
1085
1172
1203
1240
1279
1328
1376
1432
1495
1739
1810
1879
1951
2243
2310
2378
2445
2683
2735
2783
2824
2860
2974
2993
3006
3016
3026
3030
3029
3026
2976
2962
2939
2917
2768
2730
2696
2649
2596
2412
2353
2283
2218
2149
2082
2009
1939
1678
1620
1566
1513
1334
1296
1257
1225
1159
1151
1149
1148
1156
1190
1205
1219
1238
1262
1286
1325
1365
1522
1566
1617
1664
1859
1910
1956
1993
2039
2161
2198
2238
2279
2319
2355
2392
2421
2520
2547
2572
2594
2672
2680
2696
2715
2780
2791
2800
2809
2819
2823
2820
2818
2818
2814
2815
2811
2803
2749
2735
2717
2698
2596
2557
2519
2478
2443
2312
2262
2209
2157
2104
2053
2004
1956
1769
1721
1672
1634
1492
1456
1423
1397
1330
1321
1316
1311
1305
1307
1311
1319
1333
1346
1360
1376
1392
1469
1493
1519
1544
1643
1664
1687
1709
1732
1809
1827
1840
1861
1885
1906
1921
1940
1996
2013
2030
2046
2097
2100
2105
2123
2180
2190
2203
2217
2235
2281
2290
2297
2310
2317
2323
2335
2349
2374
2387
2396
2402
2413
2412
2411
2411
2405
2376
2366
2355
2345
2333
2313
2295
2282
2218
2207
2191
2177
2119
2109
2094
2074
2060
2013
1997
1987
1973
1951
1926
1904
1890
1931
1924
1905
1882
1779
1760
1748
1740
1794
1803
1820
1839
1853
1907
1924
1944
1967
1989
2007
2024
2041
2092
2105
2120
2133
2187
2194
2207
2223
2231
2251
2257
2265
2265
2264
2257
2244
2237
2216
2202
2188
2180
2144
2141
2137
2124
2103
2049
2032
2020
2002
1990
1970
1959
1955
1911
1907
1898
1886
1828
1822
1816
1815
1775
1764
1752
1747
1751
1768
1767
1764
1755
1745
1739
1732
1728
1716
1719
1730
1740
1756
1755
1757
1756
1755
1785
1797
1810
1819
1832
1846
1857
1867
1874
1870
1872
1876
1920
1938
1958
1980
2056
2066
2078
2095
2118
2173
2194
2215
2233
2240
2243
2257
2266
2291
2296
2300
2298
2273
2262
2251
2244
2246
2242
2237
2241
2236
2233
2228
2216
2204
2192
2186
2181
2185
2182
2175
2174
2170
2139
2137
2137
2130
2117
2099
2091
2084
2082
2073
2070
2073
2079
2061
2057
2051
2049
2026
2016
2008
2004
1995
1955
1947
1933
1919
1905
1890
1875
1863
1829
1827
1823
1820
1784
1786
1791
1793
1792
1784
1785
1779
1780
1786
1796
1796
1808
1872
1891
1907
1923
1967
1968
1967
1970
1994
1999
2001
2007
2022
2066
2073
2082
2093
2102
2115
2126
2134
2162
2170
2169
2167
2179
2186
2188
2183
2181
2185
2184
2185
2185
2196
2199
2203
2210
2211
2204
2200
2199
2206
2196
2173
2166
2338
2368
2398
2421
2403
2249
2186
2123
2077
2051
2044
2044
2033
1976
1950
1966
1964
1934
1924
1911
1929
1952
1907
1907
1908
1895
1891
1911
1948
1973
2038
2028
2030
2042
2012
2012
1998
1972
1915
1899
1877
1847
1828
1857
1871
1888
1905
1913
1903
1882
1861
1820
1818
1827
1835
1887
1903
1915
1927
1938
1946
1973
2001
2018
2039
2062
2067
2056
2002
1995
2003
2023
2070
2072
2075
2072
2020
2012
2015
2024
2031
2092
2089
2084
2077
2068
2053
2046
2041
2076
2096
2110
2125
2117
2096
2075
2051
2020
1909
1880
1863
1855
1849
1841
1834
1829
1817
1812
1812
1812
1851
1869
1888
1905
1917
1945
1956
1967
1986
2000
2003
2001
1995
1939
1924
1916
1913
1918
1929
1943
1959
1965
1967
1966
1966
1969
1981
2005
2033
2057
2078
2152
2173
2187
2200
2210
2215
2225
2239
2283
2287
2289
2290
2258
2257
2255
2249
2252
2249
2237
2226
2220
2173
2160
2151
2140
2136
2128
2118
2112
2121
2119
2120
2116
2115
2121
2119
2111
2099
2046
2027
2016
2010
2006
2009
2005
1998
1922
1904
1886
1874
1842
1853
1867
1869
1875
1875
1877
1880
1885
1900
1915
1925
1937
1947
1955
1965
1984
2040
2046
2051
2053
2064
2060
2059
2060
2067
2105
2122
2143
2157
2172
2186
2194
2202
2193
2195
2211
2224
2216
2208
2196
2187
2120
2106
2101
2090
2076
2049
2045
2036
2029
2024
2017
2014
2014
2020
2022
2016
2017
2026
2024
2027
2031
2035
2009
1999
1987
1968
1950
1935
1918
1905
1865
1848
1836
1828
1788
1784
1784
1788
1776
1783
1790
1800
1810
1849
1850
1854
1864
1871
1872
1871
1875
1898
1903
1911
1919
1960
1966
1984
1992
2006
2032
2039
2042
2046
2055
2065
2083
2099
2143
2150
2159
2173
2187
2188
2197
2203
2212
2225
2223
2211
2195
2193
2188
2178
2170
2156
2156
2152
2147
2141
2138
2131
2125
2120
2089
2081
2079
2084
2077
2071
2068
2068
2065
2046
2030
2022
2016
2014
2004
1992
1986
1970
1958
1945
1940
1902
1893
1885
1883
1848
1838
1830
1833
1831
1816
1824
1830
1841
1855
1860
1863
1875
1899
1905
1915
1924
1966
1973
1985
1997
2008
2059
2075
2085
2099
2116
2126
2132
2134
2148
2155
2162
2169
2180
2184
2190
2192
2187
2188
2191
2190
2188
2182
2180
2178
2172
2170
2166
2171
2175
2149
2145
2145
2143
2100
2090
2089
2080
2074
2032
2018
2010
2006
2002
1989
1979
1964
1927
1916
1912
1904
1881
1875
1873
1872
1873
1874
1871
1873
1873
1881
1896
1899
1907
1920
1928
1940
1950
1989
1996
2000
2011
2040
2043
2046
2049
2054
2056
2058
2059
2063
2059
2057
2061
2067
2061
2059
2061
2058
2053
2049
2051
2051
2053
2051
2049
2051
2057
2060
2061
2057
2056
2057
2049
2048
2065
1957
1814
1656
1530
1564
1681
1817
1951
2062
2310
2337
2321
2283
2247
2217
2210
2221
2415
2459
2466
2442
2172
2130
2101
2086
2112
2116
2106
2084
2056
1872
1829
1807
1807
1821
1857
1913
1963
2043
2032
2015
1991
1923
1950
1985
2022
2043
1955
1896
1844
1798
1763
1744
1753
1793
1981
2022
2053
2074
2040
2043
2043
2043
2022
2005
1992
1981
1971
1917
1914
1928
1967
2015
2065
2101
2129
2142
2101
2054
2013
1965
1988
2009
2032
2045
1982
1952
1921
1916
1930
1954
1994
2042
2224
2232
2222
2210
2143
2147
2153
2173
2232
2241
2249
2243
2225
2147
2119
2102
2093
2080
2069
2055
2031
1921
1903
1891
1881
1890
1890
1888
1883
1878
1824
1797
1782
1774
1769
1764
1767
1783
1763
1757
1749
1741
1780
1811
1835
1859
1923
1938
1950
1961
1976
2003
2014
2020
2029
2034
2036
2043
2043
1978
1948
1922
1899
1885
1899
1903
1905
1897
1867
1855
1853
1853
1859
1876
1907
1936
2036
2062
2088
2111
2270
2330
2396
2447
2506
2622
2656
2686
2719
2752
2791
2836
2884
3014
3029
3040
3050
3028
3028
3017
3006
2908
2860
2812
2757
2698
2511
2462
2419
2377
2337
2301
2258
2215
1997
1931
1864
1806
1591
1534
1484
1431
1374
1211
1169
1139
1117
1096
1079
1076
1073
1086
1092
1096
1104
1134
1143
1158
1175
1196
1247
1262
1285
1308
1330
1353
1372
1400
1482
1491
1488
1479
1362
1324
1286
1267
1348
1406
1477
1557
1641
1897
1991
2076
2158
2241
2329
2413
2489
2733
2776
2826
2862
2962
3000
3037
3069
3101
3149
3149
3147
3136
3117
3092
3056
3009
2808
2762
2713
2652
2412
2349
2282
2215
2150
1964
1908
1859
1811
1760
1713
1666
1622
1468
1437
1407
1378
1343
1344
1351
1375
1452
1476
1497
1522
1548
1604
1618
1641
1663
1681
1711
1742
1782
1949
2000
2044
2085
2179
2190
2197
2205
2209
2197
2192
2182
2171
2150
2127
2107
2091
2079
2078
2092
2115
2182
2204
2220
2231
2254
2309
2326
2346
2359
2374
2387
2409
2431
2501
2514
2527
2542
2568
2569
2567
2561
2503
2475
2444
2409
2376
2257
2211
2165
2116
2066
2021
1972
1929
1749
1715
1680
1645
1501
1472
1444
1421
1404
1369
1363
1372
1386
1401
1422
1446
1461
1543
1577
1613
1651
1792
1823
1853
1881
1910
1985
2012
2039
2063
2090
2115
2139
2162
2225
2234
2246
2248
2235
2233
2226
2221
2193
2191
2185
2184
2185
2180
2185
2194
2194
2193
2202
2206
2215
2249
2258
2263
2274
2306
2316
2319
2327
2332
2335
2339
2339
2345
2347
2352
2352
2344
2295
2281
2270
2255
2185
2162
2149
2126
2126
2133
2060
1985
1925
1870
1833
1794
1726
1499
1476
1450
1432
1427
1432
1435
1416
1418
1501
1517
1534
1570
1611
1660
1719
1762
1864
1880
1893
1916
2050
2073
2097
2125
2236
2244
2250
2251
2260
2260
2258
2247
2232
2222
2215
2204
2192
2102
2083
2052
2026
1952
1938
1930
1927
1934
1951
1951
1950
1951
1947
1937
1935
1944
1964
1973
1989
2014
2097
2112
2121
2126
2134
2132
2126
2116
2113
2107
2092
2072
2054
2018
2007
1998
1984
1918
1910
1908
1905
1906
1903
1894
1884
1871
1827
1809
1798
1780
1758
1743
1727
1716
1745
1769
1804
1830
1922
1953
1985
2007
2034
2122
2159
2198
2232
2259
2278
2295
2316
2338
2336
2331
2329
2318
2317
2317
2322
2325
2317
2312
2310
2307
2296
2291
2292
2292
2273
2265
2257
2246
2170
2147
2124
2105
2037
2022
2014
2012
2008
2010
2007
2013
2013
2023
2032
2043
2055
2075
2071
2071
2066
2035
2030
2023
2020
2017
2023
2019
2020
2019
2012
2006
1996
1987
1936
1908
1880
1853
1713
1688
1664
1640
1612
1553
1544
1533
1525
1525
1530
1536
1543
1607
1633
1657
1676
1772
1806
1836
1869
2023
2070
2111
2156
2197
2322
2360
2387
2417
2448
2475
2485
2500
2773
2777
2795
2777
2654
2630
2591
2526
2456
2377
2331
2313
2292
2252
2217
2213
2189
2068
2068
2038
2013
2038
2050
2103
2143
2158
2204
2190
2211
2248
2266
2256
2253
2268
2185
2162
2122
2055
1877
1837
1807
1753
1557
1514
1478
1443
1428
1400
1386
1364
1341
1329
1325
1322
1321
1360
1392
1419
1448
1527
1548
1573
1595
1616
1732
1770
1819
1885
1946
2005
2057
2109
2255
2284
2303
2322
2409
2402
2396
2375
2348
2256
2217
2186
2156
2131
2115
2101
2088
2087
2092
2092
2088
2074
2076
2080
2072
2033
2004
1971
1941
1924
1906
1901
1900
1900
1905
1926
1944
1953
1994
2011
2041
2068
2200
2237
2264
2280
2289
2234
2223
2207
2191
2178
2163
2143
2113
1967
1928
1895
1864
1820
1826
1827
1820
1820
1850
1866
1881
1900
1917
1943
1969
1993
2058
2053
2046
2048
2006
1999
1998
2001
2033
2039
2041
2039
2048
2066
2083
2103
2126
2140
2156
2175
2197
2270
2295
2316
2344
2410
2425
2431
2431
2432
2417
2399
2385
2371
2354
2336
2323
2315
2255
2241
2218
2193
2089
2068
2042
2018
2001
1942
1928
1911
1892
1868
1842
1822
1812
1766
1753
1752
1759
1783
1792
1796
1796
1803
1810
1819
1825
1839
1870
1878
1886
1901
1919
1927
1940
1953
2017
2036
2056
2080
2135
2145
2151
2153
2152
2152
2150
2144
2137
2132
2124
2118
2109
2073
2063
2056
2061
2078
2087
2100
2110
2119
2158
2167
2165
2178
2189
2195
2196
2195
2161
2152
2138
2124
2033
2010
1991
1966
1876
1857
1838
1825
1818
1787
1776
1766
1755
1743
1731
1721
1718
1710
1710
1715
1719
1731
1738
1750
1765
1782
1845
1864
1884
1913
1937
1958
1980
2003
2096
2122
2142
2166
2225
2230
2229
2226
2208
2201
2197
2195
2192
2163
2146
2129
2115
2103
2090
2076
2063
2021
2008
2000
1993
1988
1987
1988
1986
1988
1985
1989
1994
2001
2008
2011
2026
2032
2088
2111
2129
2139
2200
2214
2229
2241
2251
2258
2254
2242
2233
2218
2204
2185
2160
2047
2021
1999
1977
1882
1853
1832
1820
1773
1768
1766
1769
1769
1772
1772
1777
1783
1783
1787
1800
1808
1841
1853
1868
1877
1921
1939
1954
1966
1979
2018
2024
2038
2045
2054
2064
2066
2069
2085
2090
2097
2102
2112
2113
2113
2114
2118
2134
2137
2149
2160
2174
2177
2179
2196
2220
2221
2228
2232
2240
2243
2239
2233
2221
2211
2206
2200
2193
2160
2151
2145
2135
2120
2112
2104
2097
2060
2050
2037
2021
1980
1970
1968
1964
1961
1943
1934
1926
1920
1913
1909
1908
1910
1882
1885
1885
1882
1903
1911
1920
1926
1969
1975
1979
1984
1992
2014
2021
2033
2038
2038
2043
2051
2057
2050
2046
2049
2051
2049
2051
2046
2042
2039
2037
2027
2025
2024
2019
2014
2011
2011
2000
1993
1998
1995
1994
2001
1998
1999
2005
2002
1997
1995
1995
1992
1986
1992
1992
1981
1974
1972
1972
1969
1971
1978
1981
2002
2000
2003
2011
2022
2042
2051
2057
2062
2067
2071
2073
2077
2086
2088
2091
2086
2082
2082
2076
2071
2068
2064
2063
2058
2062
2062
2055
2055
2054
2049
2048
2042
2039
2018
2015
2013
2005
1988
1992
1989
1986
1989
1983
1985
1984
1994
1996
2005
2008
2010
2027
2036
2039
2046
2075
2075
2081
2083
2086
2078
2077
2078
2073
2071
2065
2068
2067
2035
2031
2026
2018
1998
1988
1987
1982
1969
1975
1979
1975
1973
1969
1970
1975
1975
1980
1982
1981
1981
2005
2005
2004
2009
2026
2031
2032
2036
2036
2018
2015
2014
2010
2013
2011
2015
2013
1997
1998
2000
2000
1993
1994
1990
1996
2008
2010
2020
2033
2038
2044
2046
2051
2051
2047
2047
2059
2062
2058
2064
2052
1952
1716
1716
1742
1794
1854
2059
2114
2131
2133
2140
2141
2116
2092
2180
2196
2214
2212
2187
2161
2147
2149
2087
2082
2081
2074
2064
2021
2015
2015
2014
2004
1997
1988
1980
1958
1965
1979
1997
1939
1928
1911
1886
1853
1755
1743
1740
1741
1743
1731
1720
1697
1569
1535
1503
1476
1528
1572
1610
1626
1630
1601
1595
1601
1619
1641
1674
1710
1757
1971
2050
2132
2223
2620
2712
2801
2885
3182
3244
3306
3378
3443
3602
3636
3668
3689
3690
3684
3664
3625
3438
3397
3355
3309
3085
3016
2947
2875
2804
2602
2534
2462
2382
2295
2198
2106
2018
1654
1568
1476
1388
1054
983
908
834
572
516
466
423
378
269
247
230
218
219
222
227
242
321
341
374
411
610
672
743
815
890
1135
1222
1302
1375
1449
1526
1618
1710
2043
2121
2201
2282
2559
2625
2694
2757
2817
3006
3060
3105
3158
3200
3244
3282
3318
3421
3443
3449
3455
3453
3444
3436
3418
3410
3312
3291
3273
3242
3211
3186
3157
3121
3077
2922
2864
2805
2739
2678
2607
2540
2475
2202
2131
2058
1990
1759
1710
1669
1630
1603
1520
1491
1469
1449
1425
1405
1385
1374
1339
1335
1328
1320
1314
1307
1301
1298
1299
1299
1291
1284
1279
1277
1270
1266
1259
1246
1227
1222
1223
1228
1236
1245
1258
1266
1354
1388
1417
1452
1619
1660
1699
1743
1917
1964
2017
2067
2122
2276
2330
2375
2422
2473
2516
2561
2603
2737
2758
2780
2800
2819
2819
2821
2818
2804
2767
2754
2741
2726
2707
2684
2659
2638
2507
2473
2438
2400
2234
2193
2155
2117
2084
1963
1920
1878
1833
1790
1744
1696
1644
1478
1444
1410
1378
1290
1273
1258
1247
1231
1244
1260
1281
1315
1421
1462
1506
1539
1577
1615
1659
1701
1881
1924
1972
2021
2190
2227
2266
2301
2340
2455
2491
2527
2560
2590
2613
2643
2666
2729
2736
2741
2753
2780
2786
2784
2781
2758
2745
2724
2701
2678
2611
2579
2550
2517
2488
2453
2425
2396
2280
2249
2214
2182
2016
1984
1949
1919
1895
1851
1834
1810
1775
1739
1699
1667
1636
1577
1584
1596
1609
1641
1654
1669
1688
1780
1803
1825
1844
1870
1935
1953
1965
1987
1999
2015
2032
2051
2121
2129
2139
2141
2136
2129
2127
2121
2116
2101
2094
2088
2085
2087
2083
2078
2075
2045
2042
2039
2039
2008
1998
1990
1990
1969
1966
1963
1965
1980
1993
1989
1994
1988
1988
1980
1974
1960
1957
1958
1964
1971
1971
1960
1949
1940
1929
1938
1938
1939
1939
1935
1931
1915
1904
1841
1831
1825
1832
1835
1833
1828
1815
1753
1729
1706
1693
1675
1633
1619
1611
1604
1600
1585
1587
1589
1621
1636
1650
1671
1742
1756
1777
1804
1820
1868
1886
1903
1915
1927
1938
1946
1952
1994
2006
2024
2048
2116
2131
2143
2161
2179
2242
2263
2288
2319
2345
2369
2388
2404
2433
2436
2443
2449
2451
2452
2451
2448
2410
2395
2381
2368
2358
2316
2308
2293
2277
2258
2242
2225
2211
2162
2149
2137
2125
2051
2033
2018
2007
1995
1949
1942
1933
1925
1915
1904
1902
1897
1877
1881
1882
1886
1894
1899
1905
1909
1903
1911
1920
1931
1943
1965
1976
1986
2000
2016
2025
2033
2037
2072
2078
2081
2087
2105
2096
2089
2082
2082
2062
2055
2045
2036
2029
2025
2021
2019
1968
1953
1941
1928
1890
1886
1887
1889
1896
1901
1904
1908
1921
1944
1957
1977
1989
2005
2018
2037
2047
2110
2130
2155
2181
2263
2284
2298
2316
2340
2389
2398
2406
2417
2417
2419
2419
2417
2385
2373
2361
2344
2255
2227
2204
2183
2085
2062
2044
2026
2020
1965
2037
2051
2011
1979
1964
1940
1887
1752
1721
1726
1755
1791
1781
1744
1723
1727
1688
1710
1730
1736
1744
1764
1772
1786
1845
1880
1917
1934
2087
2129
2167
2196
2209
2244
2249
2241
2236
2228
2216
2205
2187
2130
2097
2069
2051
2030
2013
1994
1974
1954
1867
1847
1829
1811
1792
1787
1775
1761
1761
1751
1748
1750
1750
1750
1747
1756
1770
1859
1882
1904
1919
1939
1943
1959
1978
1996
1997
1998
1977
1966
1956
1945
1929
1921
1928
1917
1910
1897
1829
1808
1791
1776
1850
1891
1934
1982
2025
2103
2113
2116
2114
2112
2117
2114
2111
2071
2053
2023
2000
1898
1887
1882
1888
1887
1925
1933
1941
1953
1963
1980
1991
2009
2136
2166
2193
2213
2225
2225
2235
2253
2289
2281
2261
2245
2224
2158
2153
2146
2153
2167
2182
2202
2221
2249
2248
2258
2264
2286
2290
2298
2312
2321
2277
2254
2233
2206
2183
2168
2154
2150
2132
2115
2105
2087
2006
2002
1997
1989
1982
1979
1978
1972
1966
1953
1951
1956
1969
1986
1990
1998
2009
2013
2017
2024
2028
2079
2091
2093
2090
2078
2057
2053
2053
2049
2048
2042
2040
2040
2022
2022
2018
2014
2041
2053
2065
2080
2127
2132
2138
2139
2137
2117
2111
2104
2105
2109
2108
2103
2099
2077
2067
2059
2049
1993
1984
1982
1981
1982
1975
1972
1970
1956
1913
1899
1888
1883
1872
1859
1843
1834
1780
1764
1746
1729
1745
1760
1772
1787
1802
1841
1855
1865
1877
1887
1897
1909
1915
1920
1911
1912
1911
1899
1899
1898
1892
1884
1881
1880
1876
1871
1874
1878
1884
1890
1929
1938
1943
1960
2001
2012
2023
2032
2100
2115
2133
2147
2166
2204
2218
2231
2241
2254
2267
2277
2282
2305
2301
2303
2306
2267
2250
2237
2230
2222
2175
2151
2134
2118
2105
2093
2077
2064
2029
2016
2011
2001
1972
1970
1969
1965
1935
1919
1907
1897
1893
1854
1844
1843
1838
1837
1832
1832
1840
1850
1849
1854
1861
1930
1949
1967
1981
2028
2043
2058
2069
2083
2102
2111
2116
2118
2119
2121
2123
2124
2129
2136
2141
2138
2154
2147
2147
2151
2155
2189
2191
2196
2199
2196
2194
2188
2184
2159
2152
2145
2138
2114
2106
2096
2091
2092
2088
2079
2079
2074
2061
2053
2041
2026
1969
1954
1933
1916
1842
1825
1809
1788
1752
1752
1747
1753
1763
1779
1790
1794
1808
1826
1836
1848
1867
1927
1939
1955
1966
1995
2009
2021
2029
2041
2042
2045
2048
2052
2045
2042
2034
2029
2060
2067
2077
2088
2097
2101
2110
2117
2147
2155
2165
2170
2173
2183
2183
2177
2179
2183
2184
2185
2187
2194
2191
2195
2202
2179
2174
2168
2169
2165
2160
2152
2135
2127
2122
2117
2116
2106
2061
2058
2049
2038
2000
1995
1997
1998
1976
1965
1957
1957
1956
1947
1939
1935
1934
1937
1930
1931
1932
1920
1924
1928
1925
1948
1956
1961
1961
1973
1987
1996
2000
2004
2001
1995
1994
1996
2007
2011
2012
2014
1998
2001
2005
1999
1956
1954
1956
1960
1975
2009
2010
2009
2007
2008
2009
2012
2013
2003
2002
1998
1995
1953
1948
1939
1939
1945
1958
1952
1947
1955
1956
1965
1974
1973
1986
1991
1996
1997
2009
2009
2013
2017
1990
1994
2003
2005
2006
2004
2006
2010
2012
2016
2021
2026
2029
2047
2052
2057
2059
2084
2101
2109
2103
2106
2108
2098
2094
2093
2081
2073
2067
2072
2071
2074
2070
2072
2054
2058
2054
2051
2057
2066
2062
2061
2058
2050
2047
2049
2049
2051
2046
2035
2030
2033
2036
2044
2051
2045
1970
1947
1933
1930
1934
1943
1963
1988
2004
2026
2025
2023
2021
2019
2024
2028
2032
2023
2018
2012
2016
2048
2056
2071
2081
2094
2131
2141
2148
2155
2160
2160
2158
2156
2170
2164
2157
2149
2116
2105
2099
2086
2041
2025
2015
2008
1991
1953
1946
1943
1932
1925
1918
1916
1914
1882
1875
1872
1866
1822
1804
1793
1772
1763
1710
1696
1684
1679
1672
1673
1682
1689
1708
1720
1733
1743
1800
1812
1823
1841
1889
1897
1900
1906
1919
1961
1975
1991
2013
2034
2061
2088
2112
2230
2265
2307
2347
2526
2574
2621
2668
2710
2809
2837
2868
2894
2918
2938
2954
2969
2987
2981
2972
2962
2874
2840
2811
2774
2589
2537
2491
2445
2391
2221
2154
2089
2030
1971
1903
1827
1762
1500
1433
1374
1314
1130
1081
1039
1010
987
925
903
887
878
876
869
865
861
885
892
904
922
1034
1071
1108
1142
1328
1380
1438
1500
1563
1757
1823
1897
1982
2083
2180
2182
2051
1797
1852
1961
2095
2516
2562
2562
2578
2640
2838
2913
2955
2958
2942
2939
2941
2931
2954
2976
2994
3021
3071
3062
3063
3075
3093
3129
3097
3077
3083
3095
3096
3074
3036
2846
2779
2721
2672
2625
2577
2518
2476
2441
2336
2261
2189
2126
2077
2031
2002
1991
1990
1916
1882
1842
1806
1769
1743
1716
1691
1623
1641
1673
1703
1606
1542
1489
1455
1516
1531
1533
1528
1519
1497
1481
1456
1427
1402
1389
1386
1395
1423
1397
1359
1317
1185
1192
1201
1222
1246
1284
1294
1296
1292
1271
1259
1261
1271
1431
1476
1520
1552
1624
1667
1718
1769
1816
1945
1987
2010
2022
2024
2016
2009
2006
2097
2134
2178
2213
2250
2236
2227
2219
2245
2272
2292
2316
2327
2297
2270
2242
2237
2228
2225
2224
2225
2175
2156
2137
2123
2073
2075
2077
2083
2091
2080
2064
2051
2037
2015
1986
1964
1943
2116
2083
2010
1948
1838
1843
1841
1840
2031
2069
2127
2175
2187
2214
2222
2236
2293
2358
2402
2439
2476
2584
2608
2650
2699
2823
2832
2855
2896
2935
2905
2887
2867
2844
2814
2797
2793
2782
2666
2624
2590
2554
2462
2446
2432
2408
2272
2236
2209
2176
2149
2051
2026
2001
1978
1960
1937
1909
1874
1793
1800
1820
1832
1805
1812
1829
1846
1866
1948
1975
1989
1996
1991
1993
1992
1992
1986
1996
2004
2014
2031
2019
2006
1981
1894
1909
1926
1950
1980
2045
2043
2027
1991
1945
1900
1855
1813
1694
1687
1690
1688
1653
1639
1630
1626
1638
1681
1693
1700
1702
1712
1728
1747
1754
1793
1808
1815
1814
1756
1747
1737
1735
1777
1786
1792
1796
1796
1731
1708
1689
1680
1689
1704
1731
1749
1835
1856
1865
1860
1853
1856
1850
1844
1839
1815
1810
1798
1780
1758
1733
1722
1712
1721
1723
1722
1718
1719
1726
1744
1761
1835
1850
1870
1883
1899
1932
1944
1962
1984
2004
2020
2035
2053
2095
2100
2111
2122
2185
2199
2210
2212
2214
2179
2168
2150
2140
2134
2124
2120
2109
2075
2075
2076
2074
2085
2091
2104
2118
2128
2150
2148
2153
2159
2164
2170
2186
2211
2320
2352
2389
2425
2567
2595
2628
2657
2743
2755
2775
2838
2883
2850
2837
2800
2767
2750
2738
2705
2679
2690
2691
2696
2699
2690
2647
2607
2589
2578
2515
2514
2499
2489
2485
2475
2456
2449
2428
2415
2409
2402
2353
2328
2299
2260
2063
2022
1980
1928
1876
1693
1623
1557
1508
1451
1388
1324
1271
1074
1033
983
947
887
886
896
900
909
919
921
928
936
943
949
965
988
1105
1141
1178
1225
1413
1477
1542
1596
1651
1797
1843
1893
1942
1988
2030
2073
2112
2233
2254
2270
2277
2251
2246
2245
2246
2271
2288
2301
2306
2307
2285
2266
2248
2239
2230
2229
2228
2233
2237
2224
2201
2178
2116
2108
2104
2099
2093
2101
2095
2094
2097
2097
2095
2093
2095
2061
2046
2036
2020
1956
1939
1921
1909
1830
1797
1762
1739
1714
1669
1657
1648
1651
1659
1666
1674
1680
1722
1736
1760
1791
1908
1943
1977
2014
2048
2101
2126
2141
2156
2179
2203
2225
2244
2297
2308
2327
2345
2395
2417
2440
2465
2525
2539
2550
2560
2570
2578
2577
2577
2577
2574
2568
2559
2545
2496
2484
2477
2469
2401
2383
2363
2340
2321
2270
2258
2240
2230
2207
2186
2153
2124
2020
1994
1971
1944
1860
1837
1821
1814
1800
1748
1735
1724
1718
1716
1720
1722
1724
1737
1743
1754
1769
1800
1814
1825
1844
1917
1926
1947
1971
2002
2068
2090
2117
2138
2160
2181
2197
2217
2272
2277
2290
2300
2309
2306
2310
2314
2313
2302
2298
2299
2300
2300
2295
2292
2288
2259
2247
2232
2215
2136
2114
2100
2082
1972
1943
1921
1892
1865
1777
1751
1720
1688
1662
1643
1628
1618
1559
1548
1538
1534
1509
1503
1509
1515
1521
1538
1542
1551
1556
1570
1583
1594
1610
1669
1689
1712
1734
1817
1832
1855
1880
1901
1974
1990
2004
2021
2042
2061
2073
2080
2122
2133
2141
2146
2127
2126
2127
2130
2116
2115
2107
2099
2093
2081
2074
2068
2067
2062
2056
2058
2070
2125
2122
2128
2136
2180
2194
2207
2221
2231
2256
2259
2263
2271
2275
2277
2282
2286
2267
2259
2246
2225
2143
2130
2108
2089
2001
1986
1971
1960
1951
1896
1882
1867
1856
1849
1844
1840
1834
1814
1814
1817
1825
1857
1865
1871
1881
1885
1897
1903
1910
1920
1927
1936
1948
1953
1949
1942
1940
1949
1994
2007
2018
2022
2034
2055
2059
2063
2076
2082
2085
2095
2100
2118
2117
2114
2113
2133
2139
2143
2152
2169
2172
2176
2181
2192
2205
2208
2217
2219
2219
2226
2224
2221
2214
2216
2222
2222
2178
2166
2149
2144
2140
2095
2080
2069
2064
2061
2056
2045
2039
2020
2017
2023
2022
2016
2013
2005
2006
2019
2014
2011
2011
2020
2039
2041
2045
2045
2041
2049
2056
2061
2071
2076
2081
2072
2061
2057
2051
2051
2052
2038
2028
2023
2019
2021
2022
2015
2007
1979
1964
1952
1944
1918
1915
1912
1905
1901
1893
1892
1889
1893
1889
1885
1885
1886
1896
1898
1891
1889
1908
1910
1922
1933
1936
1937
1939
1946
1952
1975
1977
1984
1991
1994
1999
2003
2004
2027
2023
2024
2019
2041
2049
2057
2062
2074
2079
2081
2074
2072
2068
2067
2067
2068
2055
2057
2060
2059
2019
2010
2004
1994
1951
1945
1950
1947
1955
1943
1944
1937
1940
1942
1946
1951
1956
1975
1977
1980
1991
2020
2029
2030
2034
2042
2070
2075
2080
2083
2088
2096
2108
2113
2112
2115
2118
2121
2121
2123
2127
2128
2135
2132
2132
2127
2117
2101
2100
2096
2095
2094
2089
2091
2091
2129
2169
2165
2129
1956
1911
1881
1854
1839
1880
1912
1945
1985
2018
2037
2050
2064
2069
2055
2050
2035
2013
2028
2047
2056
2120
2135
2147
2161
2174
2186
2187
2185
2180
2176
2167
2154
2128
1962
1937
1920
1912
1931
1948
1956
1957
1945
1896
1879
1867
1859
1854
1852
1859
1866
1863
1860
1866
1866
1921
1943
1969
1992
1994
1977
1968
1965
1963
1993
2013
2038
2057
2074
2087
2090
2094
2106
2109
2115
2119
2141
2136
2127
2113
2096
2045
2041
2036
2031
2030
2033
2046
2058
2010
1984
1971
1963
1959
1977
1990
2004
2008
1989
1988
1991
1995
2002
2013
2025
2030
2009
1992
1972
1956
1923
1934
1943
1948
1957
1958
1959
1961
1969
1991
2005
2016
2026
2027
2022
2014
2001
2005
2011
2015
2020
2024
2021
2023
2029
2034
2056
2062
2063
2059
2045
2016
1980
1931
1673
1619
1575
1536
1472
1461
1455
1457
1455
1454
1456
1460
1462
1501
1512
1540
1577
1622
1675
1743
1832
2247
2361
2490
2614
3133
3262
3393
3511
3629
3935
4008
4069
4090
4090
4092
4088
4090
4089
4089
4091
4089
4046
3969
3869
3759
3631
3185
3018
2848
2665
2480
2294
2112
1928
1201
1022
841
668
119
109
105
100
95
89
87
85
85
84
83
83
86
88
88
88
92
95
98
102