2037
2035
2033
2035
2028
2018
2014
2011
2007
2011
2014
2019
2019
2030
2029
2028
2029
2030
2031
2030
2027
2013
2006
2002
2000
2002
1999
1999
2007
2004
2003
1995
1992
1994
1991
1992
1999
1999
2007
2011
2018
2026
2029
2028
2027
2021
2024
2026
2023
2023
2021
2020
2019
2019
2015
2002
1997
1988
1987
1994
1991
1987
1991
1993
1994
1993
1995
1992
1989
1987
1996
2007
2005
2003
2000
2004
1987
1987
1992
1999
2007
2007
2005
2005
1996
1987
1985
1987
1980
1957
1947
1937
1923
1873
1864
1858
1848
1777
1759
1738
1725
1710
1647
1630
1611
1601
1592
1589
1578
1573
1596
1597
1609
1621
1672
1697
1717
1736
1750
1794
1809
1822
1846
1870
1893
1912
1936
2043
2079
2113
2155
2357
2415
2474
2533
2596
2763
2809
2861
2909
2945
2982
3020
3064
3220
3266
3313
3361
3483
3519
3541
3564
3627
3628
3629
3623
3618
3548
3515
3478
3446
3408
3363
3306
3258
3029
2965
2907
2833
2510
2419
2322
2215
2110
1755
1635
1522
1418
1320
1227
1142
1069
824
766
705
656
500
471
451
431
418
392
386
377
377
378
369
362
357
374
383
398
411
505
551
591
639
865
927
1000
1070
1140
1338
1400
1467
1536
1605
1670
1731
1793
2013
2057
2101
2150
2342
2394
2442
2491
2525
2610
2629
2636
2644
2647
2641
2642
2638
2572
2544
2522
2503
2360
2323
2282
2245
2022
1971
1913
1853
1792
1634
1578
1526
1478
1433
1381
1340
1294
1151
1135
1128
1121
1135
1154
1182
1212
1239
1345
1388
1434
1479
1527
1576
1626
1683
1925
1996
2071
2149
2482
2559
2634
2707
2972
3029
3079
3129
3174
3291
3326
3351
3373
3395
3416
3433
3453
3499
3512
3514
3511
3531
3534
3537
3538
3540
3513
3495
3475
3461
3439
3416
3388
3355
3195
3156
3118
3075
2895
2853
2807
2763
2553
2493
2432
2374
2310
2124
2062
2002
1942
1884
1832
1775
1723
1528
1474
1425
1385
1241
1214
1192
1172
1155
1101
1096
1090
1091
1086
1088
1096
1110
1157
1168
1180
1194
1253
1266
1295
1322
1340
1395
1411
1426
1441
1459
1473
1485
1498
1548
1563
1581
1595
1650
1671
1689
1706
1776
1799
1816
1831
1850
1901
1911
1933
1950
1963
1975
1983
1993
2025
2033
2042
2046
2065
2064
2064
2069
2073
2061
2060
2060
2059
2050
2035
2019
2007
1947
1939
1931
1919
1878
1867
1857
1853
1827
1816
1803
1796
1795
1771
1764
1756
1752
1747
1747
1750
1757
1774
1785
1800
1816
1888
1909
1932
1951
1982
2046
2078
2107
2132
2154
2173
2198
2224
2310
2332
2347
2365
2442
2459
2474
2486
2503
2547
2560
2574
2582
2585
2585
2589
2587
2585
2577
2567
2554
2516
2506
2495
2477
2398
2384
2367
2348
2331
2254
2223
2192
2160
2132
2106
2077
2051
1962
1937
1911
1887
1813
1798
1782
1764
1750
1712
1698
1686
1675
1659
1644
1626
1618
1578
1574
1569
1565
1557
1562
1566
1570
1577
1588
1594
1604
1618
1631
1637
1642
1655
1691
1709
1731
1745
1812
1822
1841
1858
1942
1963
1987
2013
2041
2107
2127
2143
2159
2179
2199
2220
2236
2294
2306
2314
2323
2352
2365
2372
2375
2383
2405
2408
2412
2416
2413
2412
2413
2413
2396
2385
2372
2366
2337
2333
2323
2313
2304
2274
2267
2259
2251
2236
2224
2213
2204
2163
2164
2161
2157
2123
2108
2106
2102
2068
2062
2054
2049
2039
2012
2001
1993
1990
1987
1980
1967
1952
1916
1910
1903
1898
1859
1854
1855
1856
1849
1851
1854
1855
1863
1869
1873
1887
1897
1915
1922
1930
1937
1952
1959
1964
1969
2006
2018
2028
2041
2052
2064
2068
2068
2072
2070
2063
2064
2063
2035
2032
2021
2016
1970
1964
1954
1944
1930
1888
1875
1866
1852
1839
1830
1822
1825
1790
1784
1772
1773
1767
1768
1768
1766
1765
1782
1787
1788
1792
1796
1805
1813
1825
1856
1865
1880
1897
1934
1945
1953
1964
1992
1996
2003
2008
2018
2046
2056
2066
2080
2092
2097
2100
2101
2130
2137
2144
2152
2180
2181
2180
2184
2194
2211
2222
2228
2230
2235
2242
2247
2248
2261
2261
2263
2261
2243
2243
2241
2231
2187
2186
2183
2176
2167
2140
2136
2126
2113
2101
2093
2085
2075
2037
2034
2037
2034
2005
2000
2000
2000
2003
2002
2001
2002
2001
1999
2001
2009
2010
2024
2022
2024
2024
2030
2029
2032
2031
2032
2030
2029
2035
2034
2026
2025
2021
2017
2012
2008
2004
1998
1964
1962
1968
1970
1948
1943
1945
1949
1954
1952
1951
1955
1959
1960
1962
1967
1971
1977
1974
1975
1982
1992
1993
1995
2000
2002
2003
2004
1998
2006
2011
2007
2011
2016
2024
2030
2033
2029
2022
2020
2024
2025
2019
2020
2014
2015
2014
2011
2006
2005
2001
1998
1998
1997
1997
1974
1971
1976
1975
1978
1978
1978
1980
1985
1975
1974
1975
1976
1980
1983
1983
1987
1986
1985
1989
1996
2005
2005
2008
2016
2029
2042
2043
2044
2045
2050
2061
2061
2069
2085
2089
2092
2093
2088
2092
2092
2094
2090
2088
2091
2090
2083
2073
2075
2071
2073
2080
2081
2084
2087
2083
2088
2092
2095
2091
2087
2091
2091
2090
2097
2093
2092
2089
2091
2094
2097
2096
2097
2091
2084
2076
2077
2074
2068
2063
2062
2041
2036
2030
2027
2008
2002
1993
1982
1978
1967
1963
1962
1970
1970
1971
1971
1974
1980
1978
1980
1977
1985
1984
1988
1987
1988
1994
1994
1997
2002
1998
2006
2011
2013
2013
2012
2007
2005
1994
1990
1988
1985
1987
1989
1994
1996
1996
2001
2004
2011
2013
2014
2008
2009
2015
2012
2012
2014
2018
2021
2024
2023
2028
2038
2046
2049
2049
2047
2046
2046
2042
2040
2027
2023
2021
2023
2024
2015
2007
2004
2004
1998
1996
1995
1994
1991
1991
1989
1989
1971
1972
1977
1972
1961
1961
1964
1958
1959
1957
1961
1958
1956
1955
1959
1969
1980
1987
1994
2005
2010
2015
2017
2019
2023
2057
2064
2068
2078
2087
2088
2091
2089
2090
2093
2096
2106
2108
2117
2127
2132
2138
2150
2151
2154
2150
2152
2147
2145
2149
2147
2143
2139
2137
2135
2115
2098
2095
2090
2068
2066
2066
2062
2038
2031
2022
2017
2016
2002
2001
1999
1999
1995
1992
1993
1995
1985
1983
1976
1981
1973
1968
1966
1965
1967
1963
1962
1961
1970
1975
1972
1968
1970
1970
1972
1970
1971
1977
1974
1974
1971
1985
1980
1982
1987
1983
1982
1982
1981
1974
1981
1981
1983
1984
1990
1992
1995
1999
1991
1998
2003
2002
2003
2004
2008
2010
2013
2011
2008
2003
2006
2011
2002
1987
1968
1936
1947
1959
1966
2027
2033
2039
2044
2049
2023
2024
2026
2029
2037
2046
2054
2058
2023
2029
2027
2017
2028
2040
2047
2059
2070
2072
2076
2073
2076
2080
2074
2072
2081
2120
2121
2116
2111
2108
2103
2111
2120
2141
2139
2140
2138
2141
2121
2125
2125
2128
2124
2125
2124
2125
2111
2111
2106
2099
2089
2081
2072
2069
2068
2046
2036
2037
2031
2027
2026
2029
2028
2026
2024
2015
2009
1986
1986
1979
1983
1974
1971
1967
1962
1949
1936
1941
1942
1949
1957
1962
1965
1970
1963
1964
1968
1970
1976
1976
1977
1974
1971
1958
1950
1946
1955
1954
1957
1958
1956
1954
1954
1961
1964
1973
1971
1973
1976
1985
1981
1979
1976
1974
1973
1977
1980
1979
1973
1971
1965
1957
1975
1980
1985
1990
2007
2016
2020
2019
2014
2007
2010
2005
2004
2004
2005
2005
2003
1983
1981
1975
1971
1957
1958
1960
1964
1966
1959
1949
1938
1938
1935
1929
1923
1920
1907
1898
1899
1895
1875
1873
1872
1871
1859
1853
1852
1851
1847
1815
1804
1794
1793
1804
1816
1832
1844
1874
1881
1887
1901
1972
1994
2021
2049
2081
2183
2225
2261
2307
2348
2392
2433
2477
2620
2656
2686
2714
2802
2821
2841
2850
2880
2884
2892
2896
2897
2894
2895
2887
2879
2870
2867
2860
2849
2788
2765
2739
2713
2616
2582
2551
2522
2492
2377
2335
2288
2247
2204
2153
2105
2060
1871
1826
1782
1731
1561
1522
1494
1462
1322
1293
1262
1237
1213
954
823
708
616
547
505
495
523
745
798
845
885
1005
1043
1086
1140
1192
1369
1438
1499
1550
1579
1608
1653
1713
1904
1929
1943
1964
1975
1954
1945
1930
1900
1877
1878
1914
1991
2065
2137
2210
2300
2609
2681
2741
2788
2911
2924
2929
2922
2744
2685
2630
2577
2534
2475
2476
2479
2483
2486
2469
2457
2435
2297
2260
2226
2195
2027
1967
1913
1868
1833
1768
1752
1745
1743
1737
1713
1682
1639
1401
1344
1289
1244
1157
1149
1145
1135
1116
1131
1164
1205
1253
1365
1385
1397
1412
1422
1447
1476
1518
1799
1885
1973
2060
2380
2455
2528
2601
2662
2812
2851
2881
2902
2912
2917
2923
2929
2948
2957
2974
2983
3010
3017
3024
3039
3095
3095
3095
3093
3086
3026
3003
2979
2962
2945
2924
2905
2878
2714
2657
2602
2546
2294
2228
2161
2094
2028
1846
1783
1722
1672
1620
1569
1524
1482
1304
1260
1216
1169
1023
1001
976
948
930
910
921
942
966
998
1026
1064
1103
1300
1353
1415
1484
1716
1766
1811
1847
2016
2061
2112
2159
2204
2306
2333
2355
2370
2390
2410
2440
2467
2561
2581
2593
2603
2599
2600
2595
2589
2580
2576
2560
2550
2536
2525
2517
2505
2493
2414
2383
2347
2313
2153
2118
2081
2050
2026
1941
1913
1882
1846
1817
1797
1778
1752
1657
1632
1610
1585
1504
1489
1481
1472
1464
1464
1471
1479
1486
1480
1477
1470
1464
1458
1454
1450
1446
1455
1467
1477
1493
1590
1622
1660
1694
1724
1835
1881
1927
1966
2007
2048
2082
2117
2231
2255
2288
2323
2441
2461
2481
2501
2542
2546
2546
2548
2549
2529
2518
2511
2501
2493
2484
2474
2463
2421
2419
2419
2412
2383
2376
2363
2353
2340
2287
2271
2251
2226
2194
2169
2149
2125
2033
2011
1990
1971
1874
1861
1841
1823
1805
1743
1723
1713
1697
1685
1671
1650
1638
1635
1644
1647
1653
1686
1697
1710
1723
1737
1743
1753
1753
1753
1780
1795
1811
1826
1846
1869
1893
1915
2009
2035
2065
2094
2171
2193
2210
2230
2252
2306
2325
2339
2359
2375
2392
2404
2418
2437
2439
2444
2449
2427
2415
2403
2394
2386
2340
2322
2308
2292
2279
2260
2249
2230
2161
2150
2130
2106
2082
2059
2036
2015
1997
1951
1938
1918
1912
1901
1889
1877
1873
1871
1853
1846
1841
1841
1840
1838
1832
1830
1810
1812
1813
1816
1811
1816
1814
1815
1822
1826
1818
1812
1799
1784
1765
1755
1762
1834
1866
1896
1923
2011
2017
2028
2035
2070
2077
2088
2103
2123
2159
2165
2170
2166
2166
2163
2162
2171
2177
2180
2181
2179
2151
2144
2137
2131
2131
2137
2139
2140
2138
2131
2130
2134
2130
2087
2074
2064
2067
2054
2049
2038
2031
1985
1973
1961
1950
1943
1934
1929
1928
1924
1913
1903
1892
1881
1860
1859
1857
1860
1852
1853
1859
1875
1886
1898
1904
1908
1910
1916
1919
1914
1912
1913
1921
1932
1945
1978
1980
1979
1981
1980
1996
2008
2017
2023
2030
2037
2048
2059
2097
2106
2120
2124
2162
2168
2171
2176
2186
2191
2195
2197
2202
2221
2227
2225
2221
2225
2227
2228
2231
2219
2218
2210
2199
2161
2154
2144
2133
2124
2101
2091
2084
2071
2054
2043
2033
2031
2014
2011
2007
2000
1976
1969
1959
1952
1930
1930
1921
1913
1905
1894
1894
1891
1888
1886
1877
1876
1874
1869
1875
1882
1892
1902
1914
1920
1927
1935
1958
1964
1969
1973
1979
1985
1992
2002
2023
2033
2038
2043
2038
2048
2052
2055
2071
2083
2085
2084
2085
2077
2074
2070
2072
2077
2076
2072
2072
2091
2087
2085
2086
2056
2055
2053
2057
2059
2060
2055
2047
2051
2059
2058
2052
2045
2026
2020
2016
2011
1988
1988
1986
1985
1981
1984
1981
1976
1969
1955
1954
1948
1947
1952
1956
1955
1953
1967
1972
1977
1980
1989
1999
2002
2004
2006
1996
1999
2000
2003
2000
2008
2015
2014
2011
2014
2019
2026
2028
2032
2038
2043
2052
2071
2074
2073
2072
2078
2083
2086
2087
2090
2093
2102
2107
2107
2103
2104
2103
2097
2098
2098
2093
2090
2086
2086
2079
2084
2085
2082
2080
2072
2060
2061
2066
2062
2049
2042
2034
2030
2022
2024
2019
2012
1999
1995
1991
1990
1985
1966
1964
1965
1964
1967
1969
1970
1962
1959
1969
1967
1969
1963
1967
1969
1973
1980
1979
1986
1988
1996
2019
2024
2026
2028
2028
2035
2044
2049
2049
2053
2051
2051
2056
2054
2049
2044
2044
2038
2034
2031
2030
2045
2045
2051
2055
2056
2049
2049
2054
2058
2065
2066
2071
2075
2078
2075
2076
2077
2071
2066
2066
2062
2053
2049
2050
2047
2043
2032
2028
2023
2016
2015
2010
2009
2006
1993
1990
1987
1984
1971
1966
1964
1956
1957
1963
1956
1953
1953
1954
1951
1948
1953
1968
1967
1971
1974
1981
1986
1994
1999
2009
2001
2001
2008
1982
1678
1279
1299
1555
2097
2114
2158
2245
2228
2286
2303
2168
2163
2103
2106
2124
2097
2121
2141
2130
2129
2167
2215
2228
2192
2144
2143
2136
2138
2093
2116
2079
2031
2015
2013
2041
2096
2166
2217
2236
2199
2118
2021
1961
1910
1882
1972
2035
2061
2057
2034
1936
1894
1871
1852
1826
1809
1836
1901
2079
2049
2008
1972
1899
1890
1886
1884
1845
1872
1928
1982
2034
2147
2135
2108
2077
2040
2015
2020
2026
1975
1992
2006
2030
2081
2088
2087
2076
2058
1990
2002
2041
2089
2121
2135
2139
2133
2103
2121
2139
2156
2199
2188
2162
2142
2098
2072
2044
2016
1989
1922
1927
1938
1956
1969
1975
1986
1998
1973
1951
1945
1937
1904
1908
1925
1958
1992
2013
2003
1979
1951
1932
1925
1923
1932
1993
2010
2030
2047
2062
2053
2047
2032
2021
2012
2009
2005
2004
2000
2003
2005
2004
2005
2007
2007
2011
1989
1980
1976
1971
1982
1978
1970
1960
1956
1975
1987
2004
2015
2023
2029
2044
2050
2079
2076
2062
2050
1962
1954
1953
1959
1971
1991
1988
1986
1976
1952
1930
1909
1880
1788
1775
1758
1740
1631
1623
1619
1611
1617
1651
1654
1660
1674
1687
1702
1725
1753
1820
1829
1835
1839
1844
1859
1871
1887
2025
2065
2116
2164
2211
2337
2368
2401
2442
2487
2531
2580
2623
2805
2847
2883
2920
3086
3128
3166
3202
3227
3293
3311
3326
3336
3344
3336
3332
3320
3259
3243
3223
3201
3080
3045
3009
2977
2801
2742
2681
2612
2545
2335
2259
2187
2112
2032
1961
1861
1670
1264
1193
1168
1134
1006
954
878
831
808
660
663
685
675
647
648
651
636
622
624
639
663
770
806
836
864
891
973
1006
1050
1082
1109
1149
1194
1235
1397
1448
1498
1560
1763
1812
1854
1897
2025
2054
2091
2134
2180
2300
2326
2358
2384
2398
2408
2415
2414
2452
2467
2473
2484
2434
2403
2384
2367
2362
2302
2268
2234
2197
2165
2142
2129
2119
2061
2046
2032
2025
2012
2016
2008
1984
1964
1883
1864
1861
1861
1856
1856
1868
1869
1812
1794
1789
1783
1783
1794
1806
1811
1862
1878
1901
1933
1962
2040
2066
2089
2120
2146
2165
2177
2181
2202
2224
2252
2279
2371
2389
2410
2427
2445
2487
2506
2527
2544
2570
2604
2642
2659
2694
2693
2701
2716
2771
2785
2793
2791
2778
2765
2760
2754
2747
2709
2685
2663
2638
2610
2581
2551
2521
2395
2369
2342
2314
2207
2181
2155
2121
2083
1952
1913
1880
1857
1834
1804
1773
1741
1670
1649
1636
1626
1628
1626
1631
1638
1642
1629
1622
1625
1641
1654
1659
1666
1678
1733
1745
1751
1765
1859
1889
1917
1947
2055
2072
2101
2134
2161
2251
2274
2286
2296
2306
2313
2316
2324
2352
2364
2363
2349
2308
2294
2280
2257
2235
2150
2123
2097
2079
2060
2037
2009
1983
1861
1830
1798
1777
1689
1670
1648
1613
1488
1460
1439
1425
1412
1360
1357
1358
1357
1361
1366
1369
1368
1379
1388
1391
1391
1412
1419
1432
1441
1452
1509
1537
1562
1587
1612
1642
1676
1713
1832
1873
1909
1952
2123
2152
2186
2220
2250
2312
2331
2351
2369
2391
2408
2416
2425
2447
2449
2461
2464
2420
2408
2399
2391
2367
2357
2348
2332
2317
2264
2243
2229
2222
2211
2198
2189
2175
2099
2085
2069
2061
2046
2038
2037
2037
2037
2018
2013
2006
2006
2006
2000
1996
1988
1959
1960
1962
1960
1942
1937
1936
1934
1944
1950
1954
1958
1956
1980
1989
1997
2006
2010
2012
2017
2011
2002
2008
2010
2011
2036
2040
2047
2050
2050
2062
2060
2064
2073
2078
2086
2090
2092
2116
2122
2126
2132
2148
2159
2163
2165
2172
2171
2170
2182
2189
2186
2190
2189
2191
2183
2181
2180
2171
2157
2145
2142
2145
2149
2148
2154
2156
2151
2152
2154
2148
2148
2145
2139
2126
2116
2078
2068
2067
2064
2033
2019
2007
2002
1994
1963
1961
1959
1948
1949
1942
1940
1940
1949
1959
1971
1973
1983
1974
1973
1985
1981
1995
2001
1998
2009
2015
2024
2037
2040
2040
2044
2054
2057
2067
2064
2063
2060
2042
2037
2036
2032
2031
2026
2018
2014
2005
1998
1996
1996
1993
1957
1952
1953
1947
1933
1934
1931
1936
1926
1918
1907
1894
1887
1880
1882
1880
1879
1877
1873
1865
1862
1855
1857
1858
1854
1850
1863
1873
1881
1891
1906
1913
1919
1922
1922
1930
1935
1938
1956
1957
1970
1983
2017
2025
2028
2031
2045
2054
2078
2087
2096
2107
2114
2115
2115
2110
2113
2123
2115
2104
2103
2100
2095
2084
2080
2067
2061
2063
2052
2027
2026
2030
2030
2033
2038
2042
2036
2037
2052
2053
2051
2056
2057
2058
2060
2061
2058
2063
2064
2055
2065
2069
2073
2084
2085
2089
2090
2087
2090
2093
2094
2094
2092
2096
2089
2088
2086
2070
2067
2059
2058
2061
2062
2060
2057
2057
2050
2045
2043
2045
2031
2034
2037
2034
2020
2022
2020
2017
2008
2011
2016
2020
2021
2021
2018
2015
2015
2016
2014
2020
2024
2036
2042
2045
2046
2048
2053
2051
2052
2056
2058
2059
2067
2071
2075
2075
2076
2079
2072
2068
2069
2074
2075
2071
2067
2062
2059
2059
2057
2054
2051
2048
2041
2035
2033
2005
1998
1993
1991
1975
1968
1961
1959
1934
1931
1926
1923
1926
1916
1911
1911
1915
1916
1919
1922
1919
1929
1934
1931
1934
1944
1948
1946
1943
1946
1946
1944
1948
1955
1960
1963
1966
1968
1988
1992
2003
2013
2025
2030
2034
2034
2053
2045
2050
2056
2061
2064
2063
2063
2065
2073
2078
2081
2085
2084
2086
2086
2082
2078
2076
2075
2077
2075
2071
2075
2080
2080
2078
2084
2089
2088
2088
2084
2078
2077
2069
2069
2065
2063
2056
2052
2044
2041
2049
2039
2037
2035
2028
2022
2025
2019
2015
2003
1998
1998
1994
2005
2006
2008
2011
2009
2010
2003
1998
1997
1999
1999
2001
1996
2003
2000
2000
2003
1997
1998
1998
2000
2006
2010
2010
2011
2010
2014
2013
2014
2014
2033
2038
2049
2051
2058
2067
2072
2081
2081
2082
2085
2091
2102
2107
2103
2104
2094
2086
2083
2082
2083
2081
2078
2073
2068
2060
2051
2041
2037
2031
2031
2015
2016
2013
2009
2003
1993
1989
1986
1982
1984
1978
1979
1984
1981
1980
1975
1970
1971
1964
1969
1975
1980
1980
1979
1975
1970
1973
1978
1972
1972
1969
1973
1975
1977
1982
1981
1982
1986
1993
1997
2000
2001
2005
2007
2009
2018
2021
2017
2015
2023
2026
2038
2044
2050
2056
2063
2069
2069
2064
2063
2068
2068
2073
2070
2070
2071
2078
2074
2074
2070
2065
2070
2074
2076
2079
2081
2074
2056
2051
2046
2035
2026
2029
2026
2024
2030
2028
2025
2025
2024
2022
2018
2022
2027
2028
2029
2031
2030
2016
2025
2031
2039
2046
2046
2042
2044
2047
2033
2028
2021
2017
2021
2021
2022
2018
2012
2017
2017
2014
2006
2004
2007
2010
2010
2007
2007
2007
2004
2002
2011
2058
2078
1734
1658
1615
1628
1905
2008
2079
2099
2114
2152
2163
2181
2191
2187
2165
2157
2144
2093
2084
2081
2087
2093
2098
2108
2133
2149
2151
2155
2153
2168
2186
2193
2189
2183
2181
2158
2146
2136
2120
2093
2069
2053
2035
2000
2014
2030
2048
2011
1986
1964
1946
1942
1953
1960
1965
1963
1956
1946
1942
1935
1888
1880
1888
1908
1969
1964
1938
1904
1850
1868
1891
1912
1927
1970
1984
1998
2009
2004
1996
2001
2002
2080
2098
2112
2117
2045
2028
2025
2031
2044
2083
2100
2108
2114
2120
2104
2088
2072
2033
2044
2070
2099
2139
2141
2136
2135
2133
2136
2138
2142
2143
2146
2138
2120
2094
2012
2011
2010
2014
2023
2010
1994
1977
1957
1911
1910
1916
1925
1936
1946
1947
1952
1924
1917
1917
1924
1944
1952
1956
1958
1966
1969
1979
1989
2004
2015
2022
2033
2045
2048
2036
2017
2001
1989
1993
1986
1984
1994
2019
2022
2022
2015
2003
1990
1975
1952
1936
1917
1914
1917
1921
1918
1913
1905
1899
1894
1900
1901
1890
1801
1776
1766
1759
1752
1760
1757
1756
1756
1767
1764
1767
1769
1771
1770
1774
1788
1805
1808
1808
1814
1875
1904
1931
1968
2012
2126
2166
2200
2236
2265
2294
2329
2358
2480
2512
2552
2592
2625
2762
2799
2844
2888
2929
2964
3002
3039
3127
3153
3170
3192
3216
3234
3252
3270
3285
3256
3235
3212
3182
3145
3113
3083
3049
2889
2844
2800
2748
2686
2491
2422
2355
2278
2206
2132
2065
2003
1753
1707
1631
1500
1011
913
838
776
630
597
574
560
555
528
538
544
541
539
545
555
562
673
714
761
807
1015
1064
1115
1174
1233
1430
1489
1554
1632
1699
1757
1816
1853
1953
1979
2018
2064
2236
2283
2331
2371
2407
2461
2468
2485
2494
2503
2515
2530
2544
2591
2583
2582
2572
2538
2544
2553
2557
2523
2496
2470
2444
2419
2366
2348
2319
2292
2276
2254
2224
2191
2059
2028
2007
1993
1930
1911
1891
1865
1839
1751
1722
1701
1676
1653
1643
1634
1629
1566
1547
1535
1526
1531
1538
1556
1571
1578
1617
1628
1646
1664
1684
1713
1739
1765
1868
1890
1912
1938
2089
2122
2155
2194
2340
2366
2392
2421
2445
2543
2580
2611
2643
2673
2701
2725
2747
2809
2816
2832
2839
2887
2886
2890
2888
2888
2872
2873
2876
2872
2864
2859
2846
2831
2713
2669
2628
2592
2446
2413
2361
2305
2254
2088
2031
1977
1933
1883
1834
1785
1741
1575
1543
1508
1484
1418
1413
1408
1399
1379
1380
1396
1413
1432
1487
1503
1523
1542
1556
1575
1592
1608
1701
1727
1759
1798
1924
1955
1981
2004
2118
2149
2179
2199
2230
2310
2331
2349
2361
2370
2390
2400
2413
2417
2403
2391
2381
2336
2324
2311
2291
2270
2200
2172
2148
2129
2105
2081
2059
2036
1964
1950
1928
1901
1800
1774
1751
1730
1647
1634
1623
1609
1595
1555
1548
1548
1541
1533
1524
1518
1508
1495
1490
1481
1480
1505
1526
1548
1571
1599
1656
1675
1703
1727
1758
1792
1821
1847
1933
1944
1957
1960
1964
2037
2135
2208
2210
2059
2024
1987
1957
1948
1950
1957
1981
2100
2128
2176
2215
2319
2321
2337
2368
2434
2443
2441
2423
2404
2421
2423
2435
2442
2442
2454
2462
2464
2409
2401
2380
2352
2285
2301
2298
2268
2229
2088
2054
2030
2004
1984
1969
1953
1936
1856
1845
1837
1833
1800
1799
1795
1793
1791
1778
1768
1760
1766
1786
1804
1821
1847
1869
1866
1869
1870
1903
1898
1887
1882
1852
1841
1846
1860
1887
1997
2025
2044
2052
2060
2059
2056
2045
2048
2072
2098
2126
2191
2206
2212
2214
2216
2191
2192
2205
2227
2249
2272
2291
2299
2334
2344
2355
2370
2416
2408
2396
2378
2355
2279
2259
2237
2228
2227
2222
2212
2187
2045
2017
1995
1983
2012
2016
2012
2010
2010
1988
1987
1984
1981
1978
1982
1986
1985
1966
1952
1944
1933
1907
1910
1914
1913
1901
1893
1884
1878
1875
1888
1900
1915
1931
1943
1946
1942
1931
1884
1885
1898
1912
1959
1965
1965
1966
1960
1954
1969
1976
1986
1994
2000
2004
2004
1993
2000
2013
2017
2012
2014
2021
2038
2050
2080
2082
2074
2059
2041
2021
1996
1972
1886
1880
1877
1877
1881
1903
1933
1960
2040
2054
2054
2051
2044
2041
2038
2034
2028
2035
2044
2049
2058
2086
2090
2092
2096
2110
2092
2082
2073
2061
2038
2023
2012
2008
2001
2003
1998
1993
1987
1982
1985
1990
1991
1996
2007
2016
2026
2048
2049
2052
2055
2056
2059
2062
2066
2063
2058
2055
2050
2046
2044
2038
2027
1983
1968
1958
1950
1949
1972
1981
1989
2001
2007
2010
2017
2024
2046
2048
2058
2069
2201
2232
2236
2231
2218
2130
2104
2075
2053
2045
2041
2034
2026
1969
1957
1946
1946
1951
1963
1969
1979
1989
2000
2000
2001
2001
2003
2009
2022
2034
2065
2064
2061
2062
2095
2115
2132
2151
2162
2199
2206
2209
2216
2226
2234
2249
2268
2289
2275
2259
2241
2167
2146
2124
2094
1999
1976
1954
1925
1901
1819
1796
1772
1755
1739
1724
1715
1699
1670
1676
1684
1692
1732
1737
1742
1746
1746
1775
1793
1823
1859
1895
1919
1940
1958
1996
2005
2021
2045
2121
2138
2154
2161
2163
2148
2135
2124
2118
2110
2100
2092
2092
2070
2064
2056
2048
1999
2003
2004
2006
2012
2039
2046
2056
2051
2058
2062
2069
2086
2117
2115
2116
2115
2109
2098
2093
2090
2085
2099
2111
2120
2123
2123
2116
2108
2096
2087
2095
2099
2106
2105
2101
2097
2087
2081
2039
2020
2008
2002
1999
1988
1978
1968
1963
1942
1940
1939
1947
1955
1964
1980
1998
2035
2037
2042
2042
2036
2044
2045
2041
2020
2012
2010
2012
2011
2017
2022
2030
2041
2047
2051
2059
2061
2087
2097
2104
2100
2094
2097
2099
2094
2090
2090
2092
2094
2094
2093
2089
2087
2089
2070
2070
2064
2056
2028
2023
2027
2031
2029
2024
2016
2007
2005
2007
2010
2005
1995
1973
1971
1978
1976
1965
1956
1961
1965
1976
1974
1979
1991
2001
2013
2013
2011
2008
2006
1997
1984
1974
1949
1943
1945
1951
1959
1965
1960
1966
1970
1978
1994
1999
2004
2010
2025
2035
2038
2084
2088
2092
2097
2110
2118
2122
2127
2135
2155
2158
2162
2165
2169
2170
2177
2182
2177
2173
2171
2167
2148
2133
2124
2119
2080
2062
2047
2034
2019
1977
1957
1946
1936
1930
1924
1911
1899
1866
1869
1866
1863
1842
1847
1847
1855
1866
1873
1882
1887
1890
1898
1902
1910
1917
1978
1989
1997
2005
2047
2053
2062
2071
2076
2088
2087
2080
2066
2054
2048
2046
2041
2023
2011
2006
2010
1993
1995
1984
1982
1999
1995
1993
1992
1994
2019
2023
2027
2032
2033
2036
2045
2055
2080
2076
2070
2069
2031
2029
2034
2039
2034
2026
2019
2012
2007
2013
2014
2014
2014
2026
2022
2021
2027
2024
2030
2030
2019
2016
2132
2167
2077
1941
1869
1848
1835
1823
2017
2063
2122
2161
2190
2136
2095
2121
2150
1922
1973
2028
2068
2100
2146
2184
2188
2079
2081
2101
2119
2080
2106
2120
2139
2104
2046
2010
1992
1990
2009
2018
2021
2029
2023
2002
1993
2022
1974
1953
1956
1958
1950
1944
1949
1972
2005
2050
2054
2050
2029
2009
1992
1987
1991
2025
2023
2034
2054
2051
2052
2049
2051
2053
2069
2062
2047
2035
2034
2049
2069
2085
2069
2053
2037
2030
2034
2018
1997
1981
2035
2055
2056
2053
2057
2067
2056
2039
2008
1972
1945
1932
1934
2000
2031
2061
2085
1999
1977
1965
1965
1974
2012
2027
2037
2051
2062
2063
2061
2039
1986
1981
1981
1976
1988
1994
2003
2011
2006
1966
1961
1960
1967
1971
1963
1951
1944
1954
1956
1968
1974
1985
1980
1979
1979
1956
1966
1972
1974
1977
2010
2006
1997
1995
1988
1982
1976
1980
2012
2022
2030
2033
2016
2015
2017
2025
2052
2106
2120
2128
2132
2131
2126
2114
2090
2035
2041
2050
2072
2081
2065
2054
2040
2029
2006
2006
2005
2005
2005
2011
2013
2011
1971
1962
1959
1940
1873
1854
1845
1843
1845
1835
1839
1846
1848
1850
1852
1853
1855
1821
1817
1812
1808
1847
1860
1866
1869
1901
1915
1936
1950
1961
2047
2078
2115
2139
2167
2192
2214
2231
2252
2257
2277
2303
2420
2447
2470
2485
2501
2538
2546
2563
2568
2578
2596
2608
2618
2658
2662
2659
2654
2623
2614
2608
2595
2592
2540
2519
2498
2472
2486
2528
2513
2433
2158
2085
2036
1989
1865
1845
1822
1809
1805
1748
1715
1674
1617
1586
1579
1558
1523
1477
1473
1463
1451
1497
1501
1517
1527
1550
1649
1669
1689
1707
1720
1720
1718
1715
1733
1738
1739
1738
1721
1725
1729
1739
1740
1726
1707
1688
1672
1677
1699
1715
1731
1749
1766
1787
1809
1839
1850
1869
1905
2036
2052
2066
2072
2084
2149
2167
2184
2204
2224
2236
2244
2241
2255
2254
2250
2257
2229
2226
2211
2186
2161
2062
2031
2003
1988
1973
1962
1964
1964
1998
1990
1971
1944
1828
1808
1794
1784
1778
1770
1761
1746
1728
1713
1695
1678
1673
1744
1764
1789
1815
1878
1892
1911
1947
2075
2104
2132
2151
2169
2219
2242
2261
2281
2293
2314
2320
2326
2318
2313
2315
2324
2398
2419
2439
2451
2458
2464
2468
2474
2491
2506
2528
2551
2572
2597
2592
2585
2572
2504
2492
2480
2466
2447
2350
2311
2270
2234
2197
2161
2121
2091
2017
2006
1991
1978
1886
1867
1853
1840
1824
1805
1806
1801
1798
1799
1793
1793
1797
1793
1796
1796
1800
1821
1826
1832
1845
1906
1918
1933
1940
1946
1971
1985
1998
2016
2031
2050
2066
2085
2142
2148
2157
2164
2167
2167
2166
2164
2163
2165
2171
2177
2178
2176
2168
2161
2151
2095
2089
2082
2081
2061
2052
2043
2032
2022
1972
1961
1945
1928
1918
1902
1886
1871
1803
1779
1758
1739
1682
1670
1663
1655
1659
1661
1666
1673
1684
1693
1705
1710
1714
1726
1737
1754
1766
1778
1794
1807
1819
1830
1866
1876
1878
1881
1877
1874
1875
1884
1893
1904
1911
1914
1923
1937
1947
1954
1960
1996
2001
2012
2030
2079
2096
2099
2108
2114
2109
2106
2103
2100
2106
2110
2111
2115
2123
2129
2128
2138
2163
2167
2168
2173
2200
2205
2212
2216
2222
2223
2220
2221
2217
2211
2209
2205
2205
2188
2175
2170
2162
2114
2100
2086
2070
2058
2024
2014
2002
1987
1976
1966
1963
1956
1943
1937
1934
1934
1933
1936
1939
1944
1964
1963
1963
1969
1973
1968
1969
1970
1967
1966
1970
1969
1970
1955
1955
1959
1968
1980
1984
1997
2006
2022
2058
2069
2081
2084
2094
2107
2121
2131
2166
2176
2183
2189
2195
2200
2210
2213
2215
2221
2221
2222
2221
2222
2218
2215
2206
2152
2143
2136
2125
2071
2060
2055
2046
1995
1982
1973
1970
1955
1924
1920
1918
1915
1912
1915
1919
1928
1925
1931
1934
1935
1963
1970
1977
1985
1992
1997
1998
2003
2005
2003
2002
2004
2004
2017
2015
2011
1982
2143
2168
2185
2178
1983
1943
1895
1870
1873
1925
1947
1969
1997
2020
2045
2051
2047
2008
2011
2028
2050
2078
2043
2030
2027
2030
2071
2070
2065
2072
2085
2084
2064
2035
1970
1974
1979
1979
1956
1927
1892
1865
1843
1853
1891
1939
1974
1999
2012
2004
1987
1888
1890
1916
1949
2085
2095
2097
2081
2015
2017
2021
2036
2062
2133
2158
2166
2167
2150
2123
2100
2079
2043
2041
2042
2030
1979
1972
1969
1961
1984
2007
2040
2066
2081
2023
1998
1982
1975
1983
2001
2027
2056
2078
2049
2007
1962
1871
1884
1905
1935
1965
2059
2088
2110
2113
2112
2104
2103
2107
2190
2214
2228
2227
2114
2086
2064
2050
2043
2013
1992
1971
1959
1951
1948
1950
1955
2004
2017
2032
2051
2043
2037
2040
2053
2086
2071
2045
2020
2000
1934
1920
1906
1909
1919
1937
1957
1983
1946
1930
1911
1898
1884
1892
1899
1895
1898
1852
1843
1830
1828
1829
1832
1839
1851
1896
1895
1891
1893
1986
2019
2050
2085
2116
2210
2241
2274
2306
2334
2363
2393
2426
2546
2556
2563
2561
2539
2544
2548
2559
2581
2574
2563
2541
2516
2425
2405
2384
2364
2342
2318
2285
2250
2059
2006
1952
1895
1684
1637
1597
1561
1527
1435
1403
1374
1351
1327
1304
1289
1269
1213
1208
1210
1222
1271
1291
1314
1337
1366
1451
1486
1520
1563
1609
1677
1740
1756
2032
2214
2332
2394
2456
2502
2485
2410
2367
2170
2091
2052
2023
1983
1956
1973
1989
1988
2030
2069
2096
2115
2142
2172
2198
2238
2345
2320
2314
2312
2401
2446
2495
2557
2629
2712
2714
2687
2642
2601
2569
2545
2531
2454
2440
2418
2371
2308
2256
2209
2174
2179
2269
2302
2329
2335
2319
2294
2253
2185
2085
1871
1848
1845
1867
1902
1938
1972
1976
1903
1886
1864
1845
1842
1862
1890
1919
1962
2117
2148
2178
2192
2188
2176
2183
2193
2196
2209
2193
2165
2141
2116
2088
2050
2006
1840
1831
1846
1873
1896
1871
1835
1795
1752
1698
1706
1710
1699
1672
1625
1554
1461
1035
968
915
883
1006
1078
1158
1238
1556
1663
1785
1922
2071
2443
2540
2608
2653
2672
2676
2666
2645
2560
2526
2494
2454
2325
2300
2284
2273
2272
2283
2298
2308
2311
2308
2314
2311
2310
2331
2310
2275
2235
1957
1878
1795
1725
1586
1579
1577
1569
1557
1542
1543
1557
1592
1643
1711
1785
1857
2132
2180
2226
2267
2302
2371
2384
2395
2401
2398
2379
2352
2310
2197
2164
2149
2133
2122
2111
2109
2112
2120
2139
2144
2157
2169
2188
2201
2218
2235
2243
2195
2161
2118
2067
2016
1963
1914
1874
1753
1737
1730
1723
1700
1700
1711
1730
1863
1891
1921
1954
1981
2035
2050
2061
2068
2069
2068
2072
2076
2090
2096
2124
2156
2263
2291
2316
2331
2353
2393
2405
2418
2425
2428
2427
2425
2409
2275
2224
2168
2109
1949
1929
1919
1919
1933
1964
1977
1993
2006
2027
2056
2080
2107
2167
2182
2192
2198
2195
2186
2148
2139
2242
2146
2022
1901
1777
1637
1534
1488
1441
1423
1623
1723
1844
1936
1993
1993
1980
1984
1914
1955
1984
2019
2130
2131
2135
2112
2102
2049
2037
2054
2087
2136
2178
2202
2192
2073
2012
1941
1885
1869
1860
1844
1848
1884
2020
2057
2096
2135
2173
2207
2222
2208
2185
2075
2027
1980
1941
1920
1898
1868
1834
1736
1724
1724
1728
1766
1790
1803
1803
1800
1753
1728
1703
1698
1697
1698
1706
1723
1802
1809
1811
1811
1798
1783
1803
1827
1858
1904
1955
1999
2034
2058
2038
2017
2019
2025
2043
2090
2156
2231
2446
2491
2509
2504
2474
2435
2384
2331
2192
2195
2205
2216
2221
2209
2192
2177
2166
2161
2165
2181
2200
2305
2314
2311
2289
2197
2190
2179
2170
2170
2166
2144
2123
2099
2075
2063
2048
2042
2058
2063
2054
2035
1937
1932
1942
1967
2099
2124
2129
2119
2106
2009
1973
1951
1930
1911
1890
1870
1855
1787
1762
1735
1715
1703
1728
1757
1790
1806
1830
1815
1787
1770
1766
1771
1783
1798
1939
1966
1982
1996
1997
1995
2002
2018
2091
2099
2097
2096
2084
2045
2040
2041
2042
2044
2051
2059
2065
2064
2064
2058
2054
2014
2001
1999
2002
2000
2019
2028
2036
2047
2058
2067
2076
2089
2082
2074
2067
2059
1980
1969
1962
1970
1984
2032
2055
2072
2086
2107
2126
2134
2132
2132
2127
2126
2129
2127
2128
2127
2123
2123
2129
2137
2152
2162
2178
2213
2241
2261
2288
2343