2022
2013
2014
2017
2017
1994
1992
1986
1981
1975
1954
1946
1943
1937
1932
1933
1938
1944
1957
1955
1963
1965
1981
1991
1997
2001
2032
2034
2040
2053
2065
2095
2107
2118
2134
2147
2148
2149
2151
2170
2183
2186
2187
2185
2187
2184
2181
2184
2177
2171
2167
2168
2163
2159
2151
2144
2100
2082
2068
2056
2019
2007
2000
2000
1958
1951
1946
1938
1931
1906
1901
1904
1904
1895
1896
1895
1897
1894
1893
1897
1898
1906
1910
1912
1914
1931
1931
1929
1929
1931
1962
1964
1969
1978
1978
1984
1988
1996
2003
2004
2006
2008
2000
2006
2012
2018
2027
2051
2061
2070
2075
2079
2079
2085
2091
2116
2118
2124
2139
2151
2145
2137
2131
2120
2121
2119
2118
2114
2090
2082
2071
2062
2051
2045
2035
2032
2006
1998
1996
1988
1960
1960
1956
1952
1938
1930
1934
1933
1932
1935
1934
1935
1942
1951
1960
1968
1977
1991
1998
2008
2016
2027
2031
2034
2034
2035
2022
2015
2018
2022
2028
2028
2032
2037
2031
2029
2031
2032
2032
2039
2046
2044
2048
2065
2066
2071
2087
2099
2112
2118
2116
2116
2101
2102
2097
2089
2087
2089
2098
2095
2074
2067
2067
2065
2041
2041
2042
2049
2061
2060
2066
2072
2080
2083
2081
2082
2094
2095
2091
2083
2078
2053
2043
2031
2016
1987
1983
1976
1978
1980
1967
1967
1965
1960
1955
1951
1948
1948
1928
1926
1929
1928
1916
1918
1924
1934
1959
1962
1970
1970
1976
1992
1998
2005
2013
2020
2035
2043
2052
2058
2058
2060
2062
2068
2068
2071
2072
2073
2076
2072
2069
2060
2071
2076
2083
2087
2090
2092
2090
2096
2057
2049
2042
2027
1985
1919
1854
1975
2172
1945
1885
1849
1791
1762
1789
1772
1706
2069
2035
2001
1979
1903
1902
1892
1923
1991
2011
2017
2017
2031
2023
2085
2112
2106
2127
2173
2210
2245
2246
2242
2254
2272
2217
2203
2180
2160
2158
2095
2083
2061
2028
1995
1987
1985
1954
1853
1838
1824
1818
1793
1792
1766
1743
1742
1771
1806
1836
1854
1857
1859
1866
1880
1885
1889
1897
1922
2065
2071
2083
2083
2058
2097
2140
2184
2284
2294
2307
2318
2328
2381
2378
2386
2422
2481
2553
2625
2698
2774
2760
2738
2713
2607
2587
2569
2535
2500
2372
2307
2257
2204
2145
2087
2052
2031
1908
1869
1820
1769
1542
1492
1444
1403
1280
1242
1192
1142
1094
1027
1032
1059
1095
1123
1142
1152
1161
1232
1273
1333
1398
1678
1738
1793
1837
1967
2005
2050
2098
2152
2294
2325
2357
2381
2395
2407
2431
2451
2519
2565
2595
2627
2663
2601
2536
2475
2420
2344
2332
2338
2361
2386
2397
2389
2361
2182
2161
2140
2123
2083
2071
2057
2051
2060
2084
2117
2152
2192
2300
2330
2354
2372
2381
2392
2400
2408
2368
2350
2323
2298
2197
2180
2165
2160
2151
2148
2129
2111
2088
1997
1973
1953
1931
1911
1894
1872
1850
1758
1745
1737
1736
1709
1692
1677
1655
1640
1593
1599
1604
1622
1645
1657
1663
1673
1667
1683
1716
1746
1858
1865
1867
1874
1879
1888
1893
1905
1929
2068
2119
2162
2200
2214
2213
2199
2175
2013
1968
1938
1898
1752
1720
1684
1649
1617
1580
1594
1613
1640
1676
1714
1754
1801
1940
1975
2012
2059
2236
2262
2279
2276
2227
2223
2222
2223
2220
2175
2147
2112
2081
2052
2025
2010
2003
2033
2044
2057
2076
2085
2074
2072
2068
2067
2067
2063
2061
2063
2048
2029
2010
1994
1939
1933
1926
1931
1935
1952
1971
1982
2008
2078
2112
2146
2183
2230
2280
2328
2370
2402
2487
2498
2501
2500
2492
2487
2479
2461
2354
2321
2290
2257
2147
2129
2113
2102
2066
2056
2045
2031
2021
1978
1976
1972
1963
1952
1944
1932
1919
1875
1875
1873
1869
1876
1884
1895
1908
1919
1948
1960
1974
1991
1999
2005
2012
2024
2063
2086
2108
2134
2156
2177
2185
2200
2207
2214
2216
2216
2211
2212
2211
2215
2221
2229
2214
2204
2190
2175
2158
2138
2119
2099
2002
1980
1950
1925
1818
1799
1774
1760
1750
1750
1752
1762
1778
1791
1800
1822
1842
1896
1915
1932
1952
1967
1980
1988
1991
1993
1999
2004
2001
2006
2007
2005
2003
2006
2012
1994
1987
1989
1986
1982
1979
1988
1997
2050
2062
2070
2081
2071
2069
2072
2066
2063
2039
2029
2014
1999
1974
1956
1937
1915
1877
1869
1859
1852
1845
1846
1847
1850
1848
1865
1875
1881
1889
1894
1906
1913
1920
1926
1934
1934
1931
1926
1923
1913
1901
1896
1879
1877
1873
1871
1876
1878
1886
1896
1918
1961
1972
1978
1990
1995
2004
2011
2026
2043
2078
2083
2085
2096
2106
2120
2131
2139
2159
2164
2169
2176
2207
2212
2212
2213
2232
2236
2241
2240
2247
2231
2221
2220
2209
2204
2204
2205
2198
2161
2153
2150
2152
2106
2100
2087
2078
2069
2046
2031
2018
2014
2007
1991
1984
1975
1949
1943
1942
1938
1936
1934
1937
1943
1964
1970
1979
1986
1994
2018
2021
2034
2043
2054
2055
2053
2051
2031
2028
2024
2015
1970
1955
1945
1930
1919
1917
1914
1911
1917
1915
1918
1919
1926
1934
1937
1938
1947
1964
1966
1973
1983
1992
2000
2008
2011
2018
2049
2060
2070
2082
2083
2091
2103
2113
2153
2157
2162
2166
2177
2184
2183
2180
2175
2163
2155
2145
2141
2126
2118
2109
2100
2071
2062
2061
2056
2025
2022
2021
2023
2010
2012
2014
2014
2016
2007
1997
1990
1995
1994
1993
1993
1991
1987
1987
1987
1994
1995
2004
2003
2010
2007
2011
2012
2018
2013
1999
1999
2003
2005
2006
2011
2006
2005
1997
2003
2003
2006
2013
2014
2009
2009
2010
2011
2017
2018
2019
2016
2011
2011
2007
1999
2001
2016
2022
2025
2027
2030
2029
2021
2013
2002
1996
1991
1976
1969
1960
1960
1956
1947
1946
1937
1918
1921
1918
1918
1944
1950
1958
1968
1976
2006
2018
2024
2035
2048
2056
2059
2065
2081
2086
2084
2082
2076
2077
2082
2079
2072
2071
2078
2082
2074
2069
2073
2079
2079
2078
2076
2076
2075
2070
2067
2066
2063
2053
2026
2018
2017
2012
2008
2000
1995
1986
1978
1961
1963
1959
1954
1953
1954
1954
1955
1968
1965
1967
1972
1989
1987
1992
2004
2019
2022
2023
2023
2028
2031
2034
2038
2040
2044
2048
2056
2063
2065
2068
2071
2072
2088
2089
2095
2098
2092
2084
2079
2077
2080
2088
2092
2089
2087
2084
2086
2089
2086
2091
2090
2085
2079
2071
2061
2064
2063
2058
2040
2035
2031
2027
2026
2026
2028
2026
2021
2018
2019
2022
2013
2017
2021
2022
2023
2016
2012
2011
2012
2016
2016
2014
2012
2002
2000
1996
1999
1995
1994
1994
1989
2001
2006
2006
2006
2009
1998
1993
1991
2001
2006
2011
2016
2028
2020
2016
2011
2005
1997
1997
1996
1993
1993
1988
1983
1984
1980
1979
1985
1984
1988
1992
1989
1989
1989
1988
1988
1987
1986
1984
1972
1976
1985
1983
1978
1974
1975
1976
1962
1958
1962
1966
1979
1989
1998
2002
2017
2024
2030
2031
2039
2045
2045
2053
2057
2064
2069
2080
2084
2103
2111
2119
2129
2124
2125
2130
2130
2131
2120
2117
2113
2107
2102
2099
2091
2086
2071
2066
2065
2069
2067
2061
2057
2052
2036
2035
2036
2031
2026
2009
2004
2006
2007
2005
2004
2002
2000
2007
2008
2005
2005
2014
2010
2008
2011
2012
2024
2024
2017
2013
2014
2012
2016
2011
2006
2010
2007
2004
2018
2022
2019
2017
2004
2003
2001
1997
1994
1986
1985
1986
1985
1978
1978
1981
1980
1993
2000
2006
1998
2009
2010
2016
2018
2019
2031
2036
2039
2042
2048
2051
2056
2058
2050
2052
2059
2059
2032
2027
2029
2025
2023
2020
2021
2019
2017
2015
2017
2015
2013
2005
2002
2003
2000
2004
2007
2005
2009
2008
2017
2017
2014
2014
2007
2005
2002
1999
2000
1986
1984
1989
1991
1996
1996
2007
2010
2009
2010
2012
2014
2009
2016
2018
2013
2014
2012
2008
2013
2009
1994
1996
1999
2006
2010
2015
2016
2020
2034
2042
2053
2056
2070
2074
2080
2091
2101
2096
2090
2088
2084
2080
2081
2084
2090
2098
2098
2091
2089
2102
2102
2103
2101
2085
2082
2079
2078
2075
2054
2047
2044
2039
2038
2030
2022
2024
2005
1997
1996
1997
1978
1971
1971
1991
2011
1950
1934
1922
1908
1903
1905
1920
1934
1997
2005
2017
2031
2027
2024
2008
2002
2029
2043
2064
2070
2064
2093
2100
2103
2105
2104
2102
2106
2120
2120
2115
2101
2088
2027
2022
2013
2006
2007
2011
2008
2006
2011
2013
2006
2004
1998
1967
1959
1964
1969
1981
1983
1984
1985
1985
1986
1987
1988
1986
1987
1988
1985
1984
1984
1983
1989
1996
1999
2053
2176
2222
1838
1797
1774
1794
1821
1879
1927
1982
2007
1990
2001
2048
2043
1904
1880
1830
1822
1875
1926
1952
1969
2014
2039
2011
2038
2097
2119
2101
2098
2109
2124
2306
2333
2327
2315
2303
2275
2224
2157
2011
2004
2004
1994
1972
1982
1988
1987
1961
1837
1788
1743
1698
1663
1641
1633
1631
1632
1629
1629
1631
1623
1620
1627
1642
1745
1754
1755
1755
1766
1869
1915
1970
2030
2100
2167
2228
2278
2551
2624
2699
2771
3077
3153
3221
3284
3351
3475
3502
3553
3603
3655
3702
3744
3772
3778
3726
3649
3556
3090
2967
2845
2711
2130
1967
1801
1628
1452
959
816
685
575
466
357
245
161
111
114
108
107
102
105
106
108
114
133
145
163
191
231
292
370
457
846
969
1107
1265
1896
2042
2183
2311
2768
2863
2949
3038
3131
3359
3418
3465
3513
3555
3577
3599
3612
3601
3595
3589
3577
3453
3412
3363
3302
3080
3034
2990
2949
2906
2770
2735
2703
2660
2620
2575
2537
2493
2382
2358
2329
2289
2109
2068
2026
1977
1940
1857
1820
1745
1646
1523
1402
1284
1173
938
914
899
879
834
837
850
859
867
862
872
890
920
964
1004
1046
1079
1221
1262
1308
1354
1570
1640
1715
1788
1951
1965
1977
1980
1992
2084
2130
2178
2234
2286
2329
2373
2414
2498
2510
2527
2548
2639
2661
2678
2691
2700
2683
2675
2673
2679
2686
2698
2710
2725
2718
2691
2665
2637
2511
2499
2484
2474
2356
2320
2269
2214
2162
2007
1954
1906
1858
1802
1749
1686
1621
1316
1233
1157
1095
943
932
920
913
909
878
865
853
845
847
861
879
903
1056
1106
1157
1208
1432
1492
1562
1637
1952
2027
2099
2170
2236
2439
2506
2580
2654
2725
2790
2855
2910
3102
3152
3198
3237
3339
3350
3359
3356
3349
3288
3264
3243
3222
3202
3178
3152
3122
2956
2905
2854
2803
2590
2529
2469
2402
2342
2127
2052
1980
1910
1839
1777
1727
1676
1500
1458
1414
1373
1189
1154
1125
1104
1090
1104
1122
1134
1146
1187
1208
1234
1269
1306
1353
1415
1477
1710
1755
1805
1847
2033
2082
2135
2192
2245
2378
2415
2453
2484
2512
2536
2560
2577
2599
2597
2592
2592
2567
2558
2553
2545
2498
2477
2455
2427
2399
2317
2291
2268
2244
2224
2207
2197
2182
2109
2080
2056
2035
1949
1932
1910
1894
1880
1829
1804
1779
1762
1743
1726
1711
1702
1655
1644
1639
1624
1584
1575
1571
1569
1575
1581
1582
1591
1593
1596
1601
1602
1607
1612
1620
1635
1646
1685
1697
1706
1716
1742
1748
1757
1771
1785
1824
1832
1845
1852
1862
1871
1885
1897
1961
1975
1990
2011
2054
2071
2083
2103
2148
2162
2173
2187
2205
2262
2275
2285
2303
2322
2346
2372
2397
2444
2453
2462
2470
2486
2498
2496
2494
2485
2460
2443
2424
2403
2384
2364
2343
2323
2246
2226
2210
2183
2081
2058
2036
2014
1913
1883
1861
1837
1822
1753
1733
1720
1706
1690
1684
1673
1676
1677
1677
1690
1705
1778
1800
1822
1841
1864
1912
1939
1965
1976
1999
2018
2040
2058
2122
2131
2148
2162
2176
2183
2195
2207
2214
2217
2222
2222
2227
2230
2227
2219
2220
2221
2221
2214
2213
2189
2176
2168
2162
2120
2106
2095
2085
2083
2046
2038
2027
2024
2017
2008
2000
1990
1967
1951
1936
1927
1922
1920
1914
1903
1898
1879
1876
1882
1880
1878
1881
1880
1878
1886
1891
1897
1907
1920
1934
1950
1963
1983
2036
2045
2055
2063
2083
2093
2099
2107
2092
2083
2083
2073
2060
2032
2022
2011
2005
1996
1983
1975
1966
1932
1920
1912
1904
1900
1897
1902
1900
1901
1911
1920
1923
1934
1943
1949
1956
1962
1969
1977
1980
1985
2012
2019
2029
2038
2066
2076
2084
2093
2104
2119
2131
2136
2152
2158
2161
2164
2167
2182
2182
2184
2191
2190
2185
2188
2189
2182
2167
2162
2151
2140
2126
2115
2109
2099
2053
2035
2030
2023
1979
1969
1969
1961
1920
1910
1903
1906
1904
1894
1888
1889
1889
1887
1881
1882
1883
1865
1867
1878
1878
1885
1893
1897
1909
1915
1928
1934
1944
1960
1970
1984
2003
2018
2072
2085
2096
2110
2166
2178
2192
2203
2221
2223
2226
2231
2239
2232
2225
2214
2199
2192
2185
2180
2172
2126
2108
2091
2074
2013
2002
1993
1978
1967
1930
1922
1921
1913
1905
1900
1893
1885
1869
1864
1862
1867
1876
1879
1881
1887
1893
1896
1898
1906
1902
1914
1922
1932
1930
1937
1938
1945
1959
1989
2004
2012
2022
2053
2057
2063
2076
2080
2089
2092
2095
2098
2108
2116
2120
2124
2129
2127
2130
2128
2114
2114
2118
2120
2107
2100
2102
2100
2104
2084
2082
2083
2086
2079
2072
2066
2067
2049
2051
2050
2049
2039
2045
2045
2049
2046
2064
2062
2057
2053
2053
2052
2046
2046
2045
2044
2044
2039
2027
2022
2018
2007
1964
1958
1956
1952
1954
1934
1939
1938
1936
1935
1926
1924
1925
1937
1943
1947
1953
1958
1963
1965
1966
1974
1966
1974
1984
1995
1996
2000
2003
2011
2031
2034
2039
2047
2070
2073
2073
2075
2089
2090
2096
2098
2100
2102
2104
2105
2098
2100
2099
2102
2102
2091
2088
2087
2092
2082
2077
2078
2076
2073
2047
2042
2040
2041
2036
2026
2017
2007
2001
1996
1993
1985
1948
1945
1940
1932
1924
1920
1913
1906
1903
1889
1894
1893
1895
1893
1895
1894
1894
1892
1895
1898
1909
1924
1934
1942
1953
1968
2003
2013
2028
2047
2057
2071
2087
2102
2147
2151
2153
2161
2171
2176
2175
2174
2165
2154
2149
2143
2140
2113
2102
2094
2086
2083
2075
2071
2068
2059
2022
1986
1968
1894
1891
1888
1895
1911
1942
1961
1986
2015
2031
2047
2062
2082
2121
2129
2130
2132
2147
2152
2160
2158
2163
2161
2158
2156
2152
2152
2145
2139
2139
2123
2111
2098
2078
2003
1991
1974
1962
1942
1937
1929
1917
1910
1897
1893
1891
1884
1883
1885
1887
1882
1885
1875
1873
1882
1908
1920
1922
1925
1927
1929
1935
1938
1944
1958
1967
1975
1982
2016
2020
2020
2022
2057
2058
2055
2057
2060
2062
2059
2062
2060
2061
2058
2053
2052
2061
2064
2069
2063
2068
2067
2068
2071
2074
2066
2060
2052
2043
2035
2036
2038
2040
2040
2037
2040
2044
2048
2046
2043
2040
2037
2018
2017
2016
2015
2024
2015
2017
2024
1998
1991
1980
1982
1996
2086
2097
2089
2070
2047
2037
2035
2052
2076
2075
2073
2076
2098
2112
2119
2119
2117
2091
2082
2082
2087
2100
2107
2100
2094
2102
2107
2108
2098
2059
2066
2065
2002
1895
1664
1629
1637
1691
1751
1821
1910
1993
2075
2111
2138
2141
2123
2115
2124
2131
2107
2106
2109
2114
2120
2113
2107
2107
2109
2108
2120
2138
2147
2080
2055
2025
1998
1955
1950
1957
1967
1974
1997
1999
2002
2008
2004
1990
1967
1938
1884
1886
1890
1895
1921
1925
1922
1922
1906
1917
1945
1973
1987
1970
1943
1924
1912
1910
1924
1947
1969
2009
2023
2032
2041
2043
2044
2050
2059
2074
2100
2096
2087
2072
2066
2060
2055
2058
2060
2064
2075
2091
2083
2070
2047
2029
2016
2013
2019
2034
2048
2057
2061
2058
2050
2058
2056
2056
2053
2039
2026
2014
1998
1977
1979
1981
1982
1975
1955
1946
1938
1928
1917
1913
1912
1911
1957
1961
1962
1959
1948
1941
1935
1925
1922
1943
1958
1964
1970
1966
1955
1927
1886
1724
1682
1643
1605
1468
1444
1417
1404
1439
1461
1492
1524
1562
1677
1715
1758
1808
1863
1925
1995
2074
2420
2522
2632
2743
3215
3341
3452
3565
3669
3927
3999
4067
4087
4088
4090
4089
4089
4090
4089
4091
4077
3785
3682
3575
3451
2886
2733
2569
2406
2234
1724
1553
1383
1213
1050
892
741
594
122
113
106
102
90
87
84
83
81
80
80
81
82
81
82
84
87
99
101
111
120
229
314
429
563
1186
1346
1505
1663
1826
2261
2405
2543
2668
2770
2861
2923
2919
2749
2772
2829
2921
3329
3399
3443
3469
3489
3545
3570
3590
3598
3593
3574
3536
3488
3272
3222
3169
3123
2965
2927
2897
2869
2754
2712
2660
2616
2578
2455
2422
2378
2331
2284
2236
2194
2158
2043
2022
2004
1975
1850
1835
1829
1836
1866
1957
1983
2005
2025
2051
2074
2098
2112
2156
2168
2183
2208
2190
2153
2115
2067
1968
1956
1938
1912
1881
1767
1734
1699
1662
1614
1573
1547
1524
1436
1396
1348
1291
1088
1055
1037
1026
1025
1030
1028
1026
1023
1025
1024
1029
1048
1185
1243
1297
1345
1529
1581
1641
1695
1894
1927
1952
1969
1980
1997
2000
2011
2027
2045
2056
2066
2078
2046
2019
1993
1967
1864
1848
1827
1809
1782
1685
1651
1617
1585
1556
1534
1515
1499
1417
1400
1385
1382
1457
1501
1553
1608
1847
1891
1945
1994
2040
2182
2234
2289
2342
2396
2456
2513
2569
2690
2720
2748
2777
2901
2924
2941
2955
2965
2986
3004
3017
3032
3044
3048
3050
3047
2985
2960
2934
2911
2777
2728
2675
2628
2397
2342
2287
2234
2183
2037
1990
1946
1908
1865
1827
1783
1733
1579
1549
1523
1496
1447
1445
1447
1445
1447
1466
1477
1492
1521
1546
1576
1614
1650
1825
1880
1940
2005
2262
2324
2386
2451
2691
2747
2801
2847
2885
2963
2974
2976
2984
2992
2992
2991
2993
2982
2965
2945
2922
2787
2750
2707
2665
2633
2510
2457
2401
2343
2278
2216
2154
2085
1814
1762
1711
1651
1447
1410
1373
1335
1211
1195
1181
1175
1173
1177
1178
1188
1199
1212
1228
1245
1259
1342
1364
1392
1428
1543
1574
1603
1631
1725
1741
1754
1770
1788
1820
1827
1835
1839
1842
1840
1833
1830
1810
1802
1798
1789
1763
1755
1740
1729
1723
1702
1698
1694
1691
1697
1701
1710
1719
1754
1759
1768
1777
1811
1822
1827
1836
1876
1887
1901
1923
1934
1992
2009
2024
2044
2061
2083
2107
2131
2223
2240
2260
2278
2351
2375
2394
2406
2410
2418
2417
2413
2412
2411
2409
2400
2394
2377
2378
2375
2375
2330
2319
2306
2292
2226
2218
2206
2194
2180
2122
2108
2094
2074
2062
2044
2029
2023
1984
1962
1958
1949
1930
1929
1927
1931
1938
1940
1947
1955
1960
1965
1974
1990
2008
2071
2088
2104
2118
2193
2207
2220
2237
2301
2312
2313
2313
2315
2315
2315
2316
2315
2307
2297
2289
2284
2225
2207
2183
2168
2086
2067
2052
2027
2005
1926
1902
1877
1852
1831
1810
1796
1782
1737
1725
1710
1701
1687
1695
1703
1707
1734
1746
1760
1779
1805
1872
1893
1915
1937
1964
1999
2028
2051
2150
2179
2209
2237
2307
2317
2326
2338
2347
2353
2349
2347
2346
2337
2326
2316
2305
2233
2219
2207
2202
2120
2103
2084
2067
1994
1972
1954
1941
1934
1906
1893
1886
1875
1871
1864
1862
1856
1849
1842
1841
1839
1829
1833
1839
1852
1860
1877
1885
1894
1903
1908
1919
1929
1944
1975
1990
2006
2021
2047
2055
2057
2062
2067
2066
2071
2073
2076
2066
2064
2067
2067
2066
2065
2058
2052
2030
2018
2010
2000
1968
1957
1949
1942
1935
1918
1911
1910
1909
1912
1908
1904
1896
1885
1884
1889
1893
1897
1895
1901
1906
1925
1921
1929
1933
1938
1959
1961
1966
1977
1988
1997
2006
2017
2061
2072
2076
2091
2143
2158
2174
2185
2200
2234
2242
2242
2250
2249
2251
2255
2252
2233
2222
2216
2209
2166
2151
2139
2121
2046
2036
2021
2000
1986
1952
1932
1913
1902
1886
1879
1862
1847
1816
1815
1816
1815
1801
1809
1818
1820
1828
1854
1867
1884
1902
1918
1929
1946
1960
2025
2047
2063
2076
2149
2164
2180
2193
2217
2230
2238
2247
2241
2250
2247
2245
2246
2250
2248
2239
2233
2219
2218
2209
2203
2163
2149
2135
2129
2128
2111
2104
2093
2082
2067
2058
2050
2047
2027
2027
2021
2022
2017
2016
2019
2024
2020
2016
2013
2015
2018
2014
2019
2018
2011
2006
2003
1994
1994
1973
1963
1954
1943
1925
1924
1917
1909
1903
1887
1882
1877
1871
1868
1864
1869
1871
1875
1878
1882
1889
1916
1915
1916
1920
1952
1961
1970
1977
1993
1996
1999
1996
1996
2005
2008
2010
2014
2008
1998
1996
1997
1991
1992
1993
1992
1997
1993
1994
1995
1996
1994
1997
2006
2015
2032
2039
2042
2046
2071
2080
2084
2086
2101
2104
2097
2092
2092
2091
2089
2087
2085
2084
2085
2086
2081
2079
2076
2074
2073
2058
2050
2047
2041
2040
2027
2021
2014
2013
2008
2005
1999
1995
1991
1987
1982
1979
1972
1977
1980
1987
1997
2001
2007
2014
2021
2037
2048
2056
2068
2079
2084
2091
2092
2108
2114
2122
2125
2122
2124
2132
2131
2132
2134
2128
2127
2120
2118
2116
2117
2115
2106
2101
2093
2091
2063
2059
2055
2053
2031
2028
2021
2024
2023
2005
2006
2004
2004
2003
2002
2003
2002
1989
1983
1980
1979
1976
1975
1975
1981
1976
1942
1939
1942
1935
1931
1928
1925
1916
1901
1899
1907
1915
1925
1926
1925
1931
1961
1964
1971
1981
1989
2012
2017
2015
2021
2027
2026
2033
2042
2043
2049
2060
2069
2088
2091
2093
2090
2091
2097
2092
2086
2088
2083
2076
2080
2081
2056
2048
2041
2034
2003
2004
2000
1995
1991
1978
1972
1962
1961
1962
1958
1953
1949
1933
1937
1932
1930
1930
1944
1728
1289
1604
1633
1797
1986
2043
2363
2291
2103
2039
2118
2175
2151
2237
2182
2200
2230
2191
2191
2197
2254
2290
2264
2276
2226
2247
2266
2229
2223
2165
2156
2206
2216
2168
2126
2084
2111
2164
2167
2071
2076
2068
2045
1988
1950
1986
2022
2059
2088
2098
2075
2041
1898
1883
1904
1915
2060
2081
2103
2113
2079
1928
1900
1870
1849
1847
1874
1916
1960
2011
2019
2034
2050
2022
2000
2006
2028
2029
2003
1974
1954
1930
1906
1943
1971
1988
1996
2009
1999
1960
1904
1910
1917
1926
2006
2019
2045
2072
2089
2068
2063
2059
2061
2061
2063
2060
2058
2009
1966
1928
1885
1883
1888
1902
1911
1921
1885
1866
1846
1835
1829
1838
1854
1861
1907
1929
1942
1951
1909
1905
1904
1914
2005
2024
2011
1987
1954
1813
1762
1720
1685
1659
1640
1624
1602
1488
1455
1431
1401
1391
1416
1438
1452
1456
1474
1492
1519
1559
1617
1690
1774
1870
2282
2399
2519
2652
3189
3329
3472
3615
4088
4089
4088
4088
4088
4090
4089
4088
4091
4091
4090
4088
4090
4089
4084
4031
3945
3467
3336
3191
3047
2896
2368
2184
2013
1846
1682
1521
1377
1240
625
458
293
155
102
101
95
93
94
90
86
85
85
82
82
82
83
85
89
90
90
96
99
105
108
112
144
161
197
261
348
451
567
692
827
1214
1347
1478
1611
1750
1885
2012
2133
2588
2689
2782
2865
3137
3199
3260
3317
3506
3545
3508
3325
3017
2832
2807
2836
2941
3070
3182
3306
3460
3476
3451
3390
3335
3437
3361
3305
3211
3085
2765
2652
2576
2543
2509
2446
2384
2343
2117
2065
1995
1905
1639
1592
1556
1519
1512
1532
1571
1614
1629
1611
1638
1660
1663
1648
1620
1588
1571
1664
1691
1707
1715
1706
1696
1684
1677
1684
1869
1968
2059
2129
2181
2205
2206
2195
2125
2122
2126
2127
2195
2245
2290
2342
2565
2604
2630
2662
2697
2755
2738
2720
2694
2658
2616
2581
2545
2478
2460
2430
2379
2130
2087
2048
2005
1956
1795
1741
1687
1641
1604
1566
1537
1516
1398
1363
1319
1272
1123
1064
1001
927
654
599
550
504
469
382
354
334
312
303
304
311
325
423
472
538
610
904
972
1033
1102
1179
1453
1559
1667
1779
1886
1979
2078
2194
2594
2705
2794
2876
3149
3195
3236
3251
3327
3356
3382
3394
3390
3359
3314
3267
3223
3167
3117
3075
3036
2862
2817
2765
2713
2634
2618
2595
2566
2532
2507
2502
2507
2511
2501
2485
2454
2421
2279
2261
2246
2228
2179
2147
2126
2096
1968
1953
1943
1944
1935
1883
1878
1869
1872
1887
1906
1912
1920
1958
1970
1993
2008
2101
2114
2128
2151
2251
2273
2290
2309
2320
2341
2348
2358
2386
2415
2443
2472
2498
2552
2555
2547
2525
2480
2476
2479
2476
2468
2441
2424
2407
2394
2375
2356
2339
2324
2267
2240
2206
2165
1941
1881
1826
1768
1560
1523
1477
1441
1397
1325
1311
1304
1309
1316
1326
1332
1345
1369
1371
1378
1380
1418
1433
1444
1459
1486
1547
1564
1586
1615
1638
1663
1694
1714
1746
1735
1726
1725
1670
1662
1654
1655
1654
1654
1651
1646
1644
1646
1649
1649
1656
1659
1656
1650
1652
1657
1663
1666
1678
1688
1715
1730
1751
1768
1796
1823
1843
1866
1891
1971
2001
2034
2063
2087
2106
2126
2143
2189
2190
2194
2207
2245
2259
2277
2291
2329
2329
2330
2330
2337
2319
2313
2304
2291
2274
2262
2253
2249
2222
2214
2213
2212
2216
2221
2230
2242
2255
2274
2278
2291
2300
2302
2301
2298
2293
2280
2281
2279
2279
2250
2245
2240
2239
2198
2187
2174
2159
2142
2089
2071
2048
2022
1994
1968
1943
1920
1862
1857
1849
1842
1837
1839
1835
1840
1841
1871
1883
1903
1921
1939
1961
1983
2005
2073
2089
2101
2101
2102
2099
2099
2104
2112
2112
2112
2113
2115
2125
2122
2115
2101
2095
2089
2081
2075
2028
2020
2016
2011
1990
1984
1979
1976
1981
1966
1972
1970
1970
1975
1987
1994
1997
1991
1996
2010
2018
2079
2095
2104
2113
2126
2130
2136
2133
2133
2121
2117
2107
2105
2102
2095
2096
2094
2060
2057
2049
2043
2017
2011
2005
2001
1995
1954
1950
1938
1932
1920
1909
1906
1903
1867
1870
1876
1887
1926
1931
1940
1956
1994
2006
2017
2032
2043
2073
2078
2080
2088
2095
2103
2117
2126
2166
2176
2183
2188
2219
2225
2228
2230
2228
2210
2198
2188
2177
2167
2161
2152
2138
2076
2063
2046
2033
1974
1957
1944
1933
1880
1863
1850
1845
1841
1834
1838
1842
1851
1856
1858
1860
1863
1872
1869
1867
1871
1847
1847
1844
1840
1834
1845
1845
1849
1852
1851
1859
1869
1874
1888
1889
1893
1894
1900
1905
1905
1906
1919
1923
1931
1943
1959
1996
2011
2018
2030
2040
2052
2069
2085
2127
2137
2145
2155
2198
2198
2201
2207
2206
2216
2215
2214
2211
2206
2193
2178
2172
2137
2127
2113
2100
2038
2021
2004
1996
1964
1956
1947
1940
1936
1919
1909
1903
1896
1888
1886
1893
1900
1914
1926
1935
1948
1990
2004
2020
2033
2051
2088
2096
2098
2104
2111
2121
2124
2126
2152
2157
2157
2160
2158
2152
2152
2156
2161
2148
2149
2151
2154
2146
2136
2132
2127
2123
2126
2129
2127
2130
2127
2122
2124
2131
2134
2136
2138
2137
2154
2160
2165
2169
2167
2162
2156
2151
2142
2135
2131
2127
2081
2065
2049
2036
2015
1967
1950
1937
1925
1913
1900
1891
1887
1847
1840
1832
1827
1801
1799
1801
1804
1812
1824
1827
1834
1842
1853
1864
1879
1892
1930
1936
1940
1954
1975
1977
1982
1989
2018
2024
2029
2032
2033
2043
2041
2044
2048
2049
2044
2036
2038
2018
2013
2007
2000
2001
1995
1995
1997
1995
1992
1988
1987
1993
1995
1989
1988
1991
1998
2004
2006
2005
2032
2039
2046
2054
2061
2073
2079
2090
2095
2088
2094
2094
2096
2093
2088
2087
2088
2066
2065
2065
2062
2016
2007
1996
1990
1972
1968
1964
1966
1968
1971
1973
1969
1980
1989
1992
1998
2008
2029
2033
2040
2051
2091
2109
2120
2123
2131
2157
2161
2166
2175
2183
2187
2188
2184
2168
2160
2154
2149
2137
2130
2127
2126
2088
2078
2078
2081
2077
2061
2055
2050
2040
2037
2032
2031
2027
1994
1990
1990
1987
1960
1954
1948
1939
1930
1923
1920
1924
1926
1923
1922
1924
1919
1903
1903
1898
1895
1910
1904
1897
1903
1907
1911
1911
1916
1922
1926
1925
1928
1930
1933
1936
1940
1949
1950
1953
1956
1959
1968
1977
1989
1990
1998
2035
2046
2055
2069
2071
2075
2083
2090
2125
2131
2136
2139
2149
2149
2155
2152
2144
2138
2134
2128
2133
2112
2105
2094
2087
2075
2063
2064
2059
2035
2034
2032
2024
1988
1986
1981
1980
1978
1967
1961
1962
1964
1960
1959
1964
1967
1971
1974
1982
1986
2004
2013
2027
2037
2068
2076
2081
2084
2087
2094
2096
2097
2098
2096
2101
2118
2140
1246
1214
1202
1167
1704
1877
2038
2197
2354
2683
2741
2827
2918
2936
2875
2803
2761
2713
2748
2695
2613
2455
2412
2375
2377
2227
2174
2124
2066
2014
1926
1887
1837
1785
1740
1695
1682
1706
1814
1815
1828
1842
1711
1698
1678
1662
1663
1622
1587
1573
1565
1553
1529
1514
1497
1517
1590
1678
1756
1838
1844
1833
1800
1771
1623
1597
1569
1528
1513
1529
1582
1658
2173
2271
2349
2410
2395
2363
2323
2281
2223
2225
2218
2204
2190
2129
2116
2108
2099
2097
2113
2144
2177
2225
2230
2237
2239
2370
2425
2467
2489
2489
2404
2385
2369
2352
2331
2311
2292
2279
2043
1958
1875
1814
1753
1758
1755
1751
1715
1700
1688
1674
1663
1678
1692
1719
1740
1749
1748
1748
1745
1700
1704
1725
1755
1881
1910
1936
1950
1946
1867
1828
1775
1718
1663
1604
1547
1497
1404
1396
1391
1388
1390
1400
1418
1444
1487
1655
1717
1796
1881
1966
2047
2125
2206
2282
2469
2534
2596
2665
2733
2796
2862
2929
3164
3227
3297
3372
3672
3731
3778
3813
3872
3880
3885
3896
3900
3845
3794
3728
3655
3567
3469
3377
3280
2895
2789
2677
2552
2049
1925
1805
1681
1556
1205
1097
1000
911
821
745
673
620
399
341
287
238
127
114
103
93
86
80
82
87
96
106
121
141
165
324
382
436
481
685
782
898
1021
1137
1367
1390
1395
1428
1503
1613
1754
1916
2405
2538
2643
2728
2783
2817
2833
2839
2853
2985
3062
3147
3233
3308
3370
3418
3454
3482
3545
3579
3622
3672
3726
3784
3835
3880
3803
3723
3633
3550
3421
3434
3459
3489
3511
3561
3557
3533
3495
3440
3374
3302
3229
2973
2870
2758
2645
2517
2390
2275
2188
2124
2088
2115
2137
2147
2136
2096
2028
1934
1400
1269
1158
1074
1007
815
728
628
515
406
292
203
157
152
206
241
280
315
342
346
341
330
324
355
406
473
552
635
713
786
841
962
997
1033
1086
1138
1198
1260
1325
1461
1473
1480
1490
1513
1661
1722
1798
1883
1948
2004
2052
2088
2222
2269
2329
2389
2553
2580
2597
2605
2633
2667
2712
2764
2816
2963
2993
3004
3004
3000
2983
2970
2958
2879
2841
2801
2749
2482
2403
2316
2227
1891
1817
1746
1689
1639
1468
1425
1374
1317
1270
1228
1186
1152
1109
1102
1100
1096
1125
1150
1183
1228
1276
1483
1544
1596
1653
1711
1774
1848
1932
2346
2449
2547
2637
2910
2977
3051
3131
3425
3484
3524
3553
3559
3509
3478
3450
3423
3403
3388
3375
3368
3291
3253
3213
3180
3000
2959
2919
2876
2834
2686
2642
2597
2552
2518
2489
2471
2452
2416
2406
2401
2390
2323
2303
2282
2259
2152
2117
2082
2043
2002
1885
1846
1808
1766
1735
1697
1656
1620
1416
1358
1292
1230
1055
1028
1006
978
907
903
906
909
923
1019
1063
1108
1149
1188
1220
1249
1272
1362
1389
1423
1462
1651
1705
1757
1802
1846
1935
1958
1982
2009
2024
2039
2048
2065
2070
2066
2069
2075
2092
2106
2119
2128
2153
2150
2151
2147
2146
2142
2141
2136
2122
2101
2087
2068
2051
1970
1955
1949
1940
1932
1912
1900
1885
1868
1857
1846
1834
1818
1785
1769
1759
1743
1720
1694
1670
1644
1620
1568
1560
1558
1556
1546
1540
1538
1539
1537
1484
1465
1445
1430
1425
1421
1424
1436
1487
1509
1535
1560
1703
1749
1802
1850
2036
2081
2123
2169
2218
2350
2402
2453
2510
2568
2632
2686
2734
2921
2966
2996
3025
3117
3118
3116
3114
3104
3049
3026
3002
2976
2950
2925
2893
2859
2754
2720
2680
2634
2596
2554
2512
2469
2422
2285
2241
2190
2142
2103
2061
2019
1978
1946
1864
1835
1809
1801
1796
1783
1770
1763
1717
1705
1700
1694
1681
1686
1690
1694
1700
1717
1722
1725
1724
1721
1717
1710
1702
1672
1672
1666
1655
1654
1657
1661
1667
1672
1686
1685
1688
1695
1709
1722
1732
1746
1768
1819
1841
1860
1878
1899
1917
1944
1969
2064
2086
2108
2129
2201
2218
2238
2256
2308
2318
2329
2341
2354
2382
2385
2385
2383
2378
2373
2363
2346
2298
2283
2269
2253
2192
2181
2165
2142
2121
2068
2043
2028
2014
2004
1998
1991
1988
1987
1989
1991
1996
1996
2003
2007
2012
1997
2001
2003
2005
2008
2001
2000
1991
1987
1984
1979
1979
1968
1948
1937
1928
1924
1885
1875
1866
1854
1852
1823
1825
1821
1822
1819
1822
1824
1823
1853
1860
1866
1872
1908
1914
1929
1941
1975
1990
2012
2025
2040
2097
2110
2120
2132
2138
2144
2147
2157
2153
2149
2140
2132
2108
2104
2100
2094
2087
2054
2045
2032
2018
2005
1995
1979
1960
1873
1859
1835
1820
1812
1795
1786
1779
1781
1784
1785
1796
1803
1812
1818
1823
1829
1853
1861
1870
1884
1935
1944
1961
1978
2037
2055
2070
2085
2095
2125
2132
2142
2149
2160
2164
2174
2180
2193
2190
2189
2198
2197
2194
2194
2188
2171
2167
2162
2157
2156
2142
2139
2128
2127
2124
2125
2127
2127
2118
2113
2115
2113
2115
2111
2112
2103
2101
2096
2095
2096
2104
2106
2104
2097
2095
2083
2083
2078
2076
2064
2057
2051
2044
2005
2000
2000
2000
1993
1976
1972
1966
1962
1958
1957
1958
1967
1945
1949
1955
1955
1973
1976
1985
1992
2002
2017
2023
2025
2029
2029
2030
2037
2044
2060
2064
2064
2065
2054
2056
2059
2054
2049
2039
2034
2031
2031
2035
2037
2034
2025
2013
2014
2009
2005
2003
2004
2007
2005
2002
1991
1994
1998
2008
2011
2021
2028
2032
2045
2062
2069
2076
2080
2075
2079
2084
2083
2065
2056
2054
2044
2024
2024
2017
2013
2007
1984
1972
1966
1955
1944
1936
1925
1922
1899
1892
1887
1880
1855
1849
1855
1858
1862
1869
1872
1877
1887
1909
1908
1914
1922
1926
1930
1944
1952
1993
1992
2000
2011
2048
2060
2072
2080
2090
2104
2105
2109
2106
2112
2119
2122
2132
2140
2144
2146
2144
2130
2130
2127
2117
2087
2081
2077
2073
2077
2078
2077
2079
2078
2076
2075
2079
2079
2076
2079
2082
2085
2080
2085
2087
2089
2095
2085
2080
2074
2076
2077
2074
2069
2065
2047
2048
2049
2044
2020
2010
2003
1997
1983
1972
1965
1967
1964
1950
1950
1952
1957
1959
1962
1954
1956
1962
1961
1956
1952
1962
1963
1968
1978
1985
2008
2021
2026
2024
2013
2013
2019
2020
2025
2027
2026
2027
2026
2034
2040
2046
2042
2040
2045
2049
2056