2020
2020
2022
2057
2058
2055
2057
2060
2062
2059
2062
2060
2061
2058
2053
2052
2061
2064
2069
2063
2068
2067
2068
2071
2074
2066
2060
2052
2043
2035
2036
2038
2040
2040
2037
2040
2044
2048
2046
2043
2040
2037
2018
2017
2016
2015
2024
2015
2017
2024
1998
1991
1980
1982
1996
2086
2097
2089
2070
2047
2037
2035
2052
2076
2075
2073
2076
2098
2112
2119
2119
2117
2091
2082
2082
2087
2100
2107
2100
2094
2102
2107
2108
2098
2059
2066
2065
2002
1895
1664
1629
1637
1691
1751
1821
1910
1993
2075
2111
2138
2141
2123
2115
2124
2131
2107
2106
2109
2114
2120
2113
2107
2107
2109
2108
2120
2138
2147
2080
2055
2025
1998
1955
1950
1957
1967
1974
1997
1999
2002
2008
2004
1990
1967
1938
1884
1886
1890
1895
1921
1925
1922
1922
1906
1917
1945
1973
1987
1970
1943
1924
1912
1910
1924
1947
1969
2009
2023
2032
2041
2043
2044
2050
2059
2074
2100
2096
2087
2072
2066
2060
2055
2058
2060
2064
2075
2091
2083
2070
2047
2029
2016
2013
2019
2034
2048
2057
2061
2058
2050
2058
2056
2056
2053
2039
2026
2014
1998
1977
1979
1981
1982
1975
1955
1946
1938
1928
1917
1913
1912
1911
1957
1961
1962
1959
1948
1941
1935
1925
1922
1943
1958
1964
1970
1966
1955
1927
1886
1724
1682
1643
1605
1468
1444
1417
1404
1439
1461
1492
1524
1562
1677
1715
1758
1808
1863
1925
1995
2074
2420
2522
2632
2743
3215
3341
3452
3565
3669
3927
3999
4067
4087
4088
4090
4089
4089
4090
4089
4091
4077
3785
3682
3575
3451
2886
2733
2569
2406
2234
1724
1553
1383
1213
1050
892
741
594
122
113
106
102
90
87
84
83
81
80
80
81
82
81
82
84
87
99
101
111
120
229
314
429
563
1186
1346
1505
1663
1826
2261
2405
2543
2668
2770
2861
2923
2919
2749
2772
2829
2921
3329
3399
3443
3469
3489
3545
3570
3590
3598
3593
3574
3536
3488
3272
3222
3169
3123
2965
2927
2897
2869
2754
2712
2660
2616
2578
2455
2422
2378
2331
2284
2236
2194
2158
2043
2022
2004
1975
1850
1835
1829
1836
1866
1957
1983
2005
2025
2051
2074
2098
2112
2156
2168
2183
2208
2190
2153
2115
2067
1968
1956
1938
1912
1881
1767
1734
1699
1662
1614
1573
1547
1524
1436
1396
1348
1291
1088
1055
1037
1026
1025
1030
1028
1026
1023
1025
1024
1029
1048
1185
1243
1297
1345
1529
1581
1641
1695
1894
1927
1952
1969
1980
1997
2000
2011
2027
2045
2056
2066
2078
2046
2019
1993
1967
1864
1848
1827
1809
1782
1685
1651
1617
1585
1556
1534
1515
1499
1417
1400
1385
1382
1457
1501
1553
1608
1847
1891
1945
1994
2040
2182
2234
2289
2342
2396
2456
2513
2569
2690
2720
2748
2777
2901
2924
2941
2955
2965
2986
3004
3017
3032
3044
3048
3050
3047
2985
2960
2934
2911
2777
2728
2675
2628
2397
2342
2287
2234
2183
2037
1990
1946
1908
1865
1827
1783
1733
1579
1549
1523
1496
1447
1445
1447
1445
1447
1466
1477
1492
1521
1546
1576
1614
1650
1825
1880
1940
2005
2262
2324
2386
2451
2691
2747
2801
2847
2885
2963
2974
2976
2984
2992
2992
2991
2993
2982
2965
2945
2922
2787
2750
2707
2665
2633
2510
2457
2401
2343
2278
2216
2154
2085
1814
1762
1711
1651
1447
1410
1373
1335
1211
1195
1181
1175
1173
1177
1178
1188
1199
1212
1228
1245
1259
1342
1364
1392
1428
1543
1574
1603
1631
1725
1741
1754
1770
1788
1820
1827
1835
1839
1842
1840
1833
1830
1810
1802
1798
1789
1763
1755
1740
1729
1723
1702
1698
1694
1691
1697
1701
1710
1719
1754
1759
1768
1777
1811
1822
1827
1836
1876
1887
1901
1923
1934
1992
2009
2024
2044
2061
2083
2107
2131
2223
2240
2260
2278
2351
2375
2394
2406
2410
2418
2417
2413
2412
2411
2409
2400
2394
2377
2378
2375
2375
2330
2319
2306
2292
2226
2218
2206
2194
2180
2122
2108
2094
2074
2062
2044
2029
2023
1984
1962
1958
1949
1930
1929
1927
1931
1938
1940
1947
1955
1960
1965
1974
1990
2008
2071
2088
2104
2118
2193
2207
2220
2237
2301
2312
2313
2313
2315
2315
2315
2316
2315
2307
2297
2289
2284
2225
2207
2183
2168
2086
2067
2052
2027
2005
1926
1902
1877
1852
1831
1810
1796
1782
1737
1725
1710
1701
1687
1695
1703
1707
1734
1746
1760
1779
1805
1872
1893
1915
1937
1964
1999
2028
2051
2150
2179
2209
2237
2307
2317
2326
2338
2347
2353
2349
2347
2346
2337
2326
2316
2305
2233
2219
2207
2202
2120
2103
2084
2067
1994
1972
1954
1941
1934
1906
1893
1886
1875
1871
1864
1862
1856
1849
1842
1841
1839
1829
1833
1839
1852
1860
1877
1885
1894
1903
1908
1919
1929
1944
1975
1990
2006
2021
2047
2055
2057
2062
2067
2066
2071
2073
2076
2066
2064
2067
2067
2066
2065
2058
2052
2030
2018
2010
2000
1968
1957
1949
1942
1935
1918
1911
1910
1909
1912
1908
1904
1896
1885
1884
1889
1893
1897
1895
1901
1906
1925
1921
1929
1933
1938
1959
1961
1966
1977
1988
1997
2006
2017
2061
2072
2076
2091
2143
2158
2174
2185
2200
2234
2242
2242
2250
2249
2251
2255
2252
2233
2222
2216
2209
2166
2151
2139
2121
2046
2036
2021
2000
1986
1952
1932
1913
1902
1886
1879
1862
1847
1816
1815
1816
1815
1801
1809
1818
1820
1828
1854
1867
1884
1902
1918
1929
1946
1960
2025
2047
2063
2076
2149
2164
2180
2193
2217
2230
2238
2247
2241
2250
2247
2245
2246
2250
2248
2239
2233
2219
2218
2209
2203
2163
2149
2135
2129
2128
2111
2104
2093
2082
2067
2058
2050
2047
2027
2027
2021
2022
2017
2016
2019
2024
2020
2016
2013
2015
2018
2014
2019
2018
2011
2006
2003
1994
1994
1973
1963
1954
1943
1925
1924
1917
1909
1903
1887
1882
1877
1871
1868
1864
1869
1871
1875
1878
1882
1889
1916
1915
1916
1920
1952
1961
1970
1977
1993
1996
1999
1996
1996
2005
2008
2010
2014
2008
1998
1996
1997
1991
1992
1993
1992
1997
1993
1994
1995
1996
1994
1997
2006
2015
2032
2039
2042
2046
2071
2080
2084
2086
2101
2104
2097
2092
2092
2091
2089
2087
2085
2084
2085
2086
2081
2079
2076
2074
2073
2058
2050
2047
2041
2040
2027
2021
2014
2013
2008
2005
1999
1995
1991
1987
1982
1979
1972
1977
1980
1987
1997
2001
2007
2014
2021
2037
2048
2056
2068
2079
2084
2091
2092
2108
2114
2122
2125
2122
2124
2132
2131
2132
2134
2128
2127
2120
2118
2116
2117
2115
2106
2101
2093
2091
2063
2059
2055
2053
2031
2028
2021
2024
2023
2005
2006
2004
2004
2003
2002
2003
2002
1989
1983
1980
1979
1976
1975
1975
1981
1976
1942
1939
1942
1935
1931
1928
1925
1916
1901
1899
1907
1915
1925
1926
1925
1931
1961
1964
1971
1981
1989
2012
2017
2015
2021
2027
2026
2033
2042
2043
2049
2060
2069
2088
2091
2093
2090
2091
2097
2092
2086
2088
2083
2076
2080
2081
2056
2048
2041
2034
2003
2004
2000
1995
1991
1978
1972
1962
1961
1962
1958
1953
1949
1933
1937
1932
1930
1930
1944
1728
1289
1604
1633
1797
1986
2043
2363
2291
2103
2039
2118
2175
2151
2237
2182
2200
2230
2191
2191
2197
2254
2290
2264
2276
2226
2247
2266
2229
2223
2165
2156
2206
2216
2168
2126
2084
2111
2164
2167
2071
2076
2068
2045
1988
1950
1986
2022
2059
2088
2098
2075
2041
1898
1883
1904
1915
2060
2081
2103
2113
2079
1928
1900
1870
1849
1847
1874
1916
1960
2011
2019
2034
2050
2022
2000
2006
2028
2029
2003
1974
1954
1930
1906
1943
1971
1988
1996
2009
1999
1960
1904
1910
1917
1926
2006
2019
2045
2072
2089
2068
2063
2059
2061
2061
2063
2060
2058
2009
1966
1928
1885
1883
1888
1902
1911
1921
1885
1866
1846
1835
1829
1838
1854
1861
1907
1929
1942
1951
1909
1905
1904
1914
2005
2024
2011
1987
1954
1813
1762
1720
1685
1659
1640
1624
1602
1488
1455
1431
1401
1391
1416
1438
1452
1456
1474
1492
1519
1559
1617
1690
1774
1870
2282
2399
2519
2652
3189
3329
3472
3615
4088
4089
4088
4088
4088
4090
4089
4088
4091
4091
4090
4088
4090
4089
4084
4031
3945
3467
3336
3191
3047
2896
2368
2184
2013
1846
1682
1521
1377
1240
625
458
293
155
102
101
95
93
94
90
86
85
85
82
82
82
83
85
89
90
90
96
99
105
108
112
144
161
197
261
348
451
567
692
827
1214
1347
1478
1611
1750
1885
2012
2133
2588
2689
2782
2865
3137
3199
3260
3317
3506
3545
3508
3325
3017
2832
2807
2836
2941
3070
3182
3306
3460
3476
3451
3390
3335
3437
3361
3305
3211
3085
2765
2652
2576
2543
2509
2446
2384
2343
2117
2065
1995
1905
1639
1592
1556
1519
1512
1532
1571
1614
1629
1611
1638
1660
1663
1648
1620
1588
1571
1664
1691
1707
1715
1706
1696
1684
1677
1684
1869
1968
2059
2129
2181
2205
2206
2195
2125
2122
2126
2127
2195
2245
2290
2342
2565
2604
2630
2662
2697
2755
2738
2720
2694
2658
2616
2581
2545
2478
2460
2430
2379
2130
2087
2048
2005
1956
1795
1741
1687
1641
1604
1566
1537
1516
1398
1363
1319
1272
1123
1064
1001
927
654
599
550
504
469
382
354
334
312
303
304
311
325
423
472
538
610
904
972
1033
1102
1179
1453
1559
1667
1779
1886
1979
2078
2194
2594
2705
2794
2876
3149
3195
3236
3251
3327
3356
3382
3394
3390
3359
3314
3267
3223
3167
3117
3075
3036
2862
2817
2765
2713
2634
2618
2595
2566
2532
2507
2502
2507
2511
2501
2485
2454
2421
2279
2261
2246
2228
2179
2147
2126
2096
1968
1953
1943
1944
1935
1883
1878
1869
1872
1887
1906
1912
1920
1958
1970
1993
2008
2101
2114
2128
2151
2251
2273
2290
2309
2320
2341
2348
2358
2386
2415
2443
2472
2498
2552
2555
2547
2525
2480
2476
2479
2476
2468
2441
2424
2407
2394
2375
2356
2339
2324
2267
2240
2206
2165
1941
1881
1826
1768
1560
1523
1477
1441
1397
1325
1311
1304
1309
1316
1326
1332
1345
1369
1371
1378
1380
1418
1433
1444
1459
1486
1547
1564
1586
1615
1638
1663
1694
1714
1746
1735
1726
1725
1670
1662
1654
1655
1654
1654
1651
1646
1644
1646
1649
1649
1656
1659
1656
1650
1652
1657
1663
1666
1678
1688
1715
1730
1751
1768
1796
1823
1843
1866
1891
1971
2001
2034
2063
2087
2106
2126
2143
2189
2190
2194
2207
2245
2259
2277
2291
2329
2329
2330
2330
2337
2319
2313
2304
2291
2274
2262
2253
2249
2222
2214
2213
2212
2216
2221
2230
2242
2255
2274
2278
2291
2300
2302
2301
2298
2293
2280
2281
2279
2279
2250
2245
2240
2239
2198
2187
2174
2159
2142
2089
2071
2048
2022
1994
1968
1943
1920
1862
1857
1849
1842
1837
1839
1835
1840
1841
1871
1883
1903
1921
1939
1961
1983
2005
2073
2089
2101
2101
2102
2099
2099
2104
2112
2112
2112
2113
2115
2125
2122
2115
2101
2095
2089
2081
2075
2028
2020
2016
2011
1990
1984
1979
1976
1981
1966
1972
1970
1970
1975
1987
1994
1997
1991
1996
2010
2018
2079
2095
2104
2113
2126
2130
2136
2133
2133
2121
2117
2107
2105
2102
2095
2096
2094
2060
2057
2049
2043
2017
2011
2005
2001
1995
1954
1950
1938
1932
1920
1909
1906
1903
1867
1870
1876
1887
1926
1931
1940
1956
1994
2006
2017
2032
2043
2073
2078
2080
2088
2095
2103
2117
2126
2166
2176
2183
2188
2219
2225
2228
2230
2228
2210
2198
2188
2177
2167
2161
2152
2138
2076
2063
2046
2033
1974
1957
1944
1933
1880
1863
1850
1845
1841
1834
1838
1842
1851
1856
1858
1860
1863
1872
1869
1867
1871
1847
1847
1844
1840
1834
1845
1845
1849
1852
1851
1859
1869
1874
1888
1889
1893
1894
1900
1905
1905
1906
1919
1923
1931
1943
1959
1996
2011
2018
2030
2040
2052
2069
2085
2127
2137
2145
2155
2198
2198
2201
2207
2206
2216
2215
2214
2211
2206
2193
2178
2172
2137
2127
2113
2100
2038
2021
2004
1996
1964
1956
1947
1940
1936
1919
1909
1903
1896
1888
1886
1893
1900
1914
1926
1935
1948
1990
2004
2020
2033
2051
2088
2096
2098
2104
2111
2121
2124
2126
2152
2157
2157
2160
2158
2152
2152
2156
2161
2148
2149
2151
2154
2146
2136
2132
2127
2123
2126
2129
2127
2130
2127
2122
2124
2131
2134
2136
2138
2137
2154
2160
2165
2169
2167
2162
2156
2151
2142
2135
2131
2127
2081
2065
2049
2036
2015
1967
1950
1937
1925
1913
1900
1891
1887
1847
1840
1832
1827
1801
1799
1801
1804
1812
1824
1827
1834
1842
1853
1864
1879
1892
1930
1936
1940
1954
1975
1977
1982
1989
2018
2024
2029
2032
2033
2043
2041
2044
2048
2049
2044
2036
2038
2018
2013
2007
2000
2001
1995
1995
1997
1995
1992
1988
1987
1993
1995
1989
1988
1991
1998
2004
2006
2005
2032
2039
2046
2054
2061
2073
2079
2090
2095
2088
2094
2094
2096
2093
2088
2087
2088
2066
2065
2065
2062
2016
2007
1996
1990
1972
1968
1964
1966
1968
1971
1973
1969
1980
1989
1992
1998
2008
2029
2033
2040
2051
2091
2109
2120
2123
2131
2157
2161
2166
2175
2183
2187
2188
2184
2168
2160
2154
2149
2137
2130
2127
2126
2088
2078
2078
2081
2077
2061
2055
2050
2040
2037
2032
2031
2027
1994
1990
1990
1987
1960
1954
1948
1939
1930
1923
1920
1924
1926
1923
1922
1924
1919
1903
1903
1898
1895
1910
1904
1897
1903
1907
1911
1911
1916
1922
1926
1925
1928
1930
1933
1936
1940
1949
1950
1953
1956
1959
1968
1977
1989
1990
1998
2035
2046
2055
2069
2071
2075
2083
2090
2125
2131
2136
2139
2149
2149
2155
2152
2144
2138
2134
2128
2133
2112
2105
2094
2087
2075
2063
2064
2059
2035
2034
2032
2024
1988
1986
1981
1980
1978
1967
1961
1962
1964
1960
1959
1964
1967
1971
1974
1982
1986
2004
2013
2027
2037
2068
2076
2081
2084
2087
2094
2096
2097
2098
2096
2101
2118
2140
1246
1214
1202
1167
1704
1877
2038
2197
2354
2683
2741
2827
2918
2936
2875
2803
2761
2713
2748
2695
2613
2455
2412
2375
2377
2227
2174
2124
2066
2014
1926
1887
1837
1785
1740
1695
1682
1706
1814
1815
1828
1842
1711
1698
1678
1662
1663
1622
1587
1573
1565
1553
1529
1514
1497
1517
1590
1678
1756
1838
1844
1833
1800
1771
1623
1597
1569
1528
1513
1529
1582
1658
2173
2271
2349
2410
2395
2363
2323
2281
2223
2225
2218
2204
2190
2129
2116
2108
2099
2097
2113
2144
2177
2225
2230
2237
2239
2370
2425
2467
2489
2489
2404
2385
2369
2352
2331
2311
2292
2279
2043
1958
1875
1814
1753
1758
1755
1751
1715
1700
1688
1674
1663
1678
1692
1719
1740
1749
1748
1748
1745
1700
1704
1725
1755
1881
1910
1936
1950
1946
1867
1828
1775
1718
1663
1604
1547
1497
1404
1396
1391
1388
1390
1400
1418
1444
1487
1655
1717
1796
1881
1966
2047
2125
2206
2282
2469
2534
2596
2665
2733
2796
2862
2929
3164
3227
3297
3372
3672
3731
3778
3813
3872
3880
3885
3896
3900
3845
3794
3728
3655
3567
3469
3377
3280
2895
2789
2677
2552
2049
1925
1805
1681
1556
1205
1097
1000
911
821
745
673
620
399
341
287
238
127
114
103
93
86
80
82
87
96
106
121
141
165
324
382
436
481
685
782
898
1021
1137
1367
1390
1395
1428
1503
1613
1754
1916
2405
2538
2643
2728
2783
2817
2833
2839
2853
2985
3062
3147
3233
3308
3370
3418
3454
3482
3545
3579
3622
3672
3726
3784
3835
3880
3803
3723
3633
3550
3421
3434
3459
3489
3511
3561
3557
3533
3495
3440
3374
3302
3229
2973
2870
2758
2645
2517
2390
2275
2188
2124
2088
2115
2137
2147
2136
2096
2028
1934
1400
1269
1158
1074
1007
815
728
628
515
406
292
203
157
152
206
241
280
315
342
346
341
330
324
355
406
473
552
635
713
786
841
962
997
1033
1086
1138
1198
1260
1325
1461
1473
1480
1490
1513
1661
1722
1798
1883
1948
2004
2052
2088
2222
2269
2329
2389
2553
2580
2597
2605
2633
2667
2712
2764
2816
2963
2993
3004
3004
3000
2983
2970
2958
2879
2841
2801
2749
2482
2403
2316
2227
1891
1817
1746
1689
1639
1468
1425
1374
1317
1270
1228
1186
1152
1109
1102
1100
1096
1125
1150
1183
1228
1276
1483
1544
1596
1653
1711
1774
1848
1932
2346
2449
2547
2637
2910
2977
3051
3131
3425
3484
3524
3553
3559
3509
3478
3450
3423
3403
3388
3375
3368
3291
3253
3213
3180
3000
2959
2919
2876
2834
2686
2642
2597
2552
2518
2489
2471
2452
2416
2406
2401
2390
2323
2303
2282
2259
2152
2117
2082
2043
2002
1885
1846
1808
1766
1735
1697
1656
1620
1416
1358
1292
1230
1055
1028
1006
978
907
903
906
909
923
1019
1063
1108
1149
1188
1220
1249
1272
1362
1389
1423
1462
1651
1705
1757
1802
1846
1935
1958
1982
2009
2024
2039
2048
2065
2070
2066
2069
2075
2092
2106
2119
2128
2153
2150
2151
2147
2146
2142
2141
2136
2122
2101
2087
2068
2051
1970
1955
1949
1940
1932
1912
1900
1885
1868
1857
1846
1834
1818
1785
1769
1759
1743
1720
1694
1670
1644
1620
1568
1560
1558
1556
1546
1540
1538
1539
1537
1484
1465
1445
1430
1425
1421
1424
1436
1487
1509
1535
1560
1703
1749
1802
1850
2036
2081
2123
2169
2218
2350
2402
2453
2510
2568
2632
2686
2734
2921
2966
2996
3025
3117
3118
3116
3114
3104
3049
3026
3002
2976
2950
2925
2893
2859
2754
2720
2680
2634
2596
2554
2512
2469
2422
2285
2241
2190
2142
2103
2061
2019
1978
1946
1864
1835
1809
1801
1796
1783
1770
1763
1717
1705
1700
1694
1681
1686
1690
1694
1700
1717
1722
1725
1724
1721
1717
1710
1702
1672
1672
1666
1655
1654
1657
1661
1667
1672
1686
1685
1688
1695
1709
1722
1732
1746
1768
1819
1841
1860
1878
1899
1917
1944
1969
2064
2086
2108
2129
2201
2218
2238
2256
2308
2318
2329
2341
2354
2382
2385
2385
2383
2378
2373
2363
2346
2298
2283
2269
2253
2192
2181
2165
2142
2121
2068
2043
2028
2014
2004
1998
1991
1988
1987
1989
1991
1996
1996
2003
2007
2012
1997
2001
2003
2005
2008
2001
2000
1991
1987
1984
1979
1979
1968
1948
1937
1928
1924
1885
1875
1866
1854
1852
1823
1825
1821
1822
1819
1822
1824
1823
1853
1860
1866
1872
1908
1914
1929
1941
1975
1990
2012
2025
2040
2097
2110
2120
2132
2138
2144
2147
2157
2153
2149
2140
2132
2108
2104
2100
2094
2087
2054
2045
2032
2018
2005
1995
1979
1960
1873
1859
1835
1820
1812
1795
1786
1779
1781
1784
1785
1796
1803
1812
1818
1823
1829
1853
1861
1870
1884
1935
1944
1961
1978
2037
2055
2070
2085
2095
2125
2132
2142
2149
2160
2164
2174
2180
2193
2190
2189
2198
2197
2194
2194
2188
2171
2167
2162
2157
2156
2142
2139
2128
2127
2124
2125
2127
2127
2118
2113
2115
2113
2115
2111
2112
2103
2101
2096
2095
2096
2104
2106
2104
2097
2095
2083
2083
2078
2076
2064
2057
2051
2044
2005
2000
2000
2000
1993
1976
1972
1966
1962
1958
1957
1958
1967
1945
1949
1955
1955
1973
1976
1985
1992
2002
2017
2023
2025
2029
2029
2030
2037
2044
2060
2064
2064
2065
2054
2056
2059
2054
2049
2039
2034
2031
2031
2035
2037
2034
2025
2013
2014
2009
2005
2003
2004
2007
2005
2002
1991
1994
1998
2008
2011
2021
2028
2032
2045
2062
2069
2076
2080
2075
2079
2084
2083
2065
2056
2054
2044
2024
2024
2017
2013
2007
1984
1972
1966
1955
1944
1936
1925
1922
1899
1892
1887
1880
1855
1849
1855
1858
1862
1869
1872
1877
1887
1909
1908
1914
1922
1926
1930
1944
1952
1993
1992
2000
2011
2048
2060
2072
2080
2090
2104
2105
2109
2106
2112
2119
2122
2132
2140
2144
2146
2144
2130
2130
2127
2117
2087
2081
2077
2073
2077
2078
2077
2079
2078
2076
2075
2079
2079
2076
2079
2082
2085
2080
2085
2087
2089
2095
2085
2080
2074
2076
2077
2074
2069
2065
2047
2048
2049
2044
2020
2010
2003
1997
1983
1972
1965
1967
1964
1950
1950
1952
1957
1959
1962
1954
1956
1962
1961
1956
1952
1962
1963
1968
1978
1985
2008
2021
2026
2024
2013
2013
2019
2020
2025
2027
2026
2027
2026
2034
2040
2046
2042
2040
2045
2049
2056
2055
2056
2059
2059
2056
2057
2062
2061
2049
2049
2050
2045
2041
2043
2042
2037
2042
2054
2043
2037
2034
2039
2042
2042
2031
2020
2019
2015
2011
1996
1993
1991
1992
1965
1960
1955
1956
1955
1938
1935
1938
1929
1926
1926
1930
1936
1936
1941
1939
1940
1965
1966
1979
1985
1994
2003
2010
2014
2021
2025
2034
2047
2058
2070
2066
2076
2081
2107
2112
2116
2120
2123
2121
2121
2121
2123
2122
2122
2112
2112
2090
2089
2092
2097
2092
2087
2082
2080
2094
2088
2043
1940
1821
1521
1528
1583
1664
1755
1835
1897
1965
2235
2232
2210
2168
2197
2299
2394
2457
2476
2317
2272
2251
2257
2272
2288
2293
2280
2106
2058
2006
1945
1870
1901
1932
1962
1977
1959
1940
1926
1914
1907
1931
1974
2020
2047
2034
1984
1896
1546
1567
1618
1695
2035
2074
2090
2077
2040
1912
1915
1945
2002
2063
2120
2160
2179
2129
2142
2174
2209
2230
2214
2195
2168
2151
2037
1986
1944
1908
1880
1857
1847
1842
1791
1777
1768
1766
1899
1978
2065
2133
2234
2201
2173
2162
2168
2235
2252
2270
2268
2240
2194
2144
2093
1990
2009
2037
2073
2131
2109
2079
2051
2026
1959
1946
1939
1930
1920
1909
1898
1887
1797
1774
1753
1728
1623
1603
1585
1581
1688
1739
1801
1852
1906
2064
2103
2130
2147
2161
2171
2171
2173
2202
2199
2190
2168
2040
2015
1987
1966
1938
1861
1828
1795
1757
1721
1685
1645
1611
1581
1582
1592
1603
1647
1665
1682
1700
1787
1819
1852
1897
1943
2122
2210
2314
2428
2533
2638
2729
2826
3211
3323
3426
3511
3745
3776
3804
3828
3838
3782
3722
3651
3579
3496
3400
3304
3213
2800
2700
2608
2512
2159
2076
1992
1909
1591
1527
1463
1404
1343
1123
1045
987
937
881
833
791
754
635
627
623
620
603
601
608
620
635
687
703
718
732
747
756
772
788
852
871
901
939
1106
1157
1211
1265
1507
1582
1663
1753
1846
2147
2250
2359
2472
2584
2686
2796
2904
3294
3380
3447
3495
3550
3556
3561
3563
3570
3579
3580
3574
3554
3521
3479
3429
3377
3160
3102
3040
2977
2612
2499
2397
2295
2192
1894
1790
1682
1583
1481
1381
1280
1189
990
946
919
902
896
886
890
896
909
939
960
983
1015
1052
1086
1122
1156
1187
1241
1281
1328
1393
1465
1543
1627
1720
2041
2114
2176
2227
2447
2492
2552
2603
2739
2753
2776
2807
2852
2952
2973
2979
2980
2977
2963
2943
2905
2732
2699
2663
2633
2501
2473
2450
2422
2391
2318
2314
2315
2322
2325
2323
2315
2312
2245
2225
2204
2170
2023
1974
1936
1890
1632
1567
1509
1457
1418
1314
1289
1253
1209
1168
1128
1087
1049
963
965
974
985
997
993
997
1005
1009
1046
1062
1086
1109
1147
1175
1216
1259
1422
1481
1543
1610
1845
1890
1935
1964
2076
2102
2130
2156
2188
2256
2272
2291
2311
2311
2307
2319
2328
2384
2405
2428
2446
2516
2530
2543
2559
2572
2604
2601
2602
2604
2597
2576
2557
2539
2484
2481
2480
2483
2489
2499
2506
2512
2519
2528
2527
2530
2541
2541
2540
2541
2539
2526
2527
2532
2527
2478
2458
2430
2396
2259
2223
2195
2165
2136
2078
2068
2054
2046
2043
2034
2024
2016
1997
2001
2006
2017
2008
2000
1999
1990
1989
1992
2002
2016
2030
2047
2064
2085
2100
2188
2207
2227
2252
2332
2346
2363
2370
2321
2297
2267
2235
2210
2114
2072
2024
1977
1940
1894
1854
1816
1696
1666
1646
1627
1540
1519
1499
1474
1456
1412
1395
1386
1376
1368
1376
1390
1405
1468
1485
1509
1535
1627
1647
1665
1680
1725
1742
1754
1760
1768
1797
1806
1820
1830
1836
1837
1837
1831
1806
1799
1784
1777
1701
1688
1675
1667
1664
1677
1693
1704
1724
1743
1767
1793
1823
1955
1983
2017
2050
2164
2183
2198
2211
2237
2238
2246
2256
2269
2293
2300
2311
2323
2335
2344
2359
2367
2381
2381
2377
2368
2292
2267
2251
2232
2215
2182
2173
2163
2156
2154
2151
2152
2157
2194
2203
2216
2228
2246
2242
2246
2250
2271
2277
2279
2280
2282
2272
2276
2274
2271
2263
2258
2251
2247
2174
2154
2124
2098
1985
1958
1931
1906
1879
1807
1788
1772
1765
1760
1748
1741
1742
1754
1762
1764
1765
1793
1811
1827
1842
1920
1939
1960
1982
2006
2070
2088
2105
2120
2138
2154
2164
2175
2156
2146
2152
2149
2113
2111
2106
2098
2089
2066
2066
2064
2062
2061
2064
2063
2060
2026
2014
2003
1994
1940
1925
1919
1923
1925
1928
1930
1932
1936
1943
1945
1951
1960
1964
1972
1978
1981
2008
2014
2019
2024
2048
2058
2064
2069
2077
2090
2090
2090
2093
2103
2110
2112
2113
2129
2127
2128
2125
2102
2103
2101
2095
2087
2074
2068
2072
2075
2081
2081
2081
2080
2082
2076
2075
2073
2074
2071
2068
2069
2060
2041
2044
2036
2030
2028
2030
2030
2033
2035
2044
2046
2048
2049
2052
2058
2057
2061
2053
2050
2048
2044
2040
2037
2028
2016
1984
1974
1964
1957
1944
1930
1926
1921
1922
1925
1925
1922
1918
1910
1912
1909
1914
1929
1933
1934
1942
1951
1958
1966
1972
1973
1973
1976
1982
1992
2001
1997
1998
1999
1997
1996
2002
2002
1972
1968
1963
1957
1949
1915
1902
1894
1888
1890
1888
1884
1880
1862
1868
1875
1876
1896
1908
1915
1926
1937
1969
1984
1998
2018
2038
2049
2061
2075
2114
2124
2135
2147
2177
2181
2187
2188
2195
2191
2186
2183
2183
2178
2175
2170
2168
2141
2127
2119
2107
2099
2088
2084
2072
2061
2038
2034
2031
2024
2012
1998
1986
1979
1983
1983
1986
1993
1999
2006
2013
2022
2030
2057
2066
2070
2071
2089
2089
2095
2106
2107
2110
2113
2113
2114
2110
2103
2104
2104
2108
2106
2105
2093
2085
2075
2074
2069
2052
2042
2039
2032
2025
2013
2010
2008
2012
2008
2006
2009
2010
2012
2012
2014
2013
2027
2030
2037
2038
2033
2049
2049
2041
2040
2041
2042
2035
2031
2015
2018
2013
2009
1992
1988
1987
1986
1968
1963
1955
1949
1950
1945
1948
1943
1949
1949
1945
1950
1962
1982
1993
1998
1996
2009
2010
2017
2022
2030
2028
2035
2034
2039
2040
2046
2051
2053
2053
2051
2055
2051
2021
2012
2007
2001
1970
1964
1960
1959
1953
1949
1947
1948
1953
1954
1952
1952
1953
1960
1963
1969
1977
1982
1993
2003
2010
2020
2026
2027
2035
2046
2049
2046
2049
2053
2059
2060
2064
2063
2059
2056
2051
2049
2048
2051
2051
2050
2046
2044
2044
2045
2043
2029
2027
2028
2030
2028
2026
2020
2019
2019
2009
2009
2004
2003
2000
1998
1988
1980
1974
1971
1970
1969
1973
1976
1975
1972
1976
1989
1997
2000
2003
2006
2015
2021
2036
2061
2064
2066
2068
2069
2081
2089
2098
2106
2113
2119
2122
2118
2143
2144
2150
2156
2162
2166
2162
2162
2162
2159
2159
2154
2147
2142
2132
2126
2116
2082
2076
2070
2062
2051
2043
2041
2036
2030
2020
2016
2016
2015
2013
2006
1994
1998
1998
1996
1995
1995
1994
1992
1993
1994
1995
1981
1973
1975
1980
1976
1970
1969
1967
1949
1947
1943
1935
1921
1922
1933
1943
1900
1906
1891
1882
1897
1909
1914
1943
1960
1951
1951
1969
2000
2039
2046
2040
2052
2093
2094
2097
2088
2071
2026
2020
2006
1980
1973
1980
2000
2005
1993
1970
1926
1902
1987
2003
2018
2049
2070
2075
2081
2070
2063
2066
2062
2057
2055
2086
2094
2112
2097
1977
1928
1886
1880
1873
1883
1911
1933
1929
1950
1971
1967
1970
2005
2069
2120
2150
2224
2235
2233
2217
2199
2191
2187
2176
2115
2093
2067
2055
2060
2065
2075
2079
2083
2090
2093
2106
2115
2104
2097
2089
2095
2077
2067
2054
2044
2030
1995
1995
1993
1991
1997
2016
2037
2038
2003
1990
1977
1978
2016
2031
2050
2064
2081
2063
2045
2034
2024
1983
1957
1924
1900
1879
1852
1835
1818
1773
1778
1777
1783
1862
1870
1894
1913
1923
1976
1994
2002
2011
2027
2037
2043
2040
2001
1998
1993
2003
2024
2019
2022
2022
1999
2000
2006
2030
2062
2141
2151
2152
2153
2153
2151
2146
2137
2066
2056
2053
2044
2015
1994
1967
1942
1920
1908
1910
1913
1918
1920
1918
1922
1918
1944
1950
1963
1983
2059
2066
2073
2076
2084
2085
2084
2087
2092
2100
2112
2129
2142
2148
2149
2148
2150
2131
2131
2142
2149
2118
2103
2097
2085
2080
2076
2064
2050
2037
2023
2005
1996
1990
1934
1931
1923
1915
1918
1913
1908
1899
1896
1874
1876
1874
1876
1883
1889
1897
1904
1909
1903
1905
1902
1921
1931
1926
1925
1914
1886
1882
1880
1891
1902
1924
1951
1979
2061
2078
2109
2141
2170
2201
2244
2298
2351
2500
2539
2579
2621
2665
2704
2740
2774
2811
2898
2924
2946
2953
2959
2959
2955
2940
2862
2834
2805
2779
2609
2559
2498
2435
2373
2191
2136
2084
2030
1981
1924
1864
1802
1616
1551
1495
1436
1380
1321
1270
1220
1176
1058
1026
996
971
944
927
910
893
881
883
896
910
924
937
960
986
1009
1094
1124
1157
1198
1359
1395
1431
1459
1588
1626
1659
1698
1740
1882
1935
1995
2047
2105
2164
2218
2274
2536
2595
2653
2723
2916
2952
2978
2995
3006
3018
3013
2997
2975
2947
2913
2879
2847
2688
2670
2622
2565
2342
2274
2229
2179
2126
1995
1937
1895
1859
1820
1785
1757
1725
1586
1530
1480
1441
1324
1308
1306
1314
1385
1422
1459
1500
1557
1756
1825
1894
1956
2009
2055
2109
2160
2336
2360
2398
2428
2493
2513
2536
2556
2655
2669
2680
2701
2718
2746
2753
2750
2738
2724
2710
2699
2683
2591
2560
2524
2485
2335
2303
2269
2235
2204
2117
2083
2047
2016
1987
1965
1948
1929
1868
1850
1822
1796
1685
1652
1623
1592
1564
1483
1451
1425
1392
1365
1334
1312
1296
1240
1230
1225
1223
1266
1283
1301
1332
1358
1453
1488
1523
1565
1604
1644
1679
1711
1774
1800
1825
1851
1871
1886
1906
1928
1949
2010
2028
2046
2058
2075
2083
2091
2105
2126
2132
2137
2147
2149
2147
2147
2149
2148
2150
2148
2153
2151
2169
2174
2179
2182
2228
2254
2278
2305
2334
2411
2439
2456
2475
2492
2511
2528
2541
2577
2585
2592
2590
2586
2585
2577
2571
2561
2521
2512
2498
2488
2473
2461
2454
2445
2379
2353
2328
2302
2228
2217
2213
2202
2191
2134
2118
2102
2089
2076
2065
2053
2041
1984
1974
1965
1959
1904
1905
1898
1893
1882
1883
1883
1874
1876
1865
1862
1864
1866
1860
1855
1856
1856
1847
1841
1846
1854
1867
1868
1869
1866
1863
1875
1875
1883
1887
1888
1891
1896
1903
1905
1907
1906
1900
1889
1881
1873
1865
1858
1820
1806
1792
1778
1758
1735
1714
1701
1682
1635
1624
1615
1611
1605
1598
1589
1581
1573
1576
1578
1582
1623
1637
1655
1671
1721
1742
1761
1779
1793
1847
1870
1890
1913
1933
1948
1965
1990
2079
2102
2123
2138
2197
2206
2214
2223
2229
2244
2240
2245
2249
2246
2253
2259
2260
2237
2230
2225
2223
2216
2214
2210
2213
2219
2220
2228
2235
2240
2268
2270
2267
2269
2272
2265
2258
2261
2235
2233
2230
2229
2212
2210
2204
2199
2198
2182
2175
2167
2163
2162
2161
2155
2148
2131
2125
2120
2110
2096
2103
2101
2104
2109
2113
2112
2117
2122
2128
2130
2130
2133
2110
2103
2101
2088
2047
2037
2024
2006
1931
1911
1898
1882
1871
1839
1831
1816
1812
1803
1787
1779
1772
1754
1748
1751
1753
1756
1763
1772
1780
1818
1834
1852
1870
1883
1932
1944
1959
1972
1990
2012
2027
2051
2114
2132
2143
2147
2158
2160
2159
2162
2159
2144
2134
2124
2121
2118
2109
2099
2088
2046
2042
2037
2031
1993
1987
1980
1979
1979
1970
1968
1967
1970
1971
1967
1964
1962
1971
1973
1974
1974
1993
1998
2005
2012
2030
2043
2052
2069
2076
2077
2085
2098
2103
2107
2113
2120
2125
2110
2112
2119
2125
2137
2142
2145
2152
2158
2175
2183
2191
2199
2206
2211
2213
2213
2194
2187
2182
2179
2142
2134
2114
2097
2050
2035
2022
2007
1993
1964
1956
1948
1941
1930
1920
1908
1905
1869
1867
1860
1848
1832
1829
1826
1828
1826
1832
1836
1845
1848
1870
1876
1882
1894
1905
1909
1914
1923
1961
1966
1978
1989
2004
2004
2006
2010
2013
2004
2005
2004
2006
2006
2006
2005
1997
1997
1994
1995
1996
1994
1996
1996
1991
1991
1989
1987
1985
1984
1962
1960
1971
1970
1972
1970
1974
1981
2002
2005
2012
2019
2046
2062
2072
2075
2079
2102
2105
2106
2112
2114
2115
2116
2115
2131
2130
2128
2134
2136
2138
2139
2144
2148
2159
2159
2165
2169
2176
2175
2174
2180
2169
2165
2162
2156
2131
2124
2120
2114
2106
2090
2075
2070
2065
2060
2051
2047
2044
2024
2017
2014
2007
1999
1998
1994
1993
1984
1977
1974
1972
1972
1975
1975
1979
1979
1978
1988
1995
2003
2004
2010
2006
2009
2011
2029
2038
2043
2049
2064
2064
2063
2070
2078
2080
2075
2068
2072
2055
2047
2037
2037
2032
2027
2021
2013
1999
1988
1979
1971
1952
1945
1943
1938
1935
1938
1936
1935
1935
1932
1929
1930
1932
1925
1923
1933
1937
1934
1938
1946
1949
1976
1984
1985
1982
1982
1994
1996
1997
1999
2003
2007
2018
2022
2046
2050
2049
2053
2059
2058
2060
2057
2066
2060
2059
2050
2051
2041
2034
2034
2032
2028
2022
2016
2016
2009
2008
2005
2010
1997
1999
1997
1992
1992
1982
1986
1991
1996
1997
1996
1999
1996
1998
1996
1998
2004
2017
2021
2024
2030
2037
2041
2044
2054
2059
2078
2079
2081
2083
2081
2080
2085
2085
2079
2079
2078
2083
2076
2073
2071
2076
2074
2061
2065
2058
2050
2051
2044
2044
2046
2037
2031
2022
2013
2002
2002
2004
2003
1999
1992
1989
1988
1994
2005
2009
2009
2014
2018
2018
2019
2022
2047
2048
2049
2055
2071
2070
2072
2065
2064
2064
2068
2075
2077
2079
2076
2075
2081
2078
2079
2075
2078
2077
2077
2081
2081
2077
2072
2074
2067
2063
2052
2050
2050
2051
2054
2050
2043
2039
2009
2003
1994
1987
1965
1959
1956
1958
1957
1939
1934
1932
1927
1923
1923
1921
1924
1922
1922
1919
1916
1914
1918
1919
1921
1919
1931
1938
1948
1959
1967
1973
1982
1991
2008
2012
2019
2016
2015
2018
2030
2036
2037
2054
2049
2048
2048
2046
2049
2052
2054
2056
2069
2069
2066
2060
2054
2050
2052
2049
2045
2042
2044
2046
2052
2051
2052
2047
2045
2053
2057
2057
2057
2057
2059
2064
2065
2080
2086
2090
2095
2102
2104
2105
2106
2118
2115
2112
2115
2109
2094
2089
2083
2081
2082
2083
2081
2075
2055
2053
2048
2042
2030
2025
2018
2019
2023