2162
2167
2174
2176
2190
2191
2186
2189
2186
2183
2186
2187
2179
2175
2170
2171
2162
2157
2150
2147
2138
2117
2112
2100
2088
2079
2072
2063
2051
2058
2124
2119
2099
2065
2024
1973
1915
1851
1770
1788
1806
1814
1890
1944
1993
2020
1917
1885
1852
1833
1824
1880
1927
1976
2025
2081
2121
2142
2145
2078
2052
2034
2028
2088
2115
2134
2141
2149
2105
2071
2031
2004
1998
2019
2060
2108
2142
2132
2116
2100
2030
2033
2037
2057
2056
2038
2033
2038
2045
2100
2102
2092
2072
2044
2001
1971
1954
1969
1968
1952
1922
1783
1774
1774
1780
1802
1886
1923
1961
1993
2014
2020
2017
2010
1978
1980
1994
2015
2115
2119
2118
2106
1977
1945
1916
1900
1900
1928
1946
1965
1979
1986
1983
1975
1974
1980
2006
2035
2068
2174
2208
2233
2256
2253
2228
2197
2172
2145
2066
2049
2037
2027
2019
2020
2020
2021
1957
1924
1896
1876
1907
1934
1960
1992
2024
2066
2067
2058
2046
2039
2032
2024
2011
1998
1992
1989
1985
1902
1884
1870
1857
1832
1828
1816
1802
1800
1792
1802
1811
1825
1834
1835
1830
1820
1795
1806
1814
1823
1882
1900
1913
1930
1945
1989
2007
2021
2039
2054
2062
2074
2082
2114
2126
2145
2165
2199
2236
2279
2330
2371
2469
2485
2499
2501
2502
2500
2494
2491
2488
2515
2532
2551
2578
2601
2629
2654
2672
2641
2623
2606
2597
2603
2608
2610
2607
2565
2555
2549
2542
2539
2517
2514
2510
2500
2473
2433
2382
2330
2141
2106
2083
2057
1900
1852
1806
1762
1717
1580
1541
1506
1473
1452
1432
1412
1389
1280
1270
1267
1269
1276
1278
1281
1284
1285
1296
1304
1317
1329
1341
1352
1360
1371
1393
1410
1424
1449
1488
1529
1569
1613
1653
1782
1810
1832
1851
1865
1882
1902
1911
1972
1984
1985
1987
1991
1951
1931
1902
1872
1848
1821
1805
1790
1721
1706
1687
1654
1511
1488
1474
1466
1461
1485
1503
1515
1538
1564
1589
1613
1643
1732
1744
1767
1786
1876
1898
1928
1960
2069
2092
2113
2134
2143
2167
2181
2199
2225
2247
2268
2308
2346
2450
2474
2499
2539
2690
2736
2783
2832
2879
3006
3043
3075
3113
3153
3183
3224
3252
3298
3301
3302
3295
3233
3217
3190
3170
3058
3027
2995
2962
2927
2819
2784
2743
2695
2647
2599
2550
2499
2290
2241
2192
2138
1927
1875
1825
1778
1731
1631
1605
1578
1554
1536
1522
1512
1506
1506
1510
1511
1517
1527
1526
1526
1523
1521
1519
1521
1518
1515
1504
1500
1495
1489
1486
1484
1479
1470
1479
1482
1489
1496
1497
1497
1490
1488
1489
1502
1506
1512
1518
1522
1522
1529
1530
1519
1519
1527
1543
1627
1654
1678
1697
1798
1827
1854
1886
1916
1999
2023
2048
2066
2089
2104
2119
2132
2149
2153
2165
2167
2171
2178
2184
2188
2192
2214
2220
2237
2252
2263
2278
2292
2307
2348
2364
2376
2389
2423
2434
2443
2448
2441
2434
2425
2418
2414
2381
2377
2371
2359
2350
2337
2319
2295
2209
2193
2176
2165
2121
2112
2107
2099
2091
2083
2084
2080
2083
2087
2087
2089
2090
2101
2113
2120
2125
2138
2137
2131
2128
2120
2117
2107
2094
2077
2027
2013
1993
1970
1947
1923
1899
1876
1785
1764
1753
1743
1711
1713
1717
1729
1735
1750
1753
1757
1764
1778
1785
1791
1793
1792
1787
1782
1780
1776
1769
1763
1759
1757
1733
1723
1713
1706
1706
1704
1708
1711
1709
1697
1699
1703
1704
1710
1721
1731
1741
1791
1810
1827
1845
1896
1909
1927
1951
2054
2076
2094
2123
2149
2222
2237
2254
2272
2283
2293
2306
2315
2333
2334
2342
2345
2332
2323
2320
2313
2313
2308
2297
2299
2293
2282
2274
2264
2265
2240
2240
2231
2226
2214
2209
2210
2214
2206
2214
2219
2219
2223
2236
2245
2244
2247
2250
2252
2254
2254
2258
2252
2249
2241
2179
2164
2154
2128
2103
2020
1987
1951
1913
1881
1849
1811
1782
1686
1665
1644
1625
1544
1533
1522
1514
1475
1477
1480
1476
1478
1503
1518
1539
1562
1589
1608
1632
1651
1757
1795
1834
1874
2042
2097
2152
2217
2274
2444
2501
2560
2613
2664
2710
2760
2806
2944
2964
2981
3000
3023
3021
3020
3015
2936
2913
2890
2855
2818
2713
2666
2615
2560
2502
2438
2369
2301
2017
1945
1878
1818
1594
1556
1517
1479
1457
1396
1371
1352
1326
1303
1280
1257
1236
1138
1122
1108
1098
1059
1058
1066
1078
1133
1152
1176
1198
1216
1298
1323
1353
1387
1422
1465
1501
1539
1730
1782
1830
1876
2092
2142
2202
2252
2308
2471
2517
2561
2602
2647
2690
2735
2786
2970
3012
3049
3080
3152
3158
3162
3169
3114
3089
3057
3022
2988
2867
2821
2772
2722
2660
2602
2538
2475
2190
2114
2035
1953
1630
1558
1479
1404
1326
1123
1064
1006
955
914
876
837
809
759
756
760
765
828
849
873
900
1041
1082
1123
1162
1202
1312
1351
1394
1443
1485
1524
1565
1609
1742
1775
1812
1847
1978
2004
2033
2064
2100
2177
2208
2232
2262
2287
2312
2338
2367
2450
2484
2516
2546
2578
2614
2657
2697
2726
2825
2855
2889
2917
2948
2972
2990
3009
3025
3043
3045
3043
3044
3029
3009
2990
2968
2839
2792
2751
2718
2556
2514
2471
2423
2217
2171
2126
2080
2034
1896
1857
1823
1788
1745
1711
1682
1654
1575
1566
1558
1551
1537
1542
1548
1557
1567
1608
1625
1646
1667
1696
1726
1757
1784
1855
1876
1898
1926
1995
2018
2034
2049
2119
2137
2155
2171
2192
2254
2271
2286
2299
2312
2321
2327
2334
2374
2384
2395
2407
2428
2437
2443
2456
2481
2491
2494
2501
2504
2482
2470
2455
2438
2428
2415
2394
2364
2255
2227
2199
2163
2025
1985
1955
1925
1895
1794
1755
1716
1683
1656
1628
1593
1569
1480
1461
1442
1439
1420
1429
1437
1450
1491
1500
1517
1532
1555
1613
1633
1661
1685
1714
1740
1766
1793
1891
1914
1938
1967
2051
2069
2090
2109
2126
2168
2176
2180
2189
2193
2199
2200
2205
2202
2202
2200
2190
2178
2172
2167
2167
2132
2121
2119
2106
2090
2069
2058
2045
2040
2029
2015
2004
1992
1951
1941
1935
1934
1925
1920
1911
1901
1870
1862
1860
1854
1851
1818
1810
1805
1799
1790
1782
1775
1765
1744
1732
1728
1725
1709
1710
1710
1719
1730
1732
1739
1741
1745
1758
1766
1779
1787
1825
1839
1853
1867
1918
1931
1949
1961
2036
2056
2077
2098
2111
2164
2188
2208
2221
2237
2252
2268
2282
2343
2359
2370
2379
2415
2423
2431
2436
2434
2436
2437
2441
2448
2449
2443
2443
2433
2420
2411
2407
2407
2407
2407
2403
2401
2397
2374
2361
2350
2339
2333
2320
2308
2299
2284
2256
2248
2239
2227
2213
2202
2186
2172
2126
2107
2088
2063
1992
1978
1962
1949
1875
1865
1852
1837
1821
1777
1762
1753
1744
1733
1723
1719
1713
1705
1705
1706
1706
1736
1752
1773
1799
1819
1863
1882
1895
1913
1935
1958
1974
2000
2058
2073
2086
2098
2150
2150
2161
2170
2202
2207
2213
2214
2208
2164
2145
2133
2121
2107
2089
2073
2073
2023
2005
1998
1991
1938
1918
1903
1880
1873
1845
1843
1835
1831
1828
1828
1831
1836
1846
1843
1849
1852
1881
1891
1893
1898
1914
1917
1930
1944
1959
1980
1983
1991
1997
2001
2011
2013
2008
2007
2014
2024
2031
2046
2044
2040
2048
2054
2069
2081
2092
2096
2101
2102
2094
2089
2092
2096
2100
2112
2129
2130
2131
2130
2130
2131
2131
2136
2142
2142
2133
2123
2119
2118
2111
2100
2096
2068
2067
2066
2056
2024
2015
2010
2001
1998
1994
1988
1980
1980
1973
1965
1963
1965
1960
1953
1961
1972
1999
2005
2012
2008
2007
2010
2016
2026
2037
2036
2040
2039
2044
2051
2055
2058
2064
2051
2045
2038
2033
2006
2000
1996
1992
1995
1983
1981
1984
1979
1975
1966
1968
1975
1969
1974
1980
1986
2007
2015
2010
2017
2036
2037
2035
2040
2040
2042
2043
2044
2044
2047
2054
2053
2051
2042
2037
2036
2036
2012
2005
2001
1997
1992
1949
1941
1934
1921
1903
1891
1880
1872
1842
1838
1826
1821
1800
1797
1798
1799
1818
1832
1843
1857
1873
1905
1914
1926
1940
1950
1968
1986
2006
2090
2111
2139
2175
2308
2337
2363
2385
2402
2466
2486
2509
2538
2559
2578
2598
2620
2687
2707
2726
2741
2774
2780
2791
2787
2757
2748
2738
2721
2705
2636
2609
2585
2562
2529
2501
2462
2428
2270
2233
2198
2157
1977
1927
1879
1830
1782
1658
1625
1593
1565
1543
1517
1489
1472
1373
1359
1344
1330
1296
1291
1293
1294
1357
1387
1411
1440
1473
1540
1561
1566
1570
1577
1579
1585
1587
1590
1584
1578
1575
1549
1545
1538
1527
1519
1491
1488
1481
1474
1475
1471
1464
1461
1465
1463
1468
1473
1516
1528
1539
1546
1587
1602
1621
1638
1659
1723
1746
1768
1799
1825
1848
1880
1912
2048
2083
2121
2152
2235
2251
2275
2296
2320
2380
2401
2426
2450
2477
2501
2533
2567
2691
2721
2753
2789
2913
2937
2965
2993
3063
3070
3080
3091
3092
3063
3048
3031
3010
2988
2968
2955
2937
2843
2819
2787
2758
2642
2608
2566
2532
2502
2382
2336
2290
2252
2208
2157
2109
2064
1888
1854
1819
1786
1717
1713
1710
1710
1731
1743
1762
1781
1805
1864
1883
1892
1908
1917
1927
1931
1929
1930
1924
1919
1915
1891
1885
1883
1878
1872
1855
1852
1850
1843
1831
1812
1797
1778
1688
1666
1642
1608
1466
1436
1406
1381
1297
1293
1289
1287
1292
1303
1313
1330
1343
1362
1384
1409
1435
1549
1578
1598
1622
1705
1714
1722
1737
1745
1786
1796
1806
1820
1835
1851
1878
1901
1998
2030
2057
2084
2224
2258
2290
2317
2415
2429
2442
2459
2475
2509
2519
2525
2531
2546
2550
2560
2574
2596
2599
2598
2599
2596
2590
2584
2585
2578
2529
2518
2496
2472
2445
2417
2390
2352
2236
2210
2183
2160
2073
2054
2038
2028
2013
2015
2013
2017
2021
2011
2008
2010
2014
2009
2008
2010
2007
1997
1995
1987
1976
1962
1951
1947
1946
1937
1911
1905
1900
1898
1898
1901
1897
1897
1870
1870
1860
1851
1814
1799
1788
1782
1741
1731
1722
1717
1712
1702
1700
1695
1695
1696
1693
1692
1696
1722
1725
1732
1741
1776
1786
1794
1801
1808
1840
1854
1860
1873
1882
1892
1901
1918
1973
1990
2003
2024
2071
2077
2087
2098
2116
2121
2133
2139
2152
2171
2179
2188
2194
2194
2190
2188
2183
2185
2195
2193
2193
2193
2194
2191
2189
2183
2168
2160
2156
2162
2159
2160
2159
2158
2152
2153
2155
2159
2160
2163
2170
2172
2174
2183
2190
2191
2197
2203
2206
2212
2219
2222
2223
2182
2108
1983
1964
1965
1987
2136
2164
2186
2197
2198
2195
2202
2201
2198
2199
2199
2197
2191
2125
2097
2079
2064
2026
2028
2019
2013
2010
1970
1947
1926
1901
1865
1840
1824
1811
1814
1820
1821
1818
1760
1744
1734
1722
1734
1744
1752
1754
1755
1761
1753
1753
1760
1764
1766
1777
1796
1890
1903
1912
1922
1908
1905
1903
1894
1884
1870
1866
1866
1868
1871
1875
1886
1902
1964
1976
1986
1984
1977
1975
1965
1965
2007
2029
2017
1895
1695
1437
1394
1399
1459
1542
1639
1734
1828
2049
2091
2115
2156
2502
2602
2701
2789
2868
3064
3070
3091
3130
3176
3211
3251
3303
3418
3413
3394
3371
3238
3193
3147
3103
2936
2884
2840
2789
2722
2506
2439
2369
2294
2210
2121
2033
1946
1641
1552
1463
1385
1101
1040
972
902
841
780
777
773
758
722
687
655
616
504
486
479
463
347
151
109
132
167
180
260
360
446
586
771
909
988
1363
1442
1560
1751
1917
1996
2045
2132
2225
2418
2470
2480
2505
2604
2747
2883
2991
3107
3480
3559
3642
3723
3783
3840
3906
3977
4088
4088
4089
4089
4090
4090
4089
4089
3941
3837
3722
3598
3477
3243
3178
3099
3011
2913
2810
2707
2597
2119
2006
1932
1894
1782
1711
1620
1534
1451
1246
1187
1128
1070
1012
955
896
854
840
855
890
920
1020
1025
1033
1029
884
852
821
794
771
695
672
649
620
595
566
537
508
553
572
591
604
664
705
760
835
921
1202
1297
1390
1484
1584
1678
1766
1846
2097
2147
2208
2259
2505
2572
2632
2684
2812
2843
2876
2907
2935
2972
2971
2970
2969
2965
2961
2954
2944
2818
2776
2745
2712
2619
2601
2586
2578
2568
2523
2494
2457
2420
2382
2336
2295
2257
2098
2065
2036
2002
1829
1790
1764
1740
1647
1624
1600
1586
1566
1511
1494
1480
1478
1475
1477
1486
1497
1600
1635
1668
1703
1891
1942
1995
2048
2095
2206
2240
2277
2322
2369
2416
2464
2519
2751
2806
2850
2894
3080
3130
3170
3210
3316
3329
3340
3349
3355
3346
3337
3321
3308
3286
3261
3227
3192
3014
2962
2908
2859
2597
2515
2434
2347
2022
1958
1902
1859
1821
1717
1686
1657
1626
1591
1564
1536
1517
1451
1434
1424
1420
1415
1412
1420
1431
1447
1511
1536
1559
1578
1594
1594
1593
1593
1561
1546
1535
1526
1474
1467
1460
1455
1484
1497
1507
1506
1513
1555
1565
1579
1594
1602
1605
1620
1628
1683
1698
1719
1738
1847
1871
1898
1926
1951
1992
2002
2010
2017
2019
2029
2030
2036
2058
2061
2061
2061
2072
2080
2089
2100
2104
2096
2082
2066
2050
2002
1978
1956
1927
1905
1891
1870
1854
1758
1738
1724
1713
1668
1661
1649
1643
1642
1633
1623
1618
1620
1623
1625
1628
1635
1676
1696
1715
1726
1770
1784
1806
1819
1877
1890
1907
1926
1941
2004
2032
2055
2075
2088
2100
2115
2133
2211
2234
2260
2283
2361
2385
2410
2425
2447
2513
2540
2567
2597
2627
2645
2668
2690
2729
2741
2751
2766
2807
2803
2792
2774
2660
2626
2590
2556
2526
2420
2382
2344
2315
2286
2256
2232
2206
2053
1998
1937
1879
1680
1664
1660
1669
1679
1703
1692
1683
1670
1652
1633
1616
1596
1595
1616
1633
1648
1662
1670
1674
1670
1675
1692
1702
1721
1725
1724
1717
1721
1727
1734
1770
1783
1804
1823
1844
1870
1894
1911
1977
1996
2023
2056
2192
2219
2236
2244
2298
2318
2338
2354
2374
2406
2410
2410
2403
2396
2384
2377
2371
2350
2351
2352
2357
2324
2315
2302
2293
2281
2240
2228
2228
2226
2221
2221
2225
2234
2229
2223
2215
2204
2143
2134
2121
2104
2092
2029
2006
1984
1968
1950
1926
1904
1879
1795
1773
1766
1758
1714
1713
1722
1719
1705
1706
1704
1706
1707
1734
1745
1752
1759
1763
1759
1756
1749
1727
1730
1737
1746
1802
1811
1821
1816
1823
1811
1810
1810
1815
1814
1811
1819
1827
1844
1845
1842
1836
1769
1756
1744
1740
1794
1818
1843
1869
1892
1940
1947
1962
1982
1999
2024
2034
2047
2080
2088
2099
2107
2110
2111
2109
2099
2106
2102
2103
2102
2099
2099
2097
2096
2092
2069
2057
2052
2051
2081
2099
2117
2130
2174
2188
2206
2223
2252
2343
2374
2404
2436
2464
2497
2529
2558
2643
2664
2691
2708
2761
2769
2781
2790
2798
2772
2753
2731
2709
2679
2651
2624
2594
2476
2455
2432
2410
2304
2271
2236
2198
2075
2045
2015
1982
1951
1835
1792
1753
1721
1682
1642
1606
1579
1470
1448
1419
1389
1312
1298
1284
1264
1250
1196
1178
1163
1153
1143
1137
1132
1120
1081
1070
1059
1059
1095
1114
1134
1156
1256
1287
1320
1349
1384
1498
1543
1592
1636
1683
1728
1774
1816
1977
2014
2055
2095
2226
2262
2297
2330
2362
2455
2478
2506
2533
2556
2576
2600
2619
2667
2679
2680
2683
2669
2666
2664
2661
2658
2657
2659
2665
2667
2658
2654
2655
2651
2649
2644
2642
2641
2630
2632
2629
2629
2618
2618
2617
2609
2599
2551
2531
2515
2499
2490
2474
2453
2430
2314
2287
2264
2240
2116
2090
2059
2034
1916
1887
1861
1837
1812
1744
1730
1715
1696
1677
1662
1654
1645
1633
1632
1637
1640
1646
1649
1659
1668
1675
1693
1693
1694
1691
1682
1678
1674
1669
1648
1644
1647
1646
1646
1648
1645
1646
1650
1659
1665
1666
1668
1670
1672
1682
1689
1711
1715
1724
1729
1759
1763
1765
1766
1814
1829
1838
1846
1860
1887
1896
1902
1914
1926
1938
1947
1954
1977
1982
1989
1987
1998
2004
2008
2013
2018
2031
2038
2050
2059
2066
2082
2100
2116
2180
2198
2220
2239
2313
2328
2341
2352
2403
2415
2430
2440
2445
2470
2475
2478
2485
2490
2493
2491
2494
2482
2482
2481
2476
2439
2431
2423
2416
2409
2360
2349
2339
2327
2316
2310
2296
2281
2231
2215
2202
2184
2114
2095
2084
2068
2017
1996
1977
1966
1953
1889
1875
1862
1848
1829
1813
1798
1793
1732
1724
1716
1710
1661
1650
1641
1632
1630
1623
1623
1618
1611
1602
1597
1601
1600
1583
1581
1583
1589
1608
1614
1624
1632
1639
1676
1687
1696
1712
1721
1736
1754
1767
1836
1848
1862
1876
1935
1945
1957
1970
2029
2041
2055
2071
2089
2126
2135
2150
2169
2181
2189
2202
2215
2257
2268
2284
2295
2316
2321
2330
2338
2340
2334
2330
2328
2326
2324
2320
2325
2327
2291
2283
2277
2279
2276
2270
2265
2261
2248
2241
2230
2223
2208
2178
2173
2167
2160
2153
2144
2138
2134
2108
2105
2100
2099
2066
2058
2058
2061
2058
2038
2032
2035
2034
2039
2040
2042
2040
2040
2037
2037
2040
2033
2029
2030
2027
2034
2033
2035
2038
2039
2025
2023
2020
2016
2010
2009
2005
2002
1982
1973
1964
1960
1935
1931
1933
1935
1934
1920
1906
1901
1894
1891
1884
1884
1882
1851
1844
1840
1836
1813
1812
1806
1802
1779
1779
1783
1785
1788
1791
1796
1802
1812
1820
1829
1843
1857
1884
1890
1897
1902
1930
1932
1937
1943
1954
1977
1981
1983
1990
1999
2027
2079
2068
1762
1752
1761
1817
2079
2148
2171
2149
2167
2191
2233
2256
2245
2193
2186
2181
2174
2172
2184
2208
2226
2272
2266
2253
2259
2299
2297
2279
2251
2255
2259
2247
2237
2223
2197
2175
2157
2143
2082
2092
2097
2098
1985
1966
1962
1956
1948
1876
1848
1819
1783
1746
1708
1679
1657
1592
1598
1605
1618
1597
1582
1559
1544
1562
1595
1616
1624
1638
1708
1741
1767
1794
1822
1840
1867
1920
2208
2278
2329
2377
2583
2653
2732
2813
2894
3091
3139
3187
3232
3269
3287
3304
3318
3365
3375
3382
3384
3295
3252
3210
3151
2868
2787
2711
2623
2529
2219
2111
2005
1904
1810
1719
1644
1563
1177
1065
964
876
582
539
500
461
435
378
368
360
362
368
374
393
420
572
624
685
746
1032
1100
1173
1254
1614
1692
1777
1872
1961
2202
2289
2382
2477
2563
2651
2736
2817
3070
3120
3161
3202
3385
3417
3405
3331
3227
2954
2923
2919
2930
2945
2967
2994
3017
2937
2932
2936
2942
2807
2736
2653
2555
2455
2174
2101
2039
1998
1965
1932
1901
1861
1741
1734
1734
1722
1712
1717
1719
1711
1597
1572
1548
1528
1512
1497
1499
1495
1492
1479
1453
1425
1406
1385
1384
1386
1393
1362
1353
1343
1331
1330
1364
1395
1436
1468
1488
1494
1487
1461
1347
1349
1368
1390
1496
1522
1547
1576
1669
1700
1736
1788
1845
2013
2048
2075
2087
2095
2102
2111
2136
2303
2353
2397
2439
2559
2571
2586
2601
2613
2668
2693
2717
2727
2728
2725
2718
2703
2656
2651
2650
2636
2529
2472
2407
2342
2285
2168
2135
2107
2082
2055
2019
1980
1939
1732
1698
1672
1659
1637
1633
1637
1635
1616
1621
1627
1643
1660
1693
1715
1733
1751
1762
1792
1827
1869
2100
2166
2229
2275
2414
2445
2476
2500
2528
2645
2683
2713
2738
2751
2756
2764
2769
2735
2734
2728
2733
2654
2625
2593
2559
2532
2481
2476
2468
2460
2439
2417
2394
2371
2291
2271
2247
2221
2194
2165
2132
2096
2063
1957
1922
1888
1859
1828
1796
1774
1762
1748
1704
1691
1675
1663
1654
1643
1638
1628
1621
1629
1640
1647
1656
1665
1680
1690
1707
1716
1726
1732
1746
1774
1787
1804
1829
1850
1870
1891
1906
1972
1992
2022
2044
2107
2106
2104
2107
2112
2079
2070
2063
2066
2072
2074
2067
2065
2059
2053
2050
2043
2043
2040
2038
2034
2032
2000
1984
1959
1935
1911
1894
1878
1865
1851
1837
1833
1831
1835
1839
1847
1843
1845
1851
1868
1874
1911
1922
1935
1945
1959
1997
2004
2014
2021
2023
2024
2031
2038
2067
2074
2076
2076
2049
2033
2022
2000
1980
1923
1900
1882
1866
1859
1848
1839
1833
1800
1787
1780
1778
1769
1733
1730
1725
1724
1717
1716
1717
1711
1706
1709
1715
1725
1744
1764
1782
1804
1825
1902
1927
1958
1979
2000
2020
2041
2062
2077
2107
2121
2134
2147
2163
2189
2209
2229
2274
2283
2287
2300
2342
2347
2359
2371
2383
2385
2390
2391
2389
2384
2380
2371
2365
2355
2347
2341
2331
2294
2287
2282
2275
2232
2221
2210
2202
2143
2126
2109
2100
2095
2049
2033
2020
2004
1980
1966
1954
1939
1902
1896
1891
1883
1820
1812
1810
1815
1820
1838
1839
1836
1830
1834
1833
1835
1841
1880
1892
1901
1908
1933
1949
1965
1985
2045
2055
2066
2083
2104
2133
2139
2147
2152
2157
2162
2169
2166
2156
2151
2146
2140
2118
2119
2115
2104
2094
2059
2043
2028
2019
2013
2009
2007
2004
1979
1968
1963
1962
1977
1989
2003
2015
2022
2032
2036
2049
2060
2071
2072
2077
2081
2104
2107
2106
2109
2119
2118
2112
2104
2103
2102
2063
2052
2042
2032
1999
1989
1981
1977
1945
1934
1923
1911
1902
1876
1872
1866
1864
1863
1858
1854
1851
1824
1828
1830
1840
1864
1878
1893
1901
1921
1933
1945
1958
1972
1989
2008
2025
2044
2059
2064
2068
2072
2100
2106
2106
2106
2090
2083
2071
2063
2067
2053
2053
2046
2044
2051
2048
2038
2021
1966
1952
1946
1939
1911
1896
1887
1881
1879
1875
1876
1877
1878
1888
1893
1903
1911
1941
1951
1965
1973
2017
2022
2025
2031
2021
2019
2018
2014
2011
2017
2016
2013
2011
1994
1983
1969
1958
1935
1944
1962
1983
2065
2084
2109
2131
2158
2273
2309
2351
2403
2447
2482
2514
2543
2636
2656
2670
2683
2688
2680
2665
2644
2622
2552
2534
2516
2498
2481
2458
2444
2429
2340
2320
2303
2286
2197
2165
2124
2085
1924
1889
1865
1853
1844
1825
1821
1818
1815
1800
1793
1797
1799
1785
1779
1777
1767
1720
1706
1689
1672
1660
1606
1591
1569
1556
1544
1529
1513
1493
1452
1447
1440
1439
1420
1416
1414
1409
1407
1405
1407
1415
1421
1429
1430
1437
1445
1487
1500
1514
1527
1593
1613
1638
1666
1762
1791
1821
1853
1887
1987
2016
2045
2082
2115
2145
2175
2204
2278
2302
2327
2343
2360
2359
2357
2352
2346
2351
2347
2350
2354
2360
2368
2377
2383
2386
2385
2389
2388
2368
2367
2372
2375
2391
2400
2406
2412
2419
2442
2451
2456
2462
2471
2475
2483
2491
2521
2525
2531
2531
2490
2471
2454
2436
2416
2341
2316
2288
2272
2251
2229
2213
2202
2166
2160
2162
2161
2136
2131
2122
2113
2105
2109
2116
2113
2111
2098
2097
2094
2090
2085
2083
2073
2062
2017
1996
1978
1961
1905
1881
1858
1842
1828
1778
1761
1746
1738
1726
1720
1710
1696
1656
1645
1641
1638
1589
1579
1567
1557
1539
1534
1534
1538
1544
1547
1558
1567
1570
1571
1585
1596
1605
1632
1641
1648
1655
1702
1712
1725
1735
1752
1771
1784
1800
1809
1822
1842
1862
1876
1954
1968
1989
2008
2087
2099
2106
2123
2148
2158
2161
2164
2167
2184
2195
2198
2208
2221
2233
2241
2252
2304
2322
2340
2354
2388
2404
2419
2437
2452
2486
2490
2504
2515
2517
2514
2512
2513
2472
2454
2439
2427
2378
2363
2342
2320
2304
2244
2228
2207
2198
2188
2171
2159
2150
2097
2089
2085
2079
2017
2003
1991
1982
1950
1939
1935
1928
1925
1922
1917
1914
1908
1912
1910
1909
1908
1879
1865
1851
1844
1826
1826
1824
1811
1804
1787
1777
1768
1766
1764
1758
1751
1751
1770
1836
1863
1817
1614
1568
1550
1551
1644
1693
1741
1778
1796
1814
1821
1837
1828
1803
1794
1786
1784
1865
1912
1954
1980
2093
2093
2114
2133
2139
2211
2232
2237
2235
2238
2232
2201
2167
2010
1997
2001
2018
2118
2137
2143
2140
2035
2012
1991
1984
1987
2049
2064
2075
2075
2070
2070
2074
2074
2166
2201
2238
2262
2253
2246
2242
2244
2256
2319
2349
2377
2405
2411
2414
2415
2414
2389
2384
2386
2383
2367
2355
2333
2301
2267
2163
2144
2125
2116
2117
2112
2117
2118
2062
2039
2017
2001
1977
1977
1975
1975
1989
1990
1992
1990
1992
2002
1996
1987
1978
1968
1950
1930
1919
1912
1924
1932
1936
1910
1899
1890
1879
1864
1854
1849
1839
1833
1819
1800
1774
1746
1690
1682
1685
1690
1684
1675
1663
1635
1602
1457
1412
1366
1306
1245
1187
1146
1112
1021
995
969
942
922
917
915
910
903
888
895
908
934
975
1022
1083
1159
1252
1632
1782
1948
2123
2314
2521
2739
2965
3858
4050
4089
4090
4091
4089
4087
4089
4090
4088
4091
4088
4088
4089
4090
4089
4090
4090
4088
4092
4091
3706
3456
3172
2877
1663
1379
1103
842
585
101
93
88
86
81
77
75
74
69
69
69
69
72
75
78
79
83
94
102
111
125
147
192
280
413
580
771
1371
1574
1769
1957
2139
2308
2463
2612
2747
3140
3269
3390
3495
3569
3601
3600
3583
3375
3335
3307
3294
3305
3286
3246
3204
3160
2989
2934
2879
2826
2777
2743
2716
2693
2618
2607
2592
2587
2594
2616
2645
2673
2692
2674
2643
2597
2528
2436
2335
2243
2145
1889
1864
1847
1840
1776
1746
1707
1656
1511
1497
1496
1503
1509
1511
1503
1500
1513
1521
1531
1555
1589
1698
1703
1683
1648
1469
1423
1390
1364
1346
1301
1275
1247
1215
1192
1160
1135
1125
1124
1139
1151
1163
1190
1197
1205
1209
1229
1357
1427
1506
1588
1673
1755
1844
1921
2115
2182
2249
2326
2409
2490
2570
2647
2725
2908
2957
3009
3053
3093
3128
3168
3207
3239
3276
3274
3272
3254
3229
3193
3161
3130
2970
2916
2857
2779
2390
2300
2208
2118
1745
1643
1539
1431
1331
1064
985
915
848
784
734
702
679
664
687
722
764
980
1042
1104
1163
1218
1391
1441
1495
1550
1600
1656
1709
1773
2036
2102
2172
2238
2501
2562
2621
2671
2852
2889
2937
2989
3046
3196
3237
3272
3306
3331
3354
3371
3387
3437
3441
3432
3414
3212
3137
3057
2976
2897
2659
2582
2493
2412
2323
2230
2137
2045
1659
1575
1500
1427
1185
1138
1097
1063
1031
973
966
972
986
1006
1030
1056
1090
1278
1336
1400
1470
1764
1840
1913
1978
2187
2233
2276
2321
2361
2445
2458
2464
2464
2462
2456
2443
2425
2356
2340
2326
2306
2202
2174
2146
2116
2084
2009
1987
1963
1945
1934
1916
1887
1860
1778
1763
1754
1746
1743
1746
1754
1766
1794
1805
1817
1831
1846
1896
1915
1932
1953
1970
1985
2002
2018
2093
2109
2127
2139
2178
2176
2175
2173
2175
2175
2166
2154
2144
2126
2110
2093
2084
2038
2033
2019
2007
1937
1911
1884
1859
1827
1734
1710
1680
1654
1633
1607
1577
1553
1447
1426
1414
1399
1376
1384
1390
1394
1447
1461
1472
1490
1509
1578
1614
1645
1677
1711
1747
1784
1829
2010
2057
2105
2158
2379
2428
2477
2522
2562
2670
2701
2732
2765
2792
2816
2835
2860
2899
2902
2895
2887
2832
2812
2790
2772
2666
2637
2602
2562
2527
2418
2395
2355
2319
2281
2242
2206
2175
2048
2023
1994
1968
1880
1860
1835
1814
1800
1749
1735
1721
1708
1697
1688
1688
1689
1668
1667
1664
1659
1660
1662
1669
1676
1687
1721
1731
1746
1765
1795
1817
1840
1861
1940
1954
1970
1988
2056
2071
2086
2099
2122
2117
2119
2120
2120
2086
2074
2058
2046
2031
2009
1989
1968
1899
1888
1875
1863
1821
1815
1817
1820
1829
1851
1865
1877
1886
1899
1918
1940
1964
2059
2081
2111
2148
2274
2304
2335
2366
2425
2437
2450
2460
2459
2452
2447
2440
2435
2421
2397
2379
2357
2252
2222
2197
2172
2040
2013
1987
1960
1933
1855
1836
1823
1799
1777
1757
1745
1733
1752
1753
1750
1752
1764
1792
1834
1862
1791
1727
1671
1616
1586
1610
1662
1718
1771
1823
1874
1919
1945
2036
2050
2071
2092
2141
2158
2178
2199
2233
2324
2338
2335
2327
2308
2288
2270
2249
2127
2098
2073
2058
2154
2190
2224
2247
2198
2171
2144
2121
2105
2107
2113
2103
2086
2050
2008
1959
1905
1762
1753
1750
1747
1734
1721
1715
1713
1720
1748
1772
1797
1816
1829
1834
1830
1829
1806
1798
1794
1799
1870
1887
1901
1928
1976
2001
2031
2067
2103
2198
2227
2244
2259
2274
2282
2294
2313
2420
2432
2436
2427
2296
2249
2211
2189
2182
2173
2173
2180
2182
2172
2163
2146
2123
2051
2053
2062
2063
2047
2039
2031
2015
2000
1975
1968
1953
1940
1926
1915
1902
1886
1830
1823
1825
1831
1891
1925
1949
1971
2014
2016
2026
2036
2043
2037
2035
2032
2034
2039
2049
2064
2087
2139
2142
2135
2125
2063
2054
2052
2058
2064
2082
2087
2090
2086
2071
2052
2035
2018
1919
1895
1874
1866
1857
1866
1882
1893
1925
1933
1940
1953
1968
2012
2027
2040
2062
2078
2098
2126
2143
2207
2217
2235
2243
2222
2211
2213
2217
2220
2186
2162
2126
2079
2032
1983
1931
1889
1769
1756
1749
1740
1743
1746
1750
1758
1789
1786
1795
1804
1820
1872
1892
1912
1932
1948
1951
1959
1974
2037
2059
2084
2098
2115
2122
2133
2149
2171
2255
2279
2287
2297
2306
2311
2316
2315
2299
2298
2296
2286
2229
2217
2206
2199
2210
2225
2237
2249
2269
2313
2327
2336
2340
2341
2342
2354
2362
2366
2361
2353
2345
2324
2328
2326
2321
2317
2265
2250
2227
2202
2179
2159
2141
2127
2070
2052
2036
2011
1902
1870
1843
1814
1706
1684
1656
1627
1596
1520
1507
1503
1498
1499
1501
1504
1515
1552
1567
1576
1590
1620
1630
1644
1657
1671
1690
1693
1697
1695
1691
1690
1692
1696
1694
1688
1681
1675
1640
1637
1639
1640
1646
1661
1656
1654
1652
1655
1655
1655
1656
1657
1671
1690
1709
1815
1857
1893
1924
2048
2091
2129
2161
2186
2263
2292
2319
2343
2361
2377
2388
2398
2411
2412
2405
2396
2367
2357
2359
2367
2367
2358
2357
2346
2339
2343
2346
2348
2351
2353
2354
2354
2352
2344
2348
2345
2342
2352
2357
2365
2376
2385
2389
2391
2396
2397
2400
2405
2412
2414
2411
2410
2408
2409
2390
2385
2380
2372
2365
2322
2312
2302
2293
2281
2266
2258
2251
2192
2171
2148
2130
2042
2018
1997
1978
1889
1867
1842
1823
1797
1721
1693
1665
1646
1628
1620
1612
1604
1582
1581
1579
1582
1585
1592
1591
1593
1595
1598
1607
1612
1620
1632
1638
1647
1654
1659
1661
1669
1679
1683
1691
1695
1705
1712
1718
1723
1733
1739
1749
1776
1793
1807
1821
1844
1862
1879
1896
1968
1986
2008
2029
2096
2107
2123
2139
2198
2211
2224
2233
2242
2255
2255
2256
2260
2262
2266
2266
2260
2241
2241
2239
2233
2185
2172
2165
2160
2148
2142
2136
2135
2130
2126
2123
2120
2126
2130
2126
2130
2133
2145
2150
2159
2165
2178
2184
2188
2191
2199
2219
2218
2217
2217
2216
2219
2217
2218
2213
2211
2208
2206
2173
2164
2157
2150
2086
2067
2055
2037
2019
1960
1934
1918
1898
1878
1864
1849
1828
1766
1743
1670
1691
2057
1811
1533
1373
1351
1244
1404
1328
1331
1557
1664
1551
1377
1414
1379
1616
1764
1972
1890
1762
1941
2133
2056
2169
2124
2144
2357
2558
2583
2475
2275
2143
2106
2090
1999
1928
1830
1812
1929
1934
1902
1874
1843
1628
1517
1488
1464
1396
1366
1414
1448
1291
1181
1148
1206
1448
1563
1683
1805
1932
2154
2254
2379
2475
2568
2715
2900
3100
3923
4075
4089
4089
4089
4089
4090
4088
4087
4089
4089
4068
3932
3272
3054
2834
2621
2443
2293
2165
2056
1448
1248
1044
854
139
127
124
122
119
102
98
94
92
95
100
103
106
162
210
290
381
689
830
993
1195
2027
2205
2371
2514
2615
2688
2712
2746
2806
2898
2992
3061
3105
3027
2997
2997
3006
3325
3396
3431
3446
3449
3390
3372
3353
3315
3263
3201
3165
3164
3141
2998
2839
2678
2224
2167
2127
2091
2039
1857
1793
1720
1639
1565
1505
1446
1380
1289
1265
1233
1193
967
924
916
935
989
992
1003
1014
1015
1023
1055
1099
1163
1248
1357
1464
1567
2020
2118
2212
2291
2481
2502
2519
2520
2515
2437
2392
2338
2266
2178
2086
1998
1920
1656
1619
1585
1560
1488
1485
1486
1484
1596
1674
1762
1858
1959
2233
2306
2374
2435
2481
2526
2567
2627
2841
2866
2874
2872
2782
2741
2692
2654
2643
2645
2641
2618
2595
2565
2520
2467
2414
2205
2170
2141
2108
1865
1781
1698
1611
1351
1300
1262
1235
1213
1149
1125
1112
1104
1108
1128
1170
1218
1452
1509
1560
1608
1740
1772
1812
1854
1894
1965
1965
1958
1942
1915
1891
1872
1861
1940
1975
2003
2032
2145
2186
2234
2282
2507
2575
2644
2707
2757
2853
2881
2915
2955
2991
3035
3080
3123
3234
3236
3230
3214
3103
3067
3018
2955
2891
2664
2577
2485
2401
2315
2228
2150
2067
1737
1667
1595
1526
1268
1216
1172
1131
1101
1035
1023
1016
1022
1035
1047
1060
1087
1248
1302
1360
1417
1645
1699
1754
1809
1998
2051
2104
2155
2200
2283
2298
2317
2337
2350
2366
2377
2386
2420
2424
2426
2435
2427
2423
2421
2417
2413
2386
2371
2355
2342
2333
2319
2303
2286
2225
2213
2200
2184
2122
2110
2103
2085
2019
1997
1975
1946
1922
1822
1793
1767
1740
1707
1673
1642
1611
1495
1467
1443
1426
1399
1402
1407
1416
1434
1500
1529
1564
1600
1636
1673
1715
1758
1919
1958
1999
2040
2167
2192
2206
2215
2223
2213
2207
2191
2184
2169
2152
2146
2129
2045
2017
1985
1955
1894
1883
1880
1877
1855
1850
1841
1838
1841
1858
1874
1893
1918
1944
1970
1993
2013
2148
2185
2226
2264
2409
2437
2461
2490
2510
2540
2543
2545
2543
2538
2527
2511
2489
2387
2361
2336
2307
2207
2184
2161
2142
2077
2059
2045
2037
2039
2027
2020
2022
2027
2029
2024
2018
2011
1990
1982
1977
1969
1908
1898
1886
1873
1861
1820
1806
1786
1768
1760
1753
1747
1745
1726
1727
1729
1727
1728
1732
1733
1736
1745
1777
1785
1793
1807
1823
1843
1868
1895
1985
2010
2045
2082
2214
2240
2264
2286
2365
2379
2394
2404
2413
2412
2403
2385
2367
2344
2317
2283
2243
2099
2067
2038
2009
1897
1871
1848
1837
1824
1808
1808
1811
1814
1821
1826
1837
1852
1919
1931
1950
1970
2063
2081
2096
2113
2166
2170
2178
2185
2200
2200
2203
2200
2201
2204
2206
2210
2208
2184
2179
2176
2176
2130
2118
2109
2101
2090
2041
2024
2009
1993
1986
1982
1972
1966
1947
1951
1952
1957
1970
1974
1976
1983
1990
1976
1971
1972
1971
1968
1964
1962
1964
1931
1919
1911
1900
1862
1851
1842
1832
1824
1831
1843
1846
1849
1875
1887
1905
1923
1939
1956
1969
1984
2045
2063
2080
2090
2121
2122
2124
2135
2139
2133
2129
2126
2121
2114
2104
2088
2077
2013
1995
1975
1956
1904
1886
1869
1853
1841
1812
1805
1800
1794
1791
1790