1896
1894
1893
1898
1907
1910
1924
1923
1923
1934
1941
1944
1935
1932
1937
1938
1930
1928
1939
1946
1954
1952
1945
2077
2026
1980
1941
1893
1834
1870
1912
1961
2007
2042
2062
2083
2113
2105
2090
2086
2001
1991
1986
1988
2028
2039
2064
2083
2091
2076
2068
2051
2025
2006
1984
1977
1972
1975
1980
1998
2020
2066
2061
2066
2069
2068
2097
2111
2111
2107
2097
2081
2069
2068
2044
2040
2039
2036
2082
2099
2104
2105
2039
2026
2022
2008
1982
1935
1925
1929
1953
1976
1994
2011
2024
1994
2003
2009
2010
2007
2007
2017
2029
2039
2072
2081
2098
2112
2129
2141
2149
2153
2145
2142
2144
2147
2127
2121
2098
2081
2081
2109
2121
2134
2149
2155
2157
2157
2156
2095
2082
2073
2072
2069
2076
2081
2078
2090
2096
2098
2102
2103
2108
2106
2106
2097
2095
2088
2094
2096
2056
2043
2033
2021
1967
1968
1971
1970
1961
1942
1930
1923
1918
1912
1899
1885
1877
1898
1899
1900
1897
1897
1896
1900
1902
1920
1923
1934
1946
1957
1975
1979
1986
1988
1986
1988
2003
2006
2030
2039
2049
2059
2057
2053
2042
2038
2038
2024
2026
2034
2039
2046
2051
2055
2055
2057
2062
2070
2078
2065
2067
2065
2070
2083
2089
2096
2101
2100
2097
2098
2091
2081
2060
2052
2050
2039
2006
1998
1987
1979
1957
1949
1949
1952
1961
1969
1963
1954
1949
1945
1951
1949
1948
1954
1955
1957
1965
2004
2008
2007
2005
2008
2010
2018
2030
2045
2052
2052
2053
2052
2040
2038
2036
2030
2008
2010
2012
2011
2013
2024
2018
2013
2013
2018
2018
2020
2021
2025
2025
2033
2031
2054
2054
2059
2064
2069
2079
2085
2082
2087
2085
2083
2081
2081
2088
2088
2083
2077
2058
2055
2062
2067
2033
2028
2025
2027
2034
2023
2013
2008
2007
2005
2001
2005
2007
1985
1981
1977
1977
1983
1981
1984
1991
2001
2013
2011
2015
2016
2012
2013
2024
2026
2048
2050
2058
2065
2064
2073
2070
2072
2077
2080
2086
2086
2091
2056
2064
2072
2067
2054
2058
2056
2046
2018
2008
2011
2019
2008
2001
1999
2003
2003
2004
1998
1985
1992
2005
2011
2014
2025
2027
2033
2029
2028
2031
2027
2030
2034
2025
2023
2019
2005
1999
1993
1988
1993
1996
1986
1972
1978
1985
1975
1978
1975
1971
1961
1964
1969
1977
1982
1990
1990
1994
2002
2010
2021
2015
2021
2027
2040
2051
2054
2070
2072
2074
2075
2075
2057
2054
2059
2056
2054
2055
2059
2058
2051
2046
2037
2040
2036
2032
2036
2042
2041
2041
2037
2050
2055
2041
2046
2045
2035
2035
2044
2041
2037
2029
2026
2020
2018
2037
2031
2025
2015
2017
2003
1998
2002
2013
2000
1995
2008
2010
1998
1994
1999
2003
1988
1995
1993
1994
1992
2011
2014
2005
2009
2018
2024
2023
2033
2034
2032
2032
2035
2037
2036
2041
2052
2054
2040
2037
2041
2032
2017
2013
2026
2024
2008
1992
1992
2002
2000
2006
2007
2013
2018
2013
2002
2006
2024
2022
2029
2032
2034
2039
2050
2055
2053
2059
2062
2057
2060
2077
2080
2082
2078
2069
2063
2055
2042
2045
2051
2053
2046
2045
2031
2035
2038
2032
2043
2041
2045
2047
2049
2045
2054
2057
2050
2055
2047
2042
2046
2052
2042
2038
2042
2033
2033
2033
2033
2006
2004
2005
2001
1997
2001
1989
1992
2002
1997
1993
2001
1998
1977
1981
1973
1960
1968
1964
1966
1973
1977
1983
1984
1989
1996
2003
2006
2016
2023
2023
2019
2022
2037
2044
2048
2045
2050
2064
2058
2058
2060
2070
2057
2053
2054
2053
2053
2055
2044
2041
2042
2041
2043
2042
2017
2019
2015
2012
2015
2015
2011
2009
2009
2012
2015
2016
2019
2016
2016
2013
2021
2026
2024
2020
2021
2022
2020
2019
2025
2024
2018
2014
2015
2019
2017
2016
2022
2023
2003
1997
1998
1994
1987
1985
1985
1984
1991
1990
1995
2003
2000
2007
2006
2007
2009
2021
2023
2030
2026
2016
2017
2016
2020
2022
2027
2030
2031
2029
2025
2029
2036
2038
2040
2042
2031
2025
2059
2053
2033
2014
1950
1953
1970
1999
2020
2060
2069
2078
2087
2098
2108
2125
2140
2131
2128
2106
2088
2045
2049
2057
2063
2070
2094
2095
2091
2086
2077
2057
2046
2040
2007
1996
1990
1990
1974
1970
1966
1963
1991
2003
2017
2020
2030
2043
2036
2027
2026
2019
2014
2018
2022
2022
2030
2040
2038
2039
2040
2038
2042
2050
2048
2038
2031
2019
2007
1997
1991
1995
2008
2008
2012
2013
2018
2014
2014
2015
2011
2012
2019
2021
2024
2026
2033
2036
2039
2049
2049
2055
2063
2064
2054
2049
2039
2010
2006
2007
2013
2010
2021
2019
2019
2021
2018
2013
2014
2013
1991
1987
1993
1996
1977
1974
1972
1975
1979
1985
1993
1997
2006
2005
2009
2014
2015
2020
2021
2023
2028
2037
2041
2037
2035
2039
2040
2040
2041
2043
2042
2038
2037
2031
2024
2022
2023
2019
1999
2008
2006
2009
1993
1998
2006
2005
2005
2020
2026
2032
2036
2035
2036
2042
2046
2059
2068
2070
2067
2071
2068
2058
2056
2054
2040
2051
2048
2043
2043
2045
2043
2037
2030
2031
2031
2036
2020
2015
2012
2002
1996
1992
1997
2004
2004
2001
2000
1995
1992
1989
1991
1993
1994
2002
2007
2003
2001
1992
1991
1997
2000
2004
2001
2006
2000
2003
2002
2005
2006
2006
2016
2017
2017
2024
2028
2025
2023
2023
2051
2052
2062
2070
2066
2067
2068
2069
2067
2066
2069
2069
2065
2083
2083
2082
2089
2091
2093
2097
2091
2087
2078
2073
2069
2069
2065
2058
2058
2058
2037
2041
2047
2051
2039
2035
2029
2030
2025
2021
2017
2017
2024
2019
2015
2012
2015
2013
2010
2017
2017
2043
2047
2061
2061
2033
2015
2006
2010
2005
2008
2013
2018
2026
2033
2035
2035
2035
2057
2065
2076
2073
2046
2037
2033
2037
2039
2061
2063
2071
2071
2069
2061
2056
2046
2018
2016
2014
2005
1966
1966
1963
1959
1940
1944
1950
1961
1966
1976
1981
1977
1964
1957
1967
1970
1969
1964
1967
1969
1974
1982
1997
1999
2007
2009
2010
2011
2008
2008
1997
1993
1985
1981
1975
1970
1976
1977
1979
1970
1976
1977
1982
1989
1986
1988
1994
1996
1990
1989
1991
1990
1993
1987
1984
1994
2012
2018
2032
2036
2049
2057
2055
2047
2030
2024
2019
2017
2022
2018
2023
2020
2019
2024
2021
2012
2010
2021
2021
2019
2018
2019
2010
2014
2017
2022
2036
2039
2040
2042
2044
2040
2039
2045
2050
2053
2056
2060
2054
2051
2052
2046
2027
2021
2024
2027
2038
2033
2027
2029
2027
2030
2037
2044
2042
2051
2054
2061
2066
2061
2057
2054
2055
2054
2061
2066
2065
2055
2057
2062
2067
2074
2089
2098
2101
2104
2105
2110
2106
2105
2102
2096
2095
2094
2094
2088
2086
2081
2077
2050
2041
2040
2039
2040
2041
2042
2038
2032
2025
2021
2021
2021
2022
2029
2035
2033
2029
2032
2035
2045
2053
2055
2051
2057
2061
2054
2056
2053
2055
2046
2041
2034
2026
2018
2015
2009
2002
2003
1998
1997
1995
1994
1976
1976
1975
1974
1976
1980
1976
1981
1994
2001
2004
2005
2016
2013
2017
2025
2034
2042
2040
2046
2040
2031
2028
2028
2025
2024
2028
2023
2021
2019
2016
2015
2012
2011
2012
2011
2010
2011
2012
2008
2006
2005
1990
1986
1982
1982
1986
1985
1981
1975
1972
1975
1977
1988
1990
1987
1992
2002
2004
2004
2008
2011
2012
2011
2011
2010
2015
2020
2023
2020
2019
2015
2011
2003
1999
2000
1992
1986
1995
2001
2008
2010
2013
2010
2010
2014
2014
2026
2028
2023
2014
2015
2006
1994
2019
2081
2127
2053
1961
1887
1850
1787
1821
1865
1912
1973
2138
2174
2209
2234
2248
2246
2231
2223
2138
2127
2111
2092
2054
2038
2041
2046
2045
2026
2010
1998
1984
1916
1909
1904
1903
1908
1917
1931
1949
1981
1973
1980
1997
2078
2082
2088
2094
2097
2084
2067
2043
2021
2015
2023
2033
2053
2167
2178
2169
2152
2014
1984
1968
1970
2031
2044
2047
2044
2043
2018
2017
2020
2022
2017
2009
1998
1978
1959
1962
1969
1973
2022
2048
2069
2087
2104
2127
2130
2133
2136
2142
2139
2126
2108
2002
1975
1958
1941
1953
1973
1995
2017
2032
2035
2016
2001
1989
1983
1971
1967
1966
2006
2017
2036
2036
2010
2009
2006
2007
2042
2049
2055
2063
2068
2062
2052
2041
2039
2037
2037
2042
2050
2044
2045
2042
2036
2003
1988
1980
1975
1980
1969
1968
1968
1977
1986
1999
2014
2025
1998
1980
1957
1931
1855
1848
1838
1835
1844
1905
1930
1950
1963
1985
1997
2004
2003
2026
2044
2056
2071
2128
2138
2144
2155
2218
2241
2259
2280
2303
2335
2340
2343
2348
2349
2355
2362
2365
2341
2335
2332
2324
2287
2273
2250
2227
2201
2114
2084
2047
2023
1999
1976
1957
1949
1923
1915
1889
1865
1759
1741
1728
1717
1715
1709
1710
1711
1710
1715
1716
1717
1716
1735
1743
1748
1754
1771
1771
1772
1772
1783
1792
1797
1802
1810
1844
1849
1860
1876
1891
1905
1924
1940
1980
1988
1995
2003
2035
2055
2075
2098
2126
2182
2197
2212
2224
2232
2239
2246
2250
2265
2268
2265
2259
2234
2226
2213
2213
2274
2283
2282
2273
2256
2060
1981
1912
1862
1831
1830
1845
1874
2019
2054
2099
2136
2207
2213
2211
2204
2197
2156
2145
2127
2112
2103
2102
2103
2104
2094
2095
2087
2075
1990
1961
1932
1906
1890
1886
1893
1900
1901
1908
1907
1905
1905
1916
1938
1949
1958
1934
1919
1897
1881
1886
1912
1953
2003
2048
2126
2120
2105
2086
2063
2039
2030
2030
2133
2157
2176
2198
2221
2228
2239
2244
2248
2224
2209
2186
2163
2147
2131
2111
2108
2076
2076
2081
2092
2088
2086
2085
2082
2049
2036
2016
1994
1962
1848
1809
1781
1765
1764
1768
1772
1783
1780
1767
1757
1743
1721
1730
1738
1752
1764
1794
1788
1788
1789
1785
1781
1785
1793
1840
1858
1873
1897
1961
1971
1989
2011
2090
2116
2142
2167
2186
2227
2232
2240
2244
2246
2248
2248
2251
2251
2250
2249
2246
2235
2228
2224
2219
2211
2186
2177
2162
2147
2138
2127
2114
2100
2061
2057
2047
2042
2020
2012
1999
1983
1972
1940
1938
1934
1939
1940
1934
1925
1913
1883
1886
1891
1904
1930
1939
1946
1949
1959
1966
1969
1981
1989
1996
2002
2007
2004
2007
2016
2021
2019
2032
2033
2043
2054
2094
2107
2115
2125
2132
2158
2156
2150
2150
2153
2147
2144
2147
2136
2133
2131
2130
2118
2113
2113
2109
2108
2110
2108
2098
2096
2072
2071
2068
2063
2062
2060
2057
2059
2053
2048
2047
2046
2030
2028
2031
2033
2036
2042
2033
2034
2030
2029
2026
2025
2024
2010
2004
1997
1992
1987
1984
1983
1988
1991
1987
1982
1972
1966
1937
1931
1925
1920
1913
1906
1904
1901
1903
1900
1902
1910
1941
1954
1961
1969
1980
1992
1993
1997
2000
2003
1999
1999
2001
2008
2017
2017
2018
2035
2042
2046
2048
2053
2060
2052
2056
2063
2061
2062
2063
2063
2053
2051
2051
2051
2055
2055
2050
2043
2037
2041
2042
2040
2042
2043
2052
2050
2052
2060
2050
2047
2055
2054
2050
2045
2048
2055
2021
2023
2017
2021
1997
1995
1996
1998
1983
1981
1979
1981
1980
1980
1980
1974
1977
1980
1976
1981
1986
2003
2005
2010
2025
2049
2055
2056
2058
2059
2051
2053
2055
2053
2052
2047
2046
2050
2052
2040
2038
2038
2043
2047
2047
2044
2029
2027
2027
2019
2019
2008
2000
1991
2005
2017
2017
2008
2010
1987
1978
1969
1968
1989
1994
2004
2020
2022
2015
2007
2000
2002
2004
1998
1990
1986
1980
1975
1981
1990
2018
2029
2044
2055
2062
2070
2066
2064
2064
2063
2057
2049
2046
2051
2061
2063
2068
2070
2073
2068
2065
2070
2067
2064
2066
2071
2066
2061
2056
2051
2046
2031
2021
2015
2019
2022
2023
2024
2029
2034
2032
2034
2036
2027
2022
2013
2005
2001
2010
2015
2019
2023
2027
2026
2027
2038
2033
2031
2033
2036
2028
2025
2028
2028
2036
2041
2047
2049
2051
2060
2056
2049
2047
2045
2044
2039
2039
2034
2035
2038
2038
2033
2035
2037
2038
2042
2033
2038
2047
2047
2041
2037
2032
2034
2022
2030
2028
2026
2030
2031
2034
2030
2020
2016
2011
2013
2011
2013
2020
2019
2020
2018
2020
2026
2029
2007
2002
2000
2004
1987
1984
1982
1982
1988
1986
1993
1989
1989
1983
1988
1992
1994
1997
2000
2006
2011
2023
2026
2028
2032
2032
2036
2041
2039
2043
2046
2046
2044
2044
2041
2038
2036
2035
2033
2032
2034
2036
2029
2028
2025
2022
2020
2008
2007
2009
2005
2001
2000
2000
1991
1996
1989
1995
1999
2002
2004
2004
2007
2011
2017
2018
2029
2038
2043
2045
2049
2050
2048
2048
2048
2047
2049
2046
2039
2033
2026
2023
2019
2013
2013
2000
1992
1988
1985
1982
1979
1974
1979
1982
1986
1986
1992
2012
2019
2031
2036
2031
2041
2040
2044
2048
2046
2044
2042
2047
2064
2063
2058
2052
2059
2077
2085
2091
2075
2061
2053
2047
2035
2045
2053
2062
2061
2054
2044
2041
2045
2033
2037
2040
2042
2034
2038
2043
2045
2041
2036
2049
2070
2085
2090
2096
2104
2100
2079
2076
2073
2075
2052
2056
2061
2066
2068
2049
2050
2049
2044
2034
2039
2045
2053
2031
2031
2026
2020
2011
2001
2004
2004
2019
2018
2012
2006
2006
1989
1981
1975
1971
1970
1971
1973
1977
1996
1997
1993
1990
2013
2015
2013
2005
2003
1987
1983
1976
1976
1974
1977
1978
1980
1997
1999
2006
2010
2010
2009
2003
1997
2001
1998
1994
1993
1990
1976
1979
1986
1988
1983
1982
1991
1991
1984
1976
1969
1971
1994
2008
2015
2018
2022
2036
2047
2056
2061
2059
2054
2055
2050
2042
2044
2046
2042
2051
2053
2057
2057
2051
2042
2038
2034
2036
2035
2034
2031
2027
2022
2018
2024
2028
2029
2030
2033
2033
2040
2029
2027
2031
2035
2037
2041
2044
2043
2046
2035
2033
2046
2051
2052
2052
2055
2056
2040
2034
2029
2023
2009
2005
2009
2005
1998
1992
1992
1987
1987
1993
1997
1995
1993
1995
1998
1998
2000
2012
2011
2017
2024
2038
2035
2030
2023
2018
2019
2019
2025
2029
2028
2030
2035
2037
2053
2055
2063
2072
2101
2106
2111
2120
2120
2114
2115
2118
2118
2116
2111
2104
2101
2091
2092
2090
2087
2059
2059
2061
2061
2057
2023
2018
2013
2008
2003
1995
1994
1990
1976
1977
1978
1982
1978
1982
1987
1995
2009
2012
2012
2009
2012
2020
2013
2016
2027
2032
2031
2024
2018
2004
2000
2000
2000
2000
1998
1995
1996
2002
2009
2010
2006
2010
2013
2018
2022
2029
2036
2041
2042
2041
2041
2035
2040
2037
2041
2042
2039
2039
2037
2016
2016
2018
2021
2018
2018
2014
2014
2010
2009
2007
2011
1992
1996
2001
2004
2006
2005
2004
2006
2011
2013
2010
2006
2004
2008
2009
2010
2013
2009
2009
2006
2011
2012
2023
2022
2020
2020
2018
2015
2016
2019
2028
2026
2031
2032
2013
2018
2025
2031
2028
2028
2030
2029
2030
2031
2024
2026
2027
2022
2016
2013
2014
2009
2008
2007
2011
2000
2011
2015
2017
2018
2013
2007
2010
2014
2013
2008
2012
2018
2026
2032
2034
2034
2041
2037
2034
2034
2041
2041
2043
2035
2031
2032
2030
2027
2031
2034
2030
2026
2023
2013
2011
2011
2016
2017
2015
2016
2020
2027
2029
2031
2033
2035
2035
2035
2040
2039
2039
2044
2045
2052
2053
2046
2041
2040
2034
2032
2030
2026
2032
2042
2076
2084
2077
2039
1987
1948
1920
1901
1956
1991
2024
2060
2135
2134
2136
2132
2126
2122
2126
2131
2134
2131
2128
2121
2106
2042
2041
2047
2044
2049
2035
2024
2018
1988
1985
1989
2000
2014
2035
2040
2040
2031
2023
2017
2019
2024
2045
2044
2039
2038
2012
1995
1983
1976
1974
2011
2029
2041
2046
2034
2021
2000
1976
1917
1926
1948
1973
2058
2061
2052
2040
2027
2027
2027
2030
2029
2015
2007
2005
2005
2010
2007
2008
2014
2044
2062
2078
2088
2058
2050
2044
2041
2041
2047
2043
2029
2016
2006
1992
1981
1982
2021
2026
2029
2037
2023
2006
2004
2004
2012
2030
2151
2274
2305
2337
2359
2146
1749
1144
1169
1321
1496
2059
2205
2302
2308
2303
2236
2285
2369
2407
2427
2416
2363
2299
2216
2118
2018
1964
1924
1966
1994
1938
1717
1671
1657
1656
1657
1832
1903
1952
1998
2046
2042
1993
1934
1902
1936
1970
1986
1947
1936
1893
1824
1751
1721
1802
1911
2031
2158
2268
2319
2308
1829
1738
1695
1714
2278
2413
2521
2598
2612
2602
2623
2655
2678
2699
2672
2647
2640
2615
2589
2567
2559
2507
2514
2511
2492
2402
2363
2332
2285
2222
2044
2005
1954
1882
1797
1703
1616
1532
1371
1398
1428
1457
1524
1497
1460
1437
1480
1502
1542
1596
1656
1750
1747
1711
1648
1575
1507
1448
1396
1447
1512
1565
1608
1688
1708
1738
1770
1803
1876
1912
1952
1999
2031
2053
2067
2077
2131
2138
2154
2166
2269
2310
2353
2395
2434
2523
2546
2568
2588
2609
2625
2634
2638
2539
2494
2458
2437
2386
2389
2388
2383
2284
2252
2217
2191
2174
2154
2155
2162
2181
2196
2224
2263
2297
2050
1864
1676
1518
1235
1286
1358
1449
1540
1790
1858
1918
1976
2024
2050
2076
2120
2245
2254
2237
2192
1887
1842
1825
1818
1988
2014
2025
2028
2009
1903
1871
1841
1832
1843
1868
1902
1940
1981
1950
1929
1925
2001
2040
2073
2091
2110
2115
2090
2067
2063
2083
2129
2210
2323
2750
2775
2754
2692
2318
2274
2278
2318
2556
2583
2588
2572
2537
2395
2355
2312
2266
2216
2159
2098
2030
1752
1693
1643
1602
1581
1604
1634
1668
1706
1751
1744
1718
1687
1654
1620
1581
1537
1300
1235
1181
1148
1219
1271
1322
1371
1470
1486
1510
1531
1564
1683
1737
1791
1842
1882
1905
1916
1909
1813
1805
1812
1837
2096
2169
2239
2301
2359
2488
2526
2564
2593
2617
2644
2675
2706
2738
2717
2696
2664
2495
2452
2412
2378
2306
2299
2293
2279
2266
2204
2184
2162
2145
2131
2114
2085
2048
1864
1829
1801
1782
1800
1813
1830
1846
1852
1848
1843
1845
1851
1865
1879
1897
1912
1889
1870
1849
1827
1835
1862
1889
1914
1942
1937
1933
1923
1927
1985
2011
2036
2061
2077
2088
2092
2097
2135
2145
2169
2195
2317
2348
2370
2396
2422
2478
2485
2492
2490
2481
2464
2444
2410
2245
2210
2185
2170
2125
2122
2119
2116
2112
2102
2102
2108
2117
2125
2133
2136
2136
2088
2075
2056
2044
2023
2027
2027
2028
2010
2000
2000
2003
2011
2039
2040
2042
2042
2025
2001
1970
1948
1848
1831
1812
1795
1771
1770
1764
1762
1754
1743
1744
1745
1750
1750
1744
1743
1745
1729
1723
1717
1714
1725
1737
1754
1778
1802
1871
1898
1923
1951
1974
1999
2025
2058
2138
2139
2147
2155
2171
2178
2185
2178
2161
2159
2164
2170
2182
2204
2210
2213
2216
2210
2198
2181
2161
2087
2067
2047
2037
2013
2009
2005
2001
1998
1975
1971
1961
1949
1940
1942
1944
1942
1936
1935
1928
1923
1895
1891
1888
1886
1873
1843
1840
1845
1851
1857
1862
1867
1874
1900
1913
1930
1942
1942
1945
1947
1944
1943
1969
1980
1993
2005
2011
2021
2030
2047
2066
2109
2124
2136
2156
2176
2197
2215
2225
2213
2202
2195
2184
2155
2151
2142
2137
2139
2151
2156
2149
2141
2134
2129
2127
2123
2091
2079
2073
2064
2025
2008
1996
1989
1965
1963
1968
1974
1982
2004
2015
2024
2035
2039
2050
2056
2055
2046
2044
2032
2030
1994
1992
1990
1990
1993
2002
2009
2019
2023
2032
2046
2060
2068
2078
2083
2088
2090
2057
2052
2045
2039
2035
2033
2037
2040
2047
2046
2043
2038
2034
2032
2030
2031
2037
2023
2018
2011
2008
1979
1977
1976
1973
1974
1979
1979
1978
1983
1987
1989
1989
1993
2005
2007
2005
2015
2044
2056
2065
2081
2111
2119
2128
2133
2137
2148
2153
2157
2167
2169
2162
2164
2158
2140
2132
2123
2109
2063
2053
2047
2039
2037
2026
2024
2018
2010
2006
1999
1986
1969
1926
1918
1902
1891
1864
1861
1860
1859
1865
1870
1880
1889
1903
1919
1926
1936
1940
1950
1961
1968
1975
1972
1978
1985
1989
1988
1997
2001
2007
2015
2026
2025
2022
2026
2026
2028
2028
2031
2040
2033
2035
2035
2016
2021
2025
2024
2042
2047
2054
2072
2099
2113
2110
2088
2070
2060
2070
2079
2077
2092
2078
2066
2058
2042
2036
2023
2028
2019
1980
1982
1962
1947
1943
1941
1938
1946
1989
1993
1994
1988
1951
1953
1971
1988
2020
2026
2030
2046
2066
2094
2098
2090
2078
2073
2062
2050
2048
2044
2041
2035
2025
2014
2011
2012
2015
2022
2027
2021
2015
2015
2016
2018
2017
2018
1994
1987
1990
1991
2041
2052
2063
2073
2105
2110
2108
2109
2108
2112
2116
2116
2124
2129
2131
2133
2135
2130
2123
2120
2114
2105
2097
2089
2089
2089
2076
2074
2072
2070
2075
2075
2072
2075
2078
2081
2083
2081
2044
2038
2033
2033
2030
2025
2021
2021
2017
2013
2009
2003
1997
1997
1986
1978
1963
1904
1901
1900
1904
1908
1907
1902
1898
1893
1863
1854
1854
1854
1863
1871
1884
1897
1930
1939
1951
1968
2017
2026
2039
2050
2064
2088
2093
2099
2101
2101
2099
2096
2094
2107
2103
2103
2101
2077
2067
2058
2061
2055
2053
2056
2053
2053
2047
2047
2043
2052
2054
2056
2059
2055
2047
2043
2045
2053
2070
2081
2085
2084
2081
2067
2069
2061
2049
2037
2024
2015
2005
1958
1948
1939
1927
1913
1912
1909
1913
1919
1922
1929
1930
1933
1953
1963
1969
1972
1981
1989
1998
2012
2031
2037
2042
2049
2053
2056
2058
2060
2067
2065
2063
2062
2063
2062
2068
2075
2077
2070
2065
2065
2053
2047
2045
2044
2046
2047
2047
2053
2054
2058
2051
2048
2051
2052
2051
2050
2053
2052
2062
2067
2073
2076
2083
2075
2068
2066
2067
2040
2037
2033
2032
2032
2033
2033
2030
2004
2004
2003
2000
2014
2018
2018
2014
1999
1994
1991
1986
1979
1965
1964
1966
1967
1969
1969
1971
1967
1969
1971
1973
1975
2000
2005
2010
2009
2011
2021
2023
2020
2022
2032
2033
2039
2045
2031
2033
2031
2029
2031
2033
2043
2048
2050
2052
2055
2063
2071
2078
2080
2083
2076
2062
2058
2058
2054
2047
2057
2069
2074
2067
2066
2066
2064
2062
2045
2045
2042
2045
2041
2029
2028
2023
2004
1996
1989
1988
1980
1980
1979
1972
1965
1963
1960
1959
1964
1973
1981
1984
1995
1998
1997
1996
2000
2002
2006
2014
2017
2021
2017
2013
2017
2018
2023
2017
2019
2021
2021
2017
2013
2008
2014
2015
2012
2020
2006
2011
2014
2024
2025
2021
2027
2029
2035
2033
2033
2035
2040
2060
2071
2076
2081
2269
2182
2026
1945
1658
1605
1482
1462
1564
1777
1899
2053
2204
2248
2284
2466
2685
2795
2793
2748
2689
2522
2479
2386
2280
2153
1932
1883
1804
1775
1793
1783
1762
1754
1663
1635
1619
1588
1437
1488
1556
1651
2068
2146
2183
2171
2143
2110
2095
2097
2119
2140
2138
2126
2116
2087
2062
2058
2089
2215
2196
2137
2043
1932
1694
1687
1718
1774
1840
1895
1943
1988
2134
2150
2139
2116
1885
1844
1822
1809
1879
1931
2003
2072
2117
2186
2208
2251
2326
2415
2499
2560
2594
2384
2260
2139
2034
1819
1824
1856
1902
1938
1918
1883
1846
1794
1756
1746
1759
1785
1872
1881
1900
1927
2045
2067
2085
2096
2100
2053
2030
2015
2002
1999
2011
2036
2052
2064
2071
2075
2087
2108
2139
2168
2204
2238
2250
2227
2200
2158
2113
2059
2009
1958
1923
1869
1850
1833
1825
1820
1826
1841
1858
1885
1884
1879
1875
1902
1907
1917
1907
1960
2000
2041
2078
2117
2208
2223
2230
2236
2234
2214
2190
2161
2029
2013
1990
1969
1879
1850
1816
1771
1720
1572
1544
1527
1529
1536
1558
1587
1614
1775
1833
1893
1960
2275
2360
2430
2487
2627
2649
2671
2693
2714
2779
2804
2832
2861
2891
2923
2956
2980
2961
2932
2898
2860
2719
2683
2649
2613
2575
2461
2414
2364
2313
2257
2199
2151
2105
1872
1813
1748
1689
1472
1423
1386
1355
1322
1252
1229
1200
1171
1149
1130
1101
1081
1072
1084
1096
1106
1081
1067
1044
1016
948
946
950
958
969
1040
1073
1115
1163
1213
1264
1331
1404
1720
1802
1883
1957
2169
2220
2279
2343
2363
2160
2099
2057
2046
2029
2014
2010
2022
2342
2418
2504
2616
3042
3156
3268
3364
3516
3517
3524
3491
3426
3204
3097
3001
2920
2835
2752
2690
2654
2481
2503
2525
2529
2430
2401
2355
2279
2224
2169
2177
2203
2229
2266
2291
2292
2263
2082
2034
1998
1970
1937
1956
1966
1963
1967
1962
1978
2016
2044
2053
2067
2088
2089
2014
2006
2008
2032
2177
2222
2265
2290
2249
2195
2140
2073
2001
1773
1695
1626
1579
1536
1506
1491
1487
1439
1450
1458
1472
1590
1608
1612
1592
1551
1334
1262
1201
1160
1144
1154
1188
1233
1371
1391
1404
1407
1561
1616
1660
1692
1718
1775
1777
1778
1781
1774
1774
1776
1773
1703
1678
1640
1603
1557
1572
1585
1595
1697
1737
1781
1835
1891
2065
2107
2128
2142
2149
2147
2131
2117
2056
2060
2071
2088
2187
2220
2258
2295
2331
2435
2464
2488
2503
2507
2499
2480
2463
2413
2416
2429
2455
2526
2537
2546
2548
2550
2535
2521
2505
2485
2463
2441
2416
2390
2310
2300
2296
2291
2272
2270
2267
2273
2277
2288
2291
2284
2278
2223
2200
2172
2145
2123
2101
2081
2054
1926
1898
1871
1844
1771
1762
1756
1752
1753
1773
1782
1796
1811
1817
1825
1828
1829
1794
1779
1777
1779
1846
1869
1890
1917
2075
2112
2162
2208
2255
2360
2389
2415
2439
2455
2470
2475
2479
2504
2505
2501
2505
2509
2502
2495
2497
2495
2448
2432
2403
2378
2353
2323
2281
2239
2089
2052
2028
2010
1912
1893
1870
1852
1828
1794
1775
1754
1741
1726
1712
1701
1692
1656
1645
1629
1612
1594
1594
1600
1615
1705
1734
1764
1797
1828
1899
1921
1943
1965
1984
1994
1998
1992
1949
1930
1921
1908
1911
1922
1939
1962
1991
2066
2080
2088
2089
2093
2091
2084
2079
2034
2010
1986
1956
1892
1887
1882
1879
1849
1847
1844
1848
1858
1888
1891
1890
1890
1888
1883
1885
1882
1883
1883
1889
1898
1915
1919
1917
1920
1923
1954
1973
1983
1991
1995
2004
2009
2022
2059
2060
2062
2073
2096
2101
2110
2114
2119
2147
2154
2162
2172
2176
2181
2178
2184
2151
2139
2121
2105
2062
2056
2055
2053
2084
2091
2101
2107
2115
2122
2127
2131
2127
2128
2121
2113
2102
2046
2033
2027
2017
2005
2011
2021
2031
2042
2052
2056
2055
2057
2064
2065
2068
2070
2077
2072
2059
2061
2051
2056
2059
2054
2063
2066
2070
2081
2089
2099
2104
2110
2115
2113
2104
2098
2093
2031
2018
1999
1990
1932
1930
1923
1920
1916
1914
1913
1921
1923
1927
1931
1942
1945
1950
1947
1944
1941
1955
1960
1963
1972
2026
2042
2053
2066
2082
2110
2117
2133
2143
2154
2167
2177
2182
2199
2203
2217
2218
2229
2229
2228
2227
2225
2201
2199
2194
2188
2172
2157
2142
2126
2040
2024
2005
1992
1918
1903
1899
1891
1885
1871
1867
1860
1857
1855
1852
1851
1847
1837
1833
1836
1839
1848
1851
1859
1862
1900
1909
1919
1921
1940
1993
2015
2041
2057
2065
2075
2086
2089
2074
2068
2070
2076
2085
2081
2074
2069
2071
2078
2083
2084
2081
2074
2068
2067
2065
2060
2058
2056
2058
2041
2043
2043
2038
2032
2035
2037
2038
2041
2043
2041
2043
2051
2074
2076
2076
2072
2056
2045
2036
2035
2006
2002
1995
1988
1988
1987
1983
1978
1974
1973
1972
1973
1975
1968
1971
1972
1975
1986
1989
1995
2008
2025
2048
2060
2068
2075
2088
2097
2103
2103
2097
2088
2083
2082
2057
2051
2039
2029
1995
1980
1970
1956
1944
1917
1905
1898
1898
1888
1883
1879
1877
1866
1864
1863
1867
1892
1906
1926
1938
1955
1988
2002
2016
2037
2052
2059
2070
2083
2117
2132
2145
2150
2175
2182
2185
2191
2195
2203
2207
2208
2213
2211
2210
2212
2211
2181
2172
2165
2162
2149
2136
2129
2123
2085
2080
2081
2073
2071
2059
2056
2050
2041
2039
2034
2026
2016
1981
1972
1965
1962
1920
1915
1912
1904
1897
1887
1884
1883
1879
1882
1888
1896
1901
1923
1932
1943
1952
1980
1990
1996
2006
2006
2013
2017
2023
2032
2042
2051
2057
2062
2056
2055
2053
2053
2036
2032
2039
2043
2039
2036
2034
2035
2039
2048
2050
2046
2043
2045
2043
2045
2044
2042
2047
2052
2053
2054
2056
2058
2058
2060
2060
2054
2051
2049
2046
2033
2027
2024
1976
1965
1959
1960
1952
1949
1944
1941
1930
1929
1926
1922
1924
1939
1944
1952
1965
1977
1979
1987
1988
1996
2001
2008
2023
2029
2032
2030
2040
2046
2060
2061
2063
2065
2064
2070
2065
2066
2070
2067
2063
2058
2027
2027
2021
2019
2018
2003
2000
1998
2002
2006
2011
2016
2017
2039
2045
2056
2064
2089
2100
2113
2123
2149
2148
2148
2145
2149
2145
2146
2144
2147
2145
2146
2139
2128
2092
2086
2082
2072
2041
2026
2012
2001
1988
1951
1942
1928
1927
1929
1922
1913
1911
1910
1919
1922
1924
1942
1943
1946
1950
1973
1981
1984
1987
1991
2013
2020
2024
2028
2029
2024
2018
2022
2022
2018
2019
2023
2026
2025
2025
2019
2016
2017
2020
2022
2025
2031
2031
2034
2027
2028
2026
2027
2029
2021
2024
2025
2026
2026
2024
2026
2033
2038
2055
2062
2066
2069
2065
2061
2067
2071
2074
2071
2068
2064
2044
2041
2038
2036
2032
2016
2012
2010
2010
2012
2011
2010
2001
1980
1982
1980
1976
1985
1978
1979
1986
1989
1998
2007
2009
2019
2025
2033
2042
2044
2043
2048
2061
2066
2082
2084
2080
2079
2088
2092
2096
2092
2089
2076
2079
2080
2082
2085
2084
2079
2075
2052
2051
2054
2055
2030
2026
2019
2013
2007
1995
1994
1998
2001
1995
1993
1997
2000
1998
2006
2011
2006
2003
2002
2003
1998
1981
1978
1978
1977
1967
1954
1957
1957
1959
1966
1989
2022
2025
1806
1722
1647
1572
1503
1519
1557
1633
1718
1857
1969
2094
2200
2285
2392
2535
2671
2960
2969
2942
2885
2471
2345
2235
2124
2026
1873
1832
1798
1786
1792
1817
1856
1870
1849
1851
1849
1847
1914
1944
1984
2005
1934
1879
1823
1785
1771
1821
1850
1906
1961
1996
2025
2061
2089
2064
2037
2005
1974
1978
1956
1938
1921
1897
1847
1867
1886
1913
1945
1975
2003
2023
2062
2054
2042
2016
1881
1867
1863
1881
2028
2086
2148
2213
2277
2442
2494
2549
2597
2620
2620
2585
2512
2117
2043
2000
1981
1946
1920
1883
1835
1789
1742
1768
1820
1883
1934
1967
1997
2028
2082
2067
2043
2020
1930
1928
1933
1935
1913
1899
1900
1910
1928
2024
2054
2079
2105
2126
2165
2205
2244
2286
2261
2214
2160
1880
1828
1782
1753
1739
1730
1731
1726
1723
1730
1744
1759
1785
1914
1929
1942
1942
1901
1890
1877
1866
1894
1912
1936
1946
1960
1956
1939
1914
1880
1841
1791
1740
1689
1499
1472
1458
1455
1553
1598
1655
1720
1797
2088
2191
2295
2396
2493
2581
2651
2712
2888
2919
2948
2968
3038
3050
3068
3089
3178
3196
3211
3223
3232
3253
3260
3271
3291
3302
3307
3297
3280
3038
2953
2862
2764
2368
2272
2190
2109
2034
1814
1740
1672
1598
1516
1441
1373
1302
1018
939
865
793
598
562
526
504
453
461
478
502
531
613
628
646
663
678
703
730
761
922
985
1050
1125
1487
1581
1672
1759
1854
2081
2144
2198
2256
2319
2381
2445
2497
2680
2712
2746
2773
2721
2679
2637
2584
2539
2491
2504
2516
2530
2542
2532
2509
2474
2371
2380
2407
2439
2554
2539
2513
2472
2286
2269
2256
2257
2273
2364
2411
2449
2474
2500
2526
2550
2569
2522
2485
2448
2411
2276
2250
2223
2197
2164
2060
2012
1951
1898
1848
1794
1753
1717
1670
1676
1679
1681
1670
1660
1643
1621
1642
1662
1679
1689
1690
1664
1666
1679
1698
1718
1756
1801
1820
1906
1917
1927
1930
1898
1890
1885
1885
1896
1944
1973
2008
2045
2081
2123
2163
2200
2342
2372
2389
2400
2304
2273
2262
2269
2283
2349
2367
2375
2369
2355
2339
2325
2302
2266
2265
2256
2238
2093
2039
1983
1927
1733
1690
1653
1624
1596
1515
1491
1471
1456
1434
1423
1422
1426
1443
1460
1480
1503
1611
1637
1663
1685
1697
1719
1725
1735
1756
1791
1831
1877
1923
2042
2065
2098
2141
2322
2358
2388
2403
2414
2401
2396
2392
2396
2400
2410
2424
2441
2505
2521
2534
2539
2568
2570
2566
2562
2488
2473
2463
2459
2455
2438
2428
2423
2403
2382
2356
2328
2294
2158
2124
2077
2038
1865
1825
1789
1764
1742
1695
1690
1687
1684
1681
1684
1691
1692
1717
1735
1746
1754
1820
1840
1857
1882
1925
1931
1935
1938
1944
1969
1979
1994
2010
2030
2048
2071
2094
2162
2169
2177
2183
2209
2210
2216
2219
2220
2222
2220
2217
2216
2215
2212
2213
2217
2221
2223
2229
2236
2220
2207
2199
2192
2146
2141
2133
2133
2126
2105
2098
2092
2081
2070
2061
2046
2035
2008
1998
1993
1989
1968
1964
1956
1944
1932
1894
1883
1877
1876
1873
1860
1849
1842
1821
1818
1811
1804
1787
1792
1791
1794
1799
1782
1775
1770
1770
1766
1756
1745
1732
1704
1707
1712
1720
1750
1754
1755
1749
1730
1730
1736
1746
1757
1801
1814
1821
1826
1834
1843
1855
1867
1915
1928
1954
1975
2031
2044
2061
2084
2108
2149
2160
2172
2178
2191
2208
2217
2226
2220
2214
2208
2199
2165
2154
2140
2131
2090
2085
2084
2078
2073
2051
2043
2047
2050
2049
2050
2053
2052
2064
2068
2069
2060
2047
2045
2046
2046
2054
2061
2065
2072
2072
2069
2063
2064
2066
2080
2087
2094
2102
2114
2112
2118
2126
2120
2118
2115
2119
2119
2122
2126
2133
2138
2141
2149
2158
2156
2151
2154
2158
2156
2151
2148
2144
2139
2129
2102
2088
2076
2069
2059
2056
2047
2036
2008
2012
2006
1994
1982
1980
1983
1986
1984
1992
1998
2000
2015
2032
2037
2037
2041
2042
2046
2046
2048
2083
2085
2089
2095
2118
2126
2130
2133
2134
2115
2116
2115
2118
2118
2117
2110
2100
2060
2056
2050
2029
1993
1986
1977
1964
1950
1911
1897
1883
1872
1863
1857
1849
1836
1820
1813
1810
1812
1819
1829
1831
1841
1862
1860
1859
1860
1861
1880
1886
1888
1892
1904
1909
1924
1937
1960
1970
1982
1991
2020
2031
2039
2054
2065
2098
2110
2128
2141
2152
2163
2180
2195
2242
2247
2257
2270
2291
2290
2295
2300
2291
2280
2275
2268
2254
2215
2199
2187
2173
2156
2141
2126
2105
2037
2019
2004
1989
1926
1912
1905
1903
1900
1873
1869
1864
1860
1855
1854
1851
1846
1838
1844
1851
1852
1841
1844
1845
1846
1844
1859
1862
1861
1865
1863
1862
1865
1868
1878
1886
1894
1899
1927
1938
1952
1969
1999
2010
2014
2016
2025
2032
2041
2047
2062
2070
2079
2085
2088
2089
2091
2095
2101
2128
2131
2139
2143
2149
2165
2173
2176
2176
2176
2182
2187
2189
2186
2179
2173
2173
2147
2139
2134
2133
2122
2107
2095
2094
2093
2089
2088
2084
2080
2045
2037
2026
2022
2002
1993
1983
1974
1942
1932
1932