1984
1992
1989
1983
1991
2002
2027
2098
2125
2145
2166
2189
2211
2226
2233
2242
2244
2251
2261
2214
2184
2162
2141
2056
2041
2031
2015
1997
1955
1951
1947
1949
1942
1928
1917
1906
1851
1843
1834
1821
1791
1801
1809
1820
1834
1860
1870
1874
1884
1896
1906
1912
1918
1936
1936
1935
1936
1920
1917
1923
1922
1925
1915
1908
1898
1896
1895
1894
1884
1879
1872
1864
1859
1863
1879
1892
1902
1919
1989
2020
2045
2071
2098
2180
2217
2255
2290
2322
2346
2370
2395
2463
2471
2480
2487
2489
2485
2475
2465
2393
2366
2343
2316
2289
2209
2182
2154
2122
2089
2062
2033
2001
1857
1825
1792
1760
1636
1603
1576
1555
1545
1510
1507
1508
1509
1508
1509
1518
1535
1606
1643
1680
1717
1855
1904
1948
1989
2167
2213
2259
2301
2341
2428
2449
2469
2489
2506
2522
2531
2539
2540
2530
2520
2501
2451
2437
2425
2414
2405
2339
2314
2292
2270
2249
2226
2203
2185
2105
2079
2053
2030
1950
1939
1916
1909
1881
1871
1859
1850
1846
1829
1819
1813
1807
1804
1804
1804
1794
1748
1736
1724
1712
1681
1677
1675
1666
1661
1633
1628
1630
1630
1632
1635
1639
1645
1672
1681
1695
1712
1768
1795
1814
1837
1925
1949
1975
2004
2029
2093
2110
2125
2140
2160
2177
2186
2202
2262
2270
2284
2286
2330
2330
2339
2340
2345
2339
2331
2337
2345
2343
2344
2338
2330
2313
2314
2306
2301
2292
2282
2271
2268
2243
2237
2226
2213
2200
2148
2135
2120
2108
2099
2087
2074
2064
2003
1994
1984
1976
1936
1926
1917
1908
1861
1850
1823
1796
1778
1902
1915
1883
1818
1733
1634
1545
1463
1433
1470
1522
1590
1826
1864
1899
1940
1982
2025
2059
2085
2096
2117
2151
2177
2188
2202
2206
2229
2267
2305
2307
2296
2282
2201
2209
2226
2236
2247
2329
2345
2340
2326
2301
2277
2260
2261
2231
2215
2190
2169
2029
1975
1915
1867
1844
1885
1915
1941
1956
1951
1929
1882
1826
1597
1573
1576
1590
1684
1696
1710
1711
1705
1713
1722
1733
1742
1803
1841
1858
1841
1802
1739
1669
1610
1662
1720
1739
1702
1415
1414
1477
1598
1773
2284
2399
2470
2479
2456
2421
2374
2325
2243
2249
2287
2335
2413
2391
2348
2303
2123
2103
2091
2066
2045
1997
2003
2026
2064
2118
2183
2281
2403
2864
2940
2987
3012
3068
3090
3103
3106
3098
3073
3061
3049
3023
2987
2938
2869
2785
2551
2518
2483
2433
2013
1887
1772
1676
1640
1682
1728
1761
1766
1629
1538
1455
1372
1300
1242
1209
1185
1195
1217
1253
1290
1410
1436
1461
1496
1655
1670
1672
1665
1637
1550
1546
1561
1582
1611
1630
1651
1650
1584
1575
1591
1620
1765
1786
1798
1803
1803
1848
1884
1923
1969
2019
2069
2115
2155
2183
2167
2145
2123
2141
2177
2212
2235
2257
2240
2216
2186
2158
2056
2028
2004
1989
1980
1970
1962
1954
1850
1816
1783
1746
1680
1684
1693
1705
1802
1837
1862
1891
1921
2017
2049
2079
2112
2145
2181
2207
2233
2320
2334
2362
2381
2383
2366
2339
2310
2281
2213
2203
2202
2210
2212
2220
2219
2203
2090
2081
2092
2114
2215
2229
2235
2231
2196
2200
2212
2223
2245
2295
2293
2286
2276
2266
2253
2242
2243
2245
2242
2251
2255
2274
2278
2280
2272
2268
2228
2215
2200
2185
2169
2156
2139
2119
2099
2099
2100
2108
2090
2079
2067
2055
2030
2033
2039
2044
2040
1994
1968
1932
1897
1860
1831
1812
1794
1733
1720
1696
1679
1606
1588
1583
1585
1592
1593
1595
1605
1616
1623
1630
1633
1652
1751
1778
1813
1842
1947
1972
1989
2007
2073
2090
2113
2138
2163
2189
2198
2212
2226
2242
2257
2270
2283
2329
2334
2339
2344
2332
2324
2320
2319
2310
2259
2230
2198
2170
2144
2109
2073
2046
1975
1964
1958
1952
1879
1865
1856
1843
1838
1836
1833
1824
1819
1811
1808
1811
1811
1813
1821
1827
1832
1852
1851
1845
1846
1853
1862
1870
1873
1902
1911
1912
1921
1926
1942
1949
1957
1968
1978
1988
2000
2011
2069
2084
2097
2114
2167
2179
2191
2199
2204
2209
2213
2216
2222
2226
2237
2253
2257
2244
2237
2233
2223
2161
2145
2134
2122
2071
2060
2044
2029
2019
2002
2000
1999
1994
1988
1984
1983
1975
1964
1974
1978
1980
1991
1997
2000
2000
2009
2008
2012
2023
2031
2057
2066
2072
2077
2081
2078
2071
2073
2067
2060
2047
2039
1992
1982
1973
1965
1956
1928
1920
1917
1920
1918
1913
1914
1915
1925
1938
1945
1961
2003
2004
2005
2011
2000
2003
2007
2008
2013
2024
2026
2027
2032
2035
2027
2023
2026
2008
2009
2013
2016
2017
2025
2029
2030
2033
2039
2037
2044
2050
2055
2061
2067
2076
2087
2083
2081
2084
2100
2102
2104
2109
2132
2139
2142
2148
2145
2146
2140
2137
2132
2130
2132
2125
2115
2081
2077
2071
2064
2014
2004
1992
1983
1964
1965
1968
1973
1981
1989
1990
1989
1992
1992
1991
1995
2002
2014
2016
2021
2024
2031
2030
2037
2049
2058
2062
2066
2068
2067
2062
2060
2058
2055
2043
2038
2037
2030
2013
2010
2006
1998
1974
1970
1968
1967
1964
1964
1967
1968
1969
1970
1963
1965
1966
1965
1966
1973
1972
1975
1970
1976
1982
1968
1968
1959
1957
1963
1945
1950
1950
1944
1946
1948
1947
1950
1948
1952
1961
1960
1978
1977
1981
1987
1988
1994
1997
2004
2009
2021
2031
2038
2046
2058
2064
2066
2071
2080
2087
2087
2083
2084
2082
2083
2083
2081
2072
2066
2060
2055
2048
2044
2040
2033
2016
2020
2027
2027
2014
2013
2016
2025
2033
2044
2045
2046
2051
2054
2058
2073
2084
2098
2098
2104
2103
2094
2098
2101
2103
2119
2127
2132
2135
2139
2138
2139
2135
2128
2123
2120
2118
2114
2096
2095
2096
2093
2065
2049
2034
2025
1988
1978
1968
1961
1946
1910
1901
1897
1898
1907
1910
1912
1915
1926
1924
1920
1929
1961
1969
1972
1978
1986
1987
1993
2000
2003
2004
2007
2012
2018
2007
2009
2014
2020
2032
2036
2043
2044
2062
2068
2070
2074
2081
2067
2068
2066
2070
2072
2075
2076
2076
2058
2051
2053
2049
2027
2025
2018
2010
1990
1984
1984
1974
1971
1963
1961
1955
1947
1943
1933
1935
1924
1905
1905
1897
1887
1888
1899
1905
1912
1918
1925
1928
1934
1940
1945
1950
1955
1967
1998
2009
2017
2020
2051
2056
2060
2070
2099
2105
2108
2111
2116
2134
2136
2133
2134
2133
2128
2131
2131
2135
2141
2147
2150
2152
2151
2147
2147
2138
2135
2130
2127
2121
2117
2113
2119
2110
2092
2086
2091
2090
2087
2080
2068
2057
2053
2031
2030
2027
2018
2008
1999
2003
1993
1993
1988
1991
1992
1991
1997
2000
1998
1998
2015
2015
2017
2020
2017
1980
1980
2112
1909
1878
1813
1698
1701
2013
2050
2083
2084
2017
1969
2015
2084
2050
2080
2061
2001
1855
1832
1856
1889
1912
2033
2035
2006
1988
2000
2010
2013
2019
2007
1996
1966
1936
1973
2005
2038
2071
2057
2043
2047
2068
2100
2139
2119
2103
2073
2026
1997
1994
1991
1921
1945
1986
2023
2110
2083
2035
1995
1967
1936
1946
1951
1945
1937
1930
1922
1925
1993
1983
1958
1934
1976
1995
1993
1961
1912
1927
1961
1986
1998
2035
2043
2059
2067
2075
2064
2038
2012
1943
1944
1961
1982
1967
1964
1975
2009
2160
2199
2217
2231
2241
2184
2157
2146
2149
2183
2232
2282
2314
2158
2076
2010
1954
2052
2104
2159
2200
2217
2210
2203
2201
2215
2227
2235
2227
2203
2118
2098
2087
2094
2105
2114
2138
2171
2197
2205
2202
2189
2166
2131
2106
2096
2086
2079
2072
2062
2059
2052
2038
2015
1995
1988
1979
1995
2013
2028
2035
2020
2011
2000
1885
1856
1828
1810
1801
1827
1863
1885
1905
1918
1919
1906
1895
1822
1804
1805
1812
1877
1898
1908
1906
1896
1886
1892
1896
1909
1911
1909
1900
1885
1846
1839
1836
1835
1836
1843
1860
1880
1900
1945
1948
1954
1966
1981
1992
2012
2036
2050
2028
2006
1982
1964
1950
1945
1955
1975
2065
2095
2119
2137
2122
2113
2108
2110
2110
2110
2113
2114
2107
2089
2083
2072
2063
2057
2051
2050
2050
2059
2065
2068
2065
2025
2024
2024
2021
2025
2066
2070
2080
2090
2109
2121
2129
2129
2119
2113
2099
2092
2071
2071
2066
2058
2052
2021
2014
2004
1999
1993
1992
1991
1990
1997
1995
1994
1990
1997
1998
1999
2008
2014
2018
2011
2009
2011
2019
2027
2041
2060
2079
2103
2102
2093
2088
2082
2075
2071
2077
2150
2156
2160
2163
2152
2149
2145
2134
2110
2106
2099
2100
2095
2056
2051
2046
2042
2040
2037
2033
2026
1993
1990
1988
1984
1971
1957
1948
1933
1927
1892
1889
1881
1878
1873
1871
1870
1865
1844
1841
1841
1843
1869
1887
1902
1925
1972
1976
1986
1990
2000
2041
2052
2060
2068
2082
2089
2094
2099
2128
2122
2121
2116
2117
2123
2129
2133
2123
2119
2114
2112
2108
2096
2101
2103
2107
2109
2109
2104
2096
2074
2071
2072
2073
2022
2010
2002
2002
2001
1991
1994
1994
1989
1981
1976
1978
1974
1959
1957
1965
1969
1985
1982
1974
1969
1966
1963
1964
1970
1983
1986
1986
1990
1993
1993
1995
1997
2004
2029
2034
2035
2037
2036
2040
2040
2044
2050
2055
2049
2043
2046
2054
2059
2065
2072
2079
2072
2073
2078
2077
2075
2070
2065
2057
2052
2044
2036
2035
2028
2017
2014
2012
2006
1995
1994
1999
1992
1993
1994
1985
1974
1973
1981
1991
1998
2009
2009
2011
2015
2018
2023
2030
2039
2043
2048
2051
2053
2050
2055
2051
2046
2033
2032
2032
2029
2026
2018
2017
2018
2015
2005
2001
1997
1996
1979
1976
1973
1966
1963
1959
1957
1953
1956
1959
1959
1961
1963
1966
1973
1977
1979
1993
2002
2005
2006
2002
2007
2014
2012
2006
2004
2008
2007
2009
2020
2025
2029
2031
2035
2041
2041
2043
2065
2064
2070
2071
2065
2069
2072
2072
2071
2063
2066
2074
2073
2071
2068
2072
2074
2065
2066
2066
2068
2077
2074
2080
2087
2088
2085
2082
2083
2087
2101
2098
2100
2107
2115
2109
2104
2094
2081
2078
2074
2066
2050
2045
2036
2034
2031
2006
2002
2003
2001
1998
1994
1987
1984
1971
1972
1972
1969
1970
1967
1971
1973
1959
1960
1962
1966
1965
1974
1972
1975
1978
1986
1987
1990
1998
2000
1999
2002
2000
2003
2000
2002
2010
2007
2006
2013
2018
2017
2014
2013
2018
2022
2025
2032
2036
2041
2048
2050
2055
2054
2051
2057
2069
2071
2068
2059
2064
2066
2066
2061
2050
2045
2035
2015
2018
2020
2023
2008
2006
2016
2020
2012
2007
2000
2003
2006
2027
2024
2021
2021
2023
2024
2026
2031
2010
2002
1995
1996
1998
1996
1990
1989
1987
1986
1986
1982
1982
1981
1989
1988
1990
2007
2011
2013
2010
2023
2017
2018
2016
2016
2032
2034
2034
2033
2036
2040
2045
2052
2059
2054
2048
2051
2054
2047
2048
2053
2061
2064
2055
2050
2052
2055
2053
2059
2061
2066
2076
2085
2093
2101
2114
2117
2120
2122
2117
2121
2121
2117
2102
2101
2095
2093
2085
2076
2068
2062
2059
2040
2037
2031
2026
2023
2013
2010
2011
1978
1967
1968
1968
1937
1932
1931
1928
1924
1911
1914
1909
1913
1915
1920
1920
1919
1929
1934
1943
1951
1971
1978
1978
1979
2004
2013
2020
2028
2034
2050
2053
2059
2061
2066
2069
2069
2073
2076
2081
2084
2086
2094
2086
2086
2080
2078
2064
2059
2052
2047
2038
2029
2022
2020
1985
1986
1986
1984
1970
1965
1964
1960
1973
1980
1980
1984
1984
1981
1978
1982
1994
1997
1996
1998
1999
2000
2004
2008
2015
2021
2020
2024
2025
2029
2027
2033
2037
2046
2053
2056
2061
2068
2068
2072
2074
2074
2061
2061
2066
2068
2073
2068
2063
2067
2068
2074
2078
2075
2069
2073
2076
2081
2089
2097
2100
2088
2071
2060
2031
2040
2052
2059
2062
2061
2062
2062
2062
2071
2068
2066
2066
2062
2058
2049
2045
2062
2068
2074
2080
2084
2081
2084
2079
2032
2025
2018
2012
2015
2025
2034
2034
2038
2031
2029
2022
2019
1998
1989
1981
1974
1963
1963
1968
1969
1965
1974
1977
1979
1992
2003
2007
2005
1995
1952
1954
1966
1975
1988
1987
1981
1987
2000
2003
2003
2005
2010
1996
1992
1984
1977
1978
1977
1978
1981
1981
1985
1991
1995
1990
1991
1990
1990
1991
2009
2010
2010
2014
2013
2017
2019
2022
2025
2028
2030
2029
2021
2022
2029
2042
2041
2036
2027
2020
2019
2025
2022
2022
2027
2036
2038
2036
2045
2057
2060
2058
2058
2028
2022
2019
2010
2004
2011
2016
2020
2022
2032
2040
2044
2047
2040
2038
2034
2031
2037
2042
2047
2056
2066
2077
2080
2079
2082
2088
2096
2100
2098
2089
2092
2094
2096
2090
2080
2078
2076
2067
2046
2050
2057
2060
2069
2068
2062
2051
2046
2031
2027
2022
2017
2011
2002
2000
1998
1994
1995
2007
2029
2056
2043
2022
1994
1973
1945
1950
1958
1969
1984
2001
2018
2033
2073
2077
2077
2073
1982
1966
1959
1948
1939
1950
1961
1970
1979
1997
1997
1996
1994
1997
2004
2004
2000
1980
1988
2000
2001
2014
2017
2018
2022
2020
2042
2045
2048
2053
2050
2055
2060
2061
2048
2041
2035
2032
2048
2055
2066
2069
2085
2087
2088
2087
2085
2082
2083
2092
2108
2119
2126
2136
2150
2152
2149
2145
2139
2103
2087
2077
2075
2074
2042
2036
2032
2026
2026
2030
2030
2032
2014
2012
2008
2003
1953
1949
1944
1947
1947
1947
1949
1950
1950
1958
1954
1950
1949
1943
1942
1942
1944
1920
1923
1925
1921
1924
1923
1932
1932
1936
1930
1928
1918
1919
1921
1925
1928
1933
1941
1949
1956
1959
1998
2008
2017
2033
2061
2067
2070
2066
2066
2063
2062
2065
2073
2077
2074
2070
2066
2075
2077
2078
2085
2092
2092
2100
2105
2108
2107
2104
2106
2104
2106
2105
2110
2103
2091
2085
2089
2091
2061
2057
2059
2058
2047
2039
2028
2023
2023
2019
2020
2021
2020
2019
2021
2020
2021
2010
2002
1998
1995
2003
2000
1997
1994
1991
1980
1971
1966
1956
1955
1955
1961
1966
1961
1957
1960
1959
1975
1975
1979
1978
1988
1989
1994
2002
2007
2024
2024
2028
2033
2042
2044
2050
2052
2088
2089
2099
2096
2102
2107
2112
2108
2107
2100
2100
2094
2087
2083
2082
2079
2082
2054
2057
2061
2058
2057
2060
2064
2069
2087
2084
2087
2089
2084
2074
2069
2065
2070
2066
2061
2056
2052
2023
2025
2026
2022
2015
2009
2003
1999
1993
1996
2000
1997
1991
1982
1973
1969
1967
1963
1967
1967
1975
1982
1975
1972
1968
1968
1972
1972
1974
1977
1991
1992
1993
1995
2000
2004
2015
2014
2003
2005
2006
2011
2002
2001
2004
2005
2003
2008
2013
2021
2026
2027
2030
2032
2041
2049
2056
2056
2058
2063
2061
2060
2056
2032
2025
2025
2027
2032
2013
2013
2009
2007
2009
2009
2013
2016
2001
2000
2010
2019
2017
2011
2012
2020
2014
2018
2019
2026
2028
2025
2024
2019
2018
2020
2024
2034
2034
2043
2047
2052
2051
2057
2059
2060
2061
2062
2067
2070
2065
2056
2052
2050
2050
2048
2049
2055
2057
2050
2044
2036
2028
2030
2024
2016
2008
2007
2006
1996
1993
1988
1987
1986
1981
1981
1987
1983
1987
1984
1978
1986
1990
1990
1988
1990
1991
1993
1998
2009
2010
2008
2011
2008
1997
1990
1993
1994
1993
1991
1994
1996
1992
1994
1992
1998
2004
2025
2026
2027
2026
2033
2037
2037
2036
2054
2052
2054
2057
2060
2065
2071
2082
2095
2096
2098
2103
2112
2121
2119
2113
2112
2098
2096
2098
2094
2076
2067
2068
2070
2041
2040
2052
2060
2061
2050
2050
2050
2053
2052
2053
2052
2051
2046
2043
2042
2042
2034
2038
2039
2039
2041
2030
2030
2030
2030
2033
2026
2020
2018
2007
2005
2000
1997
1982
1980
1976
1971
1944
1940
1941
1946
1952
1951
1955
1954
1948
1950
1958
1965
1971
1967
1974
1979
1989
2001
2007
2003
2001
2005
2007
2013
2014
2014
2014
2016
2015
2019
2029
2038
2036
2036
2031
2035
2039
2041
2052
2046
2040
2037
2037
2047
2044
2036
2031
2030
2025
2027
2033
2037
2039
2040
2033
2056
2062
2067
2059
2051
2051
2048
2059
2072
2055
2051
2050
2050
2044
2046
2044
2043
2039
2038
2037
2037
2017
2012
2003
2004
2010
2007
2006
2002
2001
2000
1998
1996
1992
2008
2002
1994
1989
1976
1985
1991
1998
1988
1985
1982
1983
1991
2000
1994
1994
1999
2000
2000
2003
2007
2027
2025
2032
2037
2054
2050
2050
2055
2054
2050
2048
2050
2059
2065
2072
2076
2070
2072
2070
2064
2054
2041
2037
2035
2042
2031
2029
2033
2029
2027
2027
2017
2009
2006
2006
2003
2008
2016
2002
2003
2003
2004
2010
2016
2019
2021
2022
2018
2026
2028
2030
2033
2030
2033
2036
2032
2037
2037
2042
2054
2061
2061
2060
2051
2045
2047
2045
2049
2049
2041
2041
2052
2052
2049
2054
2060
2066
2071
2070
2075
2071
2067
2067
2067
2062
2044
2036
2041
2039
2035
2034
2034
2028
1994
1991
1990
1987
1987
1980
1981
1980
1969
1964
1959
1961
1959
1958
1955
1954
1958
1966
1974
1984
1993
1987
1989
1988
1987
1996
1994
1998
2001
2003
2010
2019
2034
2039
2040
2042
2033
2030
2028
2027
2023
2019
2024
2025
2024
2019
2020
2028
2031
2030
2031
2040
2042
2047
2050
2047
2042
2042
2041
2034
2030
2032
2034
2037
2044
2049
2056
2057
2046
2052
2057
2055
2059
2062
2058
2057
2061
2059
2055
2058
2058
2060
2063
2064
2064
2037
2035
2034
2034
2038
2034
2033
2031
2034
2019
2016
2011
2011
2013
2005
2001
2003
2018
2019
2019
2025
2022
2018
2023
2021
2040
2037
2030
2039
2045
1990
1994
1980
1977
2001
2011
2010
2008
2033
2035
2033
2029
1946
1925
1931
1939
1940
1949
1961
1972
1986
2003
2017
2029
2041
2081
2085
2080
2078
2067
2079
2090
2105
2134
2127
2125
2114
2097
2088
2089
2087
2085
2081
2075
2068
2065
2022
2022
2014
1994
1959
1965
1967
1969
1966
1976
1975
1973
1977
1982
1970
1959
1954
1975
1990
2001
2002
1997
1998
2002
2008
2028
2043
2038
2037
2037
2037
2036
2037
2049
2065
2090
2092
2082
2075
2075
2084
2101
2097
2056
2036
2023
2042
2112
2121
2115
2110
2119
2117
2103
2081
2058
1985
1974
1971
1968
1960
1945
1936
1942
1937
1927
1913
1914
1914
1917
1927
1935
1938
1939
1930
1930
1933
1927
1918
1917
1912
1855
1855
1870
1890
1969
1979
1985
1989
2023
2026
2025
2019
2020
2060
2072
2098
2120
2132
2144
2150
2160
2165
2165
2172
2184
2213
2218
2223
2225
2221
2214
2203
2186
2171
2159
2155
2158
2164
2187
2181
2164
2140
2060
2047
2035
2025
2005
1995
1995
1986
1978
1942
1940
1940
1943
1952
1958
1969
1971
1962
1958
1956
1953
1941
1930
1915
1903
1842
1841
1842
1849
1863
1907
1920
1930
1937
1940
1947
1952
1957
1988
1998
2009
2019
2002
1992
1987
1978
1978
1986
1985
1987
1990
1999
2012
2019
2031
2042
2054
2059
2064
2089
2083
2082
2069
2062
2048
2044
2043
2045
2048
2051
2051
2043
2027
2022
2020
2027
2027
2027
2035
2046
2066
2086
2084
2085
2080
2074
2075
2073
2076
2086
2105
2113
2111
2112
2106
2102
2094
2091
2056
2042
2033
2023
2040
2036
2024
2014
1989
1994
2000
2008
2020
2014
2002
1990
1985
1982
1977
1979
1977
1961
1958
1958
1950
1917
1918
1921
1925
1939
1981
1991
1998
2009
2013
2007
2012
2019
2045
2055
2056
2048
2006
1998
2014
2031
2078
2074
2076
2075
2079
2081
2089
2097
2103
2105
2106
2120
2132
2157
2146
2144
2139
2120
2129
2136
2134
2118
2108
2103
2102
2092
2067
2058
2045
2035
2024
2022
2019
2016
1971
1958
1948
1940
1913
1909
1906
1908
1910
1912
1918
1926
1930
1935
1939
1943
1946
1978
1990
2004
2013
2045
2056
2060
2065
2074
2069
2066
2066
2057
2046
2045
2041
2042
2046
2054
2061
2066
2065
2064
2067
2062
2057
2063
2068
2069
2066
2041
2028
2012
2007
1994
1984
1979
1983
2004
2004
2002
2006
2014
2025
2035
2037
2035
2031
2030
2029
2029
2023
2019
2011
2003
1994
1989
1982
1983
1979
1976
1971
1970
1975
1977
1982
1984
1986
1989
1995
1997
2003
2004
2009
2012
2017
2008
2012
2019
2020
2028
2029
2035
2036
2040
2039
2036
2034
2037
2022
2020
2014
2013
2006
2002
1992
1986
1967
1966
1968
1974
1997
2002
2007
2010
2021
2032
2038
2049
2055
2058
2064
2066
2074
2075
2077
2073
2064
2046
2044
2047
2050
2043
2036
2031
2030
2037
2035
2036
2043
2053
2067
2061
2059
2065
2047
2044
2045
2041
2019
2020
2018
2016
2017
2032
2031
2032
2030
2034
2035
2035
2035
2036
2029
2032
2033
2013
2006
2003
1991
1982
1967
1965
1963
1961
1957
1958
1961
1963
1975
1983
1986
1998
2027
2030
2029
2034
2049
2051
2055
2066
2064
2067
2065
2070
2072
2079
2083
2077
2077
2082
2089
2095
2103
2107
2103
2098
2092
2090
2068
2066
2067
2063
2059
2054
2053
2049
2036
2032
2032
2031
2025
2026
2024
2018
2021
2020
2016
2017
2024
2016
2008
2003
1999
1998
1994
1993
1988
1971
1973
1972
1969
1975
1973
1970
1976
1984
1987
1992
1989
1997
2001
2004
2006
2008
1996
1992
1996
2002
1996
1990
1995
1985
2004
2008
2004
2008
2016
2034
2039
2046
2051
2054
2055
2065
2071
2075
2077
2077
2076
2057
2054
2055
2054
2046
2028
2025
2017
2014
2016
2016
2016
2019
2015
2009
2009
2013
2018
2012
2012
2019
2023
2025
2016
2015
2020
2018
2024
2026
2031
2034
2031
2031
2032
2024
2026
2023
2019
2017
2015
2012
2006
2006
1999
1996
1996
1996
1999
2002
2007
2006
2006
2006
2007
2012
2036
2033
2027
2033
2045
2050
2048
2051
2061
2044
2043
2042
2043
2040
2036
2030
2024
2010
2006
1998
1996
1985
1989
1987
1990
1988
2003
2000
2001
2006
2018
2025
2029
2031
2041
2051
2060
2068
2075
2083
2076
2078
2087
2088
2084
2093
2090
2093
2086
2084
2083
2083
2083
2083
2085
2060
2057
2048
2048
2033
2026
2025
2020
2024
2019
2020
2014
2015
2019
2015
2007
2008
1988
1985
1986
1986
1977
1975
1973
1971
1967
1974
1980
1987
1987
1990
1988
1987
1988
1992
1992
1995
2003
2010
2012
2013
2016
2018
2024
2029
2033
2033
2035
2036
2035
2041
2045
2042
2048
2052
2047
2047
2040
2031
2039
2045
2044
2045
2031
2039
2038
2034
2036
2029
2032
2035
2034
2040
2041
2040
2037
2016
2020
2026
2031
2020
2015
2017
2017
2017
2001
2001
2001
1999
1999
2001
2002
2004
1992
1992
1993
2000
2007
2012
2013
2016
2013
2003
2001
2003
2010
2012
2011
2014
2017
2009
2012
2019
2030
2044
2048
2055
2059
2052
2050
2051
2051
2052
2053
2051
2048
2047
2046
2047
2052
2049
2048
2048
2054
2054
2050
2041
2040
2040
2040
2027
2026
2033
2029
2025
2029
2034
2037
2024
2021
2026
2026
2040
2034
2038
2061
2035
2027
2017
2012
2013
2034
2041
2045
2050
2053
2055
2054
2049
2025
2020
2016
2008
1967
1971
1976
1983
1995
2017
2040
2058
2059
2051
2047
2040
2034
2013
2018
2023
2038
2037
2031
2025
2026
2028
2031
2021
2011
2015
2014
2013
2010
2007
2001
2002
2006
2006
1996
1992
1992
1995
2019
2019
2022
2020
2020
2009
2001
1994
1993
2004
2019
2027
2035
2065
2062
2068
2074
2048
2047
2052
2064
2062
2058
2049
2042
2034
2020
2020
2010
2004
2000
1993
1997
2003
2019
2018
2018
2019
2053
2074
2085
2077
2073
2100
2094
2090
2086
2081
2080
2081
2079
2052
2056
2056
2053
2066
2080
2093
2095
2050
2029
2009
1992
1983
1961
1945
1926
1918
1911
1905
1887
1877
1835
1828
1828
1828
1847
1856
1863
1865
1864
1887
1898
1921
1945
1962
1981
2000
2011
2055
2066
2070
2077
2103
2106
2102
2089
2082
2074
2070
2062
2058
2044
2039
2029
2019
2004
1996
1985
1976
1994
2007
2015
2021
2042
2052
2058
2060
2061
2084
2089
2102
2119
2133
2140
2144
2162
2209
2220
2227
2232
2252
2251
2249
2243
2180
2163
2144
2130
2108
2054
2046
2036
2031
2033
2029
2029
2026
2026
2020
2017
2018
2028
2039
2044
2047
2057
2065
2063
2066
2078
2086
2086
2085
2081
2062
2056
2055
2048
2002
1984
1986
1982
1973
1926
1917
1898
1877
1865
1849
1832
1825
1801
1798
1795
1794
1802
1806
1820
1826
1870
1876
1885
1895
1906
1936
1945
1952
1960
1972
1988
2005
2014
2053
2063
2072
2082
2093
2095
2102
2104
2103
2090
2087
2088
2089
2087
2089
2088
2086
2085
2084
2087
2083
2088
2089
2091
2091
2074
2070
2067
2067
2065
2053
2044
2035
2026
2016
2010
2001
1993
1958
1954
1951
1947
1912
1908
1906
1902
1902
1887
1892
1899
1904
1916
1926
1937
1944
1980
1995
2008
2024
2039
2056
2070
2083
2097
2116
2115
2115
2115
2112
2110
2113
2114
2114
2101
2090
2086
2076
2071
2067
2058
2051
2025
2009
1998
1989
1951
1938
1931
1925
1938
1941
1950
1952
1959
1987
2001
2020
2037
2060
2079
2094
2102
2172
2179
2190
2198
2209
2204
2199
2195
2190
2157
2145
2136
2134
2128
2127
2123
2122
2118
2115
2118
2118
2117
2117
2112
2109
2101
2098
2098
2098
2102
2081
2080
2076
2072
2073
2074
2073
2073
2055
2044
2033
2030
2003
1998
1988
1976
1965
1935
1926
1919
1911
1897
1880
1870
1860
1836
1830
1823
1815
1785
1786
1793
1795
1830
1839
1856
1862
1880
1929
1943
1953
1971
1988
2002
2017
2038
2112
2132
2150
2157
2198
2200
2204
2211
2215
2216
2217
2215
2205
2194
2187
2180
2166
2111
2096
2081
2065
1998
1985
1974
1963
1935
1928
1924
1928
1927
1924
1929
1935
1946
1955
1960
1971
1983
1998
2006
2015
2018
2015
2023
2025
2029
2029
2020
2008
2008
2005
2004
1997
1994
1990
1969
1968
1970
1977
1957
1961
1961
1963
1961
1967
1966
1963
1964
1979
1977
1975
1977
1983
1986
1994
1996
2023
2028
2034
2038
2045
2048
2054
2058
2062
2064
2067
2069
2064
2064
2069
2066
2065
2053
2051
2051
2050
2036
2037
2035
2043
2038
2041
2042
2043
2045
2029
2019
2018
2025
2025
2022
2030
2036
2049
2051
2056
2064
2069
2067
2060
2058
2058
2051
2043
2035
2033
2028
2028
2028
2027
2033
2033
2033
2025
2007
2008
2007
2003
1984
1986
1987
1987
1987
2000
2009
2017
2019
2022
2026
2026
2032
2039
2045
2050
2058
2084
2089
2093
2103
2105
2128
2122
2127
2129
2134
2146
2148
2148
2162
2167
2172
2172
2161
2150
2146
2137
2108
2095
2080
2076
2071
2043
2035
2030
2020
2011
2003
1996
1986
1964
1951
1943
1940
1937
1936
1932
1924
1925
1922
1915
1919
1914
1909
1908
1910
1911
1921
1919
1928
1924
1936
1935
1938
1940
1949
1958
1961
1968
1973
1977
1985
1997
2004
2015
2022
2027
2025
2036
2040
2041
2041
2032
2024
2026
2031
2034
2029
2033
2026
2025
2026
2021
2023
2023
2022
2026
2026
2025
2019
2023
2024
2024
2025
2027
2028
2024
2029
2029
2035
2044
2048
2045
2036
2029
2028
2023
2028
2033
2038
2021
2017
2019
2017
2014
2003
2003
2004
2008
2008
2009
2007
2009
2005
2012
2022
2017
2011
2027
2037
2039
2040
2058
2043
2025
2012
2007
2007
2011
2001
2041
2042
2041
2038
2056
2055
2049
2045
2054
2064
2074
2088
2104
2142
2135
2123
2122
2132
2149
2159
2147
2109
2091
2067
2049
2029
2025
2028
2036
2033
1992
1986
1979
1968
1956
1942
1939
1941
1989
1993
1992
1988
1985
1983
1990
2002
2087
2102
2113
2126
2131
2116
2113
2118
2123
2128
2132
2127
2122
2039
2013
2000
1984
1966
1966
1966
1965
1963
1935
1927
1930
1933
1945
1957
1966
1973
2012
2016
2011
2011
2054
2076
2100
2112
2120
2111
2102
2101
2104
2095
2090
2085
2077
2064
2047
2020
1991
1855
1818
1785
1751
1649
1630
1607
1590
1584
1583
1596
1615
1634
1653
1684
1720
1752
1917
1965
2015
2060
2278
2322
2364
2401
2507
2528
2543
2560
2578
2610
2623
2632
2627
2604
2582
2561
2539
2412
2370
2325
2279
2096
2058
2026
1998
1973
1905
1894
1875
1861
1848
1831
1818
1809
1810
1826
1847
1872
1905
1904
1904
1893
1885
1863
1856
1858
1857
1856
1844
1835
1818
1754
1742
1733
1729
1735
1735
1736
1735
1748
1756
1767
1779
1794
1817
1829
1836
1845
1855
1871
1890
1908
2017
2051
2081
2111
2199
2224
2243
2264
2372
2394
2412
2423
2429
2447
2444
2444
2445
2447
2449
2450
2453
2458
2456
2453
2447
2399
2380
2370
2347
2329
2269
2241
2216
2192
2145
2071
2024
2017
1969
1958
1916
1845
1556
1534
1524
1494
1368
1322
1297
1298
1306
1261
1218
1187
1181
1189
1215
1253
1303
1430
1493
1566
1636
1903
1952
1992
2027
2079
2238
2273
2306
2342
2374
2403
2424
2444
2540
2551
2562
2576
2588
2566
2538
2519
2493
2474
2474
2452
2426
2404
2389
2377
2360
2350
2360
2373
2381
2419
2402
2385
2364
2267
2265
2286
2298
2307
2292
2279
2256
2229
2197
2171
2146
2123
1975
1933
1891
1853
1686
1636
1595
1563
1536
1467
1454
1441
1422
1403
1387
1378
1372
1334
1329
1330
1333
1326
1314
1294
1289
1348
1366
1384
1408
1431
1503
1538
1587
1641
1697
1754
1819
1886
2129
2184
2242
2287
2430
2449
2472
2493
2605
2631
2653
2687
2724
2807
2831
2845
2853
2856
2861
2858
2849
2792
2766
2737
2705
2673
2578
2546
2525
2501
2477
2457
2444
2430
2366
2351
2329
2306
2281
2255
2231
2202
2172
2118
2097
2080
2061
2044
2024
2007
1992
1896
1865
1833
1804
1778
1676
1646
1617
1586
1551
1523
1494
1462
1344
1325
1309
1295
1308
1316
1329
1346
1362
1431
1459
1488
1519
1554
1582
1610
1635
1726
1740
1755
1782
1896
1926
1964
1999
2158
2200
2237
2274
2311
2386
2401
2411
2414
2410
2404
2404
2400
2373
2362
2354
2351
2362
2367
2364
2367
2374
2380
2381
2379
2378
2368
2352
2338
2326
2251
2233
2212
2193
2116
2092
2074
2055
2033
1983
1971
1958
1939
1927
1913
1902
1896
1866
1851
1839
1834
1825
1821
1814
1804
1799
1781
1775
1775
1778
1791
1797
1799
1801
1805
1795
1793
1789
1783
1786
1778
1769
1759
1714
1704
1694
1691
1672
1677
1678
1675
1682
1693
1709
1723
1735
1809
1829
1855
1876
1903
1939
1978
2018
2208
2258
2315
2370
2563
2599
2632
2666
2694
2744
2758
2763
2761
2753
2740
2724
2709
2629
2610
2585
2558
2470
2430
2400
2364
2326
2215
2176
2146
2111
2079
2046
2009
1975
1865
1841
1812
1788
1732
1729
1727
1728
1729
1727
1731
1734
1736
1741
1747
1750
1743
1708
1695
1686
1685
1688
1685
1688
1689
1692
1707
1710
1715
1714
1723
1738
1754
1770
1782
1817
1836
1851
1867
1882
1896
1910
1923
1989
2016
2029
2041
2126
2155
2176
2200
2230
2296
2315
2336
2348
2363
2374
2382
2393
2393
2384
2378
2368
2296
2276
2252
2227
2145
2120
2092
2064
2044
1971
1940
1919
1900
1879
1859
1836
1824
1788
1785
1782
1788
1795
1796
1798
1805
1810
1824
1832
1839
1851
1856
1866
1879
1893
1946
1954
1960
1967
1998
2002
2005
1999
1995
1980
1976
1971
1964
1958
1957
1953
1953
1938
1938
1949
1962
1976
1988
1996
2005
2014
2049
2058
2061
2072
2088
2106
2125
2145
2160
2200
2206
2209
2213
2216
2220
2221
2228
2226
2223
2224
2229
2218
2222
2222
2215
2193
2180
2171
2176
2171
2137
2127
2117
2100
2093
2082
2072
2064
2030
2016
2006
1995
1967
1964
1959
1954
1955
1939
1930
1931
1929
1920
1912
1906
1897
1862
1842
1829
1818
1790
1784
1779
1777
1768
1774
1778
1789
1805
1838
1853
1871
1893
1908
1922
1944
1963
2022
2037
2047
2062
2110
2119
2128
2141
2156
2177
2180
2188
2198
2202
2214
2217
2223
2244
2251
2254
2261
2253
2253
2255
2257
2243
2230
2224
2216
2209
2177
2166
2165
2165
2157
2149
2145
2133
2096
2085
2068
2055
1989
1979
1961
1946
1939
1899
1891
1878
1873
1876
1874
1870
1872
1862
1861
1861
1860
1862
1867
1869
1879
1911
1921
1925
1929
1942
1956
1961
1965
1971
1969
1966
1976
1980
1982
1988
1996
2000
1995
1995
1997
1997
2024
2027
2031
2032
2038
2046
2049
2049
2051
2051
2051
2048
2051
2049
2047
2043
2043
2054
2056
2065
2073
2073
2080
2078
2074
2069
2065
2064
2058
2049
2025
2024
2022
2025
2020
2019
2017
2017
2027
2028
2031
2030
2025
2010
2005
1998
1995
1993
1994
1995
1995
1987
1990
1991
1994
2016
2007
1991
1995
2019
2054
2051
2051
2045
2021
1992
1970
1950
2022
2031
2044
2065
2007
1987
1961
1942
1985
2009
2039
2056
2063
2056
2044
2025
2018
2010
2006
2010
2041
2118
2124
2130
2127
2074
2074
2080
2092
2104
2132
2131
2112
2099
2093
2095
2089
2074
2093
2121
2126
2122
2089
2078
2056
2038
2067
2070
2086
2109
2113
2058
2011
1968
1960
1982
1987
1973
1993
2079
2085
2087
2060
2000
1980
1975
2010
2037
2099
2152
2157
2147
2164
2167
2131
2104
2121
2110
2127
2156
2122
2103
2101
2097
1982
1944
1910
1883
1856
1784
1745
1695
1648
1611
1584
1558
1521
1420
1400
1387
1383
1394
1408
1420
1423
1438
1520
1557
1606
1656
1711
1773
1841
1905
2185
2252
2317
2381
2652
2704
2739
2778
2821
2900
2931
2959
2996
3031
3054
3062
3059
2979
2929
2875
2820
2764
2715
2664
2618
2577
2438
2377
2312
2247
2170
2079
1991
1921
1867
1736
1711
1695
1678
1654
1627
1597
1566
1474
1469
1473
1480
1505
1511
1517
1524
1531
1528
1524
1522
1529
1557
1560
1552
1535
1519
1511
1505
1497
1529
1541
1546
1542
1513
1508
1501
1506
1514
1575
1609
1650
1691
1733
1769
1799
1831
2022
2078
2153
2205
2675
2777
2840
2937
2970
3073
3172
3236
3301
3467
3493
3495
3503
3517
3530
3520
3502
3397
3317
3259
3225
2916
2806
2712
2649
2566
2251
2159
2022
1873
1758
1671
1563
1439
966
860
784
732
694
642
577
554
448
452
447
441
465
612
664
717
766
810
874
960
1035
1284
1355
1414
1486
1846
1910
1974
2048
2114
2247
2309
2373
2451
2545
2638
2706
2748
2832
2848
2886
2918
2961
2945
2954
2997
3093
3085
3046
3021
3030
2980
2948
2922
2886
2843
2800
2777
2755
2656
2621
2588
2553
2486
2459
2393
2306
2220
2049
2005
1945
1887
1828
1774
1722
1684
1450
1395
1345
1292
1133
1112
1107
1099
1044
1028
995
963
934
946
981
1017
1051
1083
1115
1149
1175
1378
1444
1527
1614
1900
1978
2048
2114
2181
2358
2408
2465
2529
2591
2647
2688
2728
2841
2867
2886
2900
2925
2905
2890
2875
2775
2739
2697
2652
2596
2464
2438
2410
2382
2346
2309
2276
2245
2137
2110
2091
2067
2038
2036
2043
2049
2046
2017
2013
2009
2009
2017
2016
2013
2008
1934
1900
1858
1820
1688
1652
1616
1588
1562
1474
1449
1427
1403
1382
1366
1336
1318
1268
1262
1256
1250
1241
1249
1265
1297
1473
1531
1589
1646
1704
1849
1919
2011
2100
2175
2241
2306
2363
2445
2470
2508
2576
2784
2807
2828
2841
2841
2817
2791
2769
2758
2743
2729
2725
2740
2719
2693
2655
2604