2307
2319
2328
2384
2405
2428
2446
2516
2530
2543
2559
2572
2604
2601
2602
2604
2597
2576
2557
2539
2484
2481
2480
2483
2489
2499
2506
2512
2519
2528
2527
2530
2541
2541
2540
2541
2539
2526
2527
2532
2527
2478
2458
2430
2396
2259
2223
2195
2165
2136
2078
2068
2054
2046
2043
2034
2024
2016
1997
2001
2006
2017
2008
2000
1999
1990
1989
1992
2002
2016
2030
2047
2064
2085
2100
2188
2207
2227
2252
2332
2346
2363
2370
2321
2297
2267
2235
2210
2114
2072
2024
1977
1940
1894
1854
1816
1696
1666
1646
1627
1540
1519
1499
1474
1456
1412
1395
1386
1376
1368
1376
1390
1405
1468
1485
1509
1535
1627
1647
1665
1680
1725
1742
1754
1760
1768
1797
1806
1820
1830
1836
1837
1837
1831
1806
1799
1784
1777
1701
1688
1675
1667
1664
1677
1693
1704
1724
1743
1767
1793
1823
1955
1983
2017
2050
2164
2183
2198
2211
2237
2238
2246
2256
2269
2293
2300
2311
2323
2335
2344
2359
2367
2381
2381
2377
2368
2292
2267
2251
2232
2215
2182
2173
2163
2156
2154
2151
2152
2157
2194
2203
2216
2228
2246
2242
2246
2250
2271
2277
2279
2280
2282
2272
2276
2274
2271
2263
2258
2251
2247
2174
2154
2124
2098
1985
1958
1931
1906
1879
1807
1788
1772
1765
1760
1748
1741
1742
1754
1762
1764
1765
1793
1811
1827
1842
1920
1939
1960
1982
2006
2070
2088
2105
2120
2138
2154
2164
2175
2156
2146
2152
2149
2113
2111
2106
2098
2089
2066
2066
2064
2062
2061
2064
2063
2060
2026
2014
2003
1994
1940
1925
1919
1923
1925
1928
1930
1932
1936
1943
1945
1951
1960
1964
1972
1978
1981
2008
2014
2019
2024
2048
2058
2064
2069
2077
2090
2090
2090
2093
2103
2110
2112
2113
2129
2127
2128
2125
2102
2103
2101
2095
2087
2074
2068
2072
2075
2081
2081
2081
2080
2082
2076
2075
2073
2074
2071
2068
2069
2060
2041
2044
2036
2030
2028
2030
2030
2033
2035
2044
2046
2048
2049
2052
2058
2057
2061
2053
2050
2048
2044
2040
2037
2028
2016
1984
1974
1964
1957
1944
1930
1926
1921
1922
1925
1925
1922
1918
1910
1912
1909
1914
1929
1933
1934
1942
1951
1958
1966
1972
1973
1973
1976
1982
1992
2001
1997
1998
1999
1997
1996
2002
2002
1972
1968
1963
1957
1949
1915
1902
1894
1888
1890
1888
1884
1880
1862
1868
1875
1876
1896
1908
1915
1926
1937
1969
1984
1998
2018
2038
2049
2061
2075
2114
2124
2135
2147
2177
2181
2187
2188
2195
2191
2186
2183
2183
2178
2175
2170
2168
2141
2127
2119
2107
2099
2088
2084
2072
2061
2038
2034
2031
2024
2012
1998
1986
1979
1983
1983
1986
1993
1999
2006
2013
2022
2030
2057
2066
2070
2071
2089
2089
2095
2106
2107
2110
2113
2113
2114
2110
2103
2104
2104
2108
2106
2105
2093
2085
2075
2074
2069
2052
2042
2039
2032
2025
2013
2010
2008
2012
2008
2006
2009
2010
2012
2012
2014
2013
2027
2030
2037
2038
2033
2049
2049
2041
2040
2041
2042
2035
2031
2015
2018
2013
2009
1992
1988
1987
1986
1968
1963
1955
1949
1950
1945
1948
1943
1949
1949
1945
1950
1962
1982
1993
1998
1996
2009
2010
2017
2022
2030
2028
2035
2034
2039
2040
2046
2051
2053
2053
2051
2055
2051
2021
2012
2007
2001
1970
1964
1960
1959
1953
1949
1947
1948
1953
1954
1952
1952
1953
1960
1963
1969
1977
1982
1993
2003
2010
2020
2026
2027
2035
2046
2049
2046
2049
2053
2059
2060
2064
2063
2059
2056
2051
2049
2048
2051
2051
2050
2046
2044
2044
2045
2043
2029
2027
2028
2030
2028
2026
2020
2019
2019
2009
2009
2004
2003
2000
1998
1988
1980
1974
1971
1970
1969
1973
1976
1975
1972
1976
1989
1997
2000
2003
2006
2015
2021
2036
2061
2064
2066
2068
2069
2081
2089
2098
2106
2113
2119
2122
2118
2143
2144
2150
2156
2162
2166
2162
2162
2162
2159
2159
2154
2147
2142
2132
2126
2116
2082
2076
2070
2062
2051
2043
2041
2036
2030
2020
2016
2016
2015
2013
2006
1994
1998
1998
1996
1995
1995
1994
1992
1993
1994
1995
1981
1973
1975
1980
1976
1970
1969
1967
1949
1947
1943
1935
1921
1922
1933
1943
1900
1906
1891
1882
1897
1909
1914
1943
1960
1951
1951
1969
2000
2039
2046
2040
2052
2093
2094
2097
2088
2071
2026
2020
2006
1980
1973
1980
2000
2005
1993
1970
1926
1902
1987
2003
2018
2049
2070
2075
2081
2070
2063
2066
2062
2057
2055
2086
2094
2112
2097
1977
1928
1886
1880
1873
1883
1911
1933
1929
1950
1971
1967
1970
2005
2069
2120
2150
2224
2235
2233
2217
2199
2191
2187
2176
2115
2093
2067
2055
2060
2065
2075
2079
2083
2090
2093
2106
2115
2104
2097
2089
2095
2077
2067
2054
2044
2030
1995
1995
1993
1991
1997
2016
2037
2038
2003
1990
1977
1978
2016
2031
2050
2064
2081
2063
2045
2034
2024
1983
1957
1924
1900
1879
1852
1835
1818
1773
1778
1777
1783
1862
1870
1894
1913
1923
1976
1994
2002
2011
2027
2037
2043
2040
2001
1998
1993
2003
2024
2019
2022
2022
1999
2000
2006
2030
2062
2141
2151
2152
2153
2153
2151
2146
2137
2066
2056
2053
2044
2015
1994
1967
1942
1920
1908
1910
1913
1918
1920
1918
1922
1918
1944
1950
1963
1983
2059
2066
2073
2076
2084
2085
2084
2087
2092
2100
2112
2129
2142
2148
2149
2148
2150
2131
2131
2142
2149
2118
2103
2097
2085
2080
2076
2064
2050
2037
2023
2005
1996
1990
1934
1931
1923
1915
1918
1913
1908
1899
1896
1874
1876
1874
1876
1883
1889
1897
1904
1909
1903
1905
1902
1921
1931
1926
1925
1914
1886
1882
1880
1891
1902
1924
1951
1979
2061
2078
2109
2141
2170
2201
2244
2298
2351
2500
2539
2579
2621
2665
2704
2740
2774
2811
2898
2924
2946
2953
2959
2959
2955
2940
2862
2834
2805
2779
2609
2559
2498
2435
2373
2191
2136
2084
2030
1981
1924
1864
1802
1616
1551
1495
1436
1380
1321
1270
1220
1176
1058
1026
996
971
944
927
910
893
881
883
896
910
924
937
960
986
1009
1094
1124
1157
1198
1359
1395
1431
1459
1588
1626
1659
1698
1740
1882
1935
1995
2047
2105
2164
2218
2274
2536
2595
2653
2723
2916
2952
2978
2995
3006
3018
3013
2997
2975
2947
2913
2879
2847
2688
2670
2622
2565
2342
2274
2229
2179
2126
1995
1937
1895
1859
1820
1785
1757
1725
1586
1530
1480
1441
1324
1308
1306
1314
1385
1422
1459
1500
1557
1756
1825
1894
1956
2009
2055
2109
2160
2336
2360
2398
2428
2493
2513
2536
2556
2655
2669
2680
2701
2718
2746
2753
2750
2738
2724
2710
2699
2683
2591
2560
2524
2485
2335
2303
2269
2235
2204
2117
2083
2047
2016
1987
1965
1948
1929
1868
1850
1822
1796
1685
1652
1623
1592
1564
1483
1451
1425
1392
1365
1334
1312
1296
1240
1230
1225
1223
1266
1283
1301
1332
1358
1453
1488
1523
1565
1604
1644
1679
1711
1774
1800
1825
1851
1871
1886
1906
1928
1949
2010
2028
2046
2058
2075
2083
2091
2105
2126
2132
2137
2147
2149
2147
2147
2149
2148
2150
2148
2153
2151
2169
2174
2179
2182
2228
2254
2278
2305
2334
2411
2439
2456
2475
2492
2511
2528
2541
2577
2585
2592
2590
2586
2585
2577
2571
2561
2521
2512
2498
2488
2473
2461
2454
2445
2379
2353
2328
2302
2228
2217
2213
2202
2191
2134
2118
2102
2089
2076
2065
2053
2041
1984
1974
1965
1959
1904
1905
1898
1893
1882
1883
1883
1874
1876
1865
1862
1864
1866
1860
1855
1856
1856
1847
1841
1846
1854
1867
1868
1869
1866
1863
1875
1875
1883
1887
1888
1891
1896
1903
1905
1907
1906
1900
1889
1881
1873
1865
1858
1820
1806
1792
1778
1758
1735
1714
1701
1682
1635
1624
1615
1611
1605
1598
1589
1581
1573
1576
1578
1582
1623
1637
1655
1671
1721
1742
1761
1779
1793
1847
1870
1890
1913
1933
1948
1965
1990
2079
2102
2123
2138
2197
2206
2214
2223
2229
2244
2240
2245
2249
2246
2253
2259
2260
2237
2230
2225
2223
2216
2214
2210
2213
2219
2220
2228
2235
2240
2268
2270
2267
2269
2272
2265
2258
2261
2235
2233
2230
2229
2212
2210
2204
2199
2198
2182
2175
2167
2163
2162
2161
2155
2148
2131
2125
2120
2110
2096
2103
2101
2104
2109
2113
2112
2117
2122
2128
2130
2130
2133
2110
2103
2101
2088
2047
2037
2024
2006
1931
1911
1898
1882
1871
1839
1831
1816
1812
1803
1787
1779
1772
1754
1748
1751
1753
1756
1763
1772
1780
1818
1834
1852
1870
1883
1932
1944
1959
1972
1990
2012
2027
2051
2114
2132
2143
2147
2158
2160
2159
2162
2159
2144
2134
2124
2121
2118
2109
2099
2088
2046
2042
2037
2031
1993
1987
1980
1979
1979
1970
1968
1967
1970
1971
1967
1964
1962
1971
1973
1974
1974
1993
1998
2005
2012
2030
2043
2052
2069
2076
2077
2085
2098
2103
2107
2113
2120
2125
2110
2112
2119
2125
2137
2142
2145
2152
2158
2175
2183
2191
2199
2206
2211
2213
2213
2194
2187
2182
2179
2142
2134
2114
2097
2050
2035
2022
2007
1993
1964
1956
1948
1941
1930
1920
1908
1905
1869
1867
1860
1848
1832
1829
1826
1828
1826
1832
1836
1845
1848
1870
1876
1882
1894
1905
1909
1914
1923
1961
1966
1978
1989
2004
2004
2006
2010
2013
2004
2005
2004
2006
2006
2006
2005
1997
1997
1994
1995
1996
1994
1996
1996
1991
1991
1989
1987
1985
1984
1962
1960
1971
1970
1972
1970
1974
1981
2002
2005
2012
2019
2046
2062
2072
2075
2079
2102
2105
2106
2112
2114
2115
2116
2115
2131
2130
2128
2134
2136
2138
2139
2144
2148
2159
2159
2165
2169
2176
2175
2174
2180
2169
2165
2162
2156
2131
2124
2120
2114
2106
2090
2075
2070
2065
2060
2051
2047
2044
2024
2017
2014
2007
1999
1998
1994
1993
1984
1977
1974
1972
1972
1975
1975
1979
1979
1978
1988
1995
2003
2004
2010
2006
2009
2011
2029
2038
2043
2049
2064
2064
2063
2070
2078
2080
2075
2068
2072
2055
2047
2037
2037
2032
2027
2021
2013
1999
1988
1979
1971
1952
1945
1943
1938
1935
1938
1936
1935
1935
1932
1929
1930
1932
1925
1923
1933
1937
1934
1938
1946
1949
1976
1984
1985
1982
1982
1994
1996
1997
1999
2003
2007
2018
2022
2046
2050
2049
2053
2059
2058
2060
2057
2066
2060
2059
2050
2051
2041
2034
2034
2032
2028
2022
2016
2016
2009
2008
2005
2010
1997
1999
1997
1992
1992
1982
1986
1991
1996
1997
1996
1999
1996
1998
1996
1998
2004
2017
2021
2024
2030
2037
2041
2044
2054
2059
2078
2079
2081
2083
2081
2080
2085
2085
2079
2079
2078
2083
2076
2073
2071
2076
2074
2061
2065
2058
2050
2051
2044
2044
2046
2037
2031
2022
2013
2002
2002
2004
2003
1999
1992
1989
1988
1994
2005
2009
2009
2014
2018
2018
2019
2022
2047
2048
2049
2055
2071
2070
2072
2065
2064
2064
2068
2075
2077
2079
2076
2075
2081
2078
2079
2075
2078
2077
2077
2081
2081
2077
2072
2074
2067
2063
2052
2050
2050
2051
2054
2050
2043
2039
2009
2003
1994
1987
1965
1959
1956
1958
1957
1939
1934
1932
1927
1923
1923
1921
1924
1922
1922
1919
1916
1914
1918
1919
1921
1919
1931
1938
1948
1959
1967
1973
1982
1991
2008
2012
2019
2016
2015
2018
2030
2036
2037
2054
2049
2048
2048
2046
2049
2052
2054
2056
2069
2069
2066
2060
2054
2050
2052
2049
2045
2042
2044
2046
2052
2051
2052
2047
2045
2053
2057
2057
2057
2057
2059
2064
2065
2080
2086
2090
2095
2102
2104
2105
2106
2118
2115
2112
2115
2109
2094
2089
2083
2081
2082
2083
2081
2075
2055
2053
2048
2042
2030
2025
2018
2019
2023
2029
2031
2032
2034
2030
2026
2026
2019
2013
2014
2017
2020
2007
2010
2014
2011
2011
2012
2013
2021
2028
2027
2025
2022
2025
2029
2026
2021
2013
2013
2010
2007
2005
1993
1989
1986
1988
1985
1981
1983
1988
1996
1999
2001
1996
1997
1983
1976
1976
1970
1965
1965
1964
1961
1960
1960
1957
1959
1951
1950
1950
1945
1935
1926
1929
1935
1940
1943
1946
1950
1959
1968
1979
1978
1976
1984
1992
1998
2003
2009
2012
2016
2015
2023
2039
2040
2043
2043
2051
2055
2060
2064
2070
2077
2077
2079
2076
2076
2076
2070
2076
2084
2084
2087
2093
2102
2102
2109
2105
2103
2103
2102
2110
2114
2113
2111
2113
2110
2103
2099
2093
2092
2091
2082
2083
2085
2103
2108
2108
2112
2117
2105
2093
2079
2070
2063
2048
2034
2017
1978
1968
1954
1947
1933
1938
1952
1960
2010
2023
2025
2034
2040
2048
2047
2041
2044
2041
2039
2032
2022
2000
1996
1994
1983
1943
1949
1951
1947
1948
1940
1934
1928
1925
1921
1925
1930
1936
1961
1969
1981
1990
2003
2007
2013
2022
2028
2039
2041
2036
2031
2029
2022
2017
2013
2013
2017
2020
2024
2033
2032
2032
2035
2066
2075
2083
2085
2094
2106
2109
2113
2108
2106
2108
2102
2097
2063
2055
2048
2039
2030
2026
2028
2028
2031
2027
2024
2019
2011
2002
2001
1996
1993
1992
1991
1999
1999
1997
1994
1993
1999
2010
2014
2019
2020
2025
2025
2026
2025
2039
2054
2068
2063
2058
2012
1999
1993
1995
2031
2048
2059
2078
2091
2112
2114
2112
2114
2120
2119
2110
2103
2106
2103
2106
2113
2132
2131
2135
2130
2100
2092
2081
2077
2067
2034
2026
2010
2010
2004
1999
1988
1977
1914
1905
1907
1904
1891
1883
1879
1868
1856
1840
1834
1830
1825
1829
1840
1857
1875
1930
1932
1941
1940
1949
1941
1934
1930
1909
1897
1892
1887
1881
1852
1845
1831
1823
1822
1822
1817
1813
1845
1853
1870
1878
1916
1923
1932
1940
1942
1958
1958
1958
1963
1963
1959
1962
1956
1945
1954
1967
1980
2063
2081
2106
2131
2198
2218
2243
2261
2280
2332
2348
2366
2392
2414
2441
2466
2488
2617
2650
2674
2700
2770
2788
2802
2811
2820
2834
2825
2818
2807
2791
2778
2764
2742
2657
2639
2618
2599
2476
2439
2396
2350
2169
2125
2083
2040
2001
1885
1845
1797
1754
1711
1674
1638
1605
1484
1451
1428
1411
1326
1314
1299
1290
1283
1273
1270
1266
1267
1270
1274
1278
1283
1342
1361
1384
1415
1504
1522
1553
1573
1661
1682
1700
1714
1728
1748
1763
1779
1789
1803
1817
1833
1849
1888
1889
1887
1885
1879
1874
1877
1878
1876
1836
1818
1808
1797
1775
1759
1749
1740
1703
1695
1684
1680
1659
1656
1654
1652
1651
1642
1644
1648
1647
1667
1682
1697
1717
1743
1769
1800
1827
1946
1986
2024
2060
2225
2270
2327
2378
2425
2561
2605
2643
2685
2724
2762
2812
2856
3007
3041
3067
3099
3190
3212
3231
3240
3255
3247
3237
3224
3212
3143
3118
3087
3060
3030
2999
2968
2939
2816
2781
2750
2714
2559
2520
2486
2447
2414
2305
2261
2221
2182
2145
2108
2073
2035
1894
1868
1838
1803
1686
1663
1643
1619
1529
1515
1500
1480
1470
1420
1405
1398
1396
1386
1381
1384
1393
1400
1396
1393
1387
1371
1373
1376
1379
1374
1362
1356
1350
1346
1342
1344
1348
1356
1358
1352
1355
1366
1418
1431
1450
1471
1533
1550
1574
1599
1626
1692
1714
1743
1769
1792
1815
1839
1858
1938
1954
1972
1987
2057
2083
2109
2135
2154
2209
2222
2235
2251
2260
2273
2290
2310
2358
2366
2371
2380
2432
2452
2453
2462
2488
2497
2500
2506
2509
2495
2487
2482
2481
2482
2475
2463
2454
2403
2396
2387
2376
2338
2324
2311
2304
2296
2254
2246
2238
2228
2219
2211
2208
2205
2175
2158
2143
2135
2113
2110
2104
2107
2110
2111
2109
2101
2092
2080
2077
2074
2067
2056
2047
2040
2029
2006
2000
1996
1990
1948
1939
1934
1926
1876
1859
1837
1821
1811
1767
1751
1738
1731
1713
1702
1691
1682
1634
1622
1609
1601
1564
1560
1559
1558
1557
1571
1575
1575
1577
1582
1587
1595
1600
1671
1691
1706
1721
1806
1817
1835
1856
1882
1942
1948
1962
1980
2004
2023
2044
2056
2104
2119
2138
2152
2167
2177
2186
2202
2213
2249
2263
2273
2284
2290
2290
2302
2319
2325
2344
2349
2353
2362
2372
2382
2380
2379
2377
2376
2376
2372
2360
2355
2349
2351
2332
2324
2315
2297
2290
2270
2262
2251
2244
2231
2221
2220
2214
2174
2167
2159
2149
2124
2111
2105
2107
2107
2100
2095
2091
2089
2082
2077
2070
2061
2022
2012
2008
1997
1964
1957
1949
1949
1915
1910
1906
1900
1892
1863
1856
1850
1848
1845
1840
1844
1836
1822
1823
1820
1817
1810
1811
1810
1812
1812
1810
1810
1807
1811
1809
1809
1814
1815
1824
1828
1833
1843
1859
1868
1874
1883
1900
1901
1905
1915
1927
1943
1941
1946
1953
1959
1968
1979
1984
2014
2013
2018
2019
2022
2024
2025
2024
2018
2004
2000
1999
1999
1998
1993
1989
1990
1996
1998
2001
2009
2026
2034
2033
2045
2077
2088
2097
2108
2116
2129
2133
2138
2145
2152
2157
2161
2171
2204
2207
2207
2209
2240
2244
2250
2251
2257
2258
2261
2263
2267
2266
2269
2268
2262
2243
2241
2235
2231
2208
2203
2197
2188
2152
2141
2131
2125
2114
2069
2055
2035
2026
2015
2006
1996
1992
1948
1939
1927
1916
1900
1897
1893
1895
1888
1883
1875
1871
1871
1878
1875
1875
1878
1882
1886
1889
1896
1919
1920
1915
1910
1906
1902
1902
1903
1903
1912
1912
1913
1923
1927
1930
1939
1943
1965
1969
1965
1968
1972
1970
1972
1970
1976
1975
1975
1977
1977
1992
1991
1996
1992
1998
2002
2002
2004
2007
2006
2018
2023
2039
2040
2043
2052
2062
2066
2063
2065
2067
2066
2069
2073
2077
2107
2111
2114
2117
2135
2139
2145
2144
2147
2146
2152
2155
2164
2173
2176
2177
2182
2171
2161
2163
2167
2153
2153
2150
2143
2110
2112
2108
2104
2103
2081
2078
2080
2068
2059
2056
2049
2043
2021
2014
2008
2004
1983
1983
1984
1978
1948
1948
1944
1938
1934
1921
1918
1918
1923
1918
1913
1909
1904
1894
1897
1900
1905
1908
1911
1908
1911
1923
1930
1929
1935
1936
1933
1930
1934
1937
1942
1944
1951
1959
1975
1983
1984
1988
2001
2012
2017
2019
2026
2029
2029
2023
2019
2027
2028
2029
2037
2036
2035
2032
2031
2000
1994
1986
1987
1989
1970
1979
1976
1977
1979
1990
1990
1989
2030
2044
2055
2057
2106
2122
2130
2135
2141
2120
2118
2119
2124
2130
2132
2132
2135
2140
2143
2148
2153
2157
2156
2155
2164
2172
2160
2148
2147
2156
2159
2154
2153
2150
2146
2140
2140
2143
2155
2162
2170
2179
2191
2166
2152
2145
2139
2136
2126
2113
2097
2082
2028
2020
2011
2007
2003
1993
1974
1959
1896
1879
1870
1862
1850
1844
1843
1843
1843
1844
1840
1834
1824
1826
1828
1834
1842
1846
1852
1860
1866
1873
1877
1879
1882
1883
1908
1920
1931
1945
1934
1970
1989
1989
1934
1902
1886
1877
1879
1974
2014
2042
2080
2129
2164
2170
2173
2180
2169
2164
2152
2101
2090
2078
2069
2061
2012
2012
2011
2004
1995
1994
1993
1992
1989
1994
2004
2024
2037
2039
2028
2013
1998
1996
1997
1995
1993
2009
2011
2005
2006
1993
1980
1970
1964
1960
1975
1993
2010
2046
2049
2036
2028
2017
2006
2017
2039
2064
2086
2104
2118
2120
2107
2114
2132
2149
2204
2204
2205
2205
2202
2202
2203
2207
2211
2216
2224
2234
2244
2251
2241
2228
2218
2203
2190
2176
2164
2156
2094
2068
2050
2032
2015
1998
1982
1960
1955
1971
1977
1977
1976
1969
1960
1946
1929
1909
1907
1912
1917
1909
1896
1886
1877
1850
1854
1857
1867
1873
1887
1892
1897
1902
1906
1909
1917
1921
1947
1948
1948
1951
1960
1963
1967
1970
1973
1983
1981
1977
1982
1985
1988
1994
2000
2038
2045
2051
2055
2064
2073
2080
2085
2092
2087
2084
2081
2082
2066
2055
2045
2037
2038
2043
2042
2052
2087
2092
2093
2084
2036
2027
2022
2014
2013
2014
2012
2007
2003
2000
1989
1987
1986
1963
1960
1961
1963
1957
1957
1953
1952
1959
1979
1985
1990
1993
1996
2006
2017
2023
2043
2053
2064
2073
2091
2088
2088
2093
2109
2123
2142
2159
2171
2188
2197
2203
2218
2233
2238
2235
2223
2376
2366
2374
2351
2103
2050
2007
2006
2037
2024
2045
2052
2009
1972
1987
2026
2032
2062
2061
2064
2079
2064
2069
2057
2044
2044
2031
2024
2001
1973
1851
1815
1794
1782
1776
1773
1756
1756
1760
1762
1756
1750
1776
1785
1798
1819
1837
1868
1870
1865
1871
1880
1874
1887
1926
2043
2066
2079
2088
2067
2051
2038
2030
2052
2071
2080
2075
2068
2059
2057
2068
2076
2084
2086
2095
2109
2088
2081
2067
2056
2049
2073
2099
2117
2131
2151
2147
2149
2145
2132
2130
2131
2137
2145
2136
2116
2093
1992
1985
1982
1980
1961
1945
1934
1912
1897
1869
1870
1880
1894
1908
1924
1936
1945
1934
1935
1935
1937
1980
1988
1993
1997
1999
2022
2029
2034
2042
2045
2039
2038
2045
2049
2063
2070
2066
2040
2040
2039
2039
2021
2013
2001
1984
1982
1986
1997
2009
2027
2032
2038
2043
2050
2083
2089
2091
2101
2124
2135
2148
2159
2164
2154
2145
2146
2141
2139
2137
2128
2130
2111
2088
2064
2048
1987
1982
1978
1975
1933
1932
1928
1923
1920
1919
1931
1931
1924
1931
1938
1940
1941
1955
1959
1962
1975
2012
2022
2027
2040
2047
2070
2078
2091
2103
2114
2129
2143
2141
2131
2133
2142
2143
2150
2142
2135
2128
2090
2087
2075
2070
2073
2068
2071
2065
2058
2061
2061
2062
2064
2079
2086
2094
2106
2144
2143
2148
2157
2168
2172
2167
2163
2163
2160
2154
2147
2145
2099
2099
2096
2087
2023
2002
1983
1972
1931
1917
1905
1894
1884
1845
1827
1817
1803
1793
1769
1756
1747
1710
1711
1709
1705
1705
1710
1719
1732
1744
1772
1792
1807
1821
1832
1847
1863
1882
1935
1941
1952
1958
1984
1995
2005
2025
2080
2101
2118
2130
2141
2179
2195
2210
2226
2234
2241
2248
2246
2245
2250
2246
2255
2270
2274
2273
2266
2259
2237
2225
2207
2199
2185
2174
2162
2150
2085
2065
2055
2043
2010
1997
1982
1970
1916
1899
1884
1878
1873
1860
1864
1861
1857
1850
1844
1843
1840
1845
1853
1856
1863
1892
1902
1907
1915
1926
1956
1964
1976
1992
2000
2012
2025
2043
2091
2104
2117
2135
2174
2187
2200
2212
2240
2246
2246
2256
2260
2254
2251
2249
2245
2241
2228
2217
2206
2152
2135
2120
2107
2042
2021
1998
1986
1973
1923
1907
1890
1879
1869
1856
1839
1820
1745
1737
1731
1727
1707
1709
1714
1716
1750
1764
1776
1795
1814
1876
1893
1915
1934
1950
1973
1996
2019
2102
2117
2130
2149
2207
2218
2226
2237
2249
2268
2273
2277
2283
2282
2279
2271
2268
2245
2239
2234
2229
2205
2196
2194
2184
2144
2136
2134
2126
2115
2084
2073
2070
2063
2055
2039
2028
2023
2010
2002
2000
1999
2000
2001
1999
1993
1992
1980
1980
1976
1970
1962
1950
1938
1935
1902
1894
1889
1890
1885
1893
1896
1899
1924
1933
1937
1950
1961
1973
1979
1987
2004
2010
2015
2027
2041
2071
2073
2070
2073
2094
2094
2090
2082
2086
2065
2055
2049
2038
2030
2023
2014
2010
1985
1979
1967
1956
1930
1922
1917
1913
1888
1887
1891
1892
1901
1910
1904
1904
1909
1918
1924
1938
1954
2003
2017
2021
2025
2044
2044
2048
2055
2065
2073
2074
2081
2089
2090
2087
2087
2088
2091
2087
2081
2081
2077
2071
2074
2069
2069
2063
2065
2072
2072
2072
2070
2072
2068
2067
2056
2051
2057
2057
2056
2052
2052
2059
2065
2065
2071
2075
2088
2094
2096
2099
2116
2117
2111
2112
2116
2112
2111
2110
2105
2100
2100
2102
2102
2093
2089
2082
2073
2067
2065
2065
2065
2061
2058
2056
2050
2046
2042
2039
2037
2033
2028
2026
2029
2028
2017
2017
2012
2003
1980
1981
1977
1966
1953
1953
1950
1948
1942
1941
1938
1938
1934
1909
1913
1910
1907
1906
1911
1917
1917
1917
1906
1914
1918
1927
1932
1933
1942
1946
1958
1963
1967
1970
1964
1966
1971
1969
1967
1967
1967
1975
1977
1996
2003
2010
2015
2010
2012
2013
2021
2030
2028
2024
2022
2034
2036
2034
2034
2032
2031
2032
2035
2036
2033
2035
2039
2035
2022
2023
2020
2020
2027
2041
2047
2051
2060
2067
2076
2084
2093
2101
2106
2110
2119
2122
2127
2131
2133
2132
2134
2130
2128
2116
2117
2109
2113
2114
2105
2104
2106
2110
2117
2117
2117
2109
2104
2100
2101
2103
2104
2106
2102
2098
2097
2094
2090
2080
2072
2072
2069
2064
2061
2061
2042
2031
2025
2018
2013
2013
2008
1999
1976
1981
1983
1989
1977
1972
1969
1965
1976
1973
1972
1979
1985
1994
2000
2005
2009
2012
2016
2021
2026
2022
2020
2017
2012
1994
1991
1996
1991
1993
1988
1985
1981
1987
1988
1980
1977
1974
1966
1960
1963
1972
1966
1963
1959
1956
1959
1961
1962
1969
1971
1975
1975
1979
1980
1994
2001
2006
2009
2009
2008
2009
2012
2016
2025
2030
2035
2030
2034
2035
2039
2042
2047
2048
2049
2046
2051
2053
2053
2059
2072
2084
2086
2085
2086
2106
2106
2107
2112
2115
2122
2121
2116
2112
2105
2108
2111
2112
2108
2107
2110
2111
2068
2064
2058
2060
2047
2042
2042
2038
2031
2001
1993
1981
1980
1982
1983
1979
1974
1959
1958
1956
1957
1961
1965
1971
1965
1951
1954
1960
1960
1970
1970
1970
1969
1974
1970
1970
1971
1983
1986
1987
1982
1983
1978
1984
1986
1989
1991
1992
1989
1993
1988
1988
1988
1986
1990
1976
1978
1979
1979
1982
1983
1990
1996
1999
2003
2000
2004
2007
2009
2010
2008
2012
2015
2016
2013
2011
2024
2023
2029
2033
2016
2020
2023
2025
2024
2039
2041
2047
2049
2050
2049
2053
2058
2060
2059
2064
2060
2071
2068
2070
2066
2065
2063
2067
2074
2076
2087
2093
2093
2092
2100
2106
2103
2104
2102
2109
2109
2106
2095
2090
2090
2091
2089
2091
2087
2083
2078
2082
2078
2080
2075
2070
2069
2062
2058
2064
2065
2065
2070
2066
2073
2076
2080
2083
2068
2062
2065
2063
2060
2068
2068
2070
2020
2001
1983
1971
1939
1942
1944
1943
1942
1945
1948
1955
1965
1976
1988
1991
1995
1992
1989
1992
1992
1984
1984
1992
1995
1996
1994
1990
1992
1990
1986
1988
1989
1990
1988
1990
1995
2004
2007
2006
2009
2013
2017
2018
2020
2016
1988
1990
1999
2004
2007
2004
2006
2003
2004
2004
2004
1996
1988
1996
1998
1995
1995
1993
1990
1984
1989
1988
1981
1971
1970
1971
1975
1975
1970
1968
1958
1965
1973
1980
2003
2009
2016
2020
2035
2037
2039
2038
2042
2051
2049
2043
2036
2032
2018
2005
2002
2032
2040
2046
2051
2052
2060
2060
2068
2074
2074
2075
2074
2069
2055
2042
2029
2024
1992
1992
1989
1987
1986
1990
1989
1993
2006
2004
2004
2003
2002
1980
1964
1942
1922
1904
1885
1870
1860
1823
1815
1835
1865
2013
1994
1945
1903
1856
1686
1688
1715
1756
1811
1884
1947
1984
2099
2107
2129
2185
2377
2421
2452
2469
2459
2458
2478
2497
2516
2607
2611
2609
2609
2596
2568
2549
2543
2524
2526
2529
2527
2509
2495
2491
2491
2496
2484
2488
2495
2485
2468
2446
2414
2375
2211
2189
2184
2179
2198
2179
2162
2128
1840
1742
1647
1557
1484
1343
1320
1311
1308
1305
1302
1321
1345
1464
1498
1523
1550
1587
1573
1552
1522
1502
1476
1483
1494
1502
1512
1519
1532
1539
1513
1512
1516
1529
1598
1612
1619
1628
1705
1735
1773
1815
1841
1911
1921
1926
1928
1935
1944
1949
1968
2083
2122
2160
2187
2240
2242
2247
2248
2254
2252
2255
2252
2249
2255
2265
2269
2272
2275
2269
2266
2258
2259
2256
2250
2249
2186
2165
2155
2152
2153
2174
2189
2212
2229
2234
2242
2244
2236
2211
2202
2192
2183
2106
2077
2044
2015
1991
1957
1955
1950
1954
1958
1956
1950
1941
1913
1916
1920
1934
1942
1932
1917
1899
1850
1849
1850
1858
1874
1902
1916
1936
1959
1986
2015
2038
2073
2209
2237
2257
2278
2313
2310
2307
2298
2285
2253
2240
2225
2215
2208
2205
2197
2191
2208
2213
2223
2221
2191
2180
2171
2166
2150
2143
2139
2131
2126
2116
2109
2102
2102
2092
2091
2090
2084
2045
2035
2019
2008
1929
1913
1904
1897
1882
1872
1868
1862
1855
1853
1847
1848
1855
1873
1883
1897
1901
1927
1925
1921
1924
1952
1961
1971
1989
2005
2030
2040
2051
2066
2079
2099
2119
2128
2146
2145
2137
2129
2072
2066
2056
2049
2044
2039
2048
2049
2049
2043
2048
2050
2053
2052
2047
2045
2035
1989
1973
1961
1952
1945
1927
1929
1929
1929
1927
1928
1924
1921
1933
1939
1941
1948
1953
1955
1956
1959
1957
1944
1941
1933
1931
1929
1922
1924
1924
1922
1920
1911
1908
1909
1914
1914
1917
1930
1925
1936
1945
1955
1965
1964
1962
1953
1945
1948
1955
1958
1962
1974
1980
1987
2002
2014
2026
2036
2046
2082
2081
2074
2075
2065
2066
2069
2066
2065
2060
2062
2064
2073
2080
2076
2079
2083
2091
2100
2107
2113
2102
2100
2094
2093
2108
2107
2111
2112
2114
2117
2116
2117
2113
2120
2122
2121
2118
2082
2069
2056
2045
1993
1982
1972
1966
1934
1934
1929
1927
1933
1928
1928
1927
1919
1917
1910
1905
1903
1901
1898
1899
1905
1918
1922
1933
1939
1946
1968
1971
1980
1991
2000
2009
2018
2033
2056
2061
2066
2067
2080
2081
2085
2088
2107
2107
2110
2114
2125
2143
2149
2151
2151
2155
2162
2161
2159
2162
2162
2164
2163
2169
2174
2180
2187
2191
2191
2190
2188
2183
2180
2169
2163
2161
2103
2100
2096
2095
2058
2052
2045
2037
2014
2016
2015
2012
2006
1999
1997
1991
1986
1982
1982
1984
1988
1989
1988
1983
1979
1976
1975
1983
1984
1977
1967
1962
1954
1945
1943
1941
1945
1944
1927
1925
1925
1922
1908
1912
1911
1916
1911
1915
1921
1926
1926
1945
1950
1951
1955
1958
1971
1974
1981
2013
2018
2022
2022
2023
2022
2029
2036
2046
2063
2067
2067
2074
2080
2080
2077
2079
2082
2081
2081
2081
2068
2065
2061
2061
2054
2055
2058
2059
2064
2051
2051
2043
2042
2041
2038
2033
2032
2017
2008
2006
2003
1988
1984
1993
1998
1999
1997
1992
1989
1992
1992
1988
1989
1997
1986
1981
1977
1972
1984
1982
1985
1993
2010
2010
2017
2024
2027
2037
2032
2026
2029
2028
2022
2021
2025
2022
2027
2031
2030
2019
2013
2013
2014
2020
2036
2037
2035
2030
2027
2030
2033
2033
2014
2009
2004
2006
2016
2014
2010
2012
2007
2008
2015
2016
2018
2015
2015
2017
2021
2018
2021
2024
2023
2032
2038
2042
2052
2062
2069
2075
2074
2081
2089
2088
2089
2094
2095
2093
2092
2094
2092
2091
2092
2090
2078
2075
2070
2066
2051
2055
2054
2052
2050
2038
2030
2032
2036
2038
2045
2041
2048
2029
2026
2029
2028
2016
2010
2004
2002
2001
2007
2004
2004
2006
2003
2004
2005
2002
2003
2004
2008
2012
2022
2019
2017
2022
2033
2033
2025
2029
2034
2029
2026
2026
2026
2024
2026
2025
2024
2023
2018
2017
2014
2012
2016
2013
2011
2006
1990
1989
1988
1991
1987
1985
1979
1973
1960
1963
1969
1970
1967
1970
1972
1969
1971
1968
1972
1977
1977
1979
1982
1977
1977
1984
1985
1987
1990
2001
2009
2016
2017
2041
2049
2050
2056
2066
2073
2076
2077
2086
2095
2097
2101
2100
2070
2066
2070
2072
2072
2069
2067
2071
2072
2064
2064
2065
2064
2067
2069
2070
2074
2074
2070
2076
2079
2060
2053
2051
2046
2010
2004
2000
1998
1996
1989
1992
1992
1996
1999
2003
2008
2017
2024
2022
2018
2021
2029
2029
2030
2030
2042
2043
2048
2048
2047
2050
2053
2053
2055
2052
2038
2035
2033
2030
2033
2032
2026
2006
2000
1999
2001
1998
2004
1992
1988
1990
1991
1989
1987
1988
1994
1994
1998
1998
1992
1994
1997
2000
1999
1979
1975
1975
1975
1968
1973
1983
1990
1994
1994
1992
1994
2012
2019
2024
2027
2036
2035
2036
2038
2037
2050
2061
2069
2070
2065
2059
2062
2064
2053
2043
2043
2040
2017
2016
2019
2015
2024
2027
2030
2030
2030
2038
2038
2034
2032
2031
2025
2019
2019
2018
2017
2021
2021
2024
2027
2025
2022
2022
2014
2013
2017
2020
2024
2031
2032
2034
2046
2046
2052
2057
2047
2054
2053
2056
2052
2075
2070
2069
2072
2077
2074
2075
2072
2092
2093
2090
2086
2078
2073
2077
2075
2044
2041
2033
2027
2019
1992
1990
1992
1991
1987
1996
2009
2024
2003
1970
1926
1883
1819
1849
1888
1920
1982
1984
1988
1993
2009
2074
2104
2127
2137
2144
2138
2128
2107
2032
2018
2011
2002
1990
1990
1992
1993
1997
2015
2022
2033
2042
2056
2059
2061
2056
2069
2070
2071
2074
2094
2096
2091
2080
2073
2063
2065
2072
2081
2091
2091
2082
2065
2022
2010
1997
1987
1972
1954
1938
1930
1918
1908
1908
1905
1908
1925
1937
1941
1945
1945
1939
1941
1941
1945
1954
1966
1979
1984
1981
1986
1996
2018
2091
2108
2120
2124
2108
2104
2094
2090
2091
2087
2080
2074
2063
2042
2030
2022
2014
2031
2038
2043
2046
2047
2044
2044
2049
2046
2047
2042
2035
2029
2022
2018
2013
2007
2004
2006
2008
2010
2024
2031
2029
2032
2003
1989
1982
1982
1968
1946
1945
1943
1952
1948
1944
1943
1929
1918
1929
1940
1946
1945
1930
1909
1883
1861
1783
1768
1753
1750
1744
1750
1760
1768
1805
1818
1832
1843
1879
1883
1892
1889
1889
1871
1869
1870
1873
1880
1887
1892
1900
1956
1987
2011
2035
2134
2156
2174
2195
2275
2309
2345
2378
2416
2519
2550
2582
2610
2634
2657
2685
2715
2818
2837
2860
2880
2950
2954
2958
2965
2975
2991
2992
2988
2940
2840
2731
2612
2475
2134
2086
2043
2028
1840
1832
1797
1764
1888
1910
1940
1964
1956
1953
1923
1881
1865
1863
1842
1797
1767
1538
1480
1418
1351
1182
1148
1125
1107
1086
1013
1000
990
985
998
1016
1036
1067
1224
1268
1309
1358
1655
1735
1819
1888
1940
2052
2081
2109
2139
2172
2199
2228
2248
2261
2237
2207
2186
2177
2168
2167
2173
2174
2147
2133
2109
2088
2074
2076
2088
2101
2108
2125
2116
2111
2116
2121
2128
2150
2175
2286
2294
2293
2284
2220
2212
2209
2207
2204
2168
2135
2107
2076
2033
1984
1934
1891
1775
1755
1741
1723
1669
1661
1662
1662
1654
1657
1659
1660
1667
1715
1740
1770
1791
1813
1838
1873
1905
2035
2070
2116
2156
2236
2246
2249
2246
2249
2282
2299
2318
2338
2355
2359
2356
2349
2329
2329
2327
2337
2376
2388
2389
2389
2397
2424
2441
2467
2495
2526
2550
2574
2593
2596
2598
2595
2595
2592
2592
2592
2588
2578
2511
2478
2452
2420
2385
2348
2304
2256
2214
2063
2020
1968
1927
1894
1863
1839
1810
1726
1711
1698
1684
1657
1665
1677
1691
1702
1726
1729
1725
1727
1723
1723
1726
1720
1704
1703
1700
1699
1695
1702
1704
1709
1755
1782
1805
1828
1847
1917
1941
1970
2002
2029
2054
2073
2095
2206
2233
2261
2290
2347
2353
2362
2368
2371
2360
2353
2349
2343
2336
2329
2318
2304
2249
2236
2228
2219
2163
2148
2127
2109
2021
2005
1986
1981
1966
1929
1923
1917
1914
1912
1901
1893
1885
1851
1840