2061
2066
2067
2080
2081
2085
2088
2107
2107
2110
2114
2125
2143
2149
2151
2151
2155
2162
2161
2159
2162
2162
2164
2163
2169
2174
2180
2187
2191
2191
2190
2188
2183
2180
2169
2163
2161
2103
2100
2096
2095
2058
2052
2045
2037
2014
2016
2015
2012
2006
1999
1997
1991
1986
1982
1982
1984
1988
1989
1988
1983
1979
1976
1975
1983
1984
1977
1967
1962
1954
1945
1943
1941
1945
1944
1927
1925
1925
1922
1908
1912
1911
1916
1911
1915
1921
1926
1926
1945
1950
1951
1955
1958
1971
1974
1981
2013
2018
2022
2022
2023
2022
2029
2036
2046
2063
2067
2067
2074
2080
2080
2077
2079
2082
2081
2081
2081
2068
2065
2061
2061
2054
2055
2058
2059
2064
2051
2051
2043
2042
2041
2038
2033
2032
2017
2008
2006
2003
1988
1984
1993
1998
1999
1997
1992
1989
1992
1992
1988
1989
1997
1986
1981
1977
1972
1984
1982
1985
1993
2010
2010
2017
2024
2027
2037
2032
2026
2029
2028
2022
2021
2025
2022
2027
2031
2030
2019
2013
2013
2014
2020
2036
2037
2035
2030
2027
2030
2033
2033
2014
2009
2004
2006
2016
2014
2010
2012
2007
2008
2015
2016
2018
2015
2015
2017
2021
2018
2021
2024
2023
2032
2038
2042
2052
2062
2069
2075
2074
2081
2089
2088
2089
2094
2095
2093
2092
2094
2092
2091
2092
2090
2078
2075
2070
2066
2051
2055
2054
2052
2050
2038
2030
2032
2036
2038
2045
2041
2048
2029
2026
2029
2028
2016
2010
2004
2002
2001
2007
2004
2004
2006
2003
2004
2005
2002
2003
2004
2008
2012
2022
2019
2017
2022
2033
2033
2025
2029
2034
2029
2026
2026
2026
2024
2026
2025
2024
2023
2018
2017
2014
2012
2016
2013
2011
2006
1990
1989
1988
1991
1987
1985
1979
1973
1960
1963
1969
1970
1967
1970
1972
1969
1971
1968
1972
1977
1977
1979
1982
1977
1977
1984
1985
1987
1990
2001
2009
2016
2017
2041
2049
2050
2056
2066
2073
2076
2077
2086
2095
2097
2101
2100
2070
2066
2070
2072
2072
2069
2067
2071
2072
2064
2064
2065
2064
2067
2069
2070
2074
2074
2070
2076
2079
2060
2053
2051
2046
2010
2004
2000
1998
1996
1989
1992
1992
1996
1999
2003
2008
2017
2024
2022
2018
2021
2029
2029
2030
2030
2042
2043
2048
2048
2047
2050
2053
2053
2055
2052
2038
2035
2033
2030
2033
2032
2026
2006
2000
1999
2001
1998
2004
1992
1988
1990
1991
1989
1987
1988
1994
1994
1998
1998
1992
1994
1997
2000
1999
1979
1975
1975
1975
1968
1973
1983
1990
1994
1994
1992
1994
2012
2019
2024
2027
2036
2035
2036
2038
2037
2050
2061
2069
2070
2065
2059
2062
2064
2053
2043
2043
2040
2017
2016
2019
2015
2024
2027
2030
2030
2030
2038
2038
2034
2032
2031
2025
2019
2019
2018
2017
2021
2021
2024
2027
2025
2022
2022
2014
2013
2017
2020
2024
2031
2032
2034
2046
2046
2052
2057
2047
2054
2053
2056
2052
2075
2070
2069
2072
2077
2074
2075
2072
2092
2093
2090
2086
2078
2073
2077
2075
2044
2041
2033
2027
2019
1992
1990
1992
1991
1987
1996
2009
2024
2003
1970
1926
1883
1819
1849
1888
1920
1982
1984
1988
1993
2009
2074
2104
2127
2137
2144
2138
2128
2107
2032
2018
2011
2002
1990
1990
1992
1993
1997
2015
2022
2033
2042
2056
2059
2061
2056
2069
2070
2071
2074
2094
2096
2091
2080
2073
2063
2065
2072
2081
2091
2091
2082
2065
2022
2010
1997
1987
1972
1954
1938
1930
1918
1908
1908
1905
1908
1925
1937
1941
1945
1945
1939
1941
1941
1945
1954
1966
1979
1984
1981
1986
1996
2018
2091
2108
2120
2124
2108
2104
2094
2090
2091
2087
2080
2074
2063
2042
2030
2022
2014
2031
2038
2043
2046
2047
2044
2044
2049
2046
2047
2042
2035
2029
2022
2018
2013
2007
2004
2006
2008
2010
2024
2031
2029
2032
2003
1989
1982
1982
1968
1946
1945
1943
1952
1948
1944
1943
1929
1918
1929
1940
1946
1945
1930
1909
1883
1861
1783
1768
1753
1750
1744
1750
1760
1768
1805
1818
1832
1843
1879
1883
1892
1889
1889
1871
1869
1870
1873
1880
1887
1892
1900
1956
1987
2011
2035
2134
2156
2174
2195
2275
2309
2345
2378
2416
2519
2550
2582
2610
2634
2657
2685
2715
2818
2837
2860
2880
2950
2954
2958
2965
2975
2991
2992
2988
2940
2840
2731
2612
2475
2134
2086
2043
2028
1840
1832
1797
1764
1888
1910
1940
1964
1956
1953
1923
1881
1865
1863
1842
1797
1767
1538
1480
1418
1351
1182
1148
1125
1107
1086
1013
1000
990
985
998
1016
1036
1067
1224
1268
1309
1358
1655
1735
1819
1888
1940
2052
2081
2109
2139
2172
2199
2228
2248
2261
2237
2207
2186
2177
2168
2167
2173
2174
2147
2133
2109
2088
2074
2076
2088
2101
2108
2125
2116
2111
2116
2121
2128
2150
2175
2286
2294
2293
2284
2220
2212
2209
2207
2204
2168
2135
2107
2076
2033
1984
1934
1891
1775
1755
1741
1723
1669
1661
1662
1662
1654
1657
1659
1660
1667
1715
1740
1770
1791
1813
1838
1873
1905
2035
2070
2116
2156
2236
2246
2249
2246
2249
2282
2299
2318
2338
2355
2359
2356
2349
2329
2329
2327
2337
2376
2388
2389
2389
2397
2424
2441
2467
2495
2526
2550
2574
2593
2596
2598
2595
2595
2592
2592
2592
2588
2578
2511
2478
2452
2420
2385
2348
2304
2256
2214
2063
2020
1968
1927
1894
1863
1839
1810
1726
1711
1698
1684
1657
1665
1677
1691
1702
1726
1729
1725
1727
1723
1723
1726
1720
1704
1703
1700
1699
1695
1702
1704
1709
1755
1782
1805
1828
1847
1917
1941
1970
2002
2029
2054
2073
2095
2206
2233
2261
2290
2347
2353
2362
2368
2371
2360
2353
2349
2343
2336
2329
2318
2304
2249
2236
2228
2219
2163
2148
2127
2109
2021
2005
1986
1981
1966
1929
1923
1917
1914
1912
1901
1893
1885
1851
1840
1830
1824
1806
1794
1777
1760
1750
1718
1711
1696
1689
1678
1666
1659
1651
1650
1650
1656
1664
1702
1722
1744
1766
1791
1854
1879
1902
1926
1955
1985
2013
2041
2134
2156
2175
2194
2213
2211
2210
2211
2201
2194
2192
2189
2185
2163
2157
2152
2157
2159
2161
2156
2156
2160
2156
2157
2162
2157
2155
2153
2150
2146
2136
2133
2130
2130
2125
2117
2116
2096
2039
2026
2012
1997
1949
1935
1926
1916
1888
1887
1895
1907
1918
1924
1926
1923
1921
1915
1910
1906
1904
1911
1927
1934
1938
1960
1959
1962
1965
1962
1968
1969
1960
1956
1960
1967
1971
1974
1997
2004
2014
2026
2075
2090
2102
2116
2146
2144
2147
2147
2151
2160
2159
2160
2158
2160
2161
2158
2156
2159
2158
2158
2154
2166
2169
2168
2172
2172
2173
2165
2161
2156
2154
2153
2151
2151
2124
2119
2109
2098
2068
2060
2055
2044
2023
2021
2021
2023
2024
1997
1992
1992
1990
1983
1984
1986
1982
1966
1960
1960
1950
1937
1934
1940
1941
1941
1951
1951
1954
1952
1949
1947
1959
1967
1972
1975
1980
1984
1970
1965
1960
1958
1951
1952
1952
1956
1957
1943
1944
1947
1948
1953
1954
1953
1957
1961
1964
1970
1974
2013
2024
2028
2038
2052
2069
2081
2088
2099
2102
2108
2112
2112
2113
2112
2110
2106
2094
2092
2092
2091
2093
2101
2100
2093
2088
2081
2073
2060
2055
2050
2057
2058
2060
2066
2071
2076
2085
2091
2089
2083
2078
2074
2062
2057
2048
2041
2032
2019
2006
1999
1963
1961
1949
1939
1916
1912
1908
1910
1912
1904
1906
1909
1915
1924
1923
1924
1923
1930
1932
1946
1954
1951
1944
1942
1949
1962
1965
1970
1977
1985
2001
2010
2020
2021
2028
2031
2043
2045
2059
2066
2070
2074
2074
2076
2077
2080
2084
2083
2082
2072
2068
2065
2064
2066
2069
2066
2060
2055
2049
2027
2022
2022
2018
1990
1988
1982
1975
1973
1965
1961
1966
1970
1968
1966
1961
1962
1958
1961
1964
1962
1955
1963
1966
1972
1982
1992
2001
2003
2007
2015
2026
2038
2044
2069
2068
2072
2080
2110
2106
2108
2112
2120
2139
2141
2147
2150
2157
2158
2157
2160
2165
2171
2179
2180
2177
2173
2176
2171
2170
2165
2158
2152
2149
2138
2129
2115
2111
2102
2086
2076
2073
2034
2018
2014
2011
1986
1986
1983
1978
1975
1977
1973
1967
1960
1953
1949
1940
1933
1927
1923
1927
1929
1919
1914
1909
1908
1904
1908
1910
1912
1914
1918
1923
1925
1931
1931
1932
1940
1941
1944
1956
1965
1972
1980
1990
1990
1994
1995
1993
1991
1992
2001
2006
2008
2008
2012
2021
2019
2021
2023
2020
2004
2007
2010
2007
2015
2016
2018
2022
2022
2021
2025
2026
2031
2032
2028
2037
2045
2044
2046
2048
2054
2057
2051
2049
2048
2049
2051
2047
2043
2039
2026
2025
2023
2026
2021
2015
2013
2011
2002
2001
2003
1999
1998
1993
1989
1990
1996
1997
2002
2005
2010
2015
2017
2018
2018
2017
2022
2029
2031
2036
2034
2035
2041
2051
2060
2069
2076
2080
2088
2087
2093
2101
2105
2106
2109
2112
2101
2103
2104
2100
2099
2099
2094
2090
2089
2091
2090
2091
2090
2078
2073
2070
2070
2062
2057
2050
2048
2030
2021
2023
2019
1995
1991
1991
1995
1991
1991
1987
1984
1976
1968
1969
1974
1972
1956
1955
1957
1957
1941
1943
1944
1945
1950
1948
1948
1951
1959
1963
1969
1968
1971
1973
1978
1986
1997
2014
2016
2018
2025
2031
2034
2038
2048
2050
2060
2062
2064
2067
2071
2069
2072
2071
2060
2067
2074
2078
2080
2077
2078
2080
2077
2079
2076
2079
2079
2076
2070
2062
2057
2042
2043
2040
2034
2034
2036
2034
2029
2025
2029
2029
2029
2034
2043
2043
2040
2043
2049
2044
2038
2042
2047
2050
2055
2056
2059
2053
2053
2058
2057
2062
2059
2061
2053
2043
2038
2035
2032
2035
2057
2086
2113
2122
1911
1916
1908
1866
1704
1710
1751
1791
1914
1889
1895
1923
1954
2124
2177
2220
2247
2246
2228
2210
2207
2149
2125
2120
2111
2104
2092
2085
2076
2065
2017
2034
2055
2056
2050
2043
2034
2030
1999
1981
1969
1967
1931
1918
1906
1883
1916
1937
1955
1959
1966
1961
1946
1935
1932
1925
1921
1929
1939
1992
1987
1974
1953
1956
1969
1995
2028
2053
2021
2004
1991
1987
1990
1994
1998
1999
1994
1998
2016
2042
2154
2168
2177
2192
2176
2170
2169
2169
2169
2176
2173
2169
2157
2146
2132
2121
2115
2073
2064
2054
2042
2075
2087
2094
2098
2071
2065
2051
2040
2030
2017
2023
2026
2033
2031
2030
2025
2019
2007
2011
2019
2023
2066
2063
2066
2061
2057
2029
2014
2004
1997
1982
1969
1959
1953
1880
1872
1865
1865
1872
1875
1875
1875
1877
1881
1881
1883
1890
1893
1898
1899
1905
1865
1839
1812
1783
1677
1667
1661
1642
1635
1641
1649
1659
1673
1733
1756
1780
1812
1838
1867
1891
1906
1905
1897
1904
1909
1977
2006
2043
2079
2124
2234
2274
2322
2370
2418
2472
2524
2575
2772
2819
2875
2924
3081
3110
3137
3162
3241
3262
3277
3285
3292
3256
3224
3193
3170
3150
3122
3080
3016
2582
2491
2396
2287
1813
1716
1629
1546
1489
1314
1265
1235
1204
1183
1187
1198
1198
1220
1197
1191
1195
1158
1152
1135
1116
1052
1028
1005
974
941
864
861
869
891
913
931
945
974
1048
1073
1097
1127
1284
1335
1407
1482
1563
1922
2048
2172
2301
2425
2544
2655
2763
3023
3060
3098
3133
3122
3080
3021
2955
2766
2734
2710
2690
2665
2557
2528
2493
2460
2435
2415
2397
2367
2218
2181
2155
2137
2083
2072
2054
2033
1956
1947
1942
1929
1909
1845
1817
1773
1727
1677
1629
1577
1536
1392
1352
1308
1260
1164
1172
1184
1200
1223
1253
1264
1275
1289
1308
1338
1377
1423
1649
1708
1774
1844
2132
2213
2297
2378
2624
2662
2689
2712
2733
2770
2769
2760
2757
2740
2719
2706
2692
2604
2585
2578
2576
2637
2660
2678
2700
2720
2750
2743
2729
2715
2707
2699
2683
2669
2619
2602
2582
2563
2496
2480
2466
2447
2326
2274
2218
2151
2081
1848
1766
1691
1616
1542
1476
1424
1372
1176
1140
1109
1088
1096
1121
1145
1167
1186
1252
1278
1306
1336
1372
1401
1434
1473
1599
1630
1657
1681
1812
1850
1889
1931
1973
2080
2116
2151
2187
2210
2245
2273
2303
2433
2462
2494
2528
2650
2680
2710
2727
2754
2758
2756
2748
2740
2691
2666
2637
2603
2558
2514
2474
2436
2247
2204
2157
2117
1959
1932
1905
1880
1853
1766
1739
1712
1690
1670
1647
1631
1617
1541
1522
1505
1487
1431
1432
1424
1415
1429
1437
1444
1453
1457
1479
1487
1486
1496
1504
1512
1520
1528
1595
1623
1650
1678
1824
1871
1921
1967
2017
2180
2234
2283
2334
2375
2412
2452
2480
2574
2589
2603
2615
2641
2643
2642
2638
2610
2596
2571
2553
2535
2469
2446
2424
2399
2376
2349
2320
2296
2226
2216
2205
2193
2151
2146
2142
2140
2123
2074
2049
2022
2004
1979
1947
1918
1890
1770
1743
1714
1695
1621
1606
1596
1587
1570
1563
1566
1573
1576
1582
1584
1589
1596
1606
1614
1624
1641
1707
1717
1732
1747
1813
1837
1860
1879
1898
1955
1968
1979
1994
2004
2011
2024
2028
2057
2062
2077
2086
2140
2155
2173
2189
2244
2259
2276
2295
2312
2339
2342
2347
2347
2345
2341
2341
2342
2338
2336
2339
2336
2305
2298
2293
2284
2275
2237
2223
2205
2189
2178
2160
2144
2129
2041
2034
2023
2008
1948
1941
1937
1926
1908
1911
1911
1906
1903
1903
1897
1895
1900
1901
1904
1912
1924
1938
1939
1951
1958
1978
1992
2005
2012
2016
2025
2029
2031
2031
2035
2035
2032
2025
2026
2027
2023
2019
2043
2049
2056
2055
2073
2075
2078
2071
2070
2063
2066
2059
2045
2041
2031
2029
2025
2011
2011
2015
2013
2016
2020
2022
2031
2034
2047
2052
2051
2050
2049
2046
2042
2041
2016
2012
2011
2004
1979
1974
1971
1968
1938
1930
1927
1926
1925
1912
1908
1915
1922
1932
1936
1943
1946
1981
1990
1993
2000
2048
2055
2058
2065
2068
2078
2077
2082
2081
2081
2072
2067
2062
2032
2029
2033
2034
2010
2003
1999
2000
1986
1987
1985
1984
1984
1976
1973
1974
1978
1986
1987
1993
2000
2015
2024
2026
2027
2050
2064
2072
2076
2084
2098
2103
2111
2115
2121
2126
2130
2136
2148
2151
2157
2169
2157
2159
2154
2144
2103
2096
2093
2085
2073
2031
2017
2008
1992
1981
1972
1966
1958
1936
1931
1930
1934
1916
1911
1914
1918
1922
1913
1913
1917
1919
1923
1921
1923
1930
1941
1941
1946
1956
1979
1987
1988
1987
1986
1988
1992
1987
1982
1983
1981
1983
1988
1994
1997
2004
2011
2017
2019
2031
2037
2074
2082
2098
2113
2129
2163
2166
2173
2180
2186
2184
2180
2185
2159
2155
2147
2141
2082
2076
2065
2052
2018
2007
2004
2001
2000
1997
2001
2001
2004
2008
2014
2014
2010
2010
2012
2008
2005
1993
1990
1987
1980
1980
1970
1967
1971
1972
1975
1978
1975
1973
1968
1963
1968
1970
1984
1985
1987
1990
1995
1999
1996
2001
2013
2041
2055
2060
2066
2072
2076
2079
2086
2115
2118
2119
2123
2103
2102
2099
2090
2086
2063
2050
2038
2025
2013
2000
1990
1984
1952
1953
1953
1951
1969
1973
1975
1974
1989
2000
2010
2015
2011
2002
1996
1987
1986
1989
1986
1987
1986
1963
1958
1954
1955
1967
1974
1974
1977
1985
1992
1992
1993
2007
2012
2018
2027
2032
2034
2034
2042
2043
2033
2037
2031
2038
2034
2033
2041
2054
2054
2071
2071
2074
2072
2075
2082
2094
2095
2106
2102
2102
2103
2098
2094
2097
2099
2098
2107
2103
2097
2096
2101
2098
2098
2098
2079
2074
2072
2064
2055
2049
2047
2040
2020
2014
2015
2012
2010
2010
2011
2013
2013
2008
2005
2012
2017
2037
2039
2046
2056
2078
2089
2091
2094
2097
2097
2097
2097
2094
2080
2072
2067
2062
2060
2053
2044
2036
1999
1997
1989
1984
1960
1956
1953
1948
1945
1939
1938
1938
1932
1930
1923
1916
1919
1924
1920
1920
1922
1937
1939
1942
1947
1964
1963
1966
1971
1969
1981
1974
1963
1956
1950
1953
1951
1951
1941
1935
1936
1929
1929
1928
1923
1926
1926
1948
1959
1969
1976
1979
1990
2000
2011
2060
2065
2069
2075
2094
2104
2107
2110
2115
2113
2117
2109
2107
2088
2089
2092
2090
2094
2095
2090
2085
2074
2080
2081
2074
2062
2062
2061
2058
2055
2049
2040
2027
2022
2018
2010
2010
2007
2010
2009
2012
2013
2021
2033
2040
2049
2055
2060
2064
2068
2077
2077
2080
2084
2087
2089
2089
2087
2087
2088
2087
2086
2085
2089
2090
2089
2089
2091
2094
2098
2095
2085
2076
2092
2147
2175
2154
2071
1974
1917
1884
2032
2019
1999
1989
2036
2035
2022
2022
2057
2093
2142
2191
2213
2159
2132
2109
2086
2071
2068
2063
2051
2014
2036
2042
2039
1941
1937
1948
1962
1972
1953
1948
1933
1928
1928
1940
1941
1931
1918
1926
1930
1924
1872
1900
1929
1956
1998
1994
1971
1966
1963
1886
1872
1880
1913
1966
2022
2064
2084
1997
1974
1959
1955
2013
2043
2061
2069
2072
2047
2036
2019
2011
2008
2018
2023
2043
2125
2133
2141
2151
2118
2102
2088
2081
2105
2109
2104
2101
2102
2077
2060
2036
2023
2014
2015
2015
2020
1993
2000
2014
2037
2080
2058
2042
2024
2011
1970
1969
1970
1988
2013
2033
2045
2054
2032
2018
2006
1996
2004
2019
2034
2037
2043
2029
2027
2016
2000
1981
1962
1942
1934
1955
1962
1956
1953
1960
1977
1987
2000
2005
2020
2020
2017
2016
2015
2013
2010
2018
2040
2043
2044
2044
2042
2032
2028
2024
2024
2038
2041
2040
2030
2027
2028
2027
2021
2013
1982
1966
1959
1964
1965
1961
1968
1976
1975
1961
1938
1913
1824
1821
1818
1825
1871
1873
1874
1874
1874
1877
1873
1875
1878
1881
1886
1889
1893
1903
1903
1907
1914
1947
1958
1972
1989
2017
2102
2124
2146
2173
2199
2218
2235
2254
2320
2344
2369
2397
2492
2512
2527
2538
2549
2585
2641
2686
2683
2652
2627
2601
2567
2491
2479
2466
2448
2358
2323
2298
2288
2285
2325
2350
2360
2381
2398
2405
2395
2382
2332
2312
2311
2309
2192
2164
2138
2112
1955
1922
1889
1867
1841
1723
1678
1637
1596
1556
1505
1469
1445
1356
1346
1340
1328
1267
1279
1296
1315
1345
1452
1487
1503
1520
1540
1556
1568
1571
1618
1643
1681
1719
1805
1814
1819
1820
1852
1867
1892
1913
1929
1950
1954
1959
1952
1941
1938
1937
1944
2004
2021
2039
2059
2113
2125
2140
2150
2151
2182
2190
2193
2196
2193
2189
2183
2181
2137
2120
2105
2087
2002
1981
1962
1945
1946
1947
1944
1949
1944
1915
1906
1896
1898
1903
1908
1911
1923
1964
1975
1985
1992
2033
2044
2055
2063
2075
2102
2104
2111
2120
2122
2128
2127
2120
2073
2062
2058
2047
2019
2013
2008
2006
2008
2031
2040
2049
2061
2074
2088
2098
2107
2179
2191
2209
2227
2286
2300
2317
2333
2406
2418
2429
2433
2437
2427
2422
2416
2405
2387
2369
2357
2343
2283
2265
2248
2233
2157
2146
2134
2121
2109
2098
2100
2094
2089
2083
2074
2066
2064
2045
2044
2041
2039
1989
1987
1977
1967
1956
1928
1918
1906
1893
1886
1882
1878
1876
1865
1870
1878
1879
1888
1903
1915
1931
2001
2015
2035
2047
2061
2100
2111
2113
2125
2130
2143
2155
2165
2171
2177
2183
2191
2203
2193
2194
2189
2191
2204
2207
2208
2208
2204
2201
2207
2209
2181
2174
2168
2156
2117
2098
2081
2067
2051
2000
1982
1960
1941
1916
1891
1876
1860
1766
1744
1724
1693
1606
1585
1574
1558
1540
1546
1545
1546
1550
1575
1590
1610
1632
1653
1676
1693
1710
1773
1790
1808
1820
1845
1858
1867
1872
1874
1879
1881
1894
1904
1911
1919
1931
1941
1975
1986
2000
2011
2052
2070
2082
2090
2128
2136
2149
2159
2177
2204
2211
2214
2225
2236
2242
2257
2272
2292
2293
2297
2298
2276
2267
2248
2231
2214
2173
2154
2140
2123
2105
2088
2081
2074
2036
2035
2038
2036
1999
1999
1995
1990
1999
1995
1994
1995
1997
1990
1983
1978
1972
1963
1956
1956
1956
1939
1936
1937
1933
1919
1922
1922
1922
1919
1933
1940
1954
1963
1970
1976
1986
1986
2001
2014
2015
2025
2057
2063
2076
2080
2092
2100
2105
2111
2120
2128
2133
2142
2146
2178
2179
2176
2171
2170
2168
2163
2159
2140
2133
2131
2129
2133
2137
2138
2140
2144
2143
2149
2153
2150
2148
2143
2137
2140
2119
2111
2102
2091
2088
2061
2048
2034
2019
2013
2008
2002
1998
1976
1973
1971
1966
1958
1964
1964
1959
1942
1941
1940
1947
1954
1947
1946
1944
1946
1949
1955
1968
1973
1999
2006
2004
2007
2020
2021
2023
2029
2033
2037
2051
2054
2059
2061
2063
2068
2076
2079
2081
2090
2088
2077
2073
2070
2065
2036
2025
2025
2022
2018
2005
2000
1994
1988
1985
1975
1970
1959
1948
1951
1953
1955
1955
1956
1960
1963
1970
1986
1986
1989
1991
1994
1993
1992
1994
2002
2001
1997
1995
1981
1978
1980
1976
1952
1948
1943
1939
1936
1942
1944
1941
1940
1941
1942
1944
1949
1960
1960
1954
1959
1974
1975
1969
1968
1972
1989
1990
1983
1985
1986
1980
1983
1986
1995
2001
2011
2018
2014
2013
2015
2017
2038
2034
2036
2039
2046
2044
2042
2048
2057
2059
2054
2059
2062
2079
2093
2100
2101
2096
2101
2108
2105
2098
2102
2099
2100
2109
2110
2107
2102
2102
2122
2121
2119
2115
2093
2093
2094
2097
2073
2058
2054
2051
2051
2037
2033
2030
2024
2016
2013
2010
2004
1998
1996
2003
2000
2006
2006
2002
2002
2006
2012
2010
2011
2017
2026
2037
2045
2052
2056
2055
2054
2060
2062
2066
2071
2076
2078
2079
2083
2084
2085
2082
2083
2076
2082
2081
2079
2080
2081
2054
2053
2056
2057
2046
2045
2049
2051
2050
2040
2039
2039
2041
2044
2047
2047
2042
2032
2031
2029
2030
1999
1993
1986
1986
1970
1958
1949
1942
1934
1907
1900
1891
1882
1883
1874
1877
1878
1867
1869
1874
1880
1894
1899
1903
1910
1932
1943
1951
1959
1968
1975
1979
1982
1993
2001
2009
2012
2025
2044
2053
2056
2056
2055
2053
2058
2059
2061
2067
2068
2074
2080
2079
2073
2071
2076
2078
2079
2082
2081
2081
2086
2092
2094
2085
2085
2086
2082
2088
2088
2090
2089
2083
2079
2075
2071
2076
2055
2056
2054
2053
2045
2044
2040
2034
2037
2031
2025
2022
2020
2028
2030
2026
2019
2001
1999
2000
2007
2002
2000
2001
2006
1993
1989
1985
1988
1990
1992
1993
2002
2004
2009
2012
2017
2012
2010
2005
2007
2010
2015
2014
2013
2011
2011
2014
2016
2031
2038
2047
2050
2051
2052
2064
2064
2067
2071
2076
2077
2074
2077
2073
2069
2070
2064
2062
2048
2045
2039
2034
2031
2025
2024
2022
2014
2008
2004
2004
1987
1988
1992
1996
2000
2000
2000
2001
2004
2008
2004
2000
2001
2008
2011
2014
2013
2021
2020
2021
2020
2018
2019
2026
2037
2043
2045
2044
2042
2042
2040
2039
2030
2030
2026
2017
2015
2012
2026
2026
2027
2030
2028
2020
2024
2024
2024
2038
2033
2035
2037
2044
2043
2044
2048
2039
2040
2035
2033
2031
2034
2041
2052
2061
2056
2055
2050
2044
2049
2054
2056
2059
2055
2050
2045
2040
2021
2017
2017
2013
2007
2009
2010
2007
2001
2007
2004
2005
2011
2009
2006
2000
2000
2004
2007
2006
2007
2007
2007
2005
2000
1996
1996
1999
1997
2001
2009
2015
2013
2010
2011
2009
2006
2009
2027
2036
2034
2034
2029
2032
2032
2039
2037
2034
2032
2034
2036
2035
2040
2038
2032
2009
2008
2007
2004
1999
2000
2001
2000
2025
1960
1905
1902
1896
1870
1854
1860
1880
1953
1970
1961
1960
1969
1970
1982
1993
2117
2139
2143
2139
2143
2126
2129
2134
2130
2123
2134
2149
2158
2165
2162
2170
2173
2153
2156
2153
2150
2143
2116
2098
2085
2078
2067
2049
2047
2046
2005
1988
1973
1960
1956
1951
1957
1960
1962
1963
1965
1952
1934
1913
1904
1904
1905
1935
1935
1944
1954
1977
1974
1971
1966
1959
1967
1981
1996
2006
2016
2016
2012
2017
2018
2018
2014
2023
2047
2064
2077
2087
2107
2109
2107
2106
2109
2103
2101
2095
2089
2086
2079
2077
2073
2054
2042
2031
2023
1978
1966
1958
1959
1941
1938
1926
1914
1903
1857
1844
1830
1812
1801
1782
1764
1751
1712
1700
1690
1680
1624
1609
1593
1577
1564
1551
1549
1548
1553
1553
1550
1555
1552
1585
1613
1645
1672
1775
1805
1841
1882
1835
1859
1879
1888
1899
1993
2018
2068
2125
2175
2224
2280
2338
2648
2742
2830
2925
3276
3348
3421
3486
3556
3757
3819
3875
3933
3984
4029
4069
4091
4089
4091
4089
4088
4085
4061
4020
3967
3907
3665
3568
3460
3350
3243
3123
2998
2867
2455
2319
2172
2023
1871
1728
1578
1430
1283
885
756
626
502
375
250
148
125
117
104
100
96
92
91
91
91
89
88
84
85
87
88
89
91
93
97
106
110
112
121
135
151
177
222
632
760
896
1040
1598
1735
1865
1989
2465
2566
2653
2725
2801
2992
3045
3091
3138
3179
3215
3250
3274
3293
3292
3297
3298
3273
3259
3235
3213
3196
3095
3063
3023
2983
2941
2899
2853
2808
2607
2556
2511
2463
2287
2240
2183
2133
2084
1946
1904
1866
1820
1771
1732
1699
1655
1530
1497
1461
1427
1395
1367
1343
1327
1308
1245
1231
1223
1210
1202
1198
1199
1195
1191
1187
1193
1203
1215
1232
1247
1267
1288
1391
1413
1444
1482
1644
1699
1751
1804
2008
2066
2122
2173
2230
2394
2443
2497
2551
2607
2673
2723
2780
2962
3002
3045
3082
3190
3216
3238
3253
3274
3290
3292
3286
3283
3274
3254
3242
3221
3098
3059
3015
2968
2753
2693
2638
2576
2295
2217
2143
2072
2012
1812
1753
1687
1626
1571
1517
1457
1409
1221
1182
1142
1113
1014
999
986
969
963
976
980
995
1013
1028
1049
1081
1117
1262
1303
1354
1402
1626
1682
1735
1799
2032
2096
2152
2202
2258
2417
2460
2509
2555
2598
2632
2667
2691
2770
2781
2787
2792
2785
2771
2752
2728
2707
2610
2580
2536
2502
2472
2439
2391
2346
2182
2136
2092
2050
1876
1830
1802
1771
1636
1613
1587
1556
1530
1461
1440
1419
1405
1393
1374
1361
1357
1338
1339
1339
1345
1374
1384
1401
1422
1437
1494
1520
1545
1566
1589
1611
1631
1658
1777
1804
1835
1871
1997
2019
2045
2078
2180
2206
2227
2258
2290
2342
2360
2383
2398
2400
2408
2418
2433
2457
2466
2468
2472
2478
2491
2495
2484
2479
2456
2447
2444
2436
2425
2417
2409
2398
2365
2358
2358
2344
2287
2269
2259
2243
2182
2165
2140
2120
2109
2046
2031
2014
1996
1974
1952
1935
1921
1827
1809
1787
1777
1723
1707
1692
1680
1673
1639
1632
1622
1621
1615
1602
1589
1577
1570
1569
1571
1571
1581
1583
1591
1601
1633
1646
1657
1681
1704
1760
1776
1796
1820
1847
1874
1905
1932
2029
2055
2078
2105
2198
2215
2243
2270
2304
2364
2380
2392
2410
2427
2437
2450
2465
2503
2502
2508
2515
2518
2510
2500
2483
2465
2452
2440
2425
2415
2352
2337
2324
2311
2298
2277
2254
2231
2147
2130
2111
2095
2022
2002
1987
1970
1960
1929
1913
1896
1878
1868
1854
1839
1836
1807
1792
1789
1786
1805
1809
1811
1809
1808
1811
1815
1822
1831
1841
1848
1856
1865
1886
1891
1896
1906
1917
1929
1936
1946
1944
1971
1974
1973
1975
1981
1994
1999
2002
2012
2028
2025
2033
2044
2045
2050
2064
2067
2081
2090
2098
2104
2127
2134
2138
2142
2148
2151
2147
2151
2149
2154
2155
2154
2156
2147
2139
2136
2140
2127
2117
2106
2104
2080
2071
2059
2051
2042
2021
2017
2011
2004
2002
1995
1984
1976
1939
1928
1916
1909
1878
1875
1871
1867
1862
1841
1838
1834
1833
1829
1826
1814
1809
1798
1796
1795
1797
1818
1820
1822
1831
1858
1866
1873
1873
1886
1911
1924
1937
1950
1955
1967
1986
1994
2038
2054
2065
2083
2137
2152
2166
2180
2188
2216
2229
2237
2244
2254
2262
2264
2271
2283
2275
2275
2271
2257
2248
2236
2233
2204
2197
2187
2173
2164
2118
2108
2096
2087
2076
2068
2060
2046
1994
1975
1964
1958
1922
1919
1917
1914
1907
1884
1880
1873
1870
1871
1866
1866
1863
1875
1881
1884
1887
1915
1921
1926
1930
1973
1993
2002
2004
2009
2039
2044
2051
2060
2073
2079
2087
2095
2115
2122
2127
2132
2144
2143
2138
2137
2137
2113
2116
2120
2122
2121
2118
2115
2108
2081
2084
2074
2062
2043
2037
2032
2028
2003
1993
1982
1976
1970
1956
1954
1951
1948
1940
1939
1942
1943
1930
1927
1930
1929
1920
1921
1925
1923
1922
1930
1931
1934
1939
1942
1947
1952
1952
1951
1966
1972
1976
2000
2001
2003
2009
2018
2037
2049
2054
2062
2065
2066
2078
2090
2104
2109
2113
2114
2128
2134
2136
2143
2163
2164
2161
2168
2179
2171
2171
2172
2172
2179
2180
2180
2184
2163
2160
2149
2136
2118
2114
2108
2102
2096
2068
2063
2058
2058
2059
2047
2039
2036
2002
1995
1985
1980
1960
1957
1949
1948
1921
1913
1916
1911
1908
1902
1895
1893
1889
1888
1887
1890
1891
1886
1889
1886
1887
1879
1882
1885
1892
1895
1898
1901
1897
1909
1923
1926
1943
1959
1963
1970
1971
1975
1990
1998
2010
2016
2052
2057
2068
2068
2078
2089
2086
2085
2091
2095
2098
2106
2105
2115
2118
2117
2120
2113
2107
2108
2114
2099
2096
2091
2082
2078
2064
2059
2046
2043
2045
2044
2044
2045
2039
2034
2030
2026
2027
2026
2025
2029
2010
2011
2018
2019
2012
1997
1993
1987
1979
1977
1973
1966
1965
1952
1951
1958
1958
1966
1969
1974
1978
1982
1988
1992
1996
2005
2009
2018
2024
2026
2056
2062
2067
2069
2084
2092
2098
2101
2097
2101
2103
2108
2112
2106
2107
2108
2117
2121
2116
2115
2116
2110
2112
2106
2103
2093
2086
2087
2089
2085
2084
2076
2074
2075
2074
2076
2068
2069
2054
2050
2042
2035
2023
2021
2016
2008
1992
1982
1973
1963
1964
1963
1962
1957
1955
1954
1953
1942
1935
1941
1945
1944
1946
1935
1935
1933
1941
1935
1808
1804
1828
1856
1893
1930
1963
1982
1999
1981
1977
1986
2066
2067
2053
2044
2065
2079
2086
2093
2105
2120
2125
2131
2130
2124
2122
2116
2117
2094
2095
2107
2116
2106
2095
2091
2092
2087
2078
2070
2068
2072
2034
2017
2009
1999
1988
1983
1987
1993
1954
1940
1937
1925
1903
1906
1910
1920
1937
1941
1932
1927
1922
1911
1904
1902
1902
1950
1955
1955
1950
1961
1973
1973
1973
2009
2022
2034
2041
2038
2021
2017
2021
2037
2054
2067
2074
2077
2069
2062
2058
2056
2060
2060
2068
2076
2080
2069
2060
2057
2056
2052
2054
2061
2060
2043
2029
2023
2015
1976
1985
1989
1990
1903
1865
1838
1805
1779
1709
1693
1682
1673
1663
1656
1653
1644
1638
1633
1623
1613
1566
1560
1551
1546
1547
1555
1558
1560
1575
1601
1623
1651
1680
1776
1804
1840
1877
2020
2068
2116
2161
2371
2419
2471
2530
2589
2761
2817
2869
2918
2963
3008
3045
3087
3253
3296
3336
3369
3504
3530
3548
3563
3582
3619
3617
3613
3597
3579
3557
3546
3530
3411
3361
3311
3260
3038
2990
2946
2836
2233
2071
1946
1861
1787
1619
1588
1511
1420
1357
1310
1236
1165
1000
957
930
889
684
645
618
605
550
533
510
495
499
506
522
530
537
568
599
613
628
702
735
785
828
952
1001
1048
1095
1145
1248
1296
1340
1385
1443
1507
1563
1622
1792
1817
1852
1894
1999
2029
2066
2109
2235
2243
2248
2260
2257
2289
2305
2314
2315
2325
2327
2338
2343
2376
2375
2377
2377
2413
2414
2409
2400
2385
2318
2313
2304
2285
2264
2249
2235
2208
2137
2107
2082
2057
1992
1986
1977
1975
1981
1978
1971
1972
1977
1981
1989
1997
2000
2045
2051
2049
2043
2085
2106
2132
2157
2243
2260
2268
2269
2278
2296
2309
2329
2360
2389
2413
2438
2462
2521
2532
2553
2572
2591
2629
2651
2668
2683
2697
2708
2720
2730
2763
2779
2792
2803
2811
2808
2799
2797
2786
2745
2727
2709
2691
2677
2666
2658
2643
2549
2510
2472
2437
2412
2328
2291
2255
2217
2181
2146
2108
2078
1957
1937
1914
1896
1794
1774
1759
1744
1694
1679
1662
1645
1631
1600
1585
1575
1571
1564
1560
1549
1547
1556
1567
1570
1575
1601
1614
1638
1662
1684
1756
1774
1795
1821
1843
1864
1880
1902
1980
1992
2011
2031
2064
2072
2082
2090
2109
2106
2103
2099
2102
2092
2080
2078
2075
2071
2066
2057
2054
2023
2017
2012
2006
1980
1968
1958
1954
1891
1876
1862
1845
1827
1767
1747
1726
1710
1692
1671
1653
1637
1542
1520
1501
1487
1475
1478
1474
1472
1479
1493
1511
1525
1539
1552
1565
1583
1600
1706
1732
1763
1792
1897
1925
1951
1975
2003
2080
2101
2116
2141
2159
2173
2184
2199
2218
2224
2228
2230
2245
2256
2270
2279
2313
2320
2327
2341
2354
2362
2362
2367
2372
2375
2377
2380
2382
2358
2352
2351
2343
2313
2308
2309
2304
2301
2260
2242
2221
2211
2200
2187
2178
2170
2118
2103
2096
2097
2052
2050
2049
2047
1998
1989
1984
1982
1986
1987
1982
1974
1969
1965
1958
1962
1960
1937
1933
1927
1921
1882
1869
1865
1867
1873
1855
1856
1852
1849
1855
1859
1865
1872
1897
1906
1918
1931
1968
1975
1991
2007
2057
2066
2080
2089
2095
2109
2112
2117
2120
2126
2132
2144
2147
2169
2170
2173
2179
2208
2211
2214
2221
2229
2237
2235
2234
2225
2224
2221
2224
2227
2209
2200
2192
2186
2178
2164
2155
2149
2145
2121
2119
2111
2099
2096
2083
2079
2076
2067
2031
2022
2014
2001
1984
1970
1965
1963
1927
1912
1907
1904
1896
1892
1890
1883
1880
1880
1883
1877
1878
1883
1887
1881
1884
1890
1889
1900
1905
1921
1918
1918
1913
1911
1926
1925
1928
1927
1923
1922
1931
1940
1967
1971
1988
2001
2031
2034
2046
2051
2064
2067
2063
2061
2056
2059
2058
2057
2058
2062
2054
2056
2056
2030
2029
2029
2036
2035
2038
2038
2041
2040
2021
2024
2029
2036
2036
2036
2042
2040
2042
2039
2043
2041
2041
2040
2035
2035
2033
2017
2015
2010
2004
1994
1983
1983
1982
1973
1961
1964
1962
1955
1953
1953
1950
1952
1942
1938
1937
1935
1934
1942
1943
1947
1950
1948
1951
1959
1967
1974
1986
1992
1994
1995
2010
2016
2021
2026
2028
2032
2036
2039
2046
2045
2038
2035
2042
2052
2061
2066
2071
2086
2087
2091
2094
2095
2091
2091
2095
2105
2100
2104
2102
2088
2088
2083
2090
2079
2076
2083
2090
2091
2077
2077
2067
2057
2057
2056
2049
2043
2053
2055
2050
2053
2061
2059
2055
2054
2053
2042
2043
2044
2044
2039
2037
2037
2035
2020
2015
2015
2019
2007
2000
2002
2000
2000
2003
2001
1998
1998
2005
2008
2015
2018
2033
2033
2034
2039
2048
2052
2059
2065
2087
2085
2086
2089
2089
2107
2104
2106
2108
2105
2105
2102
2099
2084
2081
2073
2066
2034
2028
2028
2023
2011
2011
2010
2010
2006
1993
1987
1983
1980
1977
1978
1974
1974
1971
1973
1973
1972
1966
1963
1957
1955
1958
1953
1951
1951
1949
1944
1945
1945
1940
1936
1931
1933
1938
1942
1945