2026
2027
2026
2020
2021
2024
2020
2019
2017
2013
2013
1979
1968
1963
1956
1926
1922
1916
1916
1924
1926
1935
1946
1950
1968
1970
1976
1986
1996
2007
2018
2027
2064
2076
2095
2106
2131
2145
2157
2167
2171
2192
2206
2211
2210
2215
2219
2218
2215
2227
2227
2228
2227
2216
2212
2206
2206
2179
2173
2166
2153
2144
2122
2114
2106
2096
2082
2069
2059
2049
2035
2033
2023
2017
1981
1974
1971
1969
1970
1970
1968
1964
1967
1968
1966
1960
1954
1960
1953
1958
1967
1976
1979
1983
1985
1991
1982
1975
1968
1967
1965
1966
1961
1956
1949
1947
1944
1943
1958
1964
1969
1973
1975
1983
1986
1998
2009
2027
2031
2038
2044
2049
2053
2062
2068
2084
2086
2083
2085
2082
2075
2070
2067
2063
2039
2034
2028
2027
2021
2018
2015
2015
1983
1980
1972
1961
1942
1942
1938
1933
1926
1924
1927
1927
1936
1938
1943
1956
1962
1966
1966
1967
1973
1997
2002
2007
2015
2036
2040
2052
2053
2054
2062
2062
2065
2066
2065
2065
2063
2058
2042
2044
2052
2049
2033
2035
2034
2031
2015
2024
2023
2024
2029
2028
2031
2028
2030
2030
2036
2045
2052
2074
2081
2087
2085
2108
2114
2124
2138
2146
2160
2160
2163
2162
2159
2160
2166
2167
2154
2151
2149
2150
2129
2116
2108
2093
2084
2056
2040
2029
2020
2013
2001
1988
1979
1942
1934
1924
1916
1907
1903
1898
1894
1891
1897
1893
1891
1891
1893
1901
1906
1914
1919
1937
1938
1953
1959
1955
1954
1959
1965
1984
1990
1996
1998
1987
1991
1997
2004
2008
1994
1992
1988
1985
1982
1979
1988
1993
2001
2004
2008
2007
2028
2034
2041
2043
2058
2068
2080
2089
2089
2099
2101
2106
2114
2113
2114
2109
2109
2088
2092
2096
2098
2077
2067
2064
2063
2059
2036
2034
2034
2033
2035
2034
2033
2034
2024
2021
2022
2018
1989
1987
1988
1986
1967
1964
1966
1972
1979
1989
1988
1989
1989
1980
1978
1978
1980
2024
2074
2101
2052
1607
1610
1667
1770
1882
2124
2165
2181
2203
2229
2246
2254
2237
2153
2186
2239
2288
2149
2073
2027
2013
2125
2128
2127
2117
2107
2057
2030
2013
1999
1988
1985
1998
2028
2077
2055
2046
2039
2033
2066
2115
2174
2227
2186
2107
2039
1987
1953
1941
1953
1979
2092
2107
2115
2105
1992
1983
1982
1978
1978
1974
1969
1966
1967
1956
1937
1910
1883
1866
1889
1926
1963
2027
2005
1967
1924
1794
1796
1814
1835
1855
1889
1905
1916
1939
1961
1991
2033
2069
2102
2101
2099
2108
2147
2158
2162
2161
2161
2072
2044
2032
2028
2027
2036
2044
2059
2101
2095
2085
2069
1939
1920
1903
1898
1953
1964
1968
1966
1960
1893
1879
1863
1858
1850
1852
1862
1875
1928
1930
1935
1936
1931
1939
1940
1931
1926
1896
1888
1884
1886
1890
1883
1871
1866
1774
1739
1712
1684
1578
1555
1534
1519
1523
1523
1524
1531
1534
1583
1607
1637
1668
1697
1710
1714
1724
1742
1744
1756
1784
1976
2040
2099
2156
2203
2330
2380
2435
2496
2569
2652
2740
2823
3088
3132
3172
3209
3378
3430
3477
3525
3675
3700
3728
3758
3791
3788
3749
3719
3688
3652
3623
3592
3566
3482
3464
3441
3412
3141
3052
2962
2863
2759
2455
2360
2260
2159
2061
1972
1889
1812
1452
1359
1261
1162
763
665
572
472
148
129
122
118
117
110
108
106
109
111
111
110
110
116
119
124
126
215
262
328
405
495
763
863
972
1076
1195
1318
1438
1551
1947
2038
2127
2211
2527
2593
2656
2727
2965
3016
3062
3105
3142
3168
3167
3158
3138
3111
3082
3046
3015
2852
2804
2753
2713
2516
2448
2382
2315
2252
2091
2041
1989
1943
1894
1845
1792
1732
1470
1412
1353
1305
1153
1124
1103
1080
1006
997
987
984
999
1056
1082
1114
1161
1207
1257
1311
1367
1579
1640
1699
1757
2009
2083
2157
2228
2308
2530
2606
2685
2762
2836
2905
2969
3030
3242
3293
3342
3386
3524
3552
3577
3592
3603
3601
3590
3582
3582
3552
3541
3523
3500
3465
3429
3395
3355
3173
3131
3081
3027
2758
2687
2618
2548
2474
2264
2202
2137
2076
2017
1956
1897
1839
1603
1562
1514
1478
1348
1317
1291
1265
1187
1169
1154
1143
1133
1107
1101
1098
1089
1078
1071
1063
1058
1056
1061
1068
1074
1138
1165
1191
1227
1266
1384
1427
1470
1513
1557
1599
1635
1680
1826
1859
1895
1930
2059
2088
2113
2137
2218
2235
2257
2275
2291
2327
2332
2340
2349
2355
2359
2368
2366
2352
2351
2339
2323
2249
2229
2211
2193
2179
2135
2122
2105
2084
2064
2045
2025
2008
1917
1902
1884
1866
1800
1778
1766
1750
1718
1712
1704
1700
1694
1689
1691
1688
1688
1686
1687
1700
1708
1763
1778
1792
1808
1874
1895
1915
1938
1960
2036
2059
2085
2105
2125
2142
2167
2188
2289
2318
2341
2366
2434
2445
2457
2474
2530
2544
2548
2549
2555
2547
2543
2540
2540
2528
2516
2502
2481
2409
2382
2362
2341
2246
2220
2201
2182
2161
2080
2050
2024
2001
1980
1960
1937
1910
1808
1785
1761
1742
1670
1657
1645
1635
1594
1584
1580
1566
1560
1540
1538
1538
1532
1535
1537
1541
1547
1570
1575
1580
1585
1621
1640
1653
1666
1675
1721
1736
1749
1762
1779
1800
1818
1831
1912
1933
1961
1986
2080
2102
2126
2144
2209
2226
2236
2253
2263
2281
2293
2311
2328
2339
2355
2364
2370
2393
2402
2412
2418
2446
2447
2454
2461
2468
2471
2464
2458
2456
2456
2457
2453
2448
2434
2425
2411
2398
2382
2376
2373
2358
2352
2298
2281
2275
2261
2248
2233
2220
2202
2193
2154
2138
2119
2107
2095
2071
2051
2030
1954
1942
1933
1920
1876
1864
1850
1835
1836
1805
1797
1789
1782
1781
1785
1784
1787
1785
1788
1791
1793
1821
1827
1830
1840
1871
1877
1891
1898
1907
1930
1939
1941
1942
1948
1958
1969
1974
2008
2014
2019
2020
2034
2033
2038
2041
2058
2051
2047
2045
2041
2023
2015
2002
1989
1988
1985
1981
1975
1948
1948
1945
1937
1910
1909
1910
1910
1906
1889
1877
1875
1869
1862
1855
1847
1841
1819
1813
1815
1820
1838
1849
1853
1860
1895
1900
1911
1924
1934
1966
1976
1987
2003
2018
2033
2041
2056
2098
2102
2111
2128
2178
2186
2192
2197
2202
2206
2213
2217
2220
2225
2232
2238
2242
2231
2230
2223
2221
2204
2204
2199
2203
2178
2174
2174
2170
2159
2151
2148
2140
2140
2135
2136
2136
2137
2107
2103
2098
2100
2076
2064
2058
2056
2057
2040
2038
2041
2046
2046
2046
2044
2036
2010
2013
2014
2011
2000
1993
1988
1989
1966
1963
1962
1957
1954
1951
1949
1939
1931
1920
1918
1913
1911
1927
1929
1936
1937
1931
1934
1934
1928
1929
1930
1930
1923
1917
1912
1913
1914
1916
1933
1934
1937
1946
1962
1968
1981
1996
2016
2023
2031
2038
2049
2059
2065
2067
2066
2065
2061
2057
2057
2081
2079
2075
2072
2062
2060
2058
2053
2054
2041
2035
2031
2026
2017
2018
2019
2019
2024
2018
2021
2026
2031
2034
2036
2035
2027
2025
2029
2032
2030
2023
2019
2019
2017
2011
2010
2023
2033
2035
2040
2050
2057
2050
2048
2046
2037
2036
2044
2045
2050
2052
2054
2058
2064
2067
2087
2089
2089
2087
2082
2074
2067
2074
2073
2075
2071
2067
2066
2053
2053
2058
2062
2068
2069
2068
2063
2061
2058
2055
2048
2021
2016
2018
2021
2020
1999
1992
1990
1985
1978
1978
1977
1972
1960
1959
1963
1970
1965
1968
1973
1982
1986
1973
1978
1986
1993
1997
2002
2003
2006
2004
2010
2010
2015
2020
2022
2017
2014
2015
2016
2022
2026
2017
2013
2010
2008
2004
1985
1983
1983
1983
1976
1961
1955
1961
1962
1963
1967
1974
1978
1978
1988
1992
1994
2010
2015
2020
2016
2009
2030
2039
2039
2041
2047
2059
2073
2078
2099
2094
2095
2098
2109
2115
2118
2117
2109
2111
2115
2114
2107
2108
2115
2116
2109
2107
2107
2111
2100
2061
2054
2058
2061
2047
2044
2042
2038
2036
1992
1982
1983
1983
1986
1973
1963
1957
1941
1937
1934
1928
1902
1901
1902
1901
1901
1900
1894
1895
1903
1901
1907
1908
1910
1918
1914
1916
1925
1940
1951
1960
1971
1984
1991
1999
2007
2012
2043
2046
2055
2067
2075
2077
2083
2085
2082
2091
2097
2104
2115
2119
2111
2118
2128
2134
2137
2138
2140
2138
2134
2132
2137
2131
2126
2121
2121
2098
2098
2099
2091
2115
2140
2154
2141
1912
1859
1832
1823
1827
1944
1983
2013
2043
2062
2061
2059
2062
2046
2055
2046
2024
2011
2024
2046
2073
2094
2085
2073
2067
2073
2086
2100
2111
2115
2050
2021
2004
1984
1952
1975
2014
2068
2118
2150
2116
2066
2014
1978
1956
1969
2003
2097
2090
2075
2048
1991
1971
1953
1947
2061
2085
2090
2083
2070
2000
1997
2006
2021
2033
2042
2048
2051
1985
1957
1925
1885
1860
1890
1914
1926
1930
1887
1866
1845
1840
1859
1879
1909
1947
2071
2080
2082
2079
2060
2063
2070
2070
2030
2005
1973
1938
1908
1863
1865
1866
1882
1903
1920
1932
1940
1973
1979
1980
1992
2062
2083
2094
2097
2033
2013
2004
2000
1996
1995
1985
1973
1954
1937
1924
1920
1922
1966
1983
1992
2004
2049
2046
2042
2038
2043
2005
1990
1970
1952
1933
1918
1894
1872
1798
1781
1768
1761
1732
1733
1738
1738
1751
1751
1748
1747
1750
1746
1741
1733
1729
1721
1715
1713
1715
1727
1744
1857
1896
1932
1968
2170
2231
2298
2373
2666
2733
2798
2864
3077
3123
3170
3222
3262
3357
3389
3414
3436
3457
3476
3494
3506
3531
3542
3550
3554
3545
3445
3392
3332
3275
3221
3162
3105
3044
2834
2761
2680
2595
2511
2427
2339
2245
2139
1813
1699
1586
1473
1368
1266
1171
1083
741
667
601
531
460
275
235
193
168
161
154
153
149
155
166
171
180
217
239
266
303
348
546
626
708
793
895
996
1092
1198
1645
1762
1874
1977
2382
2470
2561
2646
2737
2970
3045
3112
3173
3232
3281
3318
3352
3370
3351
3328
3293
3163
3118
3075
3020
2694
2594
2496
2406
2321
2051
1962
1877
1794
1707
1622
1541
1458
1179
1109
1058
1006
795
748
704
668
633
559
548
541
540
549
558
577
594
723
779
850
932
1313
1426
1547
1664
2124
2246
2370
2482
2595
2921
3019
3113
3202
3295
3383
3469
3555
3807
3860
3903
3939
4032
4039
4040
4041
4040
4015
3988
3956
3924
3883
3843
3803
3758
3558
3504
3452
3404
3171
3106
3040
2971
2679
2606
2526
2451
2372
2128
2053
1970
1893
1823
1755
1679
1605
1384
1336
1290
1242
1090
1059
1034
1013
963
952
953
955
954
977
988
1003
1021
1041
1069
1102
1128
1242
1275
1306
1328
1421
1433
1455
1471
1499
1540
1550
1560
1564
1576
1586
1595
1595
1613
1621
1629
1636
1678
1689
1704
1718
1765
1775
1782
1790
1804
1845
1867
1883
1894
1909
1925
1946
1963
2038
2055
2068
2091
2173
2190
2203
2223
2235
2248
2248
2245
2248
2256
2269
2274
2280
2307
2309
2314
2322
2322
2315
2307
2298
2254
2238
2217
2191
2174
2090
2071
2047
2023
1999
1977
1959
1941
1882
1868
1858
1853
1813
1818
1823
1831
1838
1868
1881
1900
1922
1942
1967
1992
2024
2134
2164
2196
2220
2312
2325
2341
2358
2403
2401
2408
2411
2420
2437
2442
2447
2445
2443
2445
2456
2461
2467
2471
2464
2454
2413
2400
2382
2372
2357
2294
2276
2257
2233
2208
2177
2150
2131
2026
1993
1965
1937
1818
1795
1768
1744
1631
1606
1580
1550
1527
1475
1459
1443
1435
1426
1419
1408
1402
1396
1392
1394
1401
1433
1448
1468
1486
1509
1570
1590
1608
1637
1670
1698
1728
1753
1862
1881
1906
1932
2019
2036
2051
2071
2140
2156
2167
2181
2193
2228
2244
2263
2279
2288
2308
2328
2345
2377
2388
2396
2407
2424
2419
2414
2415
2415
2407
2397
2392
2385
2379
2381
2380
2372
2381
2383
2375
2368
2349
2341
2337
2327
2278
2265
2255
2245
2232
2190
2181
2169
2160
2149
2142
2124
2106
2057
2049
2031
2013
1958
1943
1934
1923
1911
1890
1882
1875
1865
1861
1852
1844
1837
1831
1836
1837
1838
1830
1826
1824
1823
1852
1861
1879
1892
1897
1917
1927
1934
1944
1956
1966
1984
1997
2042
2048
2060
2075
2102
2102
2108
2114
2114
2118
2112
2109
2109
2109
2108
2110
2117
2083
2072
2060
2051
1984
1966
1949
1929
1865
1850
1837
1820
1800
1769
1760
1753
1746
1742
1736
1734
1727
1722
1718
1721
1726
1742
1749
1769
1784
1798
1815
1832
1839
1846
1857
1877
1897
1911
1984
2001
2021
2034
2082
2095
2111
2121
2195
2204
2210
2216
2226
2238
2247
2259
2265
2265
2264
2276
2286
2297
2294
2294
2294
2299
2299
2298
2296
2293
2268
2255
2246
2238
2229
2224
2220
2214
2163
2150
2140
2123
2057
2045
2041
2036
2026
2007
2003
1993
1989
1990
1982
1979
1983
1986
1987
1990
1997
1998
2003
2001
2009
2015
2007
2020
2026
2036
2038
2041
2037
2034
2029
2020
2016
2016
2024
2026
2029
2027
2027
2011
2006
2003
2000
1971
1967
1961
1958
1929
1918
1916
1915
1906
1887
1891
1892
1889
1892
1894
1894
1889
1875
1881
1882
1882
1874
1874
1877
1881
1880
1893
1897
1902
1907
1910
1918
1930
1936
1968
1980
2001
2015
2035
2040
2051
2063
2093
2096
2096
2105
2110
2115
2119
2112
2116
2113
2115
2119
2115
2103
2097
2102
2102
2099
2096
2090
2084
2084
2077
2067
2058
2052
2049
2036
2032
2032
2004
2002
2001
1995
1974
1974
1966
1959
1949
1955
1961
1961
1962
1955
1960
1969
1975
1980
1979
1987
1989
2022
2032
2043
2051
2089
2091
2095
2097
2104
2113
2114
2119
2128
2134
2137
2139
2140
2132
2138
2142
2139
2115
2118
2114
2106
2088
2076
2068
2061
2057
2063
2056
2054
2050
2047
2036
2037
2030
2006
2000
1996
1992
1967
1967
1966
1964
1963
1955
1953
1954
1955
1957
1957
1955
1961
1968
1974
1977
1984
1994
1993
2000
2005
2027
2022
2029
2036
2046
2048
2051
2046
2045
2037
2035
2037
2037
2009
2013
2011
2012
2007
2006
2008
2006
2009
1996
1994
1988
1984
1986
1982
1992
1995
1998
1999
2002
2005
2006
2010
2024
2030
2056
2059
2065
2074
2074
2074
2069
2069
2072
2078
2083
2085
2087
2083
2078
2074
2072
2070
2069
2068
2066
2065
2051
2040
2031
2025
2017
2011
2007
2005
1992
1988
1983
1975
1952
1952
1948
1936
1916
1908
1902
1902
1904
1900
1895
1896
1903
1902
1910
1915
1920
1922
1925
1927
1935
1962
1973
1984
1990
1997
2010
2021
2032
2047
2061
2073
2087
2094
2132
2131
2129
2132
2158
2162
2167
2174
2176
2190
2191
2186
2189
2186
2183
2186
2187
2179
2175
2170
2171
2162
2157
2150
2147
2138
2117
2112
2100
2088
2079
2072
2063
2051
2058
2124
2119
2099
2065
2024
1973
1915
1851
1770
1788
1806
1814
1890
1944
1993
2020
1917
1885
1852
1833
1824
1880
1927
1976
2025
2081
2121
2142
2145
2078
2052
2034
2028
2088
2115
2134
2141
2149
2105
2071
2031
2004
1998
2019
2060
2108
2142
2132
2116
2100
2030
2033
2037
2057
2056
2038
2033
2038
2045
2100
2102
2092
2072
2044
2001
1971
1954
1969
1968
1952
1922
1783
1774
1774
1780
1802
1886
1923
1961
1993
2014
2020
2017
2010
1978
1980
1994
2015
2115
2119
2118
2106
1977
1945
1916
1900
1900
1928
1946
1965
1979
1986
1983
1975
1974
1980
2006
2035
2068
2174
2208
2233
2256
2253
2228
2197
2172
2145
2066
2049
2037
2027
2019
2020
2020
2021
1957
1924
1896
1876
1907
1934
1960
1992
2024
2066
2067
2058
2046
2039
2032
2024
2011
1998
1992
1989
1985
1902
1884
1870
1857
1832
1828
1816
1802
1800
1792
1802
1811
1825
1834
1835
1830
1820
1795
1806
1814
1823
1882
1900
1913
1930
1945
1989
2007
2021
2039
2054
2062
2074
2082
2114
2126
2145
2165
2199
2236
2279
2330
2371
2469
2485
2499
2501
2502
2500
2494
2491
2488
2515
2532
2551
2578
2601
2629
2654
2672
2641
2623
2606
2597
2603
2608
2610
2607
2565
2555
2549
2542
2539
2517
2514
2510
2500
2473
2433
2382
2330
2141
2106
2083
2057
1900
1852
1806
1762
1717
1580
1541
1506
1473
1452
1432
1412
1389
1280
1270
1267
1269
1276
1278
1281
1284
1285
1296
1304
1317
1329
1341
1352
1360
1371
1393
1410
1424
1449
1488
1529
1569
1613
1653
1782
1810
1832
1851
1865
1882
1902
1911
1972
1984
1985
1987
1991
1951
1931
1902
1872
1848
1821
1805
1790
1721
1706
1687
1654
1511
1488
1474
1466
1461
1485
1503
1515
1538
1564
1589
1613
1643
1732
1744
1767
1786
1876
1898
1928
1960
2069
2092
2113
2134
2143
2167
2181
2199
2225
2247
2268
2308
2346
2450
2474
2499
2539
2690
2736
2783
2832
2879
3006
3043
3075
3113
3153
3183
3224
3252
3298
3301
3302
3295
3233
3217
3190
3170
3058
3027
2995
2962
2927
2819
2784
2743
2695
2647
2599
2550
2499
2290
2241
2192
2138
1927
1875
1825
1778
1731
1631
1605
1578
1554
1536
1522
1512
1506
1506
1510
1511
1517
1527
1526
1526
1523
1521
1519
1521
1518
1515
1504
1500
1495
1489
1486
1484
1479
1470
1479
1482
1489
1496
1497
1497
1490
1488
1489
1502
1506
1512
1518
1522
1522
1529
1530
1519
1519
1527
1543
1627
1654
1678
1697
1798
1827
1854
1886
1916
1999
2023
2048
2066
2089
2104
2119
2132
2149
2153
2165
2167
2171
2178
2184
2188
2192
2214
2220
2237
2252
2263
2278
2292
2307
2348
2364
2376
2389
2423
2434
2443
2448
2441
2434
2425
2418
2414
2381
2377
2371
2359
2350
2337
2319
2295
2209
2193
2176
2165
2121
2112
2107
2099
2091
2083
2084
2080
2083
2087
2087
2089
2090
2101
2113
2120
2125
2138
2137
2131
2128
2120
2117
2107
2094
2077
2027
2013
1993
1970
1947
1923
1899
1876
1785
1764
1753
1743
1711
1713
1717
1729
1735
1750
1753
1757
1764
1778
1785
1791
1793
1792
1787
1782
1780
1776
1769
1763
1759
1757
1733
1723
1713
1706
1706
1704
1708
1711
1709
1697
1699
1703
1704
1710
1721
1731
1741
1791
1810
1827
1845
1896
1909
1927
1951
2054
2076
2094
2123
2149
2222
2237
2254
2272
2283
2293
2306
2315
2333
2334
2342
2345
2332
2323
2320
2313
2313
2308
2297
2299
2293
2282
2274
2264
2265
2240
2240
2231
2226
2214
2209
2210
2214
2206
2214
2219
2219
2223
2236
2245
2244
2247
2250
2252
2254
2254
2258
2252
2249
2241
2179
2164
2154
2128
2103
2020
1987
1951
1913
1881
1849
1811
1782
1686
1665
1644
1625
1544
1533
1522
1514
1475
1477
1480
1476
1478
1503
1518
1539
1562
1589
1608
1632
1651
1757
1795
1834
1874
2042
2097
2152
2217
2274
2444
2501
2560
2613
2664
2710
2760
2806
2944
2964
2981
3000
3023
3021
3020
3015
2936
2913
2890
2855
2818
2713
2666
2615
2560
2502
2438
2369
2301
2017
1945
1878
1818
1594
1556
1517
1479
1457
1396
1371
1352
1326
1303
1280
1257
1236
1138
1122
1108
1098
1059
1058
1066
1078
1133
1152
1176
1198
1216
1298
1323
1353
1387
1422
1465
1501
1539
1730
1782
1830
1876
2092
2142
2202
2252
2308
2471
2517
2561
2602
2647
2690
2735
2786
2970
3012
3049
3080
3152
3158
3162
3169
3114
3089
3057
3022
2988
2867
2821
2772
2722
2660
2602
2538
2475
2190
2114
2035
1953
1630
1558
1479
1404
1326
1123
1064
1006
955
914
876
837
809
759
756
760
765
828
849
873
900
1041
1082
1123
1162
1202
1312
1351
1394
1443
1485
1524
1565
1609
1742
1775
1812
1847
1978
2004
2033
2064
2100
2177
2208
2232
2262
2287
2312
2338
2367
2450
2484
2516
2546
2578
2614
2657
2697
2726
2825
2855
2889
2917
2948
2972
2990
3009
3025
3043
3045
3043
3044
3029
3009
2990
2968
2839
2792
2751
2718
2556
2514
2471
2423
2217
2171
2126
2080
2034
1896
1857
1823
1788
1745
1711
1682
1654
1575
1566
1558
1551
1537
1542
1548
1557
1567
1608
1625
1646
1667
1696
1726
1757
1784
1855
1876
1898
1926
1995
2018
2034
2049
2119
2137
2155
2171
2192
2254
2271
2286
2299
2312
2321
2327
2334
2374
2384
2395
2407
2428
2437
2443
2456
2481
2491
2494
2501
2504
2482
2470
2455
2438
2428
2415
2394
2364
2255
2227
2199
2163
2025
1985
1955
1925
1895
1794
1755
1716
1683
1656
1628
1593
1569
1480
1461
1442
1439
1420
1429
1437
1450
1491
1500
1517
1532
1555
1613
1633
1661
1685
1714
1740
1766
1793
1891
1914
1938
1967
2051
2069
2090
2109
2126
2168
2176
2180
2189
2193
2199
2200
2205
2202
2202
2200
2190
2178
2172
2167
2167
2132
2121
2119
2106
2090
2069
2058
2045
2040
2029
2015
2004
1992
1951
1941
1935
1934
1925
1920
1911
1901
1870
1862
1860
1854
1851
1818
1810
1805
1799
1790
1782
1775
1765
1744
1732
1728
1725
1709
1710
1710
1719
1730
1732
1739
1741
1745
1758
1766
1779
1787
1825
1839
1853
1867
1918
1931
1949
1961
2036
2056
2077
2098
2111
2164
2188
2208
2221
2237
2252
2268
2282
2343
2359
2370
2379
2415
2423
2431
2436
2434
2436
2437
2441
2448
2449
2443
2443
2433
2420
2411
2407
2407
2407
2407
2403
2401
2397
2374
2361
2350
2339
2333
2320
2308
2299
2284
2256
2248
2239
2227
2213
2202
2186
2172
2126
2107
2088
2063
1992
1978
1962
1949
1875
1865
1852
1837
1821
1777
1762
1753
1744
1733
1723
1719
1713
1705
1705
1706
1706
1736
1752
1773
1799
1819
1863
1882
1895
1913
1935
1958
1974
2000
2058
2073
2086
2098
2150
2150
2161
2170
2202
2207
2213
2214
2208
2164
2145
2133
2121
2107
2089
2073
2073
2023
2005
1998
1991
1938
1918
1903
1880
1873
1845
1843
1835
1831
1828
1828
1831
1836
1846
1843
1849
1852
1881
1891
1893
1898
1914
1917
1930
1944
1959
1980
1983
1991
1997
2001
2011
2013
2008
2007
2014
2024
2031
2046
2044
2040
2048
2054
2069
2081
2092
2096
2101
2102
2094
2089
2092
2096
2100
2112
2129
2130
2131
2130
2130
2131
2131
2136
2142
2142
2133
2123
2119
2118
2111
2100
2096
2068
2067
2066
2056
2024
2015
2010
2001
1998
1994
1988
1980
1980
1973
1965
1963
1965
1960
1953
1961
1972
1999
2005
2012
2008
2007
2010
2016
2026
2037
2036
2040
2039
2044
2051
2055
2058
2064
2051
2045
2038
2033
2006
2000
1996
1992
1995
1983
1981
1984
1979
1975
1966
1968
1975
1969
1974
1980
1986
2007
2015
2010
2017
2036
2037
2035
2040
2040
2042
2043
2044
2044
2047
2054
2053
2051
2042
2037
2036
2036
2012
2005
2001
1997
1992
1949
1941
1934
1921
1903
1891
1880
1872
1842
1838
1826
1821
1800
1797
1798
1799
1818
1832
1843
1857
1873
1905
1914
1926
1940
1950
1968
1986
2006
2090
2111
2139
2175
2308
2337
2363
2385
2402
2466
2486
2509
2538
2559
2578
2598
2620
2687
2707
2726
2741
2774
2780
2791
2787
2757
2748
2738
2721
2705
2636
2609
2585
2562
2529
2501
2462
2428
2270
2233
2198
2157
1977
1927
1879
1830
1782
1658
1625
1593
1565
1543
1517
1489
1472
1373
1359
1344
1330
1296
1291
1293
1294
1357
1387
1411
1440
1473
1540
1561
1566
1570
1577
1579
1585
1587
1590
1584
1578
1575
1549
1545
1538
1527
1519
1491
1488
1481
1474
1475
1471
1464
1461
1465
1463
1468
1473
1516
1528
1539
1546
1587
1602
1621
1638
1659
1723
1746
1768
1799
1825
1848
1880
1912
2048
2083
2121
2152
2235
2251
2275
2296
2320
2380
2401
2426
2450
2477
2501
2533
2567
2691
2721
2753
2789
2913
2937
2965
2993
3063
3070
3080
3091
3092
3063
3048
3031
3010
2988
2968
2955
2937
2843
2819
2787
2758
2642
2608
2566
2532
2502
2382
2336
2290
2252
2208
2157
2109
2064
1888
1854
1819
1786
1717
1713
1710
1710
1731
1743
1762
1781
1805
1864
1883
1892
1908
1917
1927
1931
1929
1930
1924
1919
1915
1891
1885
1883
1878
1872
1855
1852
1850
1843
1831
1812
1797
1778
1688
1666
1642
1608
1466
1436
1406
1381
1297
1293
1289
1287
1292
1303
1313
1330
1343
1362
1384
1409
1435
1549
1578
1598
1622
1705
1714
1722
1737
1745
1786
1796
1806
1820
1835
1851
1878
1901
1998
2030
2057
2084
2224
2258
2290
2317
2415
2429
2442
2459
2475
2509
2519
2525
2531
2546
2550
2560
2574
2596
2599
2598
2599
2596
2590
2584
2585
2578
2529
2518
2496
2472
2445
2417
2390
2352
2236
2210
2183
2160
2073
2054
2038
2028
2013
2015
2013
2017
2021
2011
2008
2010
2014
2009
2008
2010
2007
1997
1995
1987
1976
1962
1951
1947
1946
1937
1911
1905
1900
1898
1898
1901
1897
1897
1870
1870
1860
1851
1814
1799
1788
1782
1741
1731
1722
1717
1712
1702
1700
1695
1695
1696
1693
1692
1696
1722
1725
1732
1741
1776
1786
1794
1801
1808
1840
1854
1860
1873
1882
1892
1901
1918
1973
1990
2003
2024
2071
2077
2087
2098
2116
2121
2133
2139
2152
2171
2179
2188
2194
2194
2190
2188
2183
2185
2195
2193
2193
2193
2194
2191
2189
2183
2168
2160
2156
2162
2159
2160
2159
2158
2152
2153
2155
2159
2160
2163
2170
2172
2174
2183
2190
2191
2197
2203
2206
2212
2219
2222
2223
2182
2108
1983
1964
1965
1987
2136
2164
2186
2197
2198
2195
2202
2201
2198
2199
2199
2197
2191
2125
2097
2079
2064
2026
2028
2019
2013
2010
1970
1947
1926
1901
1865
1840
1824
1811
1814
1820
1821
1818
1760
1744
1734
1722
1734
1744
1752
1754
1755
1761
1753
1753
1760
1764
1766
1777
1796
1890
1903
1912
1922
1908
1905
1903
1894
1884
1870
1866
1866
1868
1871
1875
1886
1902
1964
1976
1986
1984
1977
1975
1965
1965
2007
2029
2017
1895
1695
1437
1394
1399
1459
1542
1639
1734
1828
2049
2091
2115
2156
2502
2602
2701
2789
2868
3064
3070
3091
3130
3176
3211
3251
3303
3418
3413
3394
3371
3238
3193
3147
3103
2936
2884
2840
2789
2722
2506
2439
2369
2294
2210
2121
2033
1946
1641
1552
1463
1385
1101
1040
972
902
841
780
777
773
758
722
687
655
616
504
486
479
463
347
151
109
132
167
180
260
360
446
586
771
909
988
1363
1442
1560
1751
1917
1996
2045
2132
2225
2418
2470
2480
2505
2604
2747
2883
2991
3107
3480
3559
3642
3723
3783
3840
3906
3977
4088
4088
4089
4089
4090
4090
4089
4089
3941
3837
3722
3598
3477
3243
3178
3099
3011
2913
2810
2707
2597
2119
2006
1932
1894
1782
1711
1620
1534
1451
1246
1187
1128
1070
1012
955
896
854
840
855
890
920
1020
1025
1033
1029
884
852
821
794
771
695
672
649
620
595
566
537
508
553
572
591
604
664
705
760
835
921
1202
1297
1390
1484
1584
1678
1766
1846
2097
2147
2208
2259
2505
2572
2632
2684
2812
2843
2876
2907
2935
2972
2971
2970
2969
2965
2961
2954
2944
2818
2776
2745
2712
2619
2601
2586
2578
2568
2523
2494
2457
2420
2382
2336
2295
2257
2098
2065
2036
2002
1829
1790
1764
1740
1647
1624
1600
1586
1566
1511
1494
1480
1478
1475
1477
1486
1497
1600
1635
1668
1703
1891
1942
1995
2048
2095
2206
2240
2277
2322
2369
2416
2464
2519
2751
2806
2850
2894
3080
3130
3170
3210
3316
3329
3340
3349
3355
3346
3337
3321
3308
3286
3261
3227
3192
3014
2962
2908
2859
2597
2515
2434
2347
2022
1958
1902
1859
1821
1717
1686
1657
1626
1591
1564
1536
1517
1451
1434
1424
1420
1415
1412
1420
1431
1447
1511
1536
1559
1578
1594
1594
1593
1593
1561
1546
1535
1526
1474
1467
1460
1455
1484
1497
1507
1506
1513
1555
1565
1579
1594
1602
1605
1620
1628
1683
1698
1719
1738
1847
1871
1898
1926
1951
1992
2002
2010
2017
2019
2029
2030
2036
2058
2061
2061
2061
2072
2080
2089
2100
2104
2096
2082
2066
2050
2002
1978
1956
1927
1905
1891
1870
1854
1758
1738
1724
1713
1668
1661
1649
1643
1642
1633
1623
1618
1620
1623
1625
1628
1635
1676
1696
1715
1726
1770
1784
1806
1819
1877
1890
1907
1926
1941
2004
2032
2055
2075
2088
2100
2115
2133
2211
2234
2260
2283
2361
2385
2410
2425
2447
2513
2540
2567
2597
2627
2645
2668
2690
2729
2741
2751
2766
2807
2803
2792
2774
2660
2626
2590
2556
2526
2420
2382
2344
2315
2286
2256
2232
2206
2053
1998
1937
1879
1680
1664
1660
1669
1679
1703
1692
1683
1670
1652
1633
1616
1596
1595
1616
1633
1648
1662
1670
1674
1670
1675
1692
1702
1721
1725
1724
1717
1721
1727
1734
1770
1783
1804
1823
1844
1870
1894
1911
1977
1996
2023
2056
2192
2219
2236
2244
2298
2318
2338
2354
2374
2406
2410
2410
2403
2396
2384
2377
2371
2350
2351
2352
2357
2324
2315
2302
2293
2281
2240
2228
2228
2226
2221
2221
2225
2234
2229
2223
2215
2204
2143
2134
2121
2104
2092
2029
2006
1984
1968
1950
1926
1904
1879
1795
1773
1766
1758
1714
1713
1722
1719
1705
1706
1704
1706
1707
1734
1745
1752
1759
1763
1759
1756
1749
1727
1730
1737
1746
1802
1811
1821
1816
1823
1811
1810
1810
1815
1814
1811
1819
1827
1844
1845
1842
1836
1769
1756
1744
1740
1794
1818
1843
1869
1892
1940
1947
1962
1982
1999
2024
2034
2047
2080
2088
2099
2107
2110
2111
2109
2099
2106
2102
2103
2102
2099
2099
2097
2096
2092
2069
2057
2052
2051
2081
2099
2117
2130
2174
2188
2206
2223
2252
2343
2374
2404
2436
2464
2497
2529
2558
2643
2664
2691
2708
2761
2769
2781
2790
2798
2772
2753
2731
2709
2679
2651
2624
2594
2476
2455
2432
2410
2304
2271
2236
2198
2075
2045
2015
1982
1951
1835
1792
1753
1721
1682
1642
1606
1579
1470
1448
1419
1389
1312
1298
1284
1264
1250
1196
1178
1163
1153
1143
1137
1132
1120
1081
1070
1059
1059
1095
1114
1134
1156
1256
1287
1320
1349
1384
1498
1543
1592
1636
1683
1728
1774
1816
1977
2014
2055
2095
2226
2262
2297
2330
2362
2455
2478
2506
2533
2556
2576
2600
2619
2667
2679
2680
2683
2669
2666
2664
2661
2658
2657
2659
2665
2667
2658
2654
2655
2651
2649
2644
2642
2641
2630
2632
2629
2629
2618
2618
2617
2609
2599
2551
2531
2515
2499
2490
2474
2453
2430
2314
2287
2264
2240
2116
2090
2059
2034
1916
1887
1861
1837
1812
1744
1730
1715
1696
1677
1662
1654
1645
1633
1632
1637
1640
1646
1649
1659
1668
1675
1693
1693
1694
1691
1682
1678
1674
1669
1648
1644
1647
1646
1646
1648
1645
1646
1650
1659
1665
1666
1668
1670
1672
1682
1689
1711
1715
1724
1729
1759
1763
1765
1766
1814
1829
1838
1846
1860
1887
1896
1902
1914
1926
1938
1947
1954
1977
1982
1989
1987
1998
2004
2008
2013
2018
2031
2038
2050
2059
2066
2082
2100
2116
2180
2198
2220
2239
2313
2328
2341
2352
2403
2415
2430
2440
2445
2470
2475
2478
2485
2490
2493
2491
2494
2482
2482
2481
2476
2439
2431
2423
2416
2409
2360
2349
2339
2327
2316
2310
2296
2281
2231
2215
2202
2184
2114
2095
2084
2068
2017
1996
1977
1966
1953
1889
1875
1862
1848
1829
1813
1798
1793
1732
1724
1716
1710
1661
1650
1641
1632
1630
1623
1623
1618
1611
1602
1597
1601
1600
1583
1581
1583
1589
1608
1614
1624
1632
1639
1676
1687
1696
1712
1721
1736
1754
1767
1836
1848
1862
1876
1935
1945
1957
1970
2029
2041
2055
2071
2089
2126
2135
2150
2169
2181
2189
2202
2215
2257
2268
2284
2295
2316
2321
2330
2338
2340
2334
2330
2328
2326
2324
2320
2325
2327
2291
2283
2277
2279
2276
2270
2265
2261
2248
2241
2230
2223
2208
2178
2173
2167
2160
2153
2144
2138
2134
2108
2105
2100
2099
2066
2058
2058
2061
2058
2038
2032
2035
2034
2039
2040
2042
2040
2040
2037
2037
2040
2033
2029
2030
2027
2034
2033
2035
2038
2039
2025
2023
2020
2016
2010
2009
2005
2002
1982
1973
1964
1960
1935
1931
1933
1935
1934
1920
1906
1901
1894
1891
1884
1884
1882
1851
1844
1840
1836
1813
1812
1806
1802
1779
1779
1783
1785
1788
1791
1796
1802
1812
1820
1829
1843
1857
1884
1890
1897
1902
1930
1932
1937
1943
1954
1977
1981
1983
1990
1999
2027
2079
2068
1762
1752
1761
1817
2079
2148
2171
2149
2167
2191
2233
2256
2245
2193
2186
2181
2174
2172
2184
2208
2226
2272
2266
2253
2259
2299
2297
2279
2251
2255
2259
2247
2237
2223
2197
2175
2157
2143
2082
2092
2097
2098
1985
1966
1962
1956
1948
1876
1848
1819
1783
1746
1708
1679
1657
1592
1598
1605
1618
1597
1582
1559
1544
1562
1595
1616
1624
1638
1708
1741
1767
1794
1822
1840
1867
1920
2208
2278
2329
2377
2583
2653
2732
2813
2894
3091
3139
3187
3232
3269
3287
3304
3318
3365
3375
3382
3384
3295
3252
3210
3151
2868
2787
2711
2623
2529
2219
2111
2005
1904
1810
1719
1644
1563
1177
1065
964
876
582
539
500
461
435
378
368
360
362
368
374
393
420
572
624
685
746
1032
1100
1173
1254
1614
1692
1777
1872
1961
2202
2289
2382
2477
2563
2651
2736
2817
3070
3120
3161
3202
3385
3417
3405
3331
3227
2954
2923
2919
2930
2945
2967
2994
3017
2937
2932
2936
2942
2807
2736
2653
2555
2455
2174
2101
2039
1998
1965
1932
1901
1861
1741
1734
1734
1722
1712
1717
1719
1711
1597
1572
1548
1528
1512
1497
1499
1495
1492
1479
1453
1425
1406
1385
1384
1386
1393
1362
1353
1343
1331
1330
1364
1395
1436
1468
1488
1494
1487
1461
1347
1349
1368
1390
1496
1522
1547
1576
1669
1700
1736
1788
1845
2013
2048
2075
2087
2095
2102
2111
2136
2303
2353
2397
2439
2559
2571
2586
2601
2613
2668
2693
2717
2727
2728
2725
2718
2703
2656
2651
2650
2636
2529
2472
2407
2342
2285
2168
2135
2107
2082
2055
2019
1980
1939
1732
1698
1672
1659
1637
1633
1637
1635
1616
1621
1627
1643
1660
1693
1715
1733
1751
1762
1792
1827
1869
2100
2166
2229
2275
2414
2445
2476
2500
2528
2645
2683
2713
2738
2751
2756
2764
2769
2735
2734
2728
2733
2654
2625
2593
2559
2532
2481
2476
2468
2460
2439
2417
2394
2371
2291
2271
2247
2221
2194
2165
2132
2096
2063
1957
1922
1888
1859
1828
1796
1774
1762
1748
1704
1691
1675
1663
1654
1643
1638
1628
1621
1629
1640
1647
1656
1665
1680
1690
1707
1716
1726
1732
1746
1774
1787
1804
1829
1850
1870
1891
1906
1972
1992
2022
2044
2107
2106
2104
2107
2112
2079
2070
2063
2066
2072
2074
2067
2065
2059
2053
2050
2043
2043
2040
2038
2034
2032
2000
1984
1959
1935
1911
1894
1878
1865
1851
1837
1833
1831
1835
1839
1847
1843
1845
1851
1868
1874
1911
1922
1935
1945
1959
1997
2004
2014
2021
2023
2024
2031
2038
2067
2074
2076
2076
2049
2033
2022
2000
1980
1923
1900
1882
1866
1859
1848
1839
1833
1800
1787
1780
1778
1769
1733
1730
1725
1724
1717
1716
1717
1711
1706
1709
1715
1725
1744
1764
1782
1804
1825
1902
1927
1958
1979
2000
2020
2041
2062
2077
2107