1545
1555
1559
1573
1581
1594
1609
1687
1695
1690
1684
1682
1661
1666
1679
1698
1727
1755
1784
1804
1856
1864
1874
1893
1992
2020
2046
2079
2131
2135
2136
2153
2176
2243
2268
2302
2334
2343
2346
2352
2356
2392
2405
2426
2445
2486
2485
2480
2479
2476
2441
2427
2418
2408
2401
2393
2383
2373
2356
2350
2348
2351
2341
2330
2323
2322
2328
2324
2324
2315
2307
2247
2218
2195
2182
2169
2158
2143
2131
2100
2097
2089
2083
2020
2002
1990
1968
1858
1824
1793
1768
1747
1698
1688
1678
1675
1667
1656
1636
1611
1526
1516
1516
1514
1498
1482
1468
1451
1436
1414
1414
1422
1436
1451
1479
1508
1538
1644
1672
1704
1746
1912
1966
2021
2077
2133
2266
2310
2355
2388
2423
2462
2499
2530
2629
2643
2650
2664
2673
2676
2672
2662
2594
2577
2553
2528
2504
2421
2389
2352
2316
2270
2232
2187
2134
1931
1894
1863
1826
1664
1624
1588
1554
1524
1411
1381
1350
1328
1311
1305
1303
1301
1320
1331
1348
1364
1377
1395
1414
1439
1461
1563
1605
1645
1685
1720
1754
1790
1828
1861
1964
1999
2033
2073
2112
2134
2155
2182
2249
2264
2278
2283
2302
2295
2289
2289
2276
2272
2259
2256
2256
2252
2254
2258
2255
2254
2261
2270
2273
2294
2304
2308
2307
2309
2318
2315
2309
2302
2288
2290
2286
2277
2261
2243
2234
2232
2195
2186
2182
2183
2163
2156
2148
2130
2057
2038
2023
2015
1999
1964
1954
1943
1932
1931
1932
1917
1898
1854
1846
1847
1846
1843
1838
1833
1827
1825
1803
1811
1811
1810
1807
1809
1814
1809
1788
1781
1781
1784
1752
1749
1753
1753
1785
1794
1794
1802
1807
1851
1867
1890
1914
1937
1956
1968
1996
2098
2128
2158
2184
2272
2293
2319
2340
2359
2400
2414
2427
2435
2439
2443
2445
2444
2429
2420
2414
2406
2346
2334
2314
2293
2208
2186
2160
2138
2119
2049
2019
1986
1964
1943
1926
1915
1897
1808
1794
1785
1779
1727
1719
1718
1713
1713
1713
1718
1722
1727
1763
1777
1794
1810
1825
1841
1861
1883
1941
1951
1966
1983
2049
2067
2081
2084
2090
2134
2148
2158
2170
2174
2180
2185
2197
2215
2210
2209
2206
2197
2183
2175
2165
2128
2117
2105
2090
2077
2039
2026
2020
2015
2006
1984
1972
1962
1927
1919
1910
1904
1878
1875
1870
1864
1867
1873
1880
1893
1900
1897
1900
1906
1912
1929
1929
1935
1942
1964
1975
1983
1996
2007
2009
2009
2009
2021
2032
2037
2037
2044
2050
2050
2055
2051
2039
2037
2035
2040
2046
2044
2045
2052
2055
2060
2071
2079
2087
2097
2096
2092
2090
2102
2102
2110
2112
2110
2118
2116
2119
2108
2108
2106
2102
2098
2091
2092
2087
2082
2083
2083
2077
2073
2038
2036
2032
2029
2020
2015
2010
2006
2006
2011
2016
2018
2018
2023
2026
2025
2031
2032
2034
2038
2036
2024
2018
2020
2021
2014
2008
2003
2001
1998
1984
1982
1982
1975
1970
1966
1966
1965
1968
1972
1978
1981
1997
2005
2016
2016
2022
2047
2058
2067
2075
2090
2096
2107
2117
2129
2136
2142
2147
2153
2150
2158
2157
2140
2138
2132
2127
2119
2089
2083
2076
2069
2060
2048
2040
2032
2002
1989
1974
1965
1923
1915
1907
1906
1905
1893
1888
1888
1886
1885
1887
1890
1894
1885
1890
1884
1877
1888
1892
1900
1911
1924
1934
1937
1944
1954
1969
1975
1974
1978
1983
1981
1980
1981
1994
1997
1995
1993
2005
2014
2014
2017
2015
2032
2033
2031
2037
2047
2049
2046
2052
2067
2072
2075
2076
2086
2089
2097
2098
2098
2101
2099
2102
2101
2101
2101
2101
2102
2100
2099
2100
2096
2092
2088
2088
2088
2083
2087
2094
2096
2096
2090
2086
2087
2093
2089
2088
2087
2090
2097
2099
2098
2091
2072
2070
2072
2069
2051
2045
2036
2028
2025
2011
2008
2004
2001
1993
1985
1977
1967
1948
1949
1954
1954
1947
1951
1962
1964
1974
1970
1962
1959
1958
1963
1967
1969
1969
1972
1978
1986
1989
2000
2003
2008
2016
2027
2043
2046
2051
2062
2069
2070
2071
2074
2070
2063
2061
2057
2050
2055
2054
2050
2037
2027
2019
2013
2012
2004
1998
2000
1998
1994
1992
1989
1986
1990
1987
1986
1986
1991
1999
2004
2006
2001
2012
2015
2013
2009
2010
2013
2017
2015
1996
1995
1996
1994
1989
1985
1985
1979
1986
1987
1990
2000
2004
2012
2015
2020
2026
2028
2028
2032
2036
2052
2058
2061
2063
2078
2077
2078
2082
2089
2085
2082
2077
2074
2070
2062
2054
2042
2014
2002
1999
2017
2060
2120
2076
2010
1941
1875
1806
1743
1715
1814
1859
1946
2018
2078
2139
2178
2171
2129
2015
1981
1936
1939
1961
1977
1998
2046
2071
2127
2192
2235
2278
2351
2336
2340
2347
2338
2335
2355
2378
2311
2271
2206
2147
1935
1885
1844
1820
1927
1933
1908
1864
1821
1689
1673
1665
1675
1714
1771
1816
1839
1924
1914
1902
1880
1852
1876
1905
1949
1986
2057
2051
2038
2019
2001
1996
2003
1998
2004
2002
2014
2034
2182
2204
2222
2232
2303
2317
2319
2314
2311
2284
2305
2333
2361
2389
2403
2391
2352
2167
2105
2044
1991
1919
1918
1904
1893
1887
1888
1878
1864
1851
1842
1844
1862
1890
1998
2009
1999
1983
1895
1888
1882
1875
1819
1815
1824
1838
1853
1891
1901
1910
1914
1919
1929
1930
1927
1946
1974
2021
2059
2098
2089
2076
2061
2049
2063
2076
2089
2100
2111
2111
2109
2108
2026
2008
1994
1988
1990
1988
1987
1991
2026
2042
2058
2069
2081
2094
2091
2082
2079
2066
2054
2043
2030
2007
2001
1991
1991
2019
2041
2058
2073
2086
2117
2110
2099
2078
2044
2012
1980
1954
1927
1939
1945
1942
1865
1836
1818
1802
1791
1807
1825
1846
1863
1858
1845
1833
1817
1799
1787
1789
1790
1804
1810
1816
1815
1800
1800
1806
1813
1827
1886
1914
1948
1978
2018
2055
2093
2131
2239
2275
2306
2341
2368
2402
2437
2476
2511
2620
2651
2680
2710
2733
2753
2773
2788
2810
2878
2903
2927
2950
2967
2984
2993
2993
2920
2878
2835
2843
2762
2694
2606
2507
2160
2121
2100
2017
1964
1840
1743
1709
1707
1670
1598
1588
1618
1593
1613
1570
1561
1618
1645
1660
1645
1658
1803
1801
1815
1827
1792
1742
1700
1646
1398
1350
1297
1242
1171
1167
1167
1153
1123
1119
1124
1138
1160
1229
1268
1288
1304
1327
1355
1381
1404
1612
1676
1753
1831
2091
2155
2226
2305
2386
2586
2633
2665
2683
2701
2728
2758
2794
3039
3077
3090
3094
2966
2923
2874
2801
2432
2338
2244
2143
2036
1817
1784
1762
1740
1712
1678
1643
1608
1547
1552
1562
1579
1616
1617
1612
1610
1605
1609
1612
1620
1638
1664
1692
1718
1734
1695
1685
1673
1669
1747
1766
1784
1793
1792
1773
1748
1733
1732
1761
1786
1804
1820
1825
1829
1831
1836
1936
1994
2051
2115
2359
2424
2497
2564
2628
2795
2843
2884
2925
2957
2979
3000
3006
2967
2955
2946
2944
2909
2866
2818
2761
2432
2332
2232
2139
2050
1808
1743
1685
1637
1589
1538
1492
1452
1380
1395
1421
1456
1594
1619
1647
1661
1678
1737
1758
1790
1818
1850
1880
1918
1955
2034
2049
2064
2074
2110
2131
2146
2149
2151
2150
2153
2139
2121
2079
2065
2056
2051
2048
2044
2038
2030
1974
1970
1978
1987
2026
2037
2047
2058
2064
2116
2143
2182
2227
2268
2310
2355
2393
2486
2499
2516
2531
2546
2545
2533
2526
2425
2396
2362
2323
2282
2223
2216
2208
2201
2181
2157
2136
2111
1976
1953
1935
1912
1835
1801
1767
1736
1701
1591
1560
1529
1509
1487
1472
1460
1446
1403
1399
1405
1400
1436
1450
1475
1500
1574
1594
1618
1637
1653
1720
1752
1782
1812
1840
1877
1910
1947
2120
2172
2229
2284
2452
2479
2515
2540
2551
2565
2561
2563
2564
2556
2533
2505
2481
2383
2363
2346
2329
2273
2252
2233
2210
2105
2080
2049
2022
1995
1923
1905
1890
1876
1861
1847
1832
1816
1768
1768
1772
1772
1751
1741
1745
1754
1757
1783
1795
1799
1810
1819
1826
1834
1835
1836
1823
1821
1817
1779
1765
1753
1742
1711
1717
1727
1746
1769
1826
1853
1872
1895
1918
1948
1976
2005
2104
2129
2150
2174
2226
2226
2232
2235
2236
2206
2199
2188
2179
2174
2171
2169
2167
2140
2129
2121
2112
2039
2021
2002
1988
1927
1917
1901
1891
1887
1882
1885
1903
1922
1932
1943
1957
1980
2093
2122
2154
2179
2299
2324
2344
2363
2384
2435
2449
2463
2477
2485
2484
2481
2474
2427
2406
2384
2359
2260
2236
2209
2183
2154
2069
2040
2011
1980
1952
1928
1901
1880
1825
1812
1808
1800
1806
1815
1822
1834
1883
1903
1915
1922
1937
1972
1984
1998
2006
2013
2022
2024
2032
2064
2071
2073
2076
2087
2086
2083
2086
2080
2045
2035
2024
2015
2009
2004
1995
1988
1974
1974
1976
1977
1994
2000
2010
2026
2036
2054
2058
2067
2079
2090
2092
2095
2102
2093
2088
2087
2084
2047
2043
2035
2023
1971
1962
1947
1937
1921
1884
1877
1865
1858
1851
1855
1854
1856
1871
1878
1880
1887
1918
1918
1924
1928
1934
1964
1971
1975
1976
1980
1988
2000
2010
2044
2053
2056
2061
2071
2074
2070
2071
2048
2044
2033
2025
2020
2003
1996
1991
1983
1977
1971
1970
1971
1968
1970
1973
1980
2006
2008
2009
2008
2009
2010
2012
2016
2015
2018
2029
2031
2030
2045
2051
2064
2069
2083
2087
2097
2110
2120
2126
2130
2137
2143
2144
2145
2149
2149
2147
2144
2141
2138
2108
2103
2101
2101
2084
2079
2075
2072
2076
2060
2047
2033
2025
2012
2007
2008
2009
1977
1968
1958
1950
1924
1919
1918
1921
1915
1917
1924
1932
1940
1950
1964
1968
1967
1973
1983
2000
2012
2054
2071
2080
2082
2108
2111
2110
2108
2115
2122
2129
2128
2127
2127
2130
2127
2124
2124
2119
2116
2107
2082
2083
2079
2069
2022
2004
1995
1979
1974
1943
1936
1931
1928
1925
1916
1911
1910
1922
1921
1925
1927
1943
1943
1947
1952
1956
1973
1978
1980
1986
1994
1999
2001
2006
2013
2012
2006
2002
2004
1998
1996
1991
1977
1976
1976
1979
1980
1969
1974
1977
1989
1988
1990
1994
2000
2041
2053
2065
2072
2106
2109
2120
2136
2148
2163
2162
2160
2170
2176
2178
2175
2174
2156
2151
2148
2139
2097
2086
2085
2083
2050
2043
2045
2043
2039
2027
2022
2010
2002
1994
1985
1978
1983
1977
1982
1979
1977
1979
1979
1988
1998
2005
2010
2010
2005
2004
2004
2006
2009
2008
2004
2005
2002
2001
1975
1965
1962
1954
1957
1953
1950
1946
1942
1949
1949
1949
1946
1949
1950
1959
1962
1990
1994
1999
2005
2024
2029
2034
2045
2055
2075
2075
2084
2088
2090
2094
2094
2097
2097
2097
2095
2092
2081
2078
2078
2076
2071
2033
2027
2020
2010
1996
1986
1977
1977
1951
1947
1954
1963
1978
1985
1990
1989
2007
2008
2009
2010
2014
2020
2022
2023
2021
2025
2034
2034
2040
2049
2055
2062
2061
2058
2062
2061
2055
2049
2045
2029
2032
2033
2033
2032
2030
2026
2023
2027
2019
2014
2011
2017
2016
2017
2018
2025
2050
2059
2062
2065
2067
2062
2059
2057
2056
2048
2039
2036
2038
2036
2031
2034
2029
2013
2018
2017
2019
2025
2026
2027
2027
2036
2039
2032
2031
2035
2039
2036
2040
2040
2045
2044
2045
2045
2050
2049
2087
2151
2178
1969
1910
1872
1849
1840
1853
1848
1837
1862
2001
2024
2037
2053
2064
2061
2052
2049
1982
1979
1991
2007
2101
2093
2090
2101
2105
2122
2151
2178
2214
2244
2232
2222
2207
2169
2119
2064
2014
1944
1966
1978
1987
2011
2007
1994
1970
1940
1873
1870
1878
1898
1914
1925
1929
1933
1917
1921
1935
1957
2046
2046
2047
2044
2033
2030
2035
2049
2065
2151
2166
2181
2178
2177
2179
2181
2178
2178
2177
2175
2182
2153
2125
2084
2042
2006
1962
1964
1964
1957
1950
1954
1923
1853
1980
1929
1935
1923
1740
1720
1735
1745
1735
1746
1763
1779
1786
1824
1869
1895
1909
1939
1973
1994
2021
2158
2190
2221
2224
2307
2331
2353
2396
2415
2398
2384
2341
2280
2236
2204
2158
2103
1914
1890
1855
1807
1691
1673
1661
1677
1695
1708
1702
1690
1682
1676
1653
1620
1591
1573
1588
1623
1673
1697
1689
1677
1685
1688
1647
1625
1602
1580
1565
1578
1608
1644
1676
1750
1766
1778
1786
1808
1831
1853
1871
1895
1895
1898
1898
2013
2058
2115
2186
2268
2542
2622
2690
2745
2801
2854
2911
2962
3132
3147
3152
3152
3169
3259
3296
3244
3195
3191
3231
3267
3297
3421
3449
3496
3550
3562
3560
3553
3549
3401
3327
3228
3132
2755
2682
2604
2495
2084
1964
1867
1778
1680
1487
1432
1375
1313
1256
1193
1094
982
556
475
407
330
156
142
135
126
119
110
108
108
110
115
117
118
124
148
167
193
225
649
791
948
1099
1559
1638
1720
1796
1874
2082
2156
2228
2292
2346
2383
2413
2440
2529
2562
2600
2637
2760
2785
2792
2797
2793
2711
2686
2662
2643
2633
2632
2637
2645
2662
2659
2658
2666
2771
2827
2871
2908
3025
3030
3033
3031
3025
2969
2945
2915
2875
2820
2764
2705
2649
2422
2375
2329
2272
1975
1889
1798
1709
1629
1446
1387
1330
1275
1211
1149
1096
1047
850
812
782
756
743
765
795
836
878
1056
1124
1204
1280
1358
1439
1523
1605
1903
1966
2037
2108
2383
2439
2486
2528
2652
2675
2687
2702
2717
2749
2747
2739
2733
2733
2735
2748
2770
2913
2952
2983
3013
3123
3160
3195
3222
3239
3222
3199
3152
3102
3052
3000
2947
2885
2642
2581
2520
2459
2197
2134
2075
2029
1858
1827
1800
1771
1741
1604
1548
1486
1414
1347
1274
1210
1147
909
857
809
778
715
723
735
756
783
898
947
998
1055
1125
1195
1267
1343
1696
1785
1866
1943
2251
2325
2393
2460
2680
2716
2743
2775
2799
2826
2821
2819
2819
2825
2819
2805
2791
2680
2636
2592
2544
2362
2319
2272
2226
2174
2010
1957
1896
1847
1801
1764
1730
1702
1625
1624
1625
1623
1642
1655
1664
1673
1677
1697
1690
1684
1678
1674
1667
1667
1668
1699
1712
1723
1727
1749
1752
1764
1780
1815
1824
1817
1801
1785
1708
1679
1652
1628
1607
1589
1587
1579
1575
1593
1610
1633
1772
1818
1873
1929
1989
2134
2174
2212
2250
2288
2324
2361
2393
2474
2493
2510
2524
2588
2607
2640
2666
2775
2805
2830
2852
2869
2907
2915
2921
2920
2911
2903
2886
2863
2699
2644
2594
2534
2266
2195
2130
2063
1995
1795
1739
1688
1641
1597
1557
1527
1503
1414
1397
1387
1380
1363
1364
1363
1369
1391
1391
1394
1406
1416
1435
1444
1454
1468
1493
1512
1538
1563
1676
1700
1730
1770
1892
1923
1952
1981
2012
2079
2092
2108
2127
2141
2164
2176
2193
2279
2299
2322
2353
2454
2482
2508
2532
2612
2626
2638
2643
2651
2668
2671
2670
2659
2650
2645
2639
2624
2581
2566
2547
2524
2454
2432
2399
2372
2342
2218
2167
2117
2073
2025
1980
1930
1886
1749
1721
1698
1680
1644
1641
1637
1636
1642
1660
1668
1676
1681
1687
1681
1681
1685
1701
1700
1700
1703
1726
1730
1734
1746
1788
1793
1808
1821
1836
1867
1874
1884
1891
1897
1902
1911
1916
1918
1915
1907
1904
1888
1894
1896
1900
1900
1912
1916
1917
1926
1938
1959
1986
2005
2077
2097
2120
2140
2210
2224
2241
2263
2291
2290
2287
2284
2277
2245
2234
2221
2208
2198
2187
2175
2167
2143
2135
2130
2128
2114
2113
2114
2110
2106
2080
2062
2048
2038
2029
2016
2003
1992
1954
1945
1932
1928
1912
1905
1907
1904
1891
1886
1880
1879
1876
1867
1864
1857
1855
1855
1859
1860
1862
1891
1903
1913
1919
1971
1986
2003
2011
2017
2037
2048
2054
2062
2070
2077
2083
2087
2107
2120
2131
2136
2165
2176
2190
2197
2212
2219
2232
2239
2243
2229
2225
2215
2208
2201
2193
2186
2178
2136
2130
2119
2108
2075
2072
2069
2066
2068
2047
2036
2033
2032
2025
2022
2023
2015
1987
1979
1972
1967
1942
1936
1933
1934
1925
1918
1918
1916
1921
1949
1952
1956
1965
1982
1990
1997
2006
2049
2059
2066
2077
2082
2084
2085
2087
2088
2073
2064
2056
2055
2057
2051
2041
2032
2006
2000
1999
1997
1984
1979
1979
1978
1977
1972
1970
1964
1966
1963
1963
1960
1959
1942
1936
1931
1934
1938
1945
1949
1951
1975
1976
1980
1988
1988
1986
1983
1985
1992
1994
2000
1999
1999
1995
1999
2011
2007
2008
2013
2012
2013
2012
2009
1992
1991
1990
1990
1977
1967
1964
1968
1969
1967
1970
1971
1980
1987
1994
2008
2019
2051
2056
2068
2076
2087
2090
2097
2102
2108
2108
2114
2117
2116
2118
2120
2122
2124
2119
2119
2127
2126
2127
2134
2140
2146
2147
2147
2150
2147
2148
2144
2134
2125
2124
2121
2118
2120
2115
2076
2074
2075
2076
2057
2048
2039
2035
2013
2012
2004
1999
1995
1975
1965
1950
1940
1934
1924
1923
1910
1882
1877
1870
1866
1862
1865
1863
1861
1861
1869
1874
1878
1879
1885
1891
1892
1906
1950
1958
1967
1976
2008
2019
2035
2054
2066
2096
2101
2110
2118
2126
2130
2135
2141
2144
2145
2142
2147
2145
2146
2145
2137
2133
2112
2111
2104
2098
2090
2083
2072
2067
2064
2043
2039
2030
2019
2011
2012
2006
2008
2003
1999
1997
1997
1988
1985
1989
1991
1993
1992
1996
1996
1996
1993
1987
1983
1982
1978
1978
1981
1982
1975
1975
1979
1981
1986
1985
1987
1988
1994
1996
2000
2008
2014
2022
2030
2041
2046
2066
2076
2083
2088
2092
2093
2098
2091
2086
2082
2076
2072
2071
2061
2061
2054
2056
2056
2055
2053
2054
2052
2051
2045
2053
2004
1865
1778
1717
1674
1699
1734
1795
1873
1962
2020
2068
2119
2277
2280
2293
2277
2181
2178
2172
2163
2144
2154
2163
2157
2145
2186
2191
2216
2240
2236
2220
2234
2266
2178
2135
2079
2034
1923
1909
1881
1849
1822
1814
1807
1788
1766
1749
1753
1757
1752
1706
1707
1722
1746
1826
1832
1834
1838
1877
1896
1905
1901
1900
1957
1977
1992
2009
2040
2055
2066
2076
2126
2117
2105
2100
2156
2166
2169
2161
2144
2108
2112
2107
2092
2077
2067
2061
2054
2096
2100
2103
2099
2116
2111
2089
2065
1982
1976
1976
1980
1996
2041
2045
2042
2033
2024
2022
2028
2039
2058
2070
2082
2095
2120
2116
2106
2098
2083
2033
2017
2012
2017
2035
2053
2064
2064
2043
2039
2045
2048
2028
2019
2017
2017
2040
2043
2049
2052
2059
2064
2066
2071
2064
2053
2037
2029
2023
2009
2001
1996
1995
1978
1976
1971
1962
1954
1941
1938
1944
1946
1942
1943
1946
1956
1977
1984
1998
2011
1978
1958
1930
1909
1871
1859
1850
1837
1828
1821
1817
1817
1815
1827
1829
1831
1850
1893
1903
1906
1919
1928
1924
1926
1933
1941
1985
2013
2048
2088
2114
2147
2182
2214
2302
2316
2320
2321
2362
2408
2461
2448
2319
2307
2314
2332
2344
2424
2467
2515
2539
2559
2588
2621
2643
2688
2716
2730
2729
2706
2703
2689
2674
2658
2600
2569
2529
2494
2468
2431
2375
2324
2096
2066
2020
1958
1744
1695
1645
1593
1394
1354
1313
1273
1260
1140
1048
1054
1137
1220
1283
1322
1336
1116
1010
904
845
925
971
1058
1166
1243
1420
1474
1493
1509
1573
1671
1765
1839
1865
1845
1878
1928
2208
2246
2280
2329
2344
2333
2314
2296
2302
2335
2351
2341
2289
2239
2208
2184
2151
2173
2190
2214
2234
2099
2024
1941
1852
1856
1891
1923
1940
1943
1883
1861
1835
1832
1839
1842
1855
1870
1997
2006
1992
1960
1942
1971
1991
2005
2005
1941
1911
1897
1895
1918
1938
1938
1941
2094
2159
2208
2221
2062
2025
2026
2053
2261
2292
2307
2296
2268
2126
2093
2081
2094
2121
2153
2199
2259
2397
2426
2448
2456
2537
2583
2639
2681
2705
2680
2638
2602
2575
2560
2557
2570
2589
2583
2557
2528
2494
2466
2448
2445
2443
2448
2487
2494
2499
2491
2460
2418
2368
2328
2294
2291
2303
2307
2301
2280
2244
2190
2124
1882
1854
1829
1813
1771
1742
1702
1658
1506
1498
1516
1542
1572
1591
1581
1558
1527
1496
1474
1449
1424
1427
1435
1444
1448
1441
1470
1502
1537
1582
1701
1738
1775
1813
1851
1890
1919
1950
2113
2167
2223
2268
2354
2357
2379
2398
2524
2566
2602
2641
2683
2772
2784
2784
2791
2803
2808
2810
2814
2796
2776
2758
2733
2517
2436
2340
2245
2157
1953
1894
1833
1774
1719
1660
1599
1536
1261
1196
1133
1086
945
927
913
898
875
874
885
902
923
1040
1097
1159
1234
1307
1382
1454
1527
1800
1863
1929
1990
2179
2222
2262
2293
2325
2373
2373
2373
2378
2376
2372
2365
2355
2355
2371
2387
2404
2421
2432
2437
2438
2426
2395
2436
2488
2530
2561
2567
2558
2527
2471
2297
2251
2206
2170
2136
2106
2087
2080
2059
2057
2068
2087
2212
2225
2226
2223
2168
2164
2164
2163
2155
2136
2122
2113
2096
2081
2055
2028
1996
1927
1908
1888
1869
1760
1753
1743
1740
1755
1800
1816
1824
1815
1796
1774
1747
1723
1728
1726
1719
1706
1680
1677
1683
1687
1792
1842
1901
1958
2009
2115
2142
2178
2222
2268
2313
2365
2409
2450
2445
2442
2444
2429
2423
2425
2440
2459
2488
2465
2435
2405
2374
2346
2322
2310
2253
2242
2218
2181
1949
1885
1835
1791
1669
1659
1648
1645
1641
1628
1636
1647
1671
1697
1725
1764
1816
1952
1959
1957
1959
1982
1986
1998
1999
1989
1912
1894
1889
1887
1897
1904
1918
1931
1961
1966
1965
1961
1967
1981
1996
2022
2051
2135
2151
2158
2155
2141
2123
2107
2094
2084
2058
2063
2072
2080
2092
2098
2111
2121
2188
2223
2261
2293
2418
2441
2461
2474
2517
2524
2527
2529
2521
2432
2394
2346
2296
2246
2199
2160
2123
1981
1946
1903
1866
1754
1738
1731
1729
1734
1732
1729
1719
1706
1690
1677
1665
1654
1653
1651
1655
1656
1688
1704
1718
1741
1824
1849
1874
1900
1928
2026
2054
2084
2103
2120
2129
2139
2145
2145
2147
2148
2150
2179
2192
2200
2207
2218
2229
2231
2237
2239
2251
2256
2255
2249
2241
2222
2212
2200
2125
2113
2105
2102
2075
2070
2060
2047
2033
2010
2010
2008
2003
2002
2004
2003
1996
1963
1958
1947
1931
1871
1853
1845
1838
1833
1817
1816
1811
1816
1822
1831
1838
1848
1869
1876
1881
1889
1906
1912
1921
1926
1901
1901
1898
1896
1891
1888
1897
1903
1912
1919
1928
1937
1942
1983
2002
2013
2026
2075
2085
2090
2097
2110
2116
2115
2109
2107
2097
2095
2089
2085
2086
2083
2087
2092
2098
2097
2093
2096
2098
2105
2113
2112
2111
2110
2105
2102
2099
2101
2099
2101
2099
2095
2095
2096
2093
2087
2090
2095
2095
2089
2109
2112
2117
2123
2119
2113
2112
2107
2096
2090
2079
2069
2030
2025
2026
2030
2033
2032
2033
2030
2033
1999
1992
1981
1972
1963
1960
1961
1954
1931
1925
1924
1917
1902
1904
1912
1920
1936
1982
1997
2011
2025
2038
2050
2057
2060
2115
2120
2121
2126
2123
2121
2119
2111
2079
2079
2071
2060
2046
2027
2022
2022
2018
2015
2018
2019
2017
2005
2000
2000
1995
1979
1978
1975
1974
1971
1959
1958
1961
1971
1978
1986
1986
1986
2002
2007
2011
2018
2022
2025
2034
2031
2028
2029
2023
2014
2010
2004
2004
2005
2005
1998
1994
1992
1990
1998
2005
2009
2014
2036
2035
2042
2044
2057
2060
2061
2063
2064
2067
2058
2061
2063
2064
2066
2068
2068
2064
2069
2071
2077
2079
2073
2076
2074
2073
2049
2043
2038
2039
2043
2041
2047
2050
2027
2024
2027
2026
2017
2016
2023
2024
2036
2032
2027
2025
2025
2001
1999
1995
1991
1989
1991
1988
1990
1991
1990
1992
1991
2004
2011
2021
2024
2027
2026
2020
2022
2020
2022
2023
2022
2019
2004
1996
1988
1978
1954
1959
1956
1956
1951
1953
1959
1960
1966
1980
1988
1995
2004
2012
2016
2022
2024
2038
2037
2040
2043
2043
2039
2028
2023
2024
2022
2028
2037
2044
2049
2045
2047
2053
2076
2085
2095
2098
2102
2098
2094
2095
2078
2079
2072
2062
2059
2024
2020
2014
2020
2017
2019
2020
2014
2017
2018
2018
2017
2012
2003
1996
1992
1987
1970
1959
1953
1953
1953
1941
1937
1939
1939
1944
1950
1958
1990
2005
2019
2022
2052
2058
2061
2071
2082
2094
2090
2094
2095
2097
2102
2105
2101
2075
2074
2073
2078
2096
2097
2096
2094
2089
2081
2076
2075
2073
2078
2078
2074
2069
2055
2056
2056
2059
2033
2039
2038
2038
2044
2039
2040
2042
2045
2052
2046
2044
2043
2038
2026
2021
2010
1986
1981
1979
1976
1964
1961
1960
1960
1960
1943
1942
1943
1947
1944
1939
1939
1939
1946
1954
1955
1957
1883
1794
1714
1663
1723
1792
1863
1926
1975
2080
2100
2127
2150
2157
2166
2180
2195
2277
2297
2316
2325
2219
2196
2184
2178
2172
2156
2150
2147
2147
2149
2143
2131
2121
2050
2045
2044
2041
2044
2045
2042
2038
1986
1981
1970
1961
1955
1956
1963
1969
1980
1998
2012
2022
2030
2021
2005
1989
1975
1932
1936
1941
1945
1950
1939
1939
1942
1938
1942
1949
1953
1958
1932
1920
1923
1922
1919
1920
1918
1931
2000
2010
2010
2013
2014
2042
2051
2054
2058
2061
2065
2074
2077
2037
2029
2030
2033
2063
2062
2062
2056
2052
2025
2022
2010
2007
2001
1991
1982
1969
1883
1876
1867
1856
1845
1849
1841
1834
1769
1749
1727
1702
1671
1565
1544
1535
1522
1498
1465
1429
1399
1412
1433
1470
1518
1691
1750
1802
1839
1880
1965
2009
2047
2088
2125
2145
2170
2218
2362
2391
2446
2507
2563
2627
2692
2738
2784
2969
3019
3057
3116
3197
3255
3273
3299
3344
3706
3854
3882
3837
3829
3860
3859
3793
3582
3441
3337
3197
3063
3115
3172
3269
3362
3381
3356
3303
3242
3056
3003
2982
2907
2799
2715
2675
2611
2135
2029
1918
1792
1302
1159
1013
863
695
277
162
122
112
109
108
110
109
95
93
92
89
88
89
90
92
92
97
102
112
118
126
137
150
180
422
514
607
686
765
845
924
1015
1128
1504
1623
1734
1838
1926
2005
2075
2157
2231
2431
2505
2577
2647
2718
2778
2818
2836
2895
2879
2868
2871
2986
3007
3012
3002
2902
2864
2821
2769
2713
2602
2566
2524
2489
2447
2409
2370
2338
2259
2244
2216
2193
2026
1974
1928
1895
1870
1735
1688
1628
1561
1502
1457
1405
1348
1222
1223
1240
1260
1324
1346
1370
1403
1537
1570
1604
1634
1681
1827
1879
1924
1969
2010
2037
2066
2098
2287
2334
2383
2439
2622
2660
2706
2749
2789
2940
2986
3021
3056
3095
3140
3176
3204
3303
3307
3299
3283
3188
3171
3161
3152
3109
3099
3086
3073
3061
3003
2981
2958
2940
2925
2907
2891
2871
2753
2708
2655
2601
2388
2343
2296
2245
2202
2023
1956
1889
1817
1749
1689
1626
1566
1345
1293
1245
1201
1051
1023
1000
974
854
829
807
795
795
809
819
837
850
863
876
885
900
1005
1046
1093
1155
1392
1449
1503
1561
1616
1805
1869
1925
1984
2050
2118
2198
2273
2455
2509
2562
2616
2673
2723
2766
2804
2845
2916
2928
2945
2955
2955
2965
2964
2952
2930
2830
2781
2731
2675
2620
2559
2502
2439
2209
2157
2104
2056
1852
1808
1764
1729
1578
1544
1520
1499
1480
1399
1372
1350
1328
1314
1306
1299
1297
1279
1281
1284
1297
1365
1389
1416
1436
1450
1530
1561
1593
1629
1664
1702
1742
1785
1825
1826
1832
1835
1863
1884
1914
1934
2023
2049
2074
2095
2121
2191
2218
2243
2276
2302
2330
2356
2379
2417
2425
2435
2453
2523
2537
2547
2550
2550
2550
2546
2542
2536
2523
2508
2501
2489
2449
2435
2420
2398
2308
2286
2263
2238
2118
2093
2070
2044
2016
1946
1916
1888
1869
1847
1822
1797
1784
1752
1754
1753
1750
1738
1740
1739
1737
1734
1715
1708
1709
1707
1712
1721
1725
1729
1754
1756
1757
1758
1783
1786
1790
1797
1810
1843
1844
1846
1861
1866
1866
1878
1895
1945
1963
1983
2003
2026
2052
2077
2107
2136
2231
2261
2291
2320
2358
2388
2411
2440
2466
2526
2536
2546
2551
2556
2555
2558
2559
2544
2542
2536
2534
2499
2487
2482
2474
2415
2397
2375
2355
2338
2267
2245
2224
2206
2180
2153
2116
2074
1951
1926
1906
1884
1791
1769
1750
1738
1725
1686
1676
1669
1668
1673
1675
1677
1680
1713
1720
1727
1736
1763
1776
1787
1793
1828
1837
1854
1867
1885
1934
1944
1958
1972
1979
2001
2010
2016
2037
2044
2059
2066
2080
2083
2084
2081
2083
2097
2105
2116
2123
2130
2136
2144
2147
2127
2127
2126
2127
2130
2134
2138
2144
2125
2123
2120
2115
2106
2096
2095
2087
2082
2078
2068
2066
2065
2040
2029
2018
2012
1975
1967
1961
1951
1942
1908
1898
1892
1887
1883
1881
1874
1873
1873
1874
1879
1883
1880
1878
1876
1881
1881
1882
1881
1879
1887
1882
1877
1873
1872
1873
1874
1874
1875
1889
1886
1894
1900
1942
1964
1976
1981
1987
2005
2007
2008
2012
2013
2019
2023
2028
2030
2038
2042
2048
2075
2095
2114
2130
2186
2205
2215
2222
2237
2252
2264
2275
2285
2295
2310
2317
2321
2306
2299
2295
2291
2251
2242
2230
2216
2194
2149
2142
2128
2113
2097
2081
2063
2051
1994
1979
1958
1944
1908
1899
1887
1881
1840
1842
1834
1839
1843
1855
1856
1861
1862
1863
1870
1872
1877
1899
1906
1923
1934
1958
1963
1975
1981
2013
2026
2041
2049
2052
2076
2078
2084
2094
2099
2108
2115
2117
2122
2117
2120
2123
2122
2122
2124
2116
2112
2107
2096
2086
2083
2081
2075
2074
2071
2057
2056
2056
2057
2042
2037
2038
2039
2022
2017
2011
2006
2011
1975
1962
1957
1948
1948
1943
1941
1940
1918
1921
1922
1919
1927
1924
1926
1928
1930
1923
1921
1926
1927
1927
1930
1931
1931
1938
1943
1950
1951
1975
1983
1991
2000
2029
2032
2039
2043
2056
2068
2073
2075
2082
2091
2097
2102
2097
2093
2091
2093
2094
2084
2077
2080
2087
2093
2081
2082
2087
2094
2093
2092
2096
2102
2113
2113
2118
2121
2113
2108
2104
2111
2089
2082
2082
2075
2064
2057
2053
2039
2040
2039
2042
2043
2044
2035
2033
2027
2015
1989
1983
1977
1973
1974
1975
1975
1972
1962
1961
1957
1954
1957
1959
1962
1959
1960
1956
1955
1957
1962
1986
1988
1988
1989
1991
2000
2003
2013
2024
2025
2029
2030
2042
2050
2052
2049
2055
2074
2077
2083
2085
2090
2089
2087
2082
2084
2086
2090
2091
2092
2086
2077
2071
2065
2058
2056
2060
2059
2056
2051
2045
2040
2037
2010
2009
2008
2004
1998
1997
1997
1990
1967
1967
1964
1960
1951
1951
1953
1950
1959
1957
1962
1959
1952
1949
1948
1948
1950
1947
1942
1937
1935
1960
1962
1963
1965
1973
1980
1992
1995
2003
2018
2026
2035
2049
2052
2053
2056
2063
2073
2076
2084
2089
2096
2092
2091
2096
2093
2097
2098
2094
2090
2095
2098
2094
2091
2096
2101
2099
2101
2087
2086
2084
2080
2074
2069
2062
2059
2063
2063
2060
2052
2044
2039
2039
2035
2030
2029
2028
2030
2024
2000
1995
1988
1983
1993
1991
1989
1998
1997
1968
1970
1973
1982
1981
1981
1982
1984
1980
1984
1991
1993
1994
2000
2000
1974
1927
1770
1769
1796
1841
1883
1916
1946
1977
2065
2079
2085
2087
2094
2103
2132
2178
2269
2267
2261
2242
2227
2183
2184
2177
2168
2162
2157
2155
2159
2109
2094
2079
2071
2054
2052
2043
2028
2013
1956
1942
1932
1921
1909
1887
1879
1877
1871
1867
1864
1865
1924
1939
1946
1951
1901
1895
1889
1886
1891
1938
1958
1974
1995
2007
2016
2020
2015
2014
2020
2019
2018
2017
2019
2012
2016
2011
1993
2002
2013
2028
2041
2049
2055
2059
2070
2072
2069
2070
2110
2119
2127
2127
2123
2119
2120
2128
2136
2133
2130
2124
2119
2113
2104
2096
2091
2064
2054
2053
2056
2035
2024
2015
2016
2013
1994
1993
1989
1991
1992
1993
1989
1990
1950
1937
1927
1931
1953
1968
1985
2001
2037
2035
2028
2032
2039
2044
2042
2038
2035
2031
2024
2025
2024
1999
1991
1990
1980
1975
1974
1965
1955
1913
1909
1902
1903
1906
1905
1908
1909
1909
1909
1907
1907
1908
1916
1917
1918
1926
1971
1974
1983
1992
1995
2001
1995
1990
1990
1986
1979
1973
1963
1945
1946
1946
1946
1946
1944
1943
1936
1943
1943
1944
1943
1940
1943
1935
1928
1925
1915
1902
1893
1891
1901
1905
1916
1924
1977
1997
2019
2036
2063
2120
2142
2174
2205
2233
2263
2290
2316
2419
2448
2481
2505
2611
2631
2653
2668
2739
2761
2775
2783
2790
2813
2786
2724
2651
2575
2485
2409
2396
2406
2431
2445
2446
2470
2469
2465
2482
2496
2484
2512
2528
2512
2459
2406
2376
2340
2142
2093
2048
2001
1764
1712
1649
1572
1303
1255
1205
1147
1079
815
728
658
612
589
603
657
720
1109
1203
1298
1383
1605
1652
1708
1772
1836
1962
1972
1968
1958
1937
1903
1876
1855
1842
1870
1899
1929
2041
2053
2072
2092
2213
2237
2266
2282
2296
2276
2264
2251
2238
2211
2196
2196
2199
2226
2225
2214
2199
2175
2188
2199
2207
2211
2158
2112
2060
2001
1949
1900
1860
1825
1806
1816
1816
1798
1727
1709
1695
1687
1506
1441
1383
1350
1336
1342
1345
1351
1372
1398
1431
1481
1539
1637
1637
1640
1634
1716
1752
1806
1847
2014
2043
2074
2108
2155
2255
2282
2309
2330
2349
2369
2390
2405
2420
2431
2450
2480
2538
2547
2560
2570
2586
2632
2650
2651
2655
2655
2667
2677
2688
2721
2723
2725
2722
2749
2753
2757
2760
2745
2740
2726
2705
2682
2612
2584
2562
2531
2489
2446
2402
2357
2144
2097
2056
2022
1867
1831
1795
1757
1728
1640
1617
1592
1581
1581
1593
1608
1625
1667
1660
1661
1655
1665
1672
1686
1707
1727
1781
1800
1818
1834
1847
1855
1862
1864
1896
1907
1918
1942
1998
2020
2040
2059
2083
2139
2158
2170
2185
2194
2207
2223
2237
2331
2355
2374
2392
2419
2422
2425
2421
2379
2373
2360
2343
2325
2234
2193
2148
2107
2070
2042
2022
2010
1952
1935
1917
1895
1801
1776
1754
1736
1666
1651
1634
1621
1611
1580
1577
1578
1573
1571
1572
1566
1563
1552
1546
1552
1560
1611
1622
1642
1663
1680
1741
1765
1784
1803
1824
1841
1861
1888
1938
1952
1958
1963
1975
1989
2007
2023
2027
2042
2047
2051
2056
2070
2075
2092
2111
2130
2162
2169
2179
2197
2205
2207
2199
2201
2171
2167
2158
2153
2151
2149
2151
2160
2136
2124
2115
2106
2099
2074
2069
2065
2057
2049
2045
2041
2041
2018
2010
2001
1996
1936
1928
1921
1916
1903
1858
1851
1848
1840
1838
1835
1845
1853
1885
1891
1899
1906
1930
1936
1946
1952
1960
1975
1977
1984
1993
2004
2011
2016
2027
2031
2029
2023
2021
2022
2021
2026
2035
2039
2040
2045
2047
2047
2049
2051
2057
2060
2070
2100
2119
2138
2154
2171
2180
2196
2213
2232
2253
2260
2266
2283
2298
2314
2327
2334
2306
2286
2265
2237
2214
2201
2191
2178
2169
2136
2128
2124
2116
2105
2086
2071
2054
2011
1999
1987
1985
1961
1950
1948
1947
1943
1943
1942
1942
1944
1948
1947
1948