2017
2018
2017
2027
2023
2020
2019
2020
2018
2032
2032
2027
2025
2025
2025
2033
2039
2045
2044
2047
2057
2061
2058
2057
2061
2061
2053
2048
2041
2033
2030
2028
2033
2036
2028
2027
2025
2027
2030
2027
2026
2022
2026
2018
2019
2016
2019
2022
2019
2020
2016
2013
2019
2022
2023
2021
2019
2027
2031
2025
2031
2028
2022
2020
2033
2029
2022
2022
2021
2027
2028
2029
2029
2016
2007
2007
2010
2014
2011
2007
2009
2019
2020
2027
2027
2023
2020
2021
2024
2025
2025
2031
2032
2034
2035
2034
2034
2029
2036
2037
2039
2039
2043
2044
2044
2043
2035
2040
2039
2043
2043
2033
2032
2031
2028
2030
2030
2034
2035
2025
2020
2021
2021
2020
2014
2008
2008
2008
2010
2009
2006
2001
1999
2002
2000
2000
1995
1991
1989
1987
1994
1998
2005
2000
1993
1995
2000
2006
2009
2007
2009
2012
2013
2015
2016
2022
2029
2025
2028
2035
2036
2038
2039
2044
2045
2048
2056
2061
2063
2066
2064
2063
2061
2058
2052
2047
2045
2047
2047
2045
2045
2042
2036
2031
2033
2038
2043
2045
2043
2047
2043
2043
2041
2036
2038
2034
2025
2028
2031
2033
2029
2030
2029
2031
2032
2033
2035
2039
2037
2037
2035
2038
2039
2038
2034
2033
2029
2020
2021
2025
2022
2020
2020
2016
2017
2020
2027
2024
2024
2028
2028
2032
2031
2029
2024
2028
2034
2037
2032
2040
2044
2053
2055
2059
2054
2052
2048
2053
2063
2062
2062
2058
2054
2056
2055
2046
2045
2038
2036
2020
2018
2013
2008
2000
1998
2002
1998
1988
1983
1986
1987
1985
1995
1994
1996
2001
1993
1992
1992
1992
1993
1995
1992
1991
1992
2000
2004
2013
2015
2016
2015
2018
2018
2013
2017
2021
2024
2015
2014
2019
2022
2027
2037
2040
2037
2035
2030
2029
2031
2029
2034
2037
2033
2035
2028
2031
2029
2031
2022
2020
2013
2009
2008
2014
2013
2011
2009
2006
2004
2002
2003
2000
1999
1996
1998
2008
2002
1998
1996
1996
1997
2000
2004
2003
2007
2011
2016
2018
2021
2021
2030
2033
2033
2039
2042
2042
2039
2039
2039
2043
2049
2051
2054
2053
2054
2057
2061
2065
2066
2069
2067
2072
2075
2084
2088
2085
2085
2083
2087
2090
2091
2089
2081
2077
2074
2072
2063
2063
2063
2066
2059
2051
2049
2041
2019
2016
2012
2010
2007
1997
1997
1989
1983
1978
1973
1971
1970
1993
1988
1982
1988
2005
2005
2007
2007
2009
2020
2019
2020
2022
2025
2026
2023
2024
2017
2023
2025
2021
2021
2020
2023
2020
2035
2037
2033
2030
2030
2010
2009
2017
2020
2017
2017
2009
2009
1999
2006
2009
2006
2004
2005
2006
2005
2005
2003
2003
2004
2006
2004
2005
2002
2006
2005
2001
2002
2002
2003
2005
2011
2010
2015
2014
2013
2016
2022
2028
2021
2024
2023
2023
2026
2025
2032
2021
2024
2029
2033
2034
2036
2036
2038
2038
2052
2052
2058
2064
2068
2068
2072
2077
2076
2075
2071
2066
2036
2028
2017
2017
2017
2009
2008
1997
1995
1996
1992
1989
1985
1992
1993
1992
1998
1993
1996
2002
2009
2024
2023
2026
2031
2035
2023
2020
2020
2023
2026
2036
2043
2041
2045
2051
2062
2063
2069
2070
2067
2061
2055
2047
2046
2051
2056
2049
2045
2040
2042
2052
2046
2042
2042
2034
2028
2016
2012
2009
2005
2003
1997
1994
1999
2001
2004
2009
2025
2023
2023
2022
2023
2026
2023
2019
2022
2017
2019
2021
2024
2030
2026
2025
2028
2037
2045
2044
2038
2039
2044
2049
2053
2056
2051
2052
2053
2048
2045
2044
2042
2045
2029
2031
2032
2031
2027
2044
2043
2041
2044
2047
2048
2044
2039
2035
2036
2037
2040
2021
2018
2011
2013
2012
1988
1977
1977
1974
1975
1972
1967
1965
1962
1970
1976
1978
1978
1982
1983
1983
1985
1986
1989
1993
1993
1991
1997
2002
2003
2012
2017
2021
2033
2049
2053
2058
2058
2063
2065
2070
2070
2072
2062
2060
2057
2049
2051
2053
2052
2055
2049
2046
2043
2043
2030
2032
2030
2022
2022
2012
2006
2005
2001
1998
1996
1995
2000
2022
2019
2013
2011
2012
2013
2011
2006
2000
1996
1999
2002
2006
2008
2006
2004
2007
2012
2009
2010
2014
2019
2024
2022
2021
2022
2037
2035
2032
2031
2032
2031
2038
2047
2053
2063
2065
2070
2073
2088
2094
2089
2086
2076
2073
2067
2067
2046
2049
2053
2050
2048
2039
2038
2033
2031
2034
2030
2028
2025
2006
1999
1997
2001
2001
2004
2010
2015
2000
1996
1998
1998
2002
2001
1999
2003
2005
2009
2012
2015
2007
2025
2035
2041
2045
2036
2035
2033
2030
2035
2037
2033
2030
2024
2018
2014
2011
2012
2038
2031
2025
2026
2039
2034
2029
2027
2022
2013
2015
2013
2014
2025
2028
2030
2035
2029
2023
2022
2027
2025
2016
2010
2012
2014
2013
2019
2026
2033
2040
2035
2032
2033
2030
2031
2030
2030
2050
2051
2049
2046
2030
2028
2032
2039
2033
2022
2025
2024
2016
2004
2001
2000
2002
1998
2001
1998
1996
2003
2012
2016
2015
2001
1999
2001
2006
2003
2001
2003
2004
2009
2011
2010
2017
2018
2020
2024
2026
2018
2005
2006
2015
2022
2022
2027
2036
2042
2047
2059
2055
2059
2065
2066
2067
2076
2083
2073
2069
2068
2066
2058
2060
2066
2068
2069
2070
2058
2051
2044
2039
2038
2039
2041
2024
2011
2005
1999
2000
2001
2003
2006
2005
2000
2004
1994
1992
1992
1988
1991
1997
1994
1990
1993
1991
1996
2002
2005
2003
1998
1996
1994
1986
1992
1992
1994
1997
1997
2000
2001
2005
2011
2029
2034
2038
2039
2062
2072
2076
2076
2071
2063
2065
2071
2075
2075
2068
2067
2068
2058
2058
2057
2059
2055
2052
2044
2040
2013
2008
2011
2013
2012
2009
1998
1995
1998
1998
2001
2002
2000
2000
2002
2003
2000
1993
1989
1992
1999
2011
2018
2024
2023
2021
2024
2025
2028
2025
2027
2030
2034
2043
2034
2039
2040
2037
2043
2047
2046
2047
2045
2046
2043
2044
2045
2045
2048
2052
2051
2027
2026
2018
2013
2021
2020
2024
2025
2020
2014
2016
2016
2019
2023
2026
2025
2026
2019
2027
2027
2026
2031
2032
2030
2030
2008
2008
2007
2003
2004
2001
1999
1996
1999
1998
1991
1990
1996
2007
2021
2026
2032
2031
2035
2047
2053
2057
2058
2055
2054
2053
2050
2045
2039
2042
2047
2048
2050
2044
2024
2023
2026
2020
1996
1995
1994
2001
2004
1992
1984
1986
1996
2000
1999
2004
2011
2022
2025
2031
2037
2053
2053
2059
2065
2068
2072
2066
2066
2072
2071
2075
2078
2078
2081
2078
2079
2080
2075
2073
2071
2073
2045
2052
2054
2051
2052
2062
2065
2063
2052
2052
2047
2045
2042
2026
2016
2012
2015
1988
1988
1986
1981
1979
1969
1965
1960
1956
1956
1959
1957
1952
1955
1956
1956
1956
1976
1977
1981
1978
1978
1993
1997
2001
2006
2013
2015
2017
2021
2022
2026
2037
2043
2043
2046
2048
2044
2039
2027
2027
2029
2031
2036
2033
2028
2025
2031
2027
2023
2018
2023
2028
2031
2034
2036
2015
2007
2003
2000
1993
1987
1985
1982
1979
1984
1981
1982
1988
1985
1977
1973
1976
1981
1981
1977
1978
1979
1985
1995
2001
2018
2016
2019
2018
2020
2038
2032
2038
2042
2042
2049
2053
2052
2068
2071
2073
2076
2074
2073
2075
2079
2081
2084
2083
2088
2088
2075
2076
2078
2085
2089
2087
2085
2079
2083
2084
2089
2087
2082
2087
2086
2083
2076
2062
2054
2054
2055
2054
2045
2044
2046
2033
2029
2027
2024
2028
2025
2028
2028
2038
2037
2042
2047
2052
2069
2075
2076
2077
2077
2084
2087
2084
2072
2074
2073
2069
2051
2048
2047
2048
2048
2037
2038
2038
2034
2038
2033
2029
2027
2001
1999
1992
1992
1967
1964
1964
1960
1944
1947
1945
1943
1941
1934
1933
1934
1935
1936
1943
1948
1950
1951
1946
1942
1946
1947
1948
1949
1955
1961
1961
1968
1967
1969
1975
1978
1986
1984
1976
1984
1992
2003
2003
2006
2008
2012
2019
2024
2024
2023
2025
2025
2022
2020
2024
2021
2021
2014
2009
2001
2003
2014
2024
2031
2034
2037
2033
2030
2024
2025
2021
2015
2012
2013
2019
2026
2028
2025
2022
2024
2034
2037
2041
2047
2050
2052
2053
2054
2053
2066
2063
2066
2069
2077
2083
2085
2089
2088
2092
2097
2101
2110
2106
2104
2106
2105
2092
2088
2086
2086
2078
2071
2069
2073
2049
2052
2054
2057
2042
2035
2031
2028
2026
2024
2023
2024
2027
2023
2027
2027
2028
2029
2036
2034
2036
2050
2049
2056
2053
2052
2051
2046
2043
2043
2048
2045
2037
2040
2040
2037
2041
2044
2038
2030
2027
2030
2020
2019
2013
2012
2003
1994
1996
1999
1999
1997
1993
1987
1991
1992
1993
1989
1987
1973
1972
1973
1975
1975
1976
1979
1978
1976
1967
1963
1960
1961
1960
1957
1959
1956
1950
1955
1963
1971
1991
1994
1996
2005
2020
2025
2026
2034
2037
2042
2042
2046
2054
2061
2065
2073
2072
2078
2078
2082
2087
2087
2086
2081
2080
2077
2079
2072
2066
2068
2069
2065
2062
2062
2043
2040
2036
2029
2021
2017
2016
2011
2017
2019
2015
2013
2013
2022
2020
2017
2022
2023
2016
2012
2016
2021
2027
2031
2033
2039
2044
2051
2051
2045
2042
2041
2051
2057
2061
2061
2056
2054
2044
2041
2043
2046
2034
2042
2043
2038
2027
2020
2018
2015
2022
2024
2017
2008
2005
2002
1997
1992
1993
1991
1985
1984
1988
1969
1966
1960
1958
1963
1972
1974
1969
1971
1978
1975
1979
1983
1984
1991
1995
1997
2005
2007
2014
2023
2038
2037
2039
2034
2034
2041
2036
2039
2045
2044
2036
2034
2038
2023
2018
2024
2024
2033
2040
2042
2036
2032
2036
2037
2043
2043
2030
2035
2039
2037
2042
2049
2052
2064
2075
2082
2087
2088
2079
2080
2080
2072
2065
2052
2052
2055
2056
2054
2053
2060
2059
2053
2050
2045
2041
2032
2032
2032
2028
2030
2035
2041
2041
2042
2040
2034
2035
2038
2038
2041
2040
2046
2046
2049
2049
2047
2039
2044
2044
2039
2027
2023
2022
2025
2024
2019
2011
2006
2007
2000
1995
1995
1998
2002
2007
2008
2008
1987
1987
1984
1979
1975
1976
1981
1982
1986
1984
1982
1988
1989
1987
1993
2002
2009
2033
2039
2048
2050
2053
2046
2044
2046
2046
2048
2049
2053
2051
2055
2043
2029
2026
2028
2028
2022
2022
2037
2039
2029
2016
2005
1993
1976
1977
1982
1993
1994
1991
1994
1992
1984
1977
1979
1980
1965
1974
1980
1985
1985
1986
1983
1987
1995
1989
1987
1982
1979
1953
1957
1962
1969
1975
1978
1981
1987
2012
2023
2025
2022
2029
2042
2055
2067
2066
2084
2092
2093
2094
2093
2095
2094
2093
2135
2139
2139
2132
2106
2099
2091
2085
2083
2068
2064
2061
2060
2058
2050
2048
2045
2032
2031
2026
2018
2007
2007
2013
2014
2006
2006
2011
2009
2020
2023
2022
2015
2009
2009
2014
2013
2015
2017
2015
2018
2024
2023
2024
2025
2028
2011
2011
2009
2006
2002
2009
2003
2003
2003
2009
2022
2027
2037
2044
2043
2044
2049
2060
2061
2058
2062
2066
2067
2066
2061
2060
2062
2063
2067
2064
2069
2066
2071
2072
2060
2059
2058
2049
2041
2022
2017
2009
2000
1989
1983
1979
1972
1942
1937
1932
1934
1927
1933
1937
1938
1964
1966
1969
1972
1972
1979
1989
1998
2003
2008
2009
2013
2018
2037
2036
2038
2047
2048
2049
2060
2067
2069
2074
2072
2066
2064
2057
2055
2053
2052
2054
2055
2058
2059
2047
2049
2052
2055
2040
2036
2032
2026
2021
2010
2006
2009
2008
2005
2003
2007
2010
2013
2015
2019
2021
2034
2034
2031
2037
2040
2029
2025
2021
2014
2020
2021
2026
2027
2024
2016
2011
2013
2011
2009
2013
2012
2015
2004
2007
2009
2009
2007
2007
2017
2015
2016
2021
2016
2020
2026
2022
2024
2030
2032
2038
2038
2046
2051
2062
2063
2071
2067
2045
2040
2036
2028
2028
2027
2025
2022
2023
2020
2023
2021
2018
2012
2013
2019
2020
2023
2021
2021
2020
2019
2036
2041
2045
2052
2052
2051
2052
2057
2046
2040
2039
2038
2036
2034
2032
2027
2023
2024
2027
2029
2028
2021
2020
2013
2010
2007
2007
2002
2001
1998
1993
1993
1991
1991
2000
2007
2014
2022
2019
2016
2027
2025
2023
2024
2024
2026
2028
2028
2021
2023
2020
2022
2027
2033
2025
2023
2028
2030
2032
2014
2017
2022
2030
2032
2033
2030
2025
2035
2037
2041
2046
2050
2050
2048
2048
2050
2035
2030
2031
2026
2023
2022
2019
2016
2021
2022
2027
2030
2017
2014
2008
1999
1999
1993
1995
1990
1989
1986
1983
1983
1986
1984
1983
1985
1990
2018
2025
2031
2032
2052
2058
2062
2068
2081
2090
2098
2101
2100
2103
2099
2103
2106
2100
2097
2096
2100
2087
2083
2082
2077
2069
2056
2049
2042
2033
2029
2019
2011
2010
1996
1991
1976
1964
1962
1967
1969
1968
1968
1970
1966
1960
1966
1974
1978
1982
1985
1980
1983
1987
1992
1997
2001
2010
2017
2021
2026
2025
2024
2019
2018
2019
2020
2019
2021
2022
2022
2027
2024
2022
2013
2006
2007
2016
2019
2018
2014
2022
2025
2027
2029
2047
2052
2055
2060
2054
2056
2054
2054
2057
2058
2059
2059
2053
2040
2035
2034
2032
2025
2017
2010
2014
2014
2007
2002
1994
1994
1993
1990
1987
1982
1979
1979
1979
1984
1977
1979
1977
1988
2004
2003
2002
2005
2011
2035
2041
2043
2051
2056
2058
2062
2068
2091
2093
2091
2089
2070
2074
2078
2076
2075
2077
2075
2070
2071
2070
2076
2075
2064
2046
2048
2047
2041
2022
2017
2018
2018
2019
2016
2012
2007
2008
2016
2016
2011
2017
2018
2018
2016
2018
2018
2025
2023
2021
2019
2017
2016
2018
2021
2009
2010
2012
2019
2025
2021
2017
2016
2003
2005
2002
1999
2014
2021
2021
2020
2023
2029
2035
2033
2031
2026
2024
2018
2014
2011
2009
2008
1997
1980
1982
1980
1978
1964
1961
1958
1964
1965
1968
1973
1981
1980
1978
1973
1972
1972
1975
1982
1986
1989
1991
1992
1991
1992
2007
2013
2026
2035
2037
2050
2053
2063
2073
2082
2087
2086
2083
2094
2103
2107
2107
2103
2103
2105
2103
2103
2092
2087
2082
2080
2080
2072
2067
2066
2048
2049
2054
2054
2061
2056
2053
2047
2029
2024
2024
2032
2037
2041
2044
2044
2042
2046
2049
2046
2051
2058
2059
2053
2053
2051
2048
2049
2055
2053
2049
2047
2040
2035
2032
2035
2035
2039
2052
2048
2048
2048
2005
1986
1971
1951
1873
1858
1853
1858
1869
1934
1965
1996
2029
2058
2092
2113
2132
2171
2170
2165
2153
2068
2041
2020
1997
1980
1947
1939
1932
1925
1917
1913
1904
1903
1917
1929
1946
1965
2052
2067
2091
2117
2124
2116
2099
2082
2063
2023
2022
2020
2020
2032
2047
2058
2070
2115
2130
2139
2147
2137
2132
2116
2106
2086
2021
2006
1982
1957
1943
1931
1926
1919
1928
1934
1944
1957
2009
2015
2019
2021
2005
1992
1980
1965
1951
1925
1914
1910
1908
1903
1904
1910
1917
1940
1950
1951
1957
1962
1967
1972
1982
1993
2053
2074
2090
2108
2117
2125
2126
2121
2094
2079
2066
2055
2057
2064
2072
2080
2086
2080
2062
2045
2028
1972
1967
1965
1972
1986
1996
2013
2028
2067
2069
2071
2074
2072
2069
2064
2051
2039
2007
1997
1998
1993
1996
1998
2008
2013
2005
1999
1996
1990
1975
1970
1973
1975
2003
2004
2009
2000
1990
1951
1941
1935
1945
1959
1967
1980
1999
2068
2080
2094
2107
2143
2145
2138
2127
2117
2070
2056
2043
2037
2030
2026
2028
2025
2003
1996
1990
1982
1975
1981
1991
1996
2018
2018
2019
2019
2019
2008
2010
2010
2015
2016
2020
2021
2030
2047
2046
2048
2057
2093
2096
2095
2087
2082
2068
2068
2070
2074
2088
2103
2121
2136
2177
2183
2190
2192
2188
2183
2180
2175
2177
2176
2176
2179
2184
2190
2188
2182
2175
2167
2165
2160
2150
2111
2104
2102
2103
2070
2060
2045
2027
2003
1946
1926
1912
1898
1885
1870
1862
1855
1839
1837
1838
1838
1834
1829
1831
1830
1801
1802
1809
1815
1817
1820
1820
1821
1820
1821
1824
1831
1838
1825
1832
1834
1833
1858
1871
1881
1887
1894
1914
1926
1934
1938
1943
1953
1956
1959
1981
1981
1987
1993
1984
1985
1984
1983
1977
1977
1977
1982
1985
1982
1979
1981
1988
1987
1987
1991
1994
2019
2025
2029
2032
2048
2051
2057
2059
2060
2057
2062
2062
2060
2069
2069
2071
2075
2081
2090
2101
2104
2132
2135
2135
2133
2129
2134
2137
2139
2139
2155
2169
2185
2200
2213
2224
2242
2256
2305
2304
2311
2316
2343
2348
2351
2349
2350
2330
2325
2326
2321
2310
2309
2303
2298
2276
2270
2261
2257
2229
2225
2219
2216
2169
2161
2161
2153
2145
2126
2114
2099
2089
2074
2061
2049
2051
2016
2002
1993
1985
1915
1902
1889
1874
1864
1833
1815
1804
1798
1795
1791
1788
1780
1737
1731
1717
1711
1690
1689
1689
1684
1678
1678
1677
1676
1677
1682
1692
1697
1703
1710
1718
1722
1734
1766
1774
1781
1791
1815
1822
1824
1829
1833
1871
1889
1902
1919
1933
1940
1949
1963
2006
2022
2044
2057
2105
2113
2123
2130
2154
2157
2158
2170
2178
2185
2186
2191
2196
2198
2203
2201
2196
2203
2201
2202
2199
2179
2172
2172
2165
2160
2152
2143
2138
2137
2139
2133
2133
2125
2134
2131
2132
2135
2137
2139
2145
2148
2146
2136
2138
2141
2140
2141
2140
2138
2140
2141
2150
2143
2142
2139
2142
2141
2141
2138
2123
2123
2123
2124
2116
2121
2113
2107
2091
2084
2079
2075
2074
2062
2059
2056
2059
2055
2048
2048
2042
2012
2006
1997
1992
1963
1952
1948
1945
1943
1935
1932
1930
1930
1929
1929
1929
1925
1896
1891
1883
1876
1856
1854
1849
1848
1851
1849
1856
1857
1862
1884
1887
1886
1885
1880
1889
1896
1910
1925
1930
1936
1946
1961
1970
1972
1976
1981
1996
2003
2007
2002
2002
2002
2002
2008
1989
1989
1992
1996
1994
1987
1992
1996
1996
1997
2001
2000
2003
1998
2002
2006
2016
2020
2035
2047
2054
2057
2071
2082
2091
2097
2104
2112
2120
2123
2151
2156
2156
2161
2174
2195
2197
2200
2209
2217
2215
2214
2215
2211
2213
2209
2205
2176
2171
2158
2152
2115
2109
2105
2100
2098
2069
2063
2060
2060
2057
2048
2043
2039
2029
2025
2019
2017
2012
2015
2017
2011
2014
2005
1999
1991
1993
1991
1992
1994
1997
2000
1997
1995
1993
1978
1975
1970
1968
1966
1967
1974
1977
1978
1981
1988
1984
1981
1964
1958
1955
1958
1967
1964
1965
1968
1993
2000
2000
2000
2001
2002
1999
1997
1996
1989
1984
1985
1985
1980
1983
1977
1975
1942
1933
1926
1927
1930
1931
1929
1927
1927
1925
1928
1929
1932
1935
1937
1936
1936
1944
1947
1957
1965
1993
1997
2007
2015
2025
2039
2045
2049
2057
2063
2065
2070
2077
2093
2093
2099
2108
2124
2129
2128
2128
2124
2123
2120
2116
2122
2126
2125
2122
2119
2115
2112
2113
2116
2111
2101
2092
2091
2080
2072
2066
2063
2049
2053
2056
2057
2055
2038
2047
2042
2043
2042
2041
2048
2053
2057
2055
2056
2058
2053
2052
2055
2054
2046
2058
2057
2057
2055
2051
2052
2048
2046
2030
2031
2027
2017
2010
2003
2001
2000
1998
1991
1985
1988
1987
1983
1983
1982
1975
1969
1969
1970
1972
1975
1980
1980
1982
1988
1969
1972
1968
1970
1974
1978
1975
1974
1974
1976
1979
1982
1983
1981
1980
1987
1992
2003
2009
2012
2012
2014
2012
2009
2022
2022
2022
2019
2019
2020
2018
2015
2015
2010
2011
2016
2021
2021
2019
2023
2025
2027
2028
2028
2033
2038
2039
2030
2027
2027
2024
2030
2031
2029
2025
2019
2024
2022
2028
2020
2018
2014
2010
2013
2020
2019
2024
2024
2030
2032
2033
2033
2023
2021
2018
2020
2024
2025
2034
2036
2040
2045
2044
2045
2048
2067
2074
2086
2092
2093
2088
2081
2079
2078
2077
2080
2078
2072
2055
2049
2045
2041
2042
2038
2033
2031
2031
2011
2013
2014
2007
2000
2003
2002
2002
1999
1990
1985
1984
1987
1985
1984
1991
1996
1982
1982
1982
1982
1985
1990
1991
1996
1996
2008
2011
2009
2016
2019
2023
2029
2031
2037
2051
2055
2057
2058
2060
2061
2067
2067
2072
2061
2059
2059
2057
2055
2054
2054
2050
2059
2057
2060
2062
2065
2071
2073
2070
2056
2060
2066
2061
2060
2058
2051
2047
2050
2047
2042
2039
2033
2026
2026
2019
2016
2016
2001
1995
1991
1991
1993
1990
1985
1984
1979
1979
1982
1982
1977
1974
1979
1979
1990
1988
1992
1992
1992
2000
2002
1999
2003
2003
2005
2008
2009
2019
2020
2027
2034
2050
2045
2045
2047
2046
2045
2045
2043
2043
2049
2048
2047
2048
2031
2027
2022
2023
2018
2019
2024
2021
2012
2002
1997
1996
2002
2005
2007
2011
2013
2010
2012
2015
2016
2012
2008
2004
2008
2023
2030
2034
2033
2028
2030
2035
2036
2032
2033
2033
2035
2036
2035
2032
2032
2031
2022
2022
2023
2025
2012
2014
2018
2021
2023
2027
2023
2025
2028
2029
2029
2035
2041
2042
2041
2043
2043
2039
2038
2041
2043
2036
2038
2041
2037
2032
2041
2045
2042
2041
2040
2040
2037
2033
2039
2037
2042
2046
2037
2037
2040
2043
2044
2026
2026
2023
2025
2026
2028
2035
2036
2046
2045
2041
2046
2039
2033
2027
2028
2027
2024
2019
2014
2013
1995
1993
1989
1984
1981
1979
1982
1977
1978
1980
1986
1993
1986
1985
1988
1987
1990
1994
1988
1987
1991
1992
1996
2000
2004
2016
2016
2019
2026
2026
2028
2025
2030
2040
2046
2053
2053
2057
2065
2060
2061
2060
2065
2059
2054
2049
2061
2060
2055
2059
2058
2057
2056
2050
2054
2059
2053
2045
2043
2043
2042
2038
2041
2028
2025
2024
2025
2023
2021
2018
2016
2020
2017
2015
2012
2017
2010
2008
2010
2019
2021
2022
2024
2025
2028
2027
2028
2034
2051
2048
2051
2060
2066
2063
2063
2065
2067
2060
2055
2051
2052
2044
2042
2044
2046
2043
2039
2045
2046
2025
2017
2011
2006
2001
2000
2000
2000
1996
2003
2003
1997
1999
1984
1979
1979
1987
1995
1994
1992
1990
1991
2000
2001
2005
2005
2003
2000
1997
2000
2049
2060
2061
2046
1912
1886
1859
1838
1810
1824
1850
1878
1909
1936
1940
1957
1991
2048
2106
2169
2222
2268
2240
2193
2143
2022
2024
2042
2055
2058
1987
1933
1873
1814
1758
1711
1688
1685
1729
1736
1720
1699
1667
1704
1760
1827
1994
1992
1966
1928
1892
1802
1804
1824
1850
1886
1915
1938
1945
1962
1979
2000
2031
2194
2233
2261
2273
2269
2212
2197
2187
2195
2219
2259
2313
2366
2547
2573
2591
2609
2743
2803
2861
2912
3040
3053
3059
3070
3075
3078
3075
3064
3050
3030
3002
2976
2943
2731
2659
2589
2520
2292
2252
2216
2184
2155
2052
2012
1972
1931
1893
1840
1792
1743
1524
1472
1418
1369
1200
1173
1151
1133
1039
1008
975
942
914
878
888
911
943
973
1001
1026
1049
1133
1166
1205
1246
1416
1450
1475
1497
1528
1604
1641
1677
1728
1787
1842
1902
1956
2100
2109
2115
2115
2174
2205
2226
2246
2292
2293
2289
2281
2270
2218
2200
2181
2159
2139
2115
2096
2077
2010
1990
1972
1957
1863
1824
1787
1749
1710
1603
1572
1553
1536
1524
1509
1500
1496
1470
1467
1466
1471
1571
1613
1650
1688
1840
1886
1937
1992
2054
2244
2314
2382
2444
2496
2545
2595
2644
2828
2876
2925
2973
3117
3135
3154
3160
3154
3148
3150
3150
3150
3150
3143
3142
3125
3064
3044
3026
3002
2877
2840
2800
2758
2721
2620
2591
2566
2537
2514
2490
2463
2431
2290
2248
2203
2159
2038
2012
1992
1967
1837
1804
1777
1754
1727
1668
1650
1633
1621
1597
1578
1563
1544
1499
1508
1518
1538
1595
1613
1624
1632
1642
1656
1664
1673
1688
1699
1710
1723
1733
1743
1734
1727
1711
1647
1630
1611
1589
1521
1505
1496
1485
1472
1436
1436
1425
1419
1413
1413
1412
1410
1407
1414
1419
1429
1487
1501
1522
1541
1558
1621
1642
1670
1703
1736
1766
1800
1828
1945
1972
2005
2041
2185
2211
2240
2262
2338
2353
2370
2394
2420
2474
2487
2503
2505
2513
2523
2529
2537
2549
2542
2536
2534
2500
2483
2463
2440
2417
2344
2321
2303
2284
2262
2242
2228
2218
2161
2153
2152
2147
2130
2123
2118
2113
2110
2098
2091
2089
2089
2084
2074
2073
2066
2018
2013
2008
1998
1966
1966
1961
1956
1980
1982
1992
1997
2008
2039
2046
2056
2072
2084
2093
2096
2103
2110
2116
2117
2116
2122
2119
2114
2110
2100
2067
2058
2047
2036
2021
2009
1995
1982
1911
1899
1883
1866
1784
1774
1767
1762
1741
1734
1733
1734
1742
1754
1759
1760
1767
1773
1785
1793
1803
1856
1867
1877
1889
1905
1909
1909
1922
1930
1948
1947
1952
1962
1976
1981
1985
1990
2011
2012
2022
2033
2079
2090
2096
2104
2131
2137
2145
2144
2148
2156
2163
2158
2160
2162
2160
2162
2164
2193
2199
2202
2202
2221
2228
2232
2232
2233
2232
2237
2241
2245
2247
2249
2252
2251
2244
2247
2248
2244
2230
2228
2233
2224
2225
2186
2180
2169
2163
2151
2144
2133
2123
2080
2075
2066
2059
2019
2008
1998
1986
1959
1949
1936
1928
1918
1898
1891
1883
1876
1865
1857
1847
1840
1791
1790
1788
1783
1766
1766
1757
1752
1759
1774
1775
1780
1793
1802
1812
1825
1842
1893
1902
1916
1930
1995
2004
2018
2025
2056
2064
2069
2074
2075
2084
2084
2086
2081
2082
2080
2075
2073
2067
2056
2046
2050
2027
2022
2021
2010
2014
1991
1989
1984
1986
1982
1978
1982
1971
1952
1950
1946
1948
1949
1952
1963
1968
1971
1977
1979
1977
1974
1981
1989
1992
1995
1995
2003
2007
2012
2014
2018
2016
2018
2024
2055
2062
2076
2087
2100
2104
2110
2115
2133
2136
2142
2150
2155
2162
2162
2160
2157
2159
2162
2160
2163
2169
2158
2152
2148
2113
2098
2092
2095
2084
2074
2064
2051
2039
2033
2033
2032
2027
2010
2006
2007
2003
1970
1972
1970
1968
1968
1969
1974
1974
1977
1991
1994
1995
2006
2014
2016
2022
2031
2036
2041
2045
2055
2049
2050
2058
2059
2061
2059
2054
2051
2045
2039
2034
2030
2032
2013
2013
2011
2004
1989
1980
1970
1969
1947
1947
1955
1952
1954
1952
1953
1958
1966
1969
1969
1969
1966
1971
1962
1963
1960
1975
1979
1982
1981
1993
2018
2028
2034
2036
2043
2050
2051
2052
2056
2057
2066
2070
2097
2102
2105
2110
2118
2115
2117
2117
2118
2115
2111
2110
2111
2110
2100
2094
2088
2090
2086
2077
2078
2070
2059
2052
2048
2045
2040
2038
2035
2027
2021
1990
1986
1985
1980
1973
1972
1971
1968
1960
1959
1957
1956
1956
1950
1947
1951
1951
1954
1958
1964
1966
1976
1980
1980
1985
1985
1990
1996
1997
2010
2014
2017
2014
2023
2025
2026
2028
2036
2040
2035
2040
2044
2049
2055
2061
2070
2063
2068
2067
2068
2060
2058
2058
2053
2041
2041
2044
2048
2046
2048
2051
2052
2041
2037
2037
2037
2039
2030
2032
2031
2032
2041
2040
2040
2032
2029
2033
2035
2034
2032
2031
2037
2041
2045
2059
2058
2057
2060
2060
2057
2058
2067
2070
2079
2073
2072
2073
2051
2048
2042
2041
2041
2045
2040
2040
2024
2018
2019
2020
2011
2006
2004
1998
1977
1977
1974
1976
1976
1966
1966
1965
1967
1962
1961
1968
1972
1998
1998
2001
1998
2007
2008
2014
2020
2028
2026
2021
2021
2026
2030
2031
2033
2032
2006
2012
2012
2009
2003
2002
1999
1990
1979
1977
1979
1980
1987
1987
1991
1991
1988
1976
1973
1976
1975
1980
1989
1987
1968
1895
1894
1880
1877
1885
1920
1934
1961
1977
1986
1986
1999
2000
2033
2053
2059
2066
2125
2136
2135
2129
2114
2117
2106
2103
2109
2096
2097
2100
2109
2120
2133
2137
2145
2166
2171
2176
2185
2180
2173
2166
2163
2162
2129
2122
2114
2107
2099
2096
2102
2104
2119
2111
2100
2083
2011
2001
1997
1996
2001
2004
2000
1996
1987
1988
1990
1996
1999
1994
1979
1971
1960
1950
1943
1932
1929
1932
1934
1938
1940
1941
1945
1948
1951
1948
1949
1955
1964
1968
1975
1991
2005
2020
2037
2057
2048
2051
2051
2053
2060
2055
2044
2035
2000
1994
1994
1997
2005
2011
2016
2022
2024
2010
1995
1993
1969
1963
1955
1945
1944
1945
1942
1936
1932
1906
1905
1913
1911
1905
1891
1878
1871
1896
1908
1916
1922
1953
1962
1970
1978
1983
1988
1992
2001
2014
2026
2031
2034
2047
2060
2058
2066
2074
2099
2103
2110
2113
2082
2080
2078
2091
2105
2133
2131
2132
2132
2130
2126
2125
2124
2120
2125
2124
2119
2093
2089
2085
2077
2071
2063
2060
2060
2058
2052
2056
2054
2049
2011
2004
2004
2001
1942
1913
1890
1867
1765
1749
1726
1701
1678
1590
1555
1520
1500
1476
1447
1423
1399
1344
1327
1320
1310
1289
1290
1297
1309
1319
1384
1406
1422
1438
1460
1482
1505
1533
1686
1736
1792
1850
1908
2099
2169
2252
2340
2432
2527
2624
2722
3025
3131
3234
3331
3430
3525
3615
3702
3799
4036
4087
4087
4089
4088
4089
4088
4090
4088
4092
4088
4089
4090
4089
4089
4089
4082
4043
3988
3926
3852
3575
3485
3379
3255
2755
2651
2558
2462
2041
1929
1816
1702
1592
1248
1134
1026
927
828
727
625
519
154
135
128
123
119
109
109
105
103
103
99
100
97
99
99
101
102
101
102
104
102
105
115
121
126
140
159
186
224
282
349
607
697
795
897
1003
1108
1212
1319
1701
1793
1881
1962
2285
2364
2435
2497
2702
2731
2757
2775
2792
2765
2743
2722
2702
2676
2643
2601
2554
2331
2267
2215
2166
2011
1967
1917
1874
1830
1701
1666
1631
1594
1565
1535
1509
1486
1453
1457
1482
1507
1627
1663
1698
1744
1787
1936
1993
2045
2102
2164
2234
2299
2366
2563
2616
2670
2730
2783
2835
2878
2920
2961
3063
3085
3113
3142
3168
3190
3209
3226
3241
3272
3286
3292
3304
3306
3305
3298
3285
3248
3244
3242
3239
3208
3202
3186
3172
3098
3077
3047
3005
2965
2835
2791
2752
2711
2677
2642
2607
2572
2408
2367
2324
2284
2128
2091
2055
2024
1993
1886
1860
1833
1804
1779
1763
1754
1744
1696
1683
1678
1671
1655
1658
1653
1652
1652
1638
1628
1617
1597
1582
1568
1556
1547
1493
1471
1447
1420
1401
1377
1359
1339
1321
1255
1237
1235
1226
1218
1211
1207
1203
1194
1168
1162
1155
1149
1149
1147
1147
1142
1134
1138
1137
1142
1203
1219
1233
1256
1358
1386
1419
1452
1487
1565
1597
1629
1660
1697
1731
1771
1808
1949
1989
2026
2052
2157
2175
2196
2216
2229
2287
2300
2316
2330
2345
2349
2356
2356
2336
2331
2335
2329
2324
2326
2312
2297
2293
2267
2257
2252
2248
2246
2237
2237
2232
2212
2207
2200
2196
2180
2178
2181
2177
2197
2199
2203
2207
2210
2229
2239
2241
2244
2251
2262
2270
2284
2320
2331
2354
2369
2399
2406
2410
2415
2420
2410
2407
2404
2399
2395
2388
2385
2383
2322
2303
2284
2270
2212
2196
2182
2169
2117
2100
2083
2066
2047
2002
1986
1973
1962
1950
1944
1937
1921
1907
1861
1845
1843
1847
1843
1844
1837
1835
1831
1826
1817
1806
1796
1785
1778
1769
1761
1736
1723
1715
1710
1697
1693
1684
1676
1649
1651
1655
1665
1672
1683
1689
1692
1705
1709
1711
1714
1724
1755
1768
1781
1791
1844
1860
1874
1887
1945
1962
1980
2000
2019
2058
2064
2071
2081
2088
2095
2101
2112
2156
2161
2163
2176
2230
2245
2257
2269
2325
2342
2357
2371
2383
2411
2423
2431
2443
2456
2465
2470
2482
2508
2511
2514
2522
2514
2510
2512
2509
2507
2460
2445
2430
2408
2389
2365
2337
2310
2205
2179
2155
2129
2021
1991
1964
1940
1837
1814
1795
1770
1749
1693
1683
1667
1655
1641
1636
1630
1627
1635
1643
1651
1658
1685
1688
1697
1710
1727
1769
1778
1797
1812
1821
1829
1836
1842
1880
1889
1898
1910
1938
1942
1945
1948
1944
1943
1938
1932
1929
1930
1926
1921
1921
1917
1909
1911
1909
1894
1889
1889
1889
1868
1873
1865
1860
1856
1859
1868
1873
1873
1874
1870
1877
1880
1898
1901
1914
1921
1947
1953
1961
1975
2023
2032
2048
2063
2075
2112
2122
2131
2144
2156
2170
2180
2188
2224
2237
2247
2258
2290
2295
2300
2301
2310
2310
2314
2317
2317
2315
2315
2315
2309
2288
2281
2274
2270
2220
2213
2201
2186
2175
2143
2124
2108
2100
2092
2080
2071
2061
2036
2031
2024
2022
1995
1988
1990
1990
1978
1979
1984
1982
1983
2011
2020
2023
2023
2032
2042
2043
2045
2052
2062
2059
2057
2056
2064
2070
2075
2076
2085
2087
2088
2091
2091
2086
2082
2079
2081
2075
2069
2054
2046
2041
2031
2020
2009
1964
1957
1945
1928
1910
1876
1870
1856
1845
1842
1828
1820
1814
1797
1793
1787
1782
1782
1787
1797
1803
1831
1843
1859
1876
1889
1925
1933
1947
1955
1968
1979
1992
2005
2040
2047
2054
2061
2099
2105
2120
2129
2138
2142
2148
2151
2149
2148
2148
2146
2141
2137
2134
2127
2125
2115
2108
2105
2099
2088
2082
2075
2075
2065
2047
2040
2034
2031
2026
2021
2024
2019
1988
1980
1978
1975
1956
1957
1960
1965
1967
1969
1967
1967
1972
1976
1978
1977
1977
1990
1992
1995
1995
1995
1998
2004
2008
2017
2036
2046
2055
2065
2072
2079
2087
2090
2099
2101
2105
2106
2119
2121
2119
2116
2116
2112
2110
2112
2103
2085
2075
2070
2069
2064
2055
2054
2052
2024
2018
2009
2005
1976
1978
1977
1976
1976
1961
1956
1957
1959
1964
1973
1983
1983
2006
2008
2011
2013
2039
2045
2050
2057
2062
2063
2061
2064
2066
2064
2064
2060
2067
2068
2064
2064
2065
2041
2037
2030
2029
2013
2008
2008
2004
2008
1991
1987
1985
1983
1982
1978
1974
1972
1976
1972
1965
1970
1988
1996
2006
2010
2024
2028
2024
2025
2031
2041
2040
2049
2057
2058
2058
2067
2059
2057
2060
2055
2055
2054
2055
2053
2049
2053
2044
2043
2038
2035
2031
2020
2011
2002
1994
1987
1987
1989
1985
1980
1970
1971
1972
1946
1942
1940
1940
1942
1929
1926
1922
1920
1918
1911
1905
1900
1902
1901
1902
1904
1915
1920
1920
1926
1935
1949
1956
1962
1967
1968
1980
1994
2004
2023
2028
2038
2051
2067
2074
2087
2094
2101
2126
2132
2136
2141
2148
2157
2165
2175
2198
2203
2207
2209
2214
2204
2204
2206
2208
2213
2216
2214
2208
2167
2159
2153
2151
2149
2152
2153
2154
2149
2131
2126
2122
2120
2116
2118
2117
2112
2078
2068
2058
2052
2026
2020
2012
2004
1999
1982
1976
1970
1958
1953
1947
1939
1939
1925
1934
1942
1938
1944
1951
1956
1961
1967
1974
1981
1989
1992
1996
1992
1995
1994
1990
1985
1987
1994
2010
2010
2015
2016
2021
2023
2024
2026
2022
1997
1987
1978
1975
1971
1965
1957
1950
1932
1926
1923
1916
1885
1884
1880
1877
1889
1893
1893
1899
1904
1922
1922
1926
1933
1933
1933
1935
1936
1937
1936
1939
1939
1929
1932
1935
1936
1933
1908
1893
1886
1878
1865
1846
1836
1823
1767
1750
1733
1727
1695
1691
1680
1670
1653
1648
1644
1630
1609
1574
1555
1553
1552
1545
1542
1545
1539
1534
1533
1542
1556
1632
1660
1688
1721
1758
1855
1894
1931
1966