2025
2035
2035
2052
2056
2058
2059
2063
2061
2064
2069
2067
2064
2066
2071
2081
2081
2081
2076
2066
2056
2052
2057
2057
2059
2056
2058
2064
2053
2055
2053
2051
2043
2042
2041
2036
2026
2019
2020
2016
2012
2011
2012
2012
2021
2023
2025
2029
2028
2027
2032
2036
2038
2040
2036
2033
2039
2044
2028
2028
2025
2020
2022
2023
2028
2029
2011
2008
2000
1998
1996
1991
1991
1989
1985
1971
1969
1970
1967
1965
1962
1963
1966
1957
1957
1961
1963
1986
1986
1988
1985
1990
1989
1992
1999
2009
2028
2035
2047
2047
2048
2052
2059
2054
2053
2051
2046
2047
2051
2055
2054
2052
2052
2053
2051
2060
2055
2050
2047
2046
2046
2053
2053
2047
2051
2045
2047
2042
2042
2053
2054
2060
2061
2058
2050
2045
2051
2051
2057
2059
2055
2053
2055
2059
2053
2046
2023
2020
2020
2012
2004
1996
2000
2001
2000
2000
2003
2006
2008
2009
2014
2019
2014
2015
2017
2019
2019
2009
2025
2024
2025
2029
2039
2046
2049
2057
2085
2093
2094
2101
2105
2112
2112
2113
2122
2122
2123
2121
2119
2092
2083
2072
2070
2068
2063
2051
2044
2002
1995
1990
1989
1972
1968
1967
1967
1964
1945
1945
1946
1943
1944
1945
1948
1950
1954
1958
1959
1956
1958
1966
1974
1974
1978
1981
1981
1981
1984
1981
1982
1983
1990
1991
1985
1977
1971
1975
1973
1974
1970
1972
1970
1974
1972
1968
1964
1958
1978
1979
1979
1979
1977
1973
1985
1999
2011
2009
2008
2010
2011
2014
2012
2006
2002
1993
1993
1994
1995
2014
2007
2006
2008
2015
2010
2010
2015
2020
2039
2045
2053
2063
2075
2083
2088
2093
2113
2120
2138
2150
2166
2167
2168
2167
2165
2168
2170
2167
2164
2158
2152
2149
2150
2147
2141
2136
2134
2121
2117
2112
2109
2080
2075
2065
2047
2036
2002
1990
1982
1976
1977
1974
1966
1962
1920
1913
1912
1907
1837
1832
1822
1813
1772
1764
1754
1744
1741
1723
1722
1726
1727
1733
1736
1741
1747
1761
1772
1778
1786
1828
1834
1839
1840
1849
1869
1873
1885
1897
1910
1922
1934
1942
2018
2041
2073
2102
2218
2252
2297
2336
2498
2543
2584
2624
2658
2736
2759
2784
2807
2830
2842
2849
2863
2864
2859
2849
2842
2775
2747
2719
2690
2659
2555
2526
2486
2449
2412
2373
2336
2292
2135
2094
2055
2012
1842
1806
1769
1731
1583
1545
1517
1490
1465
1389
1365
1339
1321
1304
1290
1276
1271
1247
1244
1248
1254
1256
1267
1280
1297
1313
1347
1365
1386
1411
1436
1461
1485
1510
1642
1673
1706
1736
1833
1861
1896
1925
2061
2095
2132
2177
2223
2347
2389
2422
2456
2491
2524
2561
2594
2694
2708
2722
2734
2756
2763
2761
2751
2734
2667
2638
2597
2559
2518
2466
2417
2369
2153
2099
2043
1986
1756
1705
1660
1612
1445
1406
1375
1340
1318
1252
1242
1234
1230
1230
1242
1258
1272
1339
1362
1388
1409
1526
1554
1590
1624
1664
1769
1805
1845
1887
1926
1966
2009
2044
2176
2201
2226
2255
2334
2351
2361
2369
2401
2410
2412
2416
2428
2459
2467
2480
2497
2512
2530
2543
2558
2586
2589
2595
2607
2627
2627
2623
2620
2607
2584
2571
2549
2533
2512
2492
2469
2443
2338
2309
2281
2252
2110
2082
2051
2017
1985
1894
1861
1818
1788
1754
1720
1689
1666
1586
1571
1560
1548
1540
1543
1544
1550
1590
1606
1620
1637
1656
1718
1738
1756
1779
1809
1835
1857
1884
1973
1996
2016
2038
2097
2113
2126
2131
2135
2146
2156
2161
2166
2171
2176
2181
2187
2188
2194
2195
2197
2190
2185
2185
2185
2197
2196
2191
2199
2205
2201
2206
2209
2220
2222
2229
2237
2244
2247
2242
2234
2223
2179
2164
2149
2142
2133
2067
2042
2023
2005
1984
1965
1948
1933
1860
1850
1834
1816
1765
1756
1751
1742
1720
1724
1726
1726
1728
1731
1737
1742
1749
1760
1768
1777
1794
1866
1884
1905
1923
1998
2015
2038
2062
2080
2127
2137
2151
2166
2178
2189
2199
2207
2249
2249
2249
2256
2253
2257
2254
2243
2226
2218
2211
2205
2196
2165
2163
2160
2145
2131
2127
2113
2106
2037
2023
2013
2002
1950
1942
1931
1923
1920
1898
1890
1878
1870
1862
1858
1859
1861
1844
1844
1842
1837
1824
1823
1819
1811
1783
1775
1770
1771
1768
1763
1765
1762
1762
1764
1764
1766
1768
1793
1805
1818
1835
1887
1903
1915
1930
1940
1984
2000
2017
2032
2051
2063
2074
2089
2143
2154
2167
2177
2210
2223
2229
2237
2241
2244
2250
2249
2255
2247
2241
2240
2232
2226
2224
2224
2230
2201
2192
2185
2178
2158
2150
2146
2147
2145
2122
2117
2113
2108
2100
2096
2091
2092
2075
2067
2065
2067
2060
2055
2053
2047
2023
2013
2006
2001
1998
1975
1968
1967
1962
1957
1950
1944
1940
1915
1905
1906
1908
1897
1896
1892
1889
1889
1898
1899
1902
1903
1913
1921
1930
1936
1984
1991
2003
2015
2061
2073
2086
2101
2115
2155
2163
2172
2183
2191
2201
2210
2216
2210
2207
2210
2209
2202
2200
2194
2183
2147
2134
2123
2115
2106
2067
2058
2044
2039
2032
2020
2006
1994
1946
1943
1939
1932
1908
1908
1909
1907
1906
1907
1902
1906
1910
1909
1919
1925
1928
1939
1944
1943
1943
1933
1934
1937
1941
1940
1936
1939
1942
1941
1923
1921
1918
1927
1932
1943
1951
1952
1965
1969
1971
1972
1990
1993
1997
2002
2005
2020
2028
2038
2050
2061
2069
2075
2079
2092
2098
2103
2101
2128
2127
2125
2122
2111
2105
2099
2100
2091
2082
2077
2069
2063
2049
2039
2030
2019
1987
1976
1967
1960
1951
1947
1946
1948
1956
1967
1969
1966
1966
1968
1966
1972
1983
2000
2009
2018
2022
2046
2054
2054
2060
2070
2071
2076
2090
2099
2111
2114
2120
2123
2122
2120
2120
2122
2100
2095
2093
2093
2078
2079
2080
2080
2075
2063
2063
2057
2055
2050
2050
2046
2046
2044
2048
2048
2049
2038
2036
2044
2051
2058
2061
2059
2059
2061
2065
2060
2060
2063
2057
2049
2042
2043
2043
2041
2037
2035
2027
2013
2004
1996
1987
1984
1979
1969
1969
1960
1946
1941
1938
1937
1937
1940
1934
1936
1938
1934
1938
1942
1956
1964
1966
1964
1968
1987
1992
1995
2006
2008
2008
2011
2015
2027
2032
2035
2031
2039
2044
2040
2046
2046
2042
2045
2043
2044
2034
2030
2025
2020
2019
2014
2010
2009
1998
2001
1997
1997
1998
1992
1992
1997
2003
2001
1999
1996
1997
1999
2006
2005
2010
2020
2022
2024
2025
2045
2045
2049
2051
2049
2044
2042
2044
2051
2054
2056
2054
2054
2057
2050
2048
2044
2039
2033
2031
2034
2036
2038
2041
2041
2042
2037
2035
2028
2026
2028
2038
2042
2047
2051
2058
2064
2071
2071
2089
2094
2096
2097
2094
2092
2087
2089
2087
2078
2080
2081
2082
2078
2070
2056
2051
2038
2034
2037
2033
2007
2003
1999
1991
1982
1978
1977
1974
1969
1967
1963
1962
1967
1974
1980
1981
1985
1996
2004
2006
2007
2029
2033
2038
2043
2053
2058
2061
2068
2069
2072
2067
2065
2063
2069
2065
2065
2060
2033
2030
2031
2028
2012
2004
2003
1997
1992
1968
1968
1961
1953
1952
1950
1953
1956
1948
1937
1936
1937
1939
1939
1941
1946
1955
1955
1954
1954
1958
1961
1961
1969
1978
2000
2003
2010
2010
2005
2003
2004
2008
2017
2019
2019
2022
2021
2019
2023
2026
2031
2032
2031
2037
2051
2073
2071
2077
2079
2088
2091
2096
2095
2103
2106
2106
2105
2111
2114
2119
2116
2119
2119
2120
2123
2121
2107
2109
2111
2107
2105
2087
2085
2088
2089
2085
2085
2079
2079
2049
2038
2031
2024
2004
2000
2000
1997
1989
1991
1991
1995
1987
1977
1971
1968
1973
1975
1973
1967
1967
1975
1977
1978
1978
1980
1982
1979
1987
1990
1997
1998
2006
2010
2018
2028
2035
2035
2028
2026
2026
2026
2027
2019
2017
2011
2010
1994
1996
1991
1991
1993
1994
1995
1991
2005
2005
2010
2016
2027
2027
2030
2030
2045
2054
2051
2050
2044
2053
2052
2047
2042
2039
2043
2050
2052
2037
2034
2028
2024
2013
2010
2007
2002
1981
1981
1989
1991
1994
1995
1993
1993
1991
1994
1995
2003
2007
2013
2011
2011
2019
2012
2009
2019
2033
2025
2009
2019
2024
2019
2010
2008
2013
2016
2067
2078
2101
2116
2085
2103
2110
2110
2133
2129
2126
2129
2132
2095
2084
2078
2078
2074
2058
2049
2046
2018
2001
1989
1984
1927
1939
1945
1930
1920
1950
1939
1934
1940
1953
1946
1935
1941
1977
2000
2012
2026
2042
2047
2063
2077
2076
2090
2113
2128
2121
2114
2109
2103
2104
2109
2097
2068
2039
1951
1952
1966
1980
2024
2018
2007
1993
1977
1950
1957
1975
1989
1986
1990
1991
1995
2000
2000
1988
1981
1919
1912
1919
1929
1957
1957
1954
1966
1972
1965
1981
1992
1995
1995
1998
2016
2023
2061
2065
2079
2089
2149
2163
2170
2173
2170
2167
2164
2159
2149
2130
2107
2089
2081
2039
2027
2024
2010
1939
1928
1927
1922
1874
1857
1839
1840
1842
1846
1851
1857
1860
1868
1873
1873
1869
1844
1833
1819
1814
1789
1792
1789
1790
1782
1743
1723
1702
1690
1673
1656
1641
1632
1616
1626
1638
1650
1686
1697
1699
1706
1812
1841
1883
1927
1978
2156
2219
2295
2376
2457
2537
2627
2713
3065
3157
3247
3339
3628
3689
3750
3785
3806
3835
3833
3830
3817
3785
3753
3719
3675
3410
3321
3220
3131
2741
2642
2537
2430
2031
1935
1847
1758
1673
1393
1304
1223
1149
1078
1009
956
898
686
642
610
581
482
467
468
474
479
531
552
564
582
596
610
629
646
756
798
839
879
1046
1093
1142
1198
1460
1542
1624
1702
1772
1960
2017
2076
2137
2200
2267
2336
2409
2671
2729
2788
2840
3043
3075
3110
3147
3185
3270
3298
3326
3346
3356
3363
3363
3370
3332
3302
3268
3224
2891
2713
2516
2331
2155
1760
1665
1583
1516
1459
1415
1356
1296
1023
966
924
882
755
711
677
654
605
634
679
744
833
1123
1217
1319
1407
1486
1562
1640
1724
2014
2087
2173
2251
2538
2590
2635
2654
2672
2690
2688
2686
2674
2666
2654
2645
2642
2580
2550
2527
2508
2459
2464
2490
2518
2706
2741
2766
2775
2779
2785
2783
2783
2781
2769
2748
2721
2700
2670
2679
2690
2690
2664
2632
2590
2534
2476
2275
2204
2141
2076
2006
1940
1869
1795
1517
1449
1384
1323
1146
1108
1068
1024
982
872
847
838
837
851
876
905
933
1007
1030
1050
1080
1113
1146
1183
1231
1277
1396
1432
1476
1522
1569
1616
1670
1731
1792
1970
2031
2084
2139
2194
2238
2277
2319
2449
2481
2513
2539
2588
2592
2590
2586
2597
2636
2648
2659
2677
2688
2701
2714
2726
2758
2764
2776
2791
2805
2816
2830
2840
2842
2813
2796
2783
2765
2742
2720
2696
2677
2661
2570
2527
2484
2447
2400
2359
2312
2258
2015
1942
1881
1819
1584
1521
1460
1404
1244
1222
1202
1182
1158
1117
1105
1099
1102
1105
1121
1143
1176
1361
1411
1464
1517
1730
1798
1866
1938
2006
2172
2219
2267
2310
2358
2396
2437
2470
2607
2627
2653
2676
2726
2740
2748
2754
2747
2724
2704
2680
2656
2623
2581
2543
2511
2389
2364
2333
2308
2185
2163
2137
2108
2007
1983
1959
1937
1912
1839
1820
1806
1797
1790
1781
1773
1766
1730
1725
1715
1705
1661
1653
1639
1625
1613
1569
1554
1537
1522
1510
1505
1498
1491
1493
1495
1501
1501
1512
1516
1518
1521
1566
1582
1601
1626
1653
1723
1748
1775
1810
1836
1863
1890
1917
2009
2036
2060
2078
2154
2170
2183
2199
2216
2255
2271
2291
2305
2323
2334
2345
2357
2379
2372
2371
2367
2338
2334
2324
2308
2267
2257
2250
2244
2237
2230
2225
2226
2224
2224
2217
2216
2215
2196
2194
2186
2176
2140
2136
2129
2121
2118
2094
2078
2063
2050
2035
2017
2004
1988
1941
1936
1931
1928
1901
1892
1878
1869
1828
1819
1817
1813
1811
1797
1796
1792
1791
1795
1796
1804
1813
1862
1881
1898
1919
2011
2042
2070
2099
2121
2191
2221
2247
2269
2288
2310
2331
2353
2414
2424
2437
2438
2422
2413
2405
2399
2386
2328
2307
2284
2265
2241
2210
2184
2150
2038
2009
1985
1961
1863
1837
1817
1798
1737
1728
1723
1717
1711
1695
1696
1698
1704
1720
1726
1733
1735
1774
1786
1791
1798
1848
1863
1879
1891
1906
1953
1964
1981
1998
2011
2029
2037
2044
2083
2095
2101
2104
2105
2110
2112
2118
2116
2120
2119
2121
2128
2129
2126
2127
2128
2129
2132
2132
2134
2153
2154
2154
2156
2175
2169
2171
2174
2174
2175
2179
2179
2179
2176
2171
2166
2157
2115
2102
2090
2081
2020
2006
1994
1980
1946
1940
1928
1918
1912
1890
1888
1887
1880
1873
1870
1868
1866
1874
1880
1888
1900
1910
1928
1933
1938
1949
1962
1971
1973
1979
1999
2003
2009
2016
2017
2013
2018
2020
2016
2004
2008
2005
2000
1992
1982
1977
1969
1951
1948
1945
1947
1945
1929
1927
1925
1924
1921
1922
1921
1931
1944
1949
1954
1963
1994
2004
2012
2024
2033
2062
2073
2082
2090
2097
2103
2112
2120
2145
2150
2162
2167
2167
2168
2167
2169
2156
2152
2145
2138
2125
2099
2096
2092
2089
2076
2066
2057
2049
2013
2002
1999
1994
1962
1957
1953
1946
1950
1954
1953
1956
1959
1955
1958
1961
1969
2002
2009
2021
2025
2045
2054
2067
2076
2078
2086
2089
2092
2098
2099
2097
2101
2100
2104
2104
2104
2103
2079
2068
2064
2064
2065
2066
2069
2074
2071
2050
2045
2042
2044
2039
2033
2040
2044
2049
2052
2048
2049
2054
2057
2058
2063
2064
2056
2053
2050
2048
2045
2040
2043
2046
2037
2034
2028
2028
1998
1995
1987
1986
1980
1959
1953
1947
1946
1944
1942
1939
1937
1936
1931
1928
1930
1932
1932
1935
1929
1923
1927
1928
1932
1938
1943
1944
1948
1952
1958
1985
1989
1994
1996
2006
2009
2020
2027
2049
2052
2063
2069
2069
2062
2059
2061
2061
2060
2053
2044
2039
2034
2031
2035
2033
2026
1998
1991
1985
1975
1966
1955
1951
1948
1937
1933
1936
1938
1929
1935
1934
1935
1942
1958
1964
1978
1995
1997
1997
2008
2021
2058
2067
2077
2084
2086
2092
2103
2112
2120
2131
2138
2146
2148
2149
2147
2138
2131
2125
2116
2114
2109
2100
2095
2085
2081
2071
2041
2033
2027
2023
1997
1985
1979
1972
1952
1949
1950
1952
1952
1966
1970
1978
1982
1982
1982
1994
2013
2030
2038
2042
2041
2058
2065
2067
2073
2081
2089
2095
2095
2099
2095
2092
2096
2100
2086
2084
2085
2087
2073
2077
2073
2071
2067
2065
2065
2066
2065
2061
2061
2057
2057
2053
2054
2053
2060
2061
2065
2069
2075
2079
2078
2076
2085
2094
2092
2089
2084
2081
2075
2067
2065
2061
2032
2018
2007
2005
1966
1961
1951
1946
1926
1917
1912
1905
1904
1908
1904
1901
1903
1900
1896
1903
1908
1923
1936
1941
1951
1984
1992
1998
2007
2011
2036
2044
2053
2057
2064
2067
2069
2076
2083
2085
2089
2095
2079
2079
2086
2086
2077
2060
2055
2054
2048
2044
2041
2035
2033
2018
2018
2019
2015
2009
2001
1991
1991
1995
2002
1998
2001
2000
1998
1999
2003
2002
1997
1988
1981
1985
1990
1994
1999
2005
2008
2014
2023
2024
2029
2019
2014
2004
2001
2001
1995
1990
1987
1985
1968
1969
1969
1961
1956
1953
1955
1953
1952
1959
1961
1961
1978
1984
1985
1988
1992
2014
2015
2025
2030
2037
2042
2049
2059
2061
2066
2070
2075
2077
2078
2078
2075
2079
2076
2077
2080
2015
1314
1818
1970
1733
1922
2300
2252
2122
2266
2103
2191
2349
2304
2232
2168
2268
2340
2152
2108
2045
2017
2057
2103
2086
2070
2040
2041
2067
2046
1909
1905
1988
2045
1998
1951
1900
1909
1953
2048
2092
2090
2064
2068
2085
2054
1988
1855
1876
1929
1994
2114
2103
2064
2013
1963
1866
1879
1912
1964
2016
2059
2085
2089
2012
1983
1954
1932
1954
1980
2011
2031
2087
2091
2085
2074
2063
2073
2103
2122
2119
2111
2114
2116
2109
2085
2072
2072
2072
2019
1990
1965
1952
1967
2037
2051
2065
2068
2063
2064
2072
2071
2070
2077
2081
2086
2075
2070
2058
2035
1911
1895
1899
1910
1925
1956
1966
1973
1979
1977
1959
1935
1917
1889
1893
1902
1917
1987
1988
1977
1957
1891
1896
1908
1912
1888
1807
1776
1740
1717
1703
1688
1663
1642
1562
1539
1516
1494
1481
1473
1469
1481
1487
1486
1495
1490
1491
1505
1526
1541
1560
1692
1750
1815
1878
2169
2259
2359
2472
2981
3115
3243
3369
3492
3784
3871
3952
4028
4085
4088
4089
4088
4089
4089
4090
4089
3884
3815
3721
3606
3483
3143
3023
2898
2788
2673
2549
2434
2323
1832
1706
1600
1491
1066
970
880
800
730
502
427
332
242
193
171
149
140
136
136
144
141
145
147
156
168
262
310
360
416
469
658
727
799
880
965
1054
1139
1233
1629
1728
1829
1916
2310
2394
2490
2582
2658
2892
2964
3033
3102
3172
3228
3279
3335
3523
3562
3607
3640
3747
3770
3781
3786
3761
3749
3726
3688
3638
3474
3407
3341
3277
3205
3119
3027
2936
2504
2394
2288
2174
1752
1638
1538
1453
1374
1142
1059
959
814
647
501
377
284
398
451
510
570
630
654
679
729
1051
1151
1248
1336
1402
1505
1521
1551
1598
1660
1724
1799
1867
2003
2012
2015
2012
2012
2026
2053
2076
2091
2074
2056
2036
2028
2027
2047
2082
2119
2277
2294
2313
2317
2369
2403
2452
2514
2756
2795
2816
2826
2831
2801
2806
2819
2834
2859
2884
2909
2916
2849
2811
2774
2732
2581
2544
2509
2468
2423
2232
2156
2077
1997
1918
1852
1789
1729
1518
1461
1404
1346
1125
1084
1044
1014
915
889
868
856
850
888
924
969
1022
1082
1147
1211
1280
1554
1624
1706
1794
2164
2248
2327
2398
2461
2604
2652
2703
2756
2819
2879
2937
2985
3142
3154
3164
3171
3146
3131
3127
3125
3061
3036
3008
2973
2936
2821
2793
2769
2738
2705
2689
2672
2655
2559
2536
2503
2470
2322
2286
2254
2214
2174
2036
1976
1917
1859
1801
1743
1685
1628
1413
1369
1326
1286
1133
1106
1084
1071
1033
1027
1027
1027
1035
1093
1128
1168
1218
1271
1322
1367
1412
1555
1603
1656
1722
1973
2030
2081
2130
2179
2286
2329
2366
2408
2444
2485
2521
2559
2653
2661
2663
2665
2662
2654
2654
2650
2563
2528
2495
2453
2415
2325
2287
2245
2198
2155
2105
2058
2012
1812
1769
1738
1714
1597
1569
1545
1523
1506
1497
1503
1508
1523
1543
1561
1579
1594
1629
1640
1663
1679
1744
1763
1776
1787
1778
1772
1772
1768
1760
1755
1747
1736
1732
1723
1715
1703
1693
1697
1704
1711
1723
1733
1737
1744
1752
1760
1804
1834
1861
1890
1916
1945
1969
1994
2107
2135
2170
2211
2349
2377
2400
2422
2482
2491
2503
2512
2518
2527
2516
2514
2509
2501
2492
2489
2482
2446
2433
2429
2417
2334
2308
2283
2266
2249
2182
2161
2139
2119
2102
2086
2076
2063
2001
1986
1976
1970
1951
1945
1944
1939
1917
1913
1909
1900
1899
1894
1890
1887
1879
1883
1886
1880
1877
1872
1873
1868
1862
1857
1852
1849
1849
1861
1861
1864
1875
1890
1918
1927
1943
1964
1984
2010
2029
2047
2132
2158
2181
2204
2290
2307
2330
2350
2366
2410
2413
2419
2423
2434
2437
2436
2431
2359
2342
2320
2291
2182
2146
2124
2103
2083
2005
1976
1948
1918
1893
1866
1847
1832
1799
1787
1775
1777
1774
1769
1766
1766
1770
1785
1795
1797
1808
1825
1840
1851
1860
1880
1913
1923
1937
1953
1961
1979
1997
2015
2067
2089
2102
2113
2128
2127
2130
2132
2141
2138
2140
2135
2126
2095
2088
2083
2078
2079
2075
2070
2063
2011
1997
1981
1970
1931
1922
1916
1916
1913
1907
1911
1916
1918
1918
1927
1935
1944
1971
1974
1981
1992
1999
2004
2010
2019
2027
2030
2031
2034
2036
2018
2008
2000
1997
1995
1993
1984
1982
1952
1945
1940
1934
1920
1919
1920
1921
1923
1920
1926
1925
1920
1918
1921
1924
1929
1951
1961
1963
1971
2009
2019
2030
2042
2063
2069
2069
2071
2075
2079
2079
2080
2080
2078
2079
2075
2066
2037
2031
2029
2025
2019
2016
2015
2008
2003
1999
2004
2012
2017
2023
2030
2034
2039
2057
2060
2065
2073
2092
2098
2104
2108
2132
2134
2137
2133
2134
2134
2131
2135
2134
2131
2126
2130
2118
2089
2078
2070
2062
2026
2027
2012
2011
2008
1984
1974
1967
1956
1946
1940
1938
1936
1926
1926
1927
1929
1948
1953
1961
1970
1994
2001
2015
2028
2039
2069
2085
2093
2103
2111
2123
2130
2139
2157
2157
2159
2164
2161
2150
2142
2143
2142
2128
2121
2112
2110
2108
2101
2095
2092
2057
2049
2050
2051
2035
2036
2034
2029
2020
2026
2033
2035
2039
2046
2045
2048
2049
2054
2054
2055
2060
2062
2066
2068
2068
2055
2050
2035
2026
2029
2016
2007
1997
1994
1985
1981
1970
1959
1930
1923
1919
1913
1891
1880
1877
1878
1880
1882
1888
1890
1891
1893
1893
1897
1904
1908
1915
1919
1931
1945
1945
1945
1950
1981
1985
1989
1996
2006
2014
2015
2018
2020
2017
2014
2009
2011
2016
2022
2022
2018
2025
2020
2019
2015
2014
2013
2011
2008
2003
2000
2010
2017
2025
2034
2036
2039
2043
2060
2071
2084
2090
2123
2125
2131
2135
2137
2139
2146
2156
2162
2162
2158
2161
2171
2166
2162
2161
2155
2120
2112
2107
2099
2054
2043
2031
2021
2015
1987
1975
1973
1970
1966
1955
1946
1940
1915
1912
1913
1911
1911
1907
1904
1907
1919
1945
1953
1955
1959
1964
1963
1966
1974
1987
1986
1989
2000
2029
2034
2037
2044
2056
2065
2071
2078
2086
2090
2090
2095
2093
2086
2092
2099
2097
2093
2092
2092
2097
2099
2098
2092
2091
2091
2082
2074
2068
2067
2062
2059
2060
2055
2029
2025
2024
2026
2006
2001
1997
1990
1968
1965
1967
1963
1955
1928
1923
1923
1924
1919
1911
1915
1912
1899
1905
1905
1907
1922
1928
1930
1933
1942
1966
1974
1981
1992
2001
2015
2027
2041
2097
2108
2115
2119
2154
2158
2167
2174
2217
2223
2224
2223
2226
2214
2207
2207
2207
2205
2197
2190
2179
2151
2143
2130
2125
2090
2075
2069
2060
2051
2024
2013
2010
2006
1993
1984
1971
1966
1938
1933
1929
1922
1858
1739
1420
1182
1004
483
559
1318
2027
2798
3000
3028
2960
2864
2715
2572
2536
2458
2424
2276
2243
2328
2185
2035
1926
1879
1951
1912
1903
1907
1907
1862
1807
1783
1490
1459
1413
1376
2082
2170
2248
2269
2155
2076
2001
1925
1868
1925
1959
2003
2048
2066
2090
2146
2209
2413
2397
2319
2195
1723
1681
1713
1770
1986
1987
1984
1996
2019
2062
2052
2037
2002
1944
1875
1794
1702
1645
1711
1784
1830
2016
2082
2168
2230
2269
2282
2224
2148
2078
2013
1954
1914
1904
1983
2002
2015
2035
2234
2294
2329
2331
2146
2073
2012
1989
1979
1996
1999
1968
1927
1885
1851
1831
1828
1886
1911
1923
1925
1902
1912
1929
1962
1999
2042
2040
2035
2029
2020
2012
2012
2035
2191
2221
2235
2246
2181
2169
2163
2167
2213
2204
2190
2169
2142
2034
2012
1991
1954
1902
1846
1784
1717
1423
1354
1291
1243
1173
1192
1238
1305
1389
1690
1778
1855
1912
1955
1984
2008
2041
2275
2353
2432
2504
2722
2756
2777
2804
2886
2904
2923
2953
2980
3072
3102
3131
3164
3189
3212
3226
3242
3260
3257
3237
3206
3037
2991
2961
2932
2907
2816
2762
2704
2639
2579
2522
2458
2393
2060
1942
1823
1710
1286
1224
1165
1123
999
956
909
853
794
605
549
497
456
429
412
409
422
514
529
544
570
639
668
696
732
780
900
936
973
1014
1052
1092
1144
1205
1418
1487
1553
1623
1689
1755
1816
1878
1942
2132
2209
2277
2348
2415
2481
2532
2585
2621
2726
2756
2792
2828
2853
2874
2900
2930
3008
3006
2996
2986
2852
2813
2784
2775
2772
2766
2757
2737
2715
2691
2657
2621
2592
2502
2491
2478
2455
2322
2285
2256
2233
2167
2148
2124
2099
2082
2053
2058
2053
2049
2023
1995
1975
1959
1903
1908
1919
1933
1880
1857
1835
1819
1813
1747
1724
1709
1701
1688
1681
1682
1700
1798
1835
1861
1868
1888
1880
1896
1914
1952
1978
2006
2043
2070
2162
2217
2260
2287
2304
2314
2319
2324
2352
2371
2384
2394
2456
2474
2502
2531
2553
2552
2538
2512
2481
2449
2419
2390
2362
2269
2234
2199
2162
2124
2081
2026
1966
1915
1809
1775
1753
1720
1676
1629
1575
1525
1484
1342
1307
1290
1268
1252
1238
1226
1214
1219
1220
1226
1241
1260
1276
1293
1302
1315
1387
1403
1406
1413
1418
1427
1430
1441
1557
1598
1640
1695
1917
1971
2018
2063
2227
2258
2288
2324
2359
2434
2459
2489
2518
2541
2562
2580
2594
2652
2662
2671
2688
2722
2736
2749
2755
2756
2728
2711
2695
2675
2651
2620
2587
2549
2365
2317
2276
2234
2074
2033
1991
1946
1631
1564
1502
1444
1403
1357
1363
1381
1410
1435
1464
1492
1515
1621
1648
1672
1686
1770
1798
1822
1854
1888
1982
2011
2041
2069
2090
2102
2116
2135
2249
2276
2296
2309
2347
2347
2348
2359
2378
2439
2455
2476
2489
2502
2514
2518
2514
2480
2476
2472
2468
2469
2474
2476
2476
2452
2451
2453
2452
2452
2436
2432
2424
2416
2407
2402
2394
2394
2385
2375
2363
2353
2272
2246
2218
2190
2170
2112
2084
2063
2044
2009
1978
1949
1918
1793
1768
1751
1735
1651
1633
1619
1598
1582
1519
1500
1478
1465
1457
1450
1441
1438
1416
1410
1403
1393
1391
1386
1390
1394
1401
1439
1462
1477
1491
1507
1528
1545
1567
1589
1664
1688
1711
1733
1756
1782
1803
1825
1923
1943
1962
1983
2035
2049
2068
2078
2132
2137
2147
2149
2149
2142
2138
2137
2143
2151
2156
2154
2154
2136
2139
2139
2133
2142
2144
2147
2148
2153
2155
2151
2146
2141
2140
2137
2132
2125
2063
2041
2023
2009
1941
1926
1909
1894
1879
1840
1833
1825
1816
1807
1798
1791
1795
1787
1787
1786
1785
1785
1793
1799
1813
1828
1859
1870
1882
1896
1904
1920
1940
1953
1965
2027
2040
2054
2074
2091
2108
2126
2150
2226
2243
2261
2275
2320
2327
2339
2339
2344
2350
2351
2344
2342
2309
2300
2286
2275
2268
2258
2244
2235
2189
2181
2173
2169
2132
2126
2115
2100
2085
2044
2040
2028
2028
2022
2013
2006
1997
1978
1975
1973
1970
1974
1980
1983
1992
2011
2014
2014
2016
2014
2029
2028
2029
2030
2029
2030
2025
2016
2006
2005
2005
2001
2000
1993
1992
1993
1996
1993
1992
1994
1996
1995
2001
2011
2014
2035
2041
2047
2054
2084
2087
2089
2094
2103
2105
2113
2115
2118
2113
2116
2123
2121
2128
2133
2138
2148
2143
2139
2135
2133
2142
2142
2141
2140
2111
2109
2106
2098
2092
2062
2055
2043
2028
2009
1995
1984
1980
1951
1940
1932
1923
1895
1887
1879
1874
1865
1845
1843
1837
1827
1827
1826
1824
1816
1799
1801
1804
1804
1824
1827
1820
1815
1828
1840
1846
1851
1849
1864
1866
1864
1866
1871
1882
1891
1903
1949
1959
1968
1976
2030
2047
2060
2075
2083
2129
2141
2145
2151
2159
2166
2176
2183
2205
2211
2217
2225
2203
2196
2188
2180
2139
2131
2118
2117
2099
2061
2042
2026
2014
2003
1985
1977
1972
1920
1907
1905
1905
1895
1893
1888
1890
1892
1895
1896
1898
1901
1909
1922
1933
1949
1997
2001
2010
2018
2065
2073
2088
2095
2116
2123
2127
2122
2128
2144
2142
2139
2142
2148
2148
2144
2144
2153
2154
2152
2148
2139
2138
2136
2133
2129
2119
2121
2120
2119
2119
2118
2106
2101
2075
2082
2080
2079
2064
2067
2068
2068
2071
2072
2075
2073
2072
2063
2059
2059
2058
2057
2059
2058
2053
2044
2040
2038
2035
2011
2000
2000
1991
1989
1978
1969
1969
1967
1953
1945
1940
1937
1931
1922
1922
1924
1918
1914
1914
1917
1915
1908
1911
1913
1916
1920
1925
1927
1928
1931
1938
1943
1952
1962
1968
1980
1984
1988
1989
1991
1992
1993
1993
1998
2008
2017
2018
2018
2021
2018
2029
2038
2048
2046
2061
2066
2075
2078
2076
2083
2085
2095
2097
2094
2091
2085
2090
2100
2105
2110
2111
2085
2085
2085
2078
2061
2060
2048
2040
2028
2012
2013
2013
2010
2011
2003
2002
2005
1991
1994
1992
1991
1998
1989
1991
1989
2002
2018
2019
2022
2025
2025
2030
2035
2037
2033
2028
2032
2033
2025
2021
2021
2020
2021
2024
2029
2033
2032
2050
2056
2064
2067
2068
2071
2077
2084
2070
2070
2070
2068
2068
2067
2063
2061
2059
2054
2053
2057
2049
2044
2044
2044
2049
2079
2083
2085
2087
2096
2098
2091
2087
2086
2086
2087
2091
2093
2093
2093
2093
2083
2072
2064
2058
2046
2015
2005
1998
1990
1978
1973
1967
1960
1955
1936
1924
1916
1913
1914
1912
1910
1908
1877
1874
1870
1864
1867
1866
1867
1867
1874
1874
1880
1883
1890
1909
1915
1927
1936
1944
1949
1955
1959
2000
2007
2015
2017
2038
2046
2049
2046
2050
2058
2053
2057
2065
2072
2069
2071
2080
2081
2075
2077
2072
2067
2067
2067
2069
2061
2059
2061
2059
2058
2051
2049
2050
2054
2058
2063
2062
2070
2058
2054
2052
2043
2038
2041
2050
2052
2051
2051
2046
2042
2043
2048
2047
2049
2043
2052
2048
2049
2051
2089
2096
2093
2088
2040
2036
2034
2040
2045
2065
2069
2076
2086
2087
2087
2080
2072
2026
2020
2015
2014
2032
2033
2029
2027
2027
2016
2015
2016
2015
2015
2017
2021
2026
2028
2022
2023
2019
2022
2026
2029
2033
2045
2053
2062
2064
2064
2053
2055
2055
2058
2056
2056
2052
2055
2064
2065
2067
2062
2055
2050
2059
2065
2067
2053
2048
2044
2044
2038
2041
2035
2029
2011
2008
2008
2006
1760
1699
1634
1634
1705
1901
1976
2026
2080
2125
2133
2110
2086
2034
2023
2024
2054
2116
2076
2044
2016
1943
1943
1957
1992
2020
2043
2042
2025
2005
1977
1963
1952
1959
2059
2070
2072
2064
1956
1941
1947
1966
1988
2055
2080
2103
2127
2142
2146
2145
2136
2162
2185
2205
2216
2137
2112
2083
2050
2022
2005
2018
2047
2078
2105
2130
2139
2129
2044
2012
1989
1975
1967
1962
1964
1966
1972
1942
1928
1919
1918
1911
1904
1899
1904
1917
1994
2010
2008
1999
1980
1962
1945
1939
1985
2004
2019
2029
2025
2013
2007
1999
2016
2030
2039
2043
2042
1994
1975
1950
1935
1933
1940
1955
1967
1978
1975
1972
1964
1961
1974
1993
2013
2031
2037
2025
2009
1996
1977
1961
1957
1954
1982
2001
2022
2037
2016
1982
1932
1877
1821
1643
1598
1557
1530
1507
1490
1480
1467
1425
1421
1427
1442
1536
1564
1584
1593
1596
1602
1623
1659
1715
1781
1851
1936
2045
2513
2635
2764
2892
3394
3526
3659
3786
4089
4089
4089
4090
4090
4090
4089
4088
4090
4086
4041
3954
3842
3288
3135
2984
2834
2237
2084
1931
1777
1629
1202
1089
986
895
815
738
670
613
446
417
394
371
359
367
372
376
383
393
400
414
428
437
463
494
532
708
750
784
807
890
929
976
1026
1088
1300
1370
1445
1520
1595
1664
1742
1825
2088
2181
2275
2375
2469
2571
2658
2743
2829
3061
3130
3197
3265
3336
3394
3444
3490
3522
3579
3587
3586
3584
3587
3593
3596
3589
3451
3396
3329
3262
2941
2866
2787
2704
2624
2378
2299
2220
2144
2069
2000
1940
1888
1708
1675
1648
1630
1579
1569
1563
1562
1564
1580
1594
1610
1621
1629
1630
1634
1635
1636
1639
1650
1658
1658
1653
1639
1618
1413
1350
1285
1230
1172
1073
1053
1046
1048
1059
1072
1081
1092
1189
1218
1262
1312
1505
1567
1621
1677
1735
1919
1981
2047
2116
2181
2244
2301
2349
2524
2567
2607
2645
2755
2780
2807
2823
2821
2795
2785
2773
2761
2752
2742
2733
2730
2725
2720
2718
2711
2738
2751
2757
2756
2679
2637
2586
2528
2476
2274
2211
2156
2101
2053
2005
1958
1911
1667
1595
1528
1459
1197
1138
1080
1024
984
866
845
833
834
835
849
871
903
1063
1124
1190
1259
1570
1654
1744
1841
1939
2203
2286
2370
2445
2520
2596
2668
2733
2934
2959
2977
2988
3030
3037
3042
3039
3045
3000
2984
2958
2925
2896
2858
2824
2789
2680
2645
2613
2576
2538
2499
2459
2425
2394
2278
2250
2216
2184
2155
2127
2099
2069
2044
1962
1939
1919
1902
1886
1873
1860
1840
1746
1728
1710
1691
1601
1579
1557
1535
1516
1468
1463
1458
1454
1455
1463
1471
1484
1576
1608
1640
1670
1788
1823
1851
1888
2027
2060
2092
2131
2169
2266
2293
2313
2324
2340
2358
2372
2382
2377
2363
2349
2336
2261
2234
2209
2186
2165
2091
2057
2026
1995
1955
1927
1901
1875
1793
1772
1756
1740
1721
1719
1725
1731
1738
1770
1781
1796
1813
1830
1848
1859
1876
1940
1956
1980
1996
2047
2056
2058
2058
2023
2011
1998
1988
1980
1924
1900
1870
1846
1827
1814
1796
1781
1728
1719
1714
1709
1714
1717
1717
1722
1730
1770
1784
1796
1809
1824
1835
1859
1886
1960
1981
2000
2014
2056
2061
2063
2068
2072
2073
2075
2075
2087
2093
2100
2113
2119
2145
2159
2170
2179
2189
2196
2210
2218
2225
2233
2237
2245
2252
2264
2270
2280
2286
2293
2326
2335
2345
2346
2344
2345
2348
2352
2337
2329
2317
2306
2240
2217
2195
2170
2151
2077
2053
2035
2016
1993
1971
1952
1940
1871
1862
1849
1843
1835
1833
1829
1823
1836
1856
1871
1881
1895
1930
1943
1962
1978
1993
2003
2017
2033
2087
2098
2106
2113
2132
2131
2128
2133
2132
2131
2128
2123
2118
2110
2104
2104
2101
2072
2064
2061
2067
2034
2028
2027
2030
2035
2036
2035
2039
2049
2052
2049
2044
2048
2051
2053
2056
2057
2063
2060
2064
2064
2050
2050
2050
2052
2056
2043
2041
2040
2041
2048
2052
2051
2054
2051
2060
2067
2072
2076
2080
2085
2085
2091
2102
2111
2117
2129
2137
2132
2141
2143
2146
2146
2143
2141
2117
2107
2093
2083
2023
2001
1980
1968
1955
1912
1894
1874
1860
1844
1827
1808
1798
1755
1744
1747
1746
1738
1745
1751
1762
1784
1830
1841
1857
1877
1899
1915
1935
1952
2006
2023
2030
2044
2081
2086
2093
2097
2093
2088
2091
2091
2088
2089
2084
2080
2079
2075
2066
2057
2058
2031
2025
2028
2023
2015
2014
2008
2007
2010
2029
2033
2035
2033
2032
2031
2033
2030
2038
2034
2024
2014
2007
2009
2006
1997
1975
1975
1970
1965
1961
1951
1950
1944
1941
1934
1932
1933
1931
1925
1934
1945
1950
1974
1981
1989
1999
2013
2032
2042
2054
2060
2068
2077
2085
2096
2119
2122
2129
2132
2130
2132
2134
2132
2103
2094
2091
2091
2082
2057
2045
2038
2038
2033
2027
2028
2025
2010
2005
2003
2002
2012
2018
2026
2031
2038
2050
2050
2063
2074
2078
2090
2101
2112
2139
2144
2148
2154
2156
2153
2153
2146
2124
2117
2107
2102
2092
2068
2051
2035
2022
2011
2004
1997
1995
1965
1957
1954
1939
1933
1938
1951
1963
1971
1977
1990
1999
2006
2017
2026
2029
2041
2070
2074
2082
2091
2116
2113
2114
2110
2097
2098
2093
2096
2099
2092
2083
2081
2074
2067
2064
2056
2053