2111
2110
2100
2094
2088
2090
2086
2077
2078
2070
2059
2052
2048
2045
2040
2038
2035
2027
2021
1990
1986
1985
1980
1973
1972
1971
1968
1960
1959
1957
1956
1956
1950
1947
1951
1951
1954
1958
1964
1966
1976
1980
1980
1985
1985
1990
1996
1997
2010
2014
2017
2014
2023
2025
2026
2028
2036
2040
2035
2040
2044
2049
2055
2061
2070
2063
2068
2067
2068
2060
2058
2058
2053
2041
2041
2044
2048
2046
2048
2051
2052
2041
2037
2037
2037
2039
2030
2032
2031
2032
2041
2040
2040
2032
2029
2033
2035
2034
2032
2031
2037
2041
2045
2059
2058
2057
2060
2060
2057
2058
2067
2070
2079
2073
2072
2073
2051
2048
2042
2041
2041
2045
2040
2040
2024
2018
2019
2020
2011
2006
2004
1998
1977
1977
1974
1976
1976
1966
1966
1965
1967
1962
1961
1968
1972
1998
1998
2001
1998
2007
2008
2014
2020
2028
2026
2021
2021
2026
2030
2031
2033
2032
2006
2012
2012
2009
2003
2002
1999
1990
1979
1977
1979
1980
1987
1987
1991
1991
1988
1976
1973
1976
1975
1980
1989
1987
1968
1895
1894
1880
1877
1885
1920
1934
1961
1977
1986
1986
1999
2000
2033
2053
2059
2066
2125
2136
2135
2129
2114
2117
2106
2103
2109
2096
2097
2100
2109
2120
2133
2137
2145
2166
2171
2176
2185
2180
2173
2166
2163
2162
2129
2122
2114
2107
2099
2096
2102
2104
2119
2111
2100
2083
2011
2001
1997
1996
2001
2004
2000
1996
1987
1988
1990
1996
1999
1994
1979
1971
1960
1950
1943
1932
1929
1932
1934
1938
1940
1941
1945
1948
1951
1948
1949
1955
1964
1968
1975
1991
2005
2020
2037
2057
2048
2051
2051
2053
2060
2055
2044
2035
2000
1994
1994
1997
2005
2011
2016
2022
2024
2010
1995
1993
1969
1963
1955
1945
1944
1945
1942
1936
1932
1906
1905
1913
1911
1905
1891
1878
1871
1896
1908
1916
1922
1953
1962
1970
1978
1983
1988
1992
2001
2014
2026
2031
2034
2047
2060
2058
2066
2074
2099
2103
2110
2113
2082
2080
2078
2091
2105
2133
2131
2132
2132
2130
2126
2125
2124
2120
2125
2124
2119
2093
2089
2085
2077
2071
2063
2060
2060
2058
2052
2056
2054
2049
2011
2004
2004
2001
1942
1913
1890
1867
1765
1749
1726
1701
1678
1590
1555
1520
1500
1476
1447
1423
1399
1344
1327
1320
1310
1289
1290
1297
1309
1319
1384
1406
1422
1438
1460
1482
1505
1533
1686
1736
1792
1850
1908
2099
2169
2252
2340
2432
2527
2624
2722
3025
3131
3234
3331
3430
3525
3615
3702
3799
4036
4087
4087
4089
4088
4089
4088
4090
4088
4092
4088
4089
4090
4089
4089
4089
4082
4043
3988
3926
3852
3575
3485
3379
3255
2755
2651
2558
2462
2041
1929
1816
1702
1592
1248
1134
1026
927
828
727
625
519
154
135
128
123
119
109
109
105
103
103
99
100
97
99
99
101
102
101
102
104
102
105
115
121
126
140
159
186
224
282
349
607
697
795
897
1003
1108
1212
1319
1701
1793
1881
1962
2285
2364
2435
2497
2702
2731
2757
2775
2792
2765
2743
2722
2702
2676
2643
2601
2554
2331
2267
2215
2166
2011
1967
1917
1874
1830
1701
1666
1631
1594
1565
1535
1509
1486
1453
1457
1482
1507
1627
1663
1698
1744
1787
1936
1993
2045
2102
2164
2234
2299
2366
2563
2616
2670
2730
2783
2835
2878
2920
2961
3063
3085
3113
3142
3168
3190
3209
3226
3241
3272
3286
3292
3304
3306
3305
3298
3285
3248
3244
3242
3239
3208
3202
3186
3172
3098
3077
3047
3005
2965
2835
2791
2752
2711
2677
2642
2607
2572
2408
2367
2324
2284
2128
2091
2055
2024
1993
1886
1860
1833
1804
1779
1763
1754
1744
1696
1683
1678
1671
1655
1658
1653
1652
1652
1638
1628
1617
1597
1582
1568
1556
1547
1493
1471
1447
1420
1401
1377
1359
1339
1321
1255
1237
1235
1226
1218
1211
1207
1203
1194
1168
1162
1155
1149
1149
1147
1147
1142
1134
1138
1137
1142
1203
1219
1233
1256
1358
1386
1419
1452
1487
1565
1597
1629
1660
1697
1731
1771
1808
1949
1989
2026
2052
2157
2175
2196
2216
2229
2287
2300
2316
2330
2345
2349
2356
2356
2336
2331
2335
2329
2324
2326
2312
2297
2293
2267
2257
2252
2248
2246
2237
2237
2232
2212
2207
2200
2196
2180
2178
2181
2177
2197
2199
2203
2207
2210
2229
2239
2241
2244
2251
2262
2270
2284
2320
2331
2354
2369
2399
2406
2410
2415
2420
2410
2407
2404
2399
2395
2388
2385
2383
2322
2303
2284
2270
2212
2196
2182
2169
2117
2100
2083
2066
2047
2002
1986
1973
1962
1950
1944
1937
1921
1907
1861
1845
1843
1847
1843
1844
1837
1835
1831
1826
1817
1806
1796
1785
1778
1769
1761
1736
1723
1715
1710
1697
1693
1684
1676
1649
1651
1655
1665
1672
1683
1689
1692
1705
1709
1711
1714
1724
1755
1768
1781
1791
1844
1860
1874
1887
1945
1962
1980
2000
2019
2058
2064
2071
2081
2088
2095
2101
2112
2156
2161
2163
2176
2230
2245
2257
2269
2325
2342
2357
2371
2383
2411
2423
2431
2443
2456
2465
2470
2482
2508
2511
2514
2522
2514
2510
2512
2509
2507
2460
2445
2430
2408
2389
2365
2337
2310
2205
2179
2155
2129
2021
1991
1964
1940
1837
1814
1795
1770
1749
1693
1683
1667
1655
1641
1636
1630
1627
1635
1643
1651
1658
1685
1688
1697
1710
1727
1769
1778
1797
1812
1821
1829
1836
1842
1880
1889
1898
1910
1938
1942
1945
1948
1944
1943
1938
1932
1929
1930
1926
1921
1921
1917
1909
1911
1909
1894
1889
1889
1889
1868
1873
1865
1860
1856
1859
1868
1873
1873
1874
1870
1877
1880
1898
1901
1914
1921
1947
1953
1961
1975
2023
2032
2048
2063
2075
2112
2122
2131
2144
2156
2170
2180
2188
2224
2237
2247
2258
2290
2295
2300
2301
2310
2310
2314
2317
2317
2315
2315
2315
2309
2288
2281
2274
2270
2220
2213
2201
2186
2175
2143
2124
2108
2100
2092
2080
2071
2061
2036
2031
2024
2022
1995
1988
1990
1990
1978
1979
1984
1982
1983
2011
2020
2023
2023
2032
2042
2043
2045
2052
2062
2059
2057
2056
2064
2070
2075
2076
2085
2087
2088
2091
2091
2086
2082
2079
2081
2075
2069
2054
2046
2041
2031
2020
2009
1964
1957
1945
1928
1910
1876
1870
1856
1845
1842
1828
1820
1814
1797
1793
1787
1782
1782
1787
1797
1803
1831
1843
1859
1876
1889
1925
1933
1947
1955
1968
1979
1992
2005
2040
2047
2054
2061
2099
2105
2120
2129
2138
2142
2148
2151
2149
2148
2148
2146
2141
2137
2134
2127
2125
2115
2108
2105
2099
2088
2082
2075
2075
2065
2047
2040
2034
2031
2026
2021
2024
2019
1988
1980
1978
1975
1956
1957
1960
1965
1967
1969
1967
1967
1972
1976
1978
1977
1977
1990
1992
1995
1995
1995
1998
2004
2008
2017
2036
2046
2055
2065
2072
2079
2087
2090
2099
2101
2105
2106
2119
2121
2119
2116
2116
2112
2110
2112
2103
2085
2075
2070
2069
2064
2055
2054
2052
2024
2018
2009
2005
1976
1978
1977
1976
1976
1961
1956
1957
1959
1964
1973
1983
1983
2006
2008
2011
2013
2039
2045
2050
2057
2062
2063
2061
2064
2066
2064
2064
2060
2067
2068
2064
2064
2065
2041
2037
2030
2029
2013
2008
2008
2004
2008
1991
1987
1985
1983
1982
1978
1974
1972
1976
1972
1965
1970
1988
1996
2006
2010
2024
2028
2024
2025
2031
2041
2040
2049
2057
2058
2058
2067
2059
2057
2060
2055
2055
2054
2055
2053
2049
2053
2044
2043
2038
2035
2031
2020
2011
2002
1994
1987
1987
1989
1985
1980
1970
1971
1972
1946
1942
1940
1940
1942
1929
1926
1922
1920
1918
1911
1905
1900
1902
1901
1902
1904
1915
1920
1920
1926
1935
1949
1956
1962
1967
1968
1980
1994
2004
2023
2028
2038
2051
2067
2074
2087
2094
2101
2126
2132
2136
2141
2148
2157
2165
2175
2198
2203
2207
2209
2214
2204
2204
2206
2208
2213
2216
2214
2208
2167
2159
2153
2151
2149
2152
2153
2154
2149
2131
2126
2122
2120
2116
2118
2117
2112
2078
2068
2058
2052
2026
2020
2012
2004
1999
1982
1976
1970
1958
1953
1947
1939
1939
1925
1934
1942
1938
1944
1951
1956
1961
1967
1974
1981
1989
1992
1996
1992
1995
1994
1990
1985
1987
1994
2010
2010
2015
2016
2021
2023
2024
2026
2022
1997
1987
1978
1975
1971
1965
1957
1950
1932
1926
1923
1916
1885
1884
1880
1877
1889
1893
1893
1899
1904
1922
1922
1926
1933
1933
1933
1935
1936
1937
1936
1939
1939
1929
1932
1935
1936
1933
1908
1893
1886
1878
1865
1846
1836
1823
1767
1750
1733
1727
1695
1691
1680
1670
1653
1648
1644
1630
1609
1574
1555
1553
1552
1545
1542
1545
1539
1534
1533
1542
1556
1632
1660
1688
1721
1758
1855
1894
1931
1966
2015
2064
2121
2178
2440
2516
2592
2673
2990
3074
3156
3237
3578
3664
3748
3830
3909
4089
4088
4088
4089
4090
4089
4087
4089
4089
4091
4088
4090
4087
4087
4089
4090
4089
4064
3997
3915
3819
3705
3583
3464
3334
2757
2608
2455
2304
1675
1518
1371
1228
682
555
432
308
203
117
105
91
88
86
84
80
75
75
75
75
73
73
73
74
74
76
75
80
79
80
83
83
82
85
96
104
109
117
196
253
336
435
551
939
1070
1198
1337
1480
1623
1763
1902
2407
2518
2632
2727
3071
3149
3223
3292
3469
3483
3484
3478
3472
3403
3360
3312
3269
3225
3178
3143
3106
2883
2833
2784
2754
2615
2576
2526
2473
2423
2263
2230
2206
2186
2158
2132
2101
2073
1923
1875
1829
1796
1700
1687
1678
1672
1618
1606
1596
1591
1597
1666
1696
1723
1755
1785
1808
1827
1855
2022
2073
2134
2190
2354
2382
2419
2451
2490
2576
2603
2624
2647
2666
2693
2715
2727
2751
2759
2775
2786
2803
2804
2800
2800
2822
2836
2847
2860
2877
2930
2942
2947
2947
2948
2958
2961
2954
2915
2892
2872
2846
2697
2654
2609
2560
2517
2357
2298
2234
2169
2102
2032
1960
1894
1635
1572
1508
1446
1191
1136
1081
1030
979
820
775
727
689
644
603
568
541
476
482
493
508
618
651
688
735
922
971
1023
1074
1133
1302
1355
1413
1479
1544
1605
1665
1726
1979
2042
2095
2143
2324
2365
2410
2453
2492
2567
2584
2595
2605
2611
2611
2612
2617
2620
2610
2603
2592
2475
2435
2399
2371
2263
2240
2209
2179
2152
2049
2014
1988
1964
1941
1921
1902
1881
1787
1768
1746
1728
1668
1660
1652
1646
1644
1620
1617
1609
1607
1598
1583
1577
1578
1592
1605
1614
1624
1695
1717
1745
1772
1908
1942
1985
2023
2073
2194
2233
2271
2312
2350
2385
2423
2458
2582
2601
2620
2635
2663
2671
2669
2669
2666
2632
2616
2598
2583
2574
2560
2547
2528
2444
2427
2405
2382
2325
2324
2312
2299
2260
2249
2237
2226
2218
2194
2186
2181
2176
2160
2146
2129
2113
2046
2036
2026
2016
1993
1987
1975
1959
1949
1916
1905
1889
1872
1851
1829
1809
1792
1714
1697
1680
1662
1601
1581
1567
1550
1532
1496
1485
1481
1474
1466
1463
1463
1469
1482
1495
1509
1529
1625
1659
1685
1717
1847
1884
1922
1964
2002
2124
2160
2198
2244
2283
2316
2347
2380
2498
2522
2538
2563
2641
2646
2656
2667
2675
2687
2689
2682
2677
2671
2660
2654
2643
2585
2571
2549
2531
2447
2423
2401
2374
2267
2237
2211
2186
2158
2082
2051
2015
1984
1954
1924
1899
1868
1757
1733
1707
1682
1590
1580
1566
1546
1536
1536
1538
1541
1539
1537
1532
1529
1529
1558
1574
1593
1604
1677
1697
1717
1733
1772
1784
1797
1816
1838
1894
1904
1921
1933
1948
1963
1991
2014
2073
2082
2095
2111
2142
2150
2148
2152
2153
2162
2166
2176
2177
2173
2169
2161
2154
2125
2120
2110
2100
2059
2048
2038
2027
1983
1976
1967
1956
1953
1930
1923
1919
1916
1918
1918
1918
1914
1920
1934
1952
1965
1998
1998
2003
2008
2011
2027
2043
2047
2050
2051
2049
2053
2056
2056
2057
2057
2056
2051
2052
2049
2045
2039
2036
2037
2033
2024
2020
2017
2009
2011
1996
1999
2004
2006
2026
2023
2025
2025
2045
2054
2062
2072
2085
2124
2134
2140
2148
2159
2167
2176
2188
2215
2218
2230
2242
2255
2260
2263
2266
2270
2271
2269
2260
2258
2255
2240
2235
2231
2209
2200
2187
2178
2133
2123
2108
2090
2046
2033
2021
2012
2012
1977
1958
1947
1944
1939
1937
1935
1930
1920
1922
1918
1916
1894
1896
1898
1897
1901
1906
1904
1900
1905
1909
1915
1921
1928
1936
1940
1948
1946
1938
1943
1951
1949
1951
1960
1965
1967
1971
1973
1974
1978
1985
2020
2024
2033
2040
2045
2044
2042
2035
2023
2025
2021
2017
2007
1986
1979
1972
1966
1962
1956
1949
1949
1946
1942
1931
1927
1893
1891
1883
1880
1879
1886
1884
1883
1894
1894
1890
1895
1903
1929
1931
1933
1937
1953
1961
1972
1989
1999
2019
2020
2030
2040
2052
2068
2078
2085
2112
2120
2132
2145
2169
2176
2184
2193
2200
2200
2209
2214
2215
2207
2209
2206
2205
2213
2212
2213
2213
2172
2164
2156
2156
2112
2109
2104
2094
2088
2072
2070
2069
2069
2071
2071
2071
2068
2049
2046
2041
2041
2052
2046
2049
2048
2048
2045
2041
2038
2034
2027
2021
2016
2013
2000
1996
1990
1985
1978
1983
1979
1974
1967
1950
1942
1932
1928
1923
1918
1913
1913
1910
1909
1909
1911
1910
1907
1902
1901
1899
1904
1905
1907
1915
1923
1924
1925
1925
1928
1938
1938
1934
1940
1942
1943
1941
1945
1950
1955
1959
1968
1891
1649
1543
1615
1956
2048
2109
2157
2241
2189
2133
2098
2045
1979
1979
2081
2172
2160
2162
2184
2203
2105
2113
2105
2110
2144
2182
2177
2196
2203
2175
2152
2155
2158
2180
2179
2179
2191
2223
2214
2177
2128
2102
2075
2038
1998
1970
2045
2073
2086
2083
2062
2028
1991
1969
1897
1885
1887
1904
2036
2036
2023
2000
1965
1895
1881
1874
1879
1899
1923
1959
1986
2050
2056
2057
2058
1995
2007
2032
2053
2044
2037
2025
2012
2008
2030
2030
2029
2044
2049
2041
2023
2015
2021
2022
2030
2031
2090
2100
2102
2091
2084
2057
2053
2051
2045
2038
2034
2039
2041
1954
1926
1911
1907
1934
1936
1937
1933
1869
1851
1833
1823
1827
1835
1848
1863
1879
1885
1898
1899
1890
1848
1847
1851
1864
1916
1925
1934
1948
1956
1974
1971
1972
1976
1981
1983
1990
1997
2006
2005
2011
2011
2052
2062
2064
2070
2071
2037
2035
2037
2042
2048
2052
2050
2038
1974
1939
1913
1890
1810
1792
1778
1768
1759
1749
1737
1725
1712
1696
1695
1701
1714
1729
1740
1749
1762
1774
1772
1773
1784
1872
1905
1940
1968
2000
2107
2145
2185
2226
2270
2321
2373
2429
2637
2692
2754
2814
3060
3118
3174
3229
3413
3445
3478
3514
3555
3662
3694
3727
3752
3772
3782
3787
3779
3692
3664
3637
3604
3398
3333
3268
3191
3111
2867
2769
2673
2577
2473
2371
2268
2169
1607
1439
1304
1154
736
653
587
533
469
244
211
178
161
168
181
170
149
138
137
138
141
146
150
156
164
172
205
237
264
294
335
378
425
479
658
716
781
840
904
965
1034
1108
1173
1365
1429
1502
1577
1642
1698
1754
1819
1882
2081
2155
2230
2297
2364
2417
2469
2510
2616
2633
2646
2660
2732
2742
2754
2757
2707
2695
2685
2672
2672
2669
2665
2664
2667
2660
2656
2652
2635
2609
2607
2607
2613
2593
2572
2549
2529
2517
2489
2484
2478
2468
2459
2452
2444
2425
2349
2329
2315
2316
2326
2324
2318
2314
2329
2332
2330
2336
2344
2343
2335
2323
2318
2303
2279
2265
2253
2229
2230
2230
2221
2158
2150
2139
2139
2137
2135
2135
2146
2160
2181
2193
2198
2211
2271
2287
2306
2328
2449
2473
2500
2519
2531
2570
2578
2589
2592
2596
2595
2595
2593
2518
2499
2471
2447
2331
2295
2258
2215
2045
1998
1953
1912
1874
1752
1709
1667
1621
1571
1527
1486
1451
1342
1318
1298
1284
1200
1182
1167
1146
1134
1099
1092
1090
1093
1098
1105
1116
1122
1188
1210
1240
1269
1409
1439
1473
1510
1670
1719
1763
1809
1858
2011
2051
2097
2133
2166
2198
2237
2269
2373
2395
2407
2415
2426
2426
2422
2415
2405
2405
2398
2392
2379
2359
2340
2324
2305
2206
2183
2154
2128
2047
2027
2007
1984
1886
1870
1851
1836
1828
1782
1774
1765
1753
1742
1732
1724
1713
1678
1673
1670
1670
1674
1682
1692
1705
1722
1770
1794
1812
1838
1862
1888
1912
1931
2031
2056
2086
2127
2243
2269
2287
2300
2316
2345
2352
2361
2366
2372
2379
2380
2381
2366
2355
2346
2343
2341
2336
2327
2320
2310
2279
2271
2261
2252
2245
2239
2233
2235
2243
2243
2248
2249
2249
2251
2253
2256
2255
2254
2251
2250
2244
2221
2216
2212
2202
2191
2177
2178
2181
2177
2171
2162
2157
2144
2119
2107
2098
2097
2098
2096
2086
2074
2058
2020
2011
2007
1999
1989
1976
1964
1949
1936
1900
1888
1875
1869
1858
1846
1830
1819
1753
1738
1722
1706
1648
1639
1637
1628
1611
1612
1615
1622
1627
1666
1680
1691
1710
1729
1749
1768
1799
1893
1920
1943
1974
2081
2101
2128
2155
2174
2228
2247
2263
2280
2298
2312
2321
2326
2363
2374
2380
2389
2404
2409
2409
2415
2391
2383
2377
2369
2361
2321
2304
2288
2283
2270
2248
2229
2213
2142
2123
2109
2090
2023
2011
1998
1982
1964
1915
1908
1898
1888
1876
1864
1856
1851
1817
1808
1812
1810
1807
1814
1819
1826
1843
1847
1848
1852
1863
1885
1894
1901
1911
1922
1933
1941
1950
1961
1961
1960
1961
1972
1974
1969
1964
1964
1965
1962
1962
1965
1965
1964
1961
1957
1938
1937
1936
1929
1906
1908
1906
1902
1894
1897
1902
1902
1903
1906
1911
1913
1915
1920
1926
1933
1941
1971
1982
1994
2007
2028
2029
2039
2052
2060
2088
2093
2098
2099
2106
2112
2122
2129
2126
2129
2131
2133
2133
2131
2130
2128
2101
2099
2091
2080
2080
2057
2052
2047
2046
2039
2033
2032
2032
2010
2006
2004
2003
2001
1999
2006
2009
2013
2024
2027
2035
2039
2040
2041
2039
2045
2063
2060
2062
2068
2107
2121
2135
2140
2161
2165
2169
2174
2178
2179
2184
2187
2191
2199
2210
2210
2207
2221
2226
2227
2223
2202
2194
2182
2176
2170
2131
2116
2107
2096
2089
2076
2065
2060
2027
2014
2003
1992
1952
1943
1938
1930
1922
1903
1899
1893
1895
1903
1902
1901
1902
1898
1896
1899
1900
1903
1906
1911
1916
1933
1932
1932
1932
1938
1946
1949
1957
1964
1969
1972
1976
1981
1987
1994
2001
2011
2020
2022
2029
2035
2038
2050
2047
2048
2057
2050
2047
2048
2043
2037
2040
2037
2033
1990
1988
1990
1993
1994
1988
1978
1967
1963
1961
1954
1948
1943
1919
1915
1917
1918
1912
1909
1911
1922
1939
1950
1955
1956
1957
1979
1984
1987
1993
1996
1999
2003
2007
2018
2024
2029
2029
2056
2060
2066
2074
2078
2067
2071
2073
2077
2068
2069
2075
2080
2071
2074
2079
2080
2073
2077
2081
2082
2093
2101
2104
2108
2105
2100
2093
2091
2094
2099
2103
2105
2110
2120
2129
2138
2141
2145
2146
2148
2148
2149
2150
2150
2144
2141
2137
2131
2126
2126
2111
2108
2106
2099
2070
2069
2064
2060
2031
2022
2017
2007
2003
1996
1989
1984
1972
1967
1961
1961
1952
1933
1927
1928
1924
1916
1919
1919
1923
1926
1911
1910
1916
1916
1923
1930
1930
1924
1927
1934
1941
1944
1939
1941
1948
1953
1954
1957
1963
1968
1972
1990
1992
1995
2003
2005
2000
2003
2009
2027
2029
2033
2036
2030
2033
2036
2043
2046
2050
2051
2050
2046
2052
2059
2052
2053
2055
2062
2056
2054
2064
2063
2061
2060
2067
2064
2064
2068
2065
2056
2054
2048
2045
2043
2044
2051
2048
2043
2045
2047
2050
2056
2058
2054
2045
2043
2047
2041
2040
2040
2030
2032
2031
2029
2026
2025
2027
2031
2034
2047
2049
2034
1967
1968
1961
1968
1986
1999
1997
1996
2007
2029
2044
2059
2070
2075
2070
2076
2079
2108
2112
2115
2119
2128
2132
2142
2152
2164
2157
2149
2147
2147
2154
2155
2143
2131
2094
2086
2084
2086
2066
2062
2064
2062
2051
2000
1994
1985
1981
1969
1954
1949
1942
1896
1892
1887
1880
1863
1864
1870
1873
1862
1851
1845
1850
1859
1873
1882
1887
1894
1902
1907
1917
1927
1945
1960
1973
1985
1998
1997
2003
2006
2000
1994
1998
2004
2007
2019
2030
2034
2035
2041
2041
2044
2048
2064
2071
2073
2070
2075
2073
2075
2084
2088
2090
2085
2083
2076
2072
2066
2060
2056
2046
2050
2054
2056
2040
2035
2019
2007
1998
1993
1994
1992
1983
1976
1980
1982
1970
1905
1890
1874
1859
1774
1761
1752
1734
1728
1728
1732
1735
1729
1714
1696
1674
1653
1640
1629
1609
1591
1563
1566
1569
1577
1621
1643
1664
1689
1817
1851
1888
1935
1975
2115
2173
2234
2303
2361
2410
2475
2547
2842
2924
2999
3077
3373
3430
3490
3555
3612
3754
3796
3833
3866
3899
3922
3942
3955
3936
3913
3888
3851
3645
3577
3503
3423
3070
2978
2876
2761
2642
2281
2156
2030
1907
1782
1656
1530
1406
918
807
699
596
217
156
138
130
125
116
107
104
102
100
96
94
99
96
99
99
103
116
123
131
136
139
196
232
283
354
449
555
670
786
1236
1354
1462
1570
2033
2148
2266
2372
2684
2731
2778
2820
2858
3006
3054
3091
3134
3170
3208
3251
3283
3293
3285
3270
3248
3197
3176
3152
3129
3108
3002
2959
2919
2881
2846
2810
2773
2740
2561
2505
2456
2403
2228
2200
2160
2120
1977
1935
1899
1861
1828
1743
1726
1712
1697
1684
1670
1653
1650
1566
1548
1529
1513
1528
1538
1546
1552
1560
1570
1581
1594
1609
1636
1665
1690
1718
1856
1879
1906
1942
2095
2133
2178
2230
2400
2443
2494
2539
2573
2695
2741
2782
2815
2850
2882
2913
2939
3006
3022
3033
3041
3024
3013
2989
2970
2943
2838
2804
2770
2730
2694
2655
2617
2577
2403
2354
2303
2254
2064
2006
1951
1898
1669
1610
1556
1496
1439
1282
1238
1198
1163
1128
1091
1056
1020
919
901
893
900
951
973
1001
1034
1070
1163
1192
1217
1253
1302
1344
1396
1443
1633
1678
1726
1770
1943
1984
2032
2080
2257
2297
2337
2371
2404
2494
2524
2548
2569
2590
2608
2622
2635
2653
2661
2661
2661
2602
2572
2545
2516
2488
2366
2330
2295
2253
2218
2183
2142
2103
1929
1885
1841
1801
1667
1638
1610
1585
1551
1471
1448
1431
1410
1392
1384
1377
1372
1383
1387
1402
1415
1422
1427
1439
1445
1453
1507
1525
1555
1582
1614
1643
1667
1691
1716
1808
1834
1868
1902
1943
1976
2015
2050
2176
2203
2238
2274
2373
2403
2432
2454
2514
2525
2530
2543
2555
2563
2557
2554
2550
2541
2533
2529
2523
2489
2479
2462
2445
2370
2348
2328
2313
2289
2241
2225
2206
2197
2196
2190
2184
2180
2133
2119
2110
2098
2055
2043
2033
2029
1985
1980
1970
1958
1951
1922
1909
1903
1901
1900
1889
1886
1879
1831
1826
1814
1808
1774
1770
1761
1756
1750
1727
1723
1716
1713
1707
1706
1716
1728
1767
1774
1785
1794
1839
1858
1877
1900
1952
1971
1998
2019
2041
2089
2105
2114
2125
2135
2149
2162
2177
2216
2225
2229
2241
2249
2273
2285
2289
2285
2295
2302
2308
2308
2299
2301
2304
2299
2293
2277
2267
2261
2222
2214
2209
2200
2192
2163
2157
2148
2139
2131
2121
2114
2109
2084
2067
2055
2045
2033
2028
2015
2004
1994
1960
1954
1948
1942
1941
1939
1928
1925
1916
1898
1896
1887
1883
1877
1874
1874
1873
1873
1875
1878
1880
1887
1890
1893
1899
1907
1903
1902
1906
1911
1899
1899
1894
1899
1897
1901
1907
1911
1899
1899
1898
1896
1888
1882
1882
1887
1883
1885
1883
1888
1898
1897
1893
1894
1903
1914
1922
1930
1935
1958
1964
1972
1984
2039
2051
2064
2077
2087
2110
2118
2128
2138
2146
2154
2161
2168
2179
2178
2180
2180
2186
2189
2186
2187
2190
2187
2184
2172
2162
2165
2155
2154
2157
2130
2125
2115
2101
2068
2058
2042
2024
1978
1965
1957
1945
1938
1907
1897
1893
1895
1894
1893
1889
1886
1893
1900
1900
1893
1894
1898
1906
1916
1927
1945
1956
1970
1983
1994
2005
2017
2029
2062
2069
2081
2092
2116
2123
2128
2135
2143
2143
2150
2157
2163
2168
2168
2169
2169
2175
2164
2160
2157
2156
2150
2144
2138
2137
2113
2109
2099
2091
2083
2073
2064
2058
2047
2034
2031
2029
2028
2029
2024
2020
2009
2000
1992
1991
1989
1993
1998
1999
2002
1999
2000
2001
2004
1999
1988
1981
1979
1975
1974
1969
1969
1968
1977
1977
1982
1983
1983
1982
1992
1996
1998
2002
2009
2015
2017
2018
2019
2022
2030
2058
2065
2071
2072
2064
2067
2070
2071
2072
2065
2058
2055
2052
2046
2045
2041
2035
2024
2023
2027
2020
2004
1998
1989
1985
1969
1974
1976
1976
1984
1995
1995
1996
1992
1988
1984
1974
1968
1970
1969
1969
1980
1974
1974
1972
1970
1990
1987
1982
1987
1989
1999
1995
1991
1991
1999
1999
2003
2005
1989
1984
1981
1981
1976
1974
1979
1980
1982
1991
1994
1994
1996
2003
2005
2008
2019
2058
2066
2070
2080
2118
2127
2139
2142
2151
2164
2166
2167
2167
2169
2163
2165
2165
2148
2142
2141
2137
2111
2108
2108
2103
2095
2093
2087
2079
2074
2062
2061
2053
2041
2038
2032
2028
2025
1991
1987
1980
1979
1967
1968
1968
1968
1958
1946
1947
1943
1940
1938
1931
1933
1941
1943
1944
1943
1945
1966
1970
1974
1976
1974
1973
1977
1982
1989
2008
2012
2019
2021
2022
2024
2025
2024
2035
2045
2053
2052
2053
2054
2063
2066
2064
2071
2071
2076
2076
2080
2079
2081
2086
2086
2090
2090
2096
2073
2077
2077
2078
2076
2063
2056
2048
2048
2044
2035
2024
2017
1996
1990
1986
1985
1970
1967
1959
1955
1941
1941
1944
1949
1953
1955
1952
1943
1944
1946
1943
1943
1944
1947
1952
1956
1959
1964
1963
1968
1970
1974
1983
1985
1985
1981
1982
1985
1986
1987
2010
2013
2022
2025
2045
2046
2042
2057
2120
2166
2063
1974
1915
1878
1874
1905
1953
2079
2128
2157
2178
2202
2239
2264
2245
2199
2067
2055
2056
2076
2094
2098
2099
2105
2116
2148
2188
2239
2274
2290
2288
2279
2274
2281
2232
2179
2142
2107
2129
2143
2144
2033
2006
2000
2003
2007
2033
2029
2004
1968
1933
1896
1859
1836
1858
1884
1910
1936
1906
1876
1845
1821
1818
1902
1930
1942
1934
1920
1903
1896
1890
1982
2018
2047
2063
2019
1994
1981
1976
2038
2054
2063
2066
2064
2025
2005
1974
1948
1940
1945
1969
2006
2157
2181
2187
2172
1994
1963
1940
1926
1926
1969
1981
1985
1984
1974
1961
1949
1947
2009
2028
2038
2046
2003
1995
1985
1985
2039
2049
2052
2040
2017
1918
1892
1877
1876
1889
1903
1921
1933
1870
1843
1824
1821
1920
1959
1999
2028
2052
2042
2016
1987
1966
1951
1950
1961
1971
1983
1973
1970
1966
1905
1902
1904
1906
1868
1843
1815
1788
1761
1726
1739
1767
1800
1830
1857
1878
1878
1808
1783
1775
1772
1811
1827
1839
1855
1882
2010
2063
2129
2201
2269
2341
2412
2478
2659
2692
2724
2767
2915
2954
2994
3027
3116
3133
3153
3173
3193
3243
3259
3253
3251
3294
3326
3303
3256
3047
2985
2925
2860
2659
2634
2606
2576
2536
2298
2224
2134
2047
1964
1891
1817
1734
1440
1378
1318
1263
1079
1028
987
969
869
830
799
762
732
629
607
600
594
584
580
586
598
670
705
737
762
791
791
799
802
811
904
964
1029
1100
1176
1254
1328
1389
1668
1757
1854
1948
2259
2326
2380
2438
2678
2732
2779
2819
2851
2862
2857
2854
2853
2836
2819
2810
2802
2711
2672
2643
2620
2526
2519
2516
2516
2528
2590
2593
2603
2605
2594
2569
2541
2518
2406
2370
2344
2325
2208
2179
2149
2125
2104
2077
2076
2083
2095
2109
2124
2141
2151
2188
2191
2194
2198
2145
2110
2072
2031
1910
1886
1865
1836
1802
1697
1668
1645
1630
1616
1609
1608
1612
1691
1717
1744
1766
1846
1878
1909
1937
2093
2129
2170
2205
2240
2335
2368
2393
2416
2446
2473
2491
2508
2526
2534
2538
2550
2608
2620
2624
2614
2602
2567
2549
2534
2522
2509
2486
2468
2445
2322
2294
2270
2244
2137
2108
2080
2042
1878
1831
1774
1715
1670
1539
1508
1482
1449
1416
1384
1361
1331
1267
1267
1268
1274
1319
1329
1344
1361
1380
1429
1447
1471
1492
1529
1558
1591
1632
1775
1815
1852
1892
2025
2064
2100
2139
2302
2340
2372
2411
2440
2504
2514
2519
2529
2529
2523
2514
2508
2422
2393
2364
2333
2212
2177
2152
2129
2104
2054
2037
2021
2009
2000
1995
1987
1979
1904
1882
1860
1840
1776
1758
1743
1732
1673
1658
1639
1629
1632
1626
1630
1642
1647
1656
1663
1677
1687
1725
1737
1758
1784
1844
1862
1877
1893
1909
1955
1969
1983
1997
2008
2022
2041
2053
2082
2096
2112
2128
2160
2169
2174
2184
2211
2220
2234
2251
2256
2279
2285
2287
2295
2294
2295
2296
2294
2289
2289
2290
2292
2292
2292
2290
2295
2288
2276
2273
2277
2273
2265
2263
2266
2259
2259
2264
2266
2268
2281
2280
2276
2273
2246
2239
2226
2206
2194
2123
2096
2067
2034
2000
1972
1950
1922
1810
1792
1770
1751
1679
1666
1655
1651
1650
1640
1636
1637
1637
1639
1642
1655
1664
1692
1694
1705
1721
1784
1799
1821
1849
1934
1956
1981
1998
2024
2093
2117
2140
2162
2173
2189
2208
2220
2245
2249
2259
2259
2257
2258
2251
2246
2242
2227
2220
2221
2219
2214
2215
2216
2218
2211
2212
2209
2207
2185
2179
2177
2172
2129
2118
2107
2101
2089
2049
2042
2031
2015
2004
1988
1975
1970
1932
1921
1913
1907
1881
1872
1864
1858
1858
1851
1852
1859
1864
1863
1867
1874
1889
1908
1909
1915
1922
1946
1953
1965
1976
2005
2010
2015
2018
2018
2013
2009
2003
2000
1999
1994
1997
2000
1992
1984
1980
1985
1983
1988
1990
1991
1991
1979
1978
1981
1981
1986
1988
1982
1983
1995
1998
2011
2022
2054
2062
2069
2074
2088
2094
2094
2099
2100
2093
2087
2089
2085
2081
2082
2075
2068
2056
2050
2046
2050
2055
2052
2053
2055
2052
2040
2035
2035
2030
2027
2024
2021
2022
2006
1996
1990
1992
1968
1960
1955
1948
1934
1931
1930
1926
1932
1937
1943
1945
1945
1949
1956
1962
1964
1980
1982
1985
1985
1990
1994
1997
2003
2010
2011
2018
2020
2023
2029
2033
2041
2043
2062
2068
2075
2087
2120
2134
2139
2143
2154
2158
2158
2155
2158
2166
2171
2165
2162
2155
2147
2145
2135
2111
2098
2090
2088
2067
2061
2057
2053
2048
2034
2025
2023
2019
2014
2018
2026
2031
2035
2039
2045
2052
2072
2081
2083
2082
2094
2091
2090
2086
2084
2068
2063
2054
2045
2043
2042
2036
2030
2010
2007
2007
2005
1992
1992
1989
1988
1994
1992
1990
1981
1978
1979
1974
1974
1974
1949
1946
1945
1941
1936
1935
1936
1938
1950
1946
1943
1948
1946
1960
1964
1960
1964
1968
1973
1981
1976
1984
1984
1977
1970
1972
1972
1968
1961
1958
1957
1957
1952
1950
1950
1955
1956
1958
1958
1964
1973
1979
1986
1985
1981
1975
1966
1962
1961
1964
1974
1978
1980
1978
1979
1983
1985
1990
1994
1996
1996
1999
1998
2018
2018
2020
2022
2025
2032
2038
2051
2060
2071
2083
2099
2116
2141
2144
2153
2167
2203
2201
2207
2212
2212
2226
2233
2233
2231
2231
2226
2220
2215
2198
2186
2182
2180
2143
2132
2119
2111
2086
2086
2080
2071
2070
2056
2042
2030
2027
2024
2020
2018
2012
1983
1976
1968
1965
1950
1943
1942
1944
1940
1931
1931
1928
1930
1935
1936
1936
1935
1917
1918
1918
1918
1928
1935
1934
1940
1964
1966
1964
1969
1975
1989
1996
2002
2011
2019
2029
2037
2041
2048
2055
2066
2065
2069
2068
2067
2064
2064
2055
2051
2044
2038
2038
2036
2033
2030
2015
2013
2009
2005
1993
1987
1995
1991
1969
1968
1967
1961
1955
1951
1953
1960
1973
1978
1982
1988
1996
2008
2010
2025
2038
2045
2044
2047
2052
2053
2042
2043
2043
2039
2043
2040
2036
2035
2036
2035
2037
2036
2018
2019
2017
2020
2018
2019
2020
2019
2019
2025
2020
2019
2018
2020
2023
2034
2038
2048
2049
2053
2059
2055
2056
2063
2074
2086
2099
2096
2100
2104
2100
2102
2099
2101
2085
2084
2083
2086
2087
2089
2084
2083
2085
2079
2078
2071
2065
2060
2053
2049
2047
2042
2041
2040
2034
2005
2007
2006
2000
1978
1971
1968
1963
1952
1934
1933
1931
1927
1922
1912
1907
1906
1916
1921
1921
1922
1936
1936
1946
1954
1987
1989
1998
2007
2013
2050
2059
2066
2069
2073
2080
2088
2091
2101
2101
2103
2102
2110
2106
2104
2102
2097
2075
2057
2048
2043
2046
2049
2050
2047
2031
2019
2015
2005
1980
1982
1982
1986
1968
1966
1966
1962
1957
1951
1954
1962
1964
1968
1966
1971
1972
1978
1982
1984
1983
2000
2002
2006
2004
2002
2014
2019
2020
2018
2013
2018
2024
2025
2006
2012
2011
2011
2023
2027
2030
2038
2050
2055
2057
2069
2081
2103
2112
2126
2130
2139
2142
2149
2153
2145
2144
2142
2136
2108
2100
2091
2086
2075
2052
2046
2036
2024
2013
1998
1984
1972
1912
1898
1890
1881
1823
1809
1803
1795
1783
1790
1781
1780
1776
1773
1768
1763
1760
1763
1759
1770
1776
1781
1789
1794
1799
1816
1839
1850
1860
1868
1882
1897
1911
1920
1931
1975
1990
2011
2037
2062
2084
2113
2142
2268
2297
2341
2382
2536
2578
2609
2644
2776
2808
2841
2867
2894
2936
2943
2939
2946
2950
2951
2947
2940
2881
2853
2823
2795
2616
2566
2507
2452
2399
2204
2141
2074
2006
1940
1872
1811
1744
1488
1428
1382
1337
1170
1132
1104
1083
1011
976
942
958
1000
1047
1063
1074
1051
1032
1036
1053
1057
1129
1148
1171
1208
1345
1395
1438
1487
1542
1695
1743
1803
1853
1897
1931
1962
2005
2162
2210
2255
2295
2459
2482
2512
2521
2524
2546
2555
2562
2568
2576
2578
2579
2567
2480
2463
2455
2449
2424
2412
2395
2379
2260
2232
2215
2208
2211
2231
2238
2230
2217
2210
2198
2186
2180
2165
2159
2162
2164
2099
2075
2038
2006
1977
1886
1862
1835
1809
1773
1744
1712
1669
1549
1528
1530
1534
1602
1629
1653
1675
1767
1798
1832
1875
1912
1979
1979
1970
1956
1944
1936
1935
1935
2002
2031
2065
2105
2244
2283
2334
2391
2446
2620
2674
2722
2773
2818
2848
2869
2884
2910
2900
2892
2875
2768
2727
2689
2646
2460
2425
2389
2341
2305
2180
2141
2111
2082
2055
2031
2003
1976
1843
1810
1770
1737
1618
1593
1568
1541
1514
1449
1427
1407
1390
1375
1363
1357
1360
1381
1390
1404
1425
1499
1514
1546
1569
1649
1664
1679
1704
1733
1827
1859
1888
1919
1957
1993
2025
2057
2210
2243
2275
2315
2421
2431
2442
2453
2456
2452
2449
2440
2431
2423
2411
2398
2382
2338
2330
2322
2315
2291
2287
2283
2278
2264
2228
2210
2186
2160
2135
2108
2076