2509
2468
2423
2232
2156
2077
1997
1918
1852
1789
1729
1518
1461
1404
1346
1125
1084
1044
1014
915
889
868
856
850
888
924
969
1022
1082
1147
1211
1280
1554
1624
1706
1794
2164
2248
2327
2398
2461
2604
2652
2703
2756
2819
2879
2937
2985
3142
3154
3164
3171
3146
3131
3127
3125
3061
3036
3008
2973
2936
2821
2793
2769
2738
2705
2689
2672
2655
2559
2536
2503
2470
2322
2286
2254
2214
2174
2036
1976
1917
1859
1801
1743
1685
1628
1413
1369
1326
1286
1133
1106
1084
1071
1033
1027
1027
1027
1035
1093
1128
1168
1218
1271
1322
1367
1412
1555
1603
1656
1722
1973
2030
2081
2130
2179
2286
2329
2366
2408
2444
2485
2521
2559
2653
2661
2663
2665
2662
2654
2654
2650
2563
2528
2495
2453
2415
2325
2287
2245
2198
2155
2105
2058
2012
1812
1769
1738
1714
1597
1569
1545
1523
1506
1497
1503
1508
1523
1543
1561
1579
1594
1629
1640
1663
1679
1744
1763
1776
1787
1778
1772
1772
1768
1760
1755
1747
1736
1732
1723
1715
1703
1693
1697
1704
1711
1723
1733
1737
1744
1752
1760
1804
1834
1861
1890
1916
1945
1969
1994
2107
2135
2170
2211
2349
2377
2400
2422
2482
2491
2503
2512
2518
2527
2516
2514
2509
2501
2492
2489
2482
2446
2433
2429
2417
2334
2308
2283
2266
2249
2182
2161
2139
2119
2102
2086
2076
2063
2001
1986
1976
1970
1951
1945
1944
1939
1917
1913
1909
1900
1899
1894
1890
1887
1879
1883
1886
1880
1877
1872
1873
1868
1862
1857
1852
1849
1849
1861
1861
1864
1875
1890
1918
1927
1943
1964
1984
2010
2029
2047
2132
2158
2181
2204
2290
2307
2330
2350
2366
2410
2413
2419
2423
2434
2437
2436
2431
2359
2342
2320
2291
2182
2146
2124
2103
2083
2005
1976
1948
1918
1893
1866
1847
1832
1799
1787
1775
1777
1774
1769
1766
1766
1770
1785
1795
1797
1808
1825
1840
1851
1860
1880
1913
1923
1937
1953
1961
1979
1997
2015
2067
2089
2102
2113
2128
2127
2130
2132
2141
2138
2140
2135
2126
2095
2088
2083
2078
2079
2075
2070
2063
2011
1997
1981
1970
1931
1922
1916
1916
1913
1907
1911
1916
1918
1918
1927
1935
1944
1971
1974
1981
1992
1999
2004
2010
2019
2027
2030
2031
2034
2036
2018
2008
2000
1997
1995
1993
1984
1982
1952
1945
1940
1934
1920
1919
1920
1921
1923
1920
1926
1925
1920
1918
1921
1924
1929
1951
1961
1963
1971
2009
2019
2030
2042
2063
2069
2069
2071
2075
2079
2079
2080
2080
2078
2079
2075
2066
2037
2031
2029
2025
2019
2016
2015
2008
2003
1999
2004
2012
2017
2023
2030
2034
2039
2057
2060
2065
2073
2092
2098
2104
2108
2132
2134
2137
2133
2134
2134
2131
2135
2134
2131
2126
2130
2118
2089
2078
2070
2062
2026
2027
2012
2011
2008
1984
1974
1967
1956
1946
1940
1938
1936
1926
1926
1927
1929
1948
1953
1961
1970
1994
2001
2015
2028
2039
2069
2085
2093
2103
2111
2123
2130
2139
2157
2157
2159
2164
2161
2150
2142
2143
2142
2128
2121
2112
2110
2108
2101
2095
2092
2057
2049
2050
2051
2035
2036
2034
2029
2020
2026
2033
2035
2039
2046
2045
2048
2049
2054
2054
2055
2060
2062
2066
2068
2068
2055
2050
2035
2026
2029
2016
2007
1997
1994
1985
1981
1970
1959
1930
1923
1919
1913
1891
1880
1877
1878
1880
1882
1888
1890
1891
1893
1893
1897
1904
1908
1915
1919
1931
1945
1945
1945
1950
1981
1985
1989
1996
2006
2014
2015
2018
2020
2017
2014
2009
2011
2016
2022
2022
2018
2025
2020
2019
2015
2014
2013
2011
2008
2003
2000
2010
2017
2025
2034
2036
2039
2043
2060
2071
2084
2090
2123
2125
2131
2135
2137
2139
2146
2156
2162
2162
2158
2161
2171
2166
2162
2161
2155
2120
2112
2107
2099
2054
2043
2031
2021
2015
1987
1975
1973
1970
1966
1955
1946
1940
1915
1912
1913
1911
1911
1907
1904
1907
1919
1945
1953
1955
1959
1964
1963
1966
1974
1987
1986
1989
2000
2029
2034
2037
2044
2056
2065
2071
2078
2086
2090
2090
2095
2093
2086
2092
2099
2097
2093
2092
2092
2097
2099
2098
2092
2091
2091
2082
2074
2068
2067
2062
2059
2060
2055
2029
2025
2024
2026
2006
2001
1997
1990
1968
1965
1967
1963
1955
1928
1923
1923
1924
1919
1911
1915
1912
1899
1905
1905
1907
1922
1928
1930
1933
1942
1966
1974
1981
1992
2001
2015
2027
2041
2097
2108
2115
2119
2154
2158
2167
2174
2217
2223
2224
2223
2226
2214
2207
2207
2207
2205
2197
2190
2179
2151
2143
2130
2125
2090
2075
2069
2060
2051
2024
2013
2010
2006
1993
1984
1971
1966
1938
1933
1929
1922
1858
1739
1420
1182
1004
483
559
1318
2027
2798
3000
3028
2960
2864
2715
2572
2536
2458
2424
2276
2243
2328
2185
2035
1926
1879
1951
1912
1903
1907
1907
1862
1807
1783
1490
1459
1413
1376
2082
2170
2248
2269
2155
2076
2001
1925
1868
1925
1959
2003
2048
2066
2090
2146
2209
2413
2397
2319
2195
1723
1681
1713
1770
1986
1987
1984
1996
2019
2062
2052
2037
2002
1944
1875
1794
1702
1645
1711
1784
1830
2016
2082
2168
2230
2269
2282
2224
2148
2078
2013
1954
1914
1904
1983
2002
2015
2035
2234
2294
2329
2331
2146
2073
2012
1989
1979
1996
1999
1968
1927
1885
1851
1831
1828
1886
1911
1923
1925
1902
1912
1929
1962
1999
2042
2040
2035
2029
2020
2012
2012
2035
2191
2221
2235
2246
2181
2169
2163
2167
2213
2204
2190
2169
2142
2034
2012
1991
1954
1902
1846
1784
1717
1423
1354
1291
1243
1173
1192
1238
1305
1389
1690
1778
1855
1912
1955
1984
2008
2041
2275
2353
2432
2504
2722
2756
2777
2804
2886
2904
2923
2953
2980
3072
3102
3131
3164
3189
3212
3226
3242
3260
3257
3237
3206
3037
2991
2961
2932
2907
2816
2762
2704
2639
2579
2522
2458
2393
2060
1942
1823
1710
1286
1224
1165
1123
999
956
909
853
794
605
549
497
456
429
412
409
422
514
529
544
570
639
668
696
732
780
900
936
973
1014
1052
1092
1144
1205
1418
1487
1553
1623
1689
1755
1816
1878
1942
2132
2209
2277
2348
2415
2481
2532
2585
2621
2726
2756
2792
2828
2853
2874
2900
2930
3008
3006
2996
2986
2852
2813
2784
2775
2772
2766
2757
2737
2715
2691
2657
2621
2592
2502
2491
2478
2455
2322
2285
2256
2233
2167
2148
2124
2099
2082
2053
2058
2053
2049
2023
1995
1975
1959
1903
1908
1919
1933
1880
1857
1835
1819
1813
1747
1724
1709
1701
1688
1681
1682
1700
1798
1835
1861
1868
1888
1880
1896
1914
1952
1978
2006
2043
2070
2162
2217
2260
2287
2304
2314
2319
2324
2352
2371
2384
2394
2456
2474
2502
2531
2553
2552
2538
2512
2481
2449
2419
2390
2362
2269
2234
2199
2162
2124
2081
2026
1966
1915
1809
1775
1753
1720
1676
1629
1575
1525
1484
1342
1307
1290
1268
1252
1238
1226
1214
1219
1220
1226
1241
1260
1276
1293
1302
1315
1387
1403
1406
1413
1418
1427
1430
1441
1557
1598
1640
1695
1917
1971
2018
2063
2227
2258
2288
2324
2359
2434
2459
2489
2518
2541
2562
2580
2594
2652
2662
2671
2688
2722
2736
2749
2755
2756
2728
2711
2695
2675
2651
2620
2587
2549
2365
2317
2276
2234
2074
2033
1991
1946
1631
1564
1502
1444
1403
1357
1363
1381
1410
1435
1464
1492
1515
1621
1648
1672
1686
1770
1798
1822
1854
1888
1982
2011
2041
2069
2090
2102
2116
2135
2249
2276
2296
2309
2347
2347
2348
2359
2378
2439
2455
2476
2489
2502
2514
2518
2514
2480
2476
2472
2468
2469
2474
2476
2476
2452
2451
2453
2452
2452
2436
2432
2424
2416
2407
2402
2394
2394
2385
2375
2363
2353
2272
2246
2218
2190
2170
2112
2084
2063
2044
2009
1978
1949
1918
1793
1768
1751
1735
1651
1633
1619
1598
1582
1519
1500
1478
1465
1457
1450
1441
1438
1416
1410
1403
1393
1391
1386
1390
1394
1401
1439
1462
1477
1491
1507
1528
1545
1567
1589
1664
1688
1711
1733
1756
1782
1803
1825
1923
1943
1962
1983
2035
2049
2068
2078
2132
2137
2147
2149
2149
2142
2138
2137
2143
2151
2156
2154
2154
2136
2139
2139
2133
2142
2144
2147
2148
2153
2155
2151
2146
2141
2140
2137
2132
2125
2063
2041
2023
2009
1941
1926
1909
1894
1879
1840
1833
1825
1816
1807
1798
1791
1795
1787
1787
1786
1785
1785
1793
1799
1813
1828
1859
1870
1882
1896
1904
1920
1940
1953
1965
2027
2040
2054
2074
2091
2108
2126
2150
2226
2243
2261
2275
2320
2327
2339
2339
2344
2350
2351
2344
2342
2309
2300
2286
2275
2268
2258
2244
2235
2189
2181
2173
2169
2132
2126
2115
2100
2085
2044
2040
2028
2028
2022
2013
2006
1997
1978
1975
1973
1970
1974
1980
1983
1992
2011
2014
2014
2016
2014
2029
2028
2029
2030
2029
2030
2025
2016
2006
2005
2005
2001
2000
1993
1992
1993
1996
1993
1992
1994
1996
1995
2001
2011
2014
2035
2041
2047
2054
2084
2087
2089
2094
2103
2105
2113
2115
2118
2113
2116
2123
2121
2128
2133
2138
2148
2143
2139
2135
2133
2142
2142
2141
2140
2111
2109
2106
2098
2092
2062
2055
2043
2028
2009
1995
1984
1980
1951
1940
1932
1923
1895
1887
1879
1874
1865
1845
1843
1837
1827
1827
1826
1824
1816
1799
1801
1804
1804
1824
1827
1820
1815
1828
1840
1846
1851
1849
1864
1866
1864
1866
1871
1882
1891
1903
1949
1959
1968
1976
2030
2047
2060
2075
2083
2129
2141
2145
2151
2159
2166
2176
2183
2205
2211
2217
2225
2203
2196
2188
2180
2139
2131
2118
2117
2099
2061
2042
2026
2014
2003
1985
1977
1972
1920
1907
1905
1905
1895
1893
1888
1890
1892
1895
1896
1898
1901
1909
1922
1933
1949
1997
2001
2010
2018
2065
2073
2088
2095
2116
2123
2127
2122
2128
2144
2142
2139
2142
2148
2148
2144
2144
2153
2154
2152
2148
2139
2138
2136
2133
2129
2119
2121
2120
2119
2119
2118
2106
2101
2075
2082
2080
2079
2064
2067
2068
2068
2071
2072
2075
2073
2072
2063
2059
2059
2058
2057
2059
2058
2053
2044
2040
2038
2035
2011
2000
2000
1991
1989
1978
1969
1969
1967
1953
1945
1940
1937
1931
1922
1922
1924
1918
1914
1914
1917
1915
1908
1911
1913
1916
1920
1925
1927
1928
1931
1938
1943
1952
1962
1968
1980
1984
1988
1989
1991
1992
1993
1993
1998
2008
2017
2018
2018
2021
2018
2029
2038
2048
2046
2061
2066
2075
2078
2076
2083
2085
2095
2097
2094
2091
2085
2090
2100
2105
2110
2111
2085
2085
2085
2078
2061
2060
2048
2040
2028
2012
2013
2013
2010
2011
2003
2002
2005
1991
1994
1992
1991
1998
1989
1991
1989
2002
2018
2019
2022
2025
2025
2030
2035
2037
2033
2028
2032
2033
2025
2021
2021
2020
2021
2024
2029
2033
2032
2050
2056
2064
2067
2068
2071
2077
2084
2070
2070
2070
2068
2068
2067
2063
2061
2059
2054
2053
2057
2049
2044
2044
2044
2049
2079
2083
2085
2087
2096
2098
2091
2087
2086
2086
2087
2091
2093
2093
2093
2093
2083
2072
2064
2058
2046
2015
2005
1998
1990
1978
1973
1967
1960
1955
1936
1924
1916
1913
1914
1912
1910
1908
1877
1874
1870
1864
1867
1866
1867
1867
1874
1874
1880
1883
1890
1909
1915
1927
1936
1944
1949
1955
1959
2000
2007
2015
2017
2038
2046
2049
2046
2050
2058
2053
2057
2065
2072
2069
2071
2080
2081
2075
2077
2072
2067
2067
2067
2069
2061
2059
2061
2059
2058
2051
2049
2050
2054
2058
2063
2062
2070
2058
2054
2052
2043
2038
2041
2050
2052
2051
2051
2046
2042
2043
2048
2047
2049
2043
2052
2048
2049
2051
2089
2096
2093
2088
2040
2036
2034
2040
2045
2065
2069
2076
2086
2087
2087
2080
2072
2026
2020
2015
2014
2032
2033
2029
2027
2027
2016
2015
2016
2015
2015
2017
2021
2026
2028
2022
2023
2019
2022
2026
2029
2033
2045
2053
2062
2064
2064
2053
2055
2055
2058
2056
2056
2052
2055
2064
2065
2067
2062
2055
2050
2059
2065
2067
2053
2048
2044
2044
2038
2041
2035
2029
2011
2008
2008
2006
1760
1699
1634
1634
1705
1901
1976
2026
2080
2125
2133
2110
2086
2034
2023
2024
2054
2116
2076
2044
2016
1943
1943
1957
1992
2020
2043
2042
2025
2005
1977
1963
1952
1959
2059
2070
2072
2064
1956
1941
1947
1966
1988
2055
2080
2103
2127
2142
2146
2145
2136
2162
2185
2205
2216
2137
2112
2083
2050
2022
2005
2018
2047
2078
2105
2130
2139
2129
2044
2012
1989
1975
1967
1962
1964
1966
1972
1942
1928
1919
1918
1911
1904
1899
1904
1917
1994
2010
2008
1999
1980
1962
1945
1939
1985
2004
2019
2029
2025
2013
2007
1999
2016
2030
2039
2043
2042
1994
1975
1950
1935
1933
1940
1955
1967
1978
1975
1972
1964
1961
1974
1993
2013
2031
2037
2025
2009
1996
1977
1961
1957
1954
1982
2001
2022
2037
2016
1982
1932
1877
1821
1643
1598
1557
1530
1507
1490
1480
1467
1425
1421
1427
1442
1536
1564
1584
1593
1596
1602
1623
1659
1715
1781
1851
1936
2045
2513
2635
2764
2892
3394
3526
3659
3786
4089
4089
4089
4090
4090
4090
4089
4088
4090
4086
4041
3954
3842
3288
3135
2984
2834
2237
2084
1931
1777
1629
1202
1089
986
895
815
738
670
613
446
417
394
371
359
367
372
376
383
393
400
414
428
437
463
494
532
708
750
784
807
890
929
976
1026
1088
1300
1370
1445
1520
1595
1664
1742
1825
2088
2181
2275
2375
2469
2571
2658
2743
2829
3061
3130
3197
3265
3336
3394
3444
3490
3522
3579
3587
3586
3584
3587
3593
3596
3589
3451
3396
3329
3262
2941
2866
2787
2704
2624
2378
2299
2220
2144
2069
2000
1940
1888
1708
1675
1648
1630
1579
1569
1563
1562
1564
1580
1594
1610
1621
1629
1630
1634
1635
1636
1639
1650
1658
1658
1653
1639
1618
1413
1350
1285
1230
1172
1073
1053
1046
1048
1059
1072
1081
1092
1189
1218
1262
1312
1505
1567
1621
1677
1735
1919
1981
2047
2116
2181
2244
2301
2349
2524
2567
2607
2645
2755
2780
2807
2823
2821
2795
2785
2773
2761
2752
2742
2733
2730
2725
2720
2718
2711
2738
2751
2757
2756
2679
2637
2586
2528
2476
2274
2211
2156
2101
2053
2005
1958
1911
1667
1595
1528
1459
1197
1138
1080
1024
984
866
845
833
834
835
849
871
903
1063
1124
1190
1259
1570
1654
1744
1841
1939
2203
2286
2370
2445
2520
2596
2668
2733
2934
2959
2977
2988
3030
3037
3042
3039
3045
3000
2984
2958
2925
2896
2858
2824
2789
2680
2645
2613
2576
2538
2499
2459
2425
2394
2278
2250
2216
2184
2155
2127
2099
2069
2044
1962
1939
1919
1902
1886
1873
1860
1840
1746
1728
1710
1691
1601
1579
1557
1535
1516
1468
1463
1458
1454
1455
1463
1471
1484
1576
1608
1640
1670
1788
1823
1851
1888
2027
2060
2092
2131
2169
2266
2293
2313
2324
2340
2358
2372
2382
2377
2363
2349
2336
2261
2234
2209
2186
2165
2091
2057
2026
1995
1955
1927
1901
1875
1793
1772
1756
1740
1721
1719
1725
1731
1738
1770
1781
1796
1813
1830
1848
1859
1876
1940
1956
1980
1996
2047
2056
2058
2058
2023
2011
1998
1988
1980
1924
1900
1870
1846
1827
1814
1796
1781
1728
1719
1714
1709
1714
1717
1717
1722
1730
1770
1784
1796
1809
1824
1835
1859
1886
1960
1981
2000
2014
2056
2061
2063
2068
2072
2073
2075
2075
2087
2093
2100
2113
2119
2145
2159
2170
2179
2189
2196
2210
2218
2225
2233
2237
2245
2252
2264
2270
2280
2286
2293
2326
2335
2345
2346
2344
2345
2348
2352
2337
2329
2317
2306
2240
2217
2195
2170
2151
2077
2053
2035
2016
1993
1971
1952
1940
1871
1862
1849
1843
1835
1833
1829
1823
1836
1856
1871
1881
1895
1930
1943
1962
1978
1993
2003
2017
2033
2087
2098
2106
2113
2132
2131
2128
2133
2132
2131
2128
2123
2118
2110
2104
2104
2101
2072
2064
2061
2067
2034
2028
2027
2030
2035
2036
2035
2039
2049
2052
2049
2044
2048
2051
2053
2056
2057
2063
2060
2064
2064
2050
2050
2050
2052
2056
2043
2041
2040
2041
2048
2052
2051
2054
2051
2060
2067
2072
2076
2080
2085
2085
2091
2102
2111
2117
2129
2137
2132
2141
2143
2146
2146
2143
2141
2117
2107
2093
2083
2023
2001
1980
1968
1955
1912
1894
1874
1860
1844
1827
1808
1798
1755
1744
1747
1746
1738
1745
1751
1762
1784
1830
1841
1857
1877
1899
1915
1935
1952
2006
2023
2030
2044
2081
2086
2093
2097
2093
2088
2091
2091
2088
2089
2084
2080
2079
2075
2066
2057
2058
2031
2025
2028
2023
2015
2014
2008
2007
2010
2029
2033
2035
2033
2032
2031
2033
2030
2038
2034
2024
2014
2007
2009
2006
1997
1975
1975
1970
1965
1961
1951
1950
1944
1941
1934
1932
1933
1931
1925
1934
1945
1950
1974
1981
1989
1999
2013
2032
2042
2054
2060
2068
2077
2085
2096
2119
2122
2129
2132
2130
2132
2134
2132
2103
2094
2091
2091
2082
2057
2045
2038
2038
2033
2027
2028
2025
2010
2005
2003
2002
2012
2018
2026
2031
2038
2050
2050
2063
2074
2078
2090
2101
2112
2139
2144
2148
2154
2156
2153
2153
2146
2124
2117
2107
2102
2092
2068
2051
2035
2022
2011
2004
1997
1995
1965
1957
1954
1939
1933
1938
1951
1963
1971
1977
1990
1999
2006
2017
2026
2029
2041
2070
2074
2082
2091
2116
2113
2114
2110
2097
2098
2093
2096
2099
2092
2083
2081
2074
2067
2064
2056
2053
2026
2022
2018
2011
2007
2003
2000
1992
1994
1982
1983
1979
1977
1979
1979
1973
1968
1961
1951
1947
1947
1944
1940
1940
1932
1927
1911
1906
1897
1891
1886
1885
1885
1887
1881
1880
1880
1883
1887
1888
1885
1888
1893
1918
1934
1941
1947
1951
1958
1970
1979
1984
2011
2023
2032
2045
2061
2069
2076
2084
2100
2104
2111
2119
2126
2124
2117
2108
2098
2084
2080
2072
2067
2059
2049
2047
2043
2010
2007
2008
2009
2007
2004
2001
2004
2004
2016
2021
2021
2024
2023
2024
2030
2040
2046
2049
2050
2054
2071
2078
2087
2095
2099
2100
2102
2106
2108
2096
2089
2086
2094
2094
2089
2083
2084
2062
2053
2048
2036
2007
2005
2005
1998
1988
1989
1987
1986
1987
1985
1994
1999
2008
2005
2007
2009
2011
2015
2017
2022
2032
2040
2039
2041
2048
2049
2056
2054
2057
2059
2058
2057
2059
2064
2053
2061
2062
2067
2064
2050
2047
2043
2058
2064
2071
2080
2085
2108
2116
2115
2113
2114
2114
2118
2123
2111
2112
2101
2092
2046
2040
2028
2017
2013
1981
1963
1950
1942
1935
1929
1918
1902
1880
1873
1865
1863
1857
1853
1857
1868
1903
1905
1914
1923
1930
1940
1950
1958
1972
1979
1989
1997
2012
2040
2055
2068
2076
2079
2080
2080
2083
2080
2092
2148
2257
2283
2145
1952
1793
1610
1453
1566
1757
1917
2300
2345
2355
2341
2692
2693
2674
2673
2655
2198
2083
2036
1988
1933
1902
1891
1898
1935
1911
1856
1811
1847
1865
1852
1853
1877
1740
1675
1638
1644
1698
1737
1763
1807
2033
2035
2044
2071
2035
2004
1981
1974
1906
1920
1938
1947
1956
2026
2052
2069
2065
2018
1946
1890
1846
1967
2025
2073
2103
2065
2077
2100
2128
2138
2204
2160
2140
2207
2218
2176
2170
2193
2282
2325
2319
2312
2286
2311
2337
2381
2423
2626
2621
2610
2577
2489
2411
2347
2266
2145
2148
2153
2159
2176
2195
2202
2189
2162
2051
2030
2028
2014
1996
1997
2016
2003
1956
1786
1732
1701
1690
1695
1708
1720
1721
1614
1583
1549
1530
1645
1689
1730
1765
1804
1829
1863
1891
1907
1985
1988
1984
1972
1959
1943
1933
1928
1860
1850
1845
1857
1990
2020
2044
2057
2057
2031
2023
2026
2029
2029
2033
2058
2086
2118
2118
2110
2107
2100
2109
2116
2118
1969
1905
1829
1761
1708
1622
1627
1632
1631
1627
1627
1627
1625
1690
1744
1801
1858
2073
2097
2110
2113
2114
2149
2175
2214
2258
2304
2349
2388
2426
2497
2513
2530
2558
2707
2750
2783
2813
2817
2800
2787
2770
2759
2711
2694
2669
2651
2626
2587
2543
2499
2299
2255
2208
2150
1975
1930
1889
1851
1806
1672
1629
1583
1548
1521
1505
1494
1484
1449
1445
1442
1444
1442
1447
1457
1465
1472
1472
1467
1458
1456
1444
1437
1438
1441
1440
1444
1453
1464
1508
1539
1578
1616
1760
1778
1791
1811
1834
1883
1909
1936
1967
2004
2034
2057
2081
2176
2203
2246
2290
2504
2560
2604
2638
2669
2722
2723
2720
2719
2709
2698
2684
2662
2559
2532
2509
2487
2407
2398
2389
2382
2331
2321
2304
2286
2267
2199
2185
2167
2153
2142
2135
2121
2106
2025
2001
1975
1948
1802
1777
1751
1739
1732
1728
1731
1735
1750
1757
1765
1771
1784
1777
1768
1752
1732
1662
1652
1644
1636
1615
1611
1611
1609
1610
1635
1658
1678
1700
1716
1735
1754
1782
1884
1915
1950
1992
2142
2174
2201
2224
2242
2261
2254
2253
2262
2261
2256
2256
2265
2303
2325
2349
2365
2443
2458
2467
2469
2475
2474
2474
2468
2467
2435
2416
2387
2362
2341
2311
2280
2251
2114
2069
2033
1993
1833
1794
1754
1726
1692
1590
1560
1539
1525
1510
1498
1493
1489
1476
1468
1477
1477
1509
1527
1555
1594
1752
1789
1828
1872
1910
1995
2016
2040
2070
2095
2124
2160
2197
2292
2318
2330
2341
2331
2321
2310
2309
2313
2296
2292
2285
2273
2259
2251
2241
2236
2238
2243
2249
2258
2273
2262
2246
2228
2160
2144
2136
2120
2102
2048
2028
2009
1993
1983
1967
1952
1945
1922
1918
1913
1904
1881
1879
1876
1872
1868
1868
1859
1854
1847
1837
1830
1825
1826
1846
1853
1865
1877
1918
1931
1942
1954
2020
2051
2080
2105
2128
2187
2203
2224
2253
2279
2299
2328
2357
2410
2419
2413
2408
2386
2374
2371
2360
2341
2279
2257
2236
2211
2188
2168
2148
2134
2072
2058
2054
2050
1991
1979
1958
1945
1930
1925
1922
1916
1919
1929
1927
1932
1944
1949
1948
1959
1971
1994
1991
1990
1990
1972
1965
1960
1954
1950
1911
1904
1891
1882
1871
1863
1849
1837
1807
1800
1792
1784
1756
1750
1743
1743
1745
1753
1758
1757
1759
1771
1779
1794
1810
1815
1824
1834
1849
1869
1878
1881
1890
1935
1943
1950
1956
1965
1989
2001
2007
2019
2030
2041
2051
2069
2102
2109
2116
2121
2120
2121
2127
2128
2134
2132
2135
2137
2143
2147
2144
2148
2153
2157
2155
2156
2157
2150
2151
2152
2147
2140
2115
2112
2106
2095
2081
2074
2070
2061
2051
2035
2038
2041
2036
2036
2032
2037
2036
2044
2044
2046
2048
2031
2027
2028
2032
2034
2030
2028
2027
2030
2022
2022
2027
2028
2031
2035
2041
2046
2057
2063
2065
2066
2085
2094
2101
2099
2097
2106
2104
2104
2110
2107
2110
2111
2104
2084
2086
2089
2086
2057
2055
2064
2070
2073
2074
2076
2082
2078
2049
2046
2048
2043
2035
2027
2019
2015
2003
1997
1990
1990
1990
1984
1985
1983
1986
2000
2003
2007
2016
2022
2028
2034
2045
2049
2050
2052
2054
2069
2075
2081
2083
2070
2072
2074
2073
2081
2083
2079
2074
2070
2063
2055
2054
2048
2018
2005
2003
1992
1950
1939
1921
1913
1905
1888
1890
1892
1892
1893
1892
1887
1887
1878
1884
1895
1898
1919
1926
1937
1941
1975
1982
1988
2000
2013
2047
2048
2048
2055
2057
2054
2061
2072
2081
2090
2096
2099
2077
2078
2079
2077
2076
2062
2063
2063
2064
2071
2068
2064
2063
2058
2063
2061
2061
2054
2057
2058
2054
2054
2050
2050
2047
2046
2046
2044
2040
2042
2027
2023
2022
2023
2022
2014
2009
2005
2002
1995
1991
1982
1973
1971
1974
1973
1971
1977
1981
1984
1984
1987
1990
1994
1990
1993
2014
2016
2024
2030
2052
2062
2064
2059
2062
2056
2062
2067
2072
2071
2069
2072
2070
2056
2052
2054
2055
2051
2042
2042
2049
2051
2036
2036
2036
2034
2034
2030
2024
2024
2027
2021
2016
2011
2013
2013
2014
2008
2008
1996
1994
1986
1982
1965
1967
1960
1958
1955
1961
1962
1968
1975
1984
1990
1994
2003
2013
2019
2025
2026
2028
2042
2050
2055
2051
2052
2055
2055
2054
2041
2038
2042
2044
2044
2045
2045
2045
2029
2022
2020
2021
2015
2013
2006
2008
2003
2001
2002
2001
2002
2006
2006
2005
2012
2025
2027
2031
2035
2043
2043
2043
2049
2070
2075
2077
2075
2077
2080
2083
2086
2095
2093
2090
2092
2092
2094
2089
2090
2091
2087
2094
2093
2089
2077
2080
2084
2083
2081
2061
2053
2045
2043
2047
2043
2038
2036
2021
2019
2018
2016
2001
1996
1996
1996
1998
2002
1996
1995
1994
1993
1985
1985
1981
1965
1968
1974
1976
1985
1988
1994
1997
2000
2005
2005
2009
2009
2017
2009
1998
2001
2007
2010
2009
2010
2017
2019
2019
2015
2006
2009
2006
2001
2002
2000
1998
1998
1995
2013
2036
2047
2049
1996
1974
1961
1947
1922
1929
1928
1932
1943
1955
1968
1975
1990
2007
2003
2008
2026
2047
2067
2075
2083
2073
2068
2062
2065
2085
2080
2071
2067
2064
2041
2029
2020
2010
2002
1995
1996
1994
1992
1996
1996
1994
1973
1970
1975
1988
1994
2014
2012
2015
2019
2024
2028
2038
2045
2070
2082
2089
2094
2101
2107
2103
2102
2128
2136
2138
2139
2142
2117
2110
2102
2091
2076
2063
2047
2037
2023
2016
2011
2006
1982
1979
1981
1988
1987
2014
2025
2033
2040
2040
2033
2032
2036
2016
2001
1981
1963
1902
1897
1894
1893
1880
1882
1878
1877
1877
1851
1835
1819
1806
1791
1772
1752
1740
1689
1681
1678
1679
1704
1723
1736
1749
1771
1850
1882
1912
1955
1996
2041
2093
2138
2343
2390
2448
2499
2716
2761
2800
2840
2882
2979
3003
3024
3045
3066
3081
3069
3062
3192
3281
3285
3205
2882
2774
2646
2484
2031
1949
1867
1806
1758
1550
1502
1411
1318
1287
1270
1196
1096
1257
908
754
668
670
825
1068
1260
1344
1494
1616
1668
1630
1670
1810
1925
1980
1786
1678
1611
1552
1534
1692
1835
1889
2046
2064
2043
2014
2022
2023
2026
2022
2012
2027
2036
2020
2004
1998
1988
1985
1996
2194
2262
2299
2333
2367
2382
2373
2382
2377
2373
2374
2400
2452
2616
2629
2582
2529
2302
2263
2224
2196
2177
2086
2042
2010
1993
1970
1938
1921
1921
2011
2020
2008
1977
1691
1639
1602
1584
1596
1669
1680
1690
1724
1758
1773
1766
1769
1845
1902
1963
2041
2117
2174
2198
2190
2169
2002
1953
1921
1900
1888
1881
1886
1904
1936
1905
1849
1806
1767
1735
1704
1700
1712
1840
1849
1869
1892
1999
2056
2110
2152
2361
2381
2392
2406
2421
2448
2455
2472
2489
2492
2478
2474
2480
2476
2470
2458
2441
2444
2441
2433
2414
2384
2251
2203
2162
2141
2133
2130
2136
2151
2117
2082
2039
1994
1821
1800
1782
1759
1686
1669
1647
1629
1627
1637
1648
1661
1662
1656
1638
1611
1578
1468
1473
1489
1509
1597
1624
1650
1675
1705
1837
1887
1946
2011
2074
2126
2166
2200
2286
2318
2344
2386
2601
2659
2709
2752
2855
2871
2886
2908
2940
3026
3037
3041
3033
3008
2967
2919
2858
2650
2603
2558
2511
2215
2110
2003
1896
1811
1580
1520
1466
1428
1394
1369
1353
1336
1289
1271
1262
1259
1272
1277
1286
1299
1330
1351
1365
1374
1391
1451
1473
1489
1507
1525
1551
1574
1596
1685
1703
1720
1725
1739
1756
1771
1786
1805
1911
1946
1967
1987
2012
2032
2042
2050
2104
2124
2142
2169
2314
2341
2368
2381
2432
2452
2471
2500
2537
2622
2644
2657
2658
2650
2636
2617
2591
2478
2450
2426
2406
2271
2250
2241
2233
2218
2044
1986
1948
1917
1885
1861
1864
1869
1834
1832
1835
1842
1899
1925
1946
1956
1960
1955
1961
1966
1964
2002
2013
2028
2046
2063
2072
2077
2079
2016
2000
1981
1950
1806
1770
1738
1709
1684
1623
1605
1595
1592
1597
1613
1626
1641
1653
1668
1684
1705
1817
1847
1871
1893
1934
2062
2095
2130
2160
2189
2221
2251
2289
2377
2397
2406
2420
2429
2434
2435
2444
2452
2474
2485
2485
2481
2470
2462
2447
2428
2409
2349
2329
2304
2283
2260
2238
2217
2195
2092
2066
2035
2009
1981
1984
1983
1974
1919
1895
1875
1870
1856
1828
1824
1824
1822
1812
1798
1778
1762
1728
1725
1732
1736
1716
1712
1709
1709
1721
1790
1812
1835
1861
1893
1919
1943
1960
2055
2072
2094
2115
2192
2207
2229
2251
2319
2337
2358
2378
2393
2410
2415
2416
2412
2399
2385
2369
2360
2297
2279
2267
2253
2166
2149
2139
2124
2103
2047
2022
1991
1958
1932
1909
1890
1871
1811
1807
1800
1791
1799
1799
1803
1810
1852
1865
1878
1888
1899
1925
1935
1947
1953
1954
1960
1966
1978
1992
1999
2007
2001
2009
2007
2008
2008
2010
2032
2039
2047
2059
2063
2070
2069
2073
2097
2104
2112
2124
2133
2132
2126
2122
2116
2115
2109
2108
2103
2068
2064
2055
2052
2044
2036
2028
2019
1988
1976
1964
1956
1937
1924
1921
1919
1921
1908
1906
1910
1913
1915
1918
1925
1938
1978
1986
1996
2006
2061
2077
2088
2098
2144
2148
2142
2145
2143
2116
2101
2079
2061
2046
2032
2017
1999
1912
1892
1878
1860
1794
1787
1777
1777
1780
1794
1798
1809
1818
1821
1824
1835
1845
1874
1893
1908
1920
1968
1981
2000
2017
2096
2119
2137
2148
2155
2175
2188
2195
2197
2196
2197
2198
2194
2176
2178
2178
2174
2157
2153
2144
2136
2129
2103
2106
2107
2099
2098
2096
2096
2096
2099
2096
2094
2093
2086
2084
2086
2080
2070
2066
2057
2055
2049
2024
2017
2009
2007
2004
2001
1993
1984
1957
1948
1937
1933
1907
1912
1910
1913
1911
1895
1896
1892
1887
1882
1890
1899
1910
1949
1963
1970
1985
2049
2059
2069
2078
2117
2126
2132
2133
2141
2139
2138
2135
2136
2137
2127
2115
2104
2059
2053
2044
2036
1987
1983
1972
1965
1958
1946
1940
1940
1945
1954
1962
1968
1974
1996
2000
2007
2009
2012
2023
2031
2034
2041
2071
2081
2091
2095
2100
2110
2111
2119
2125
2121
2115
2111
2110
2113
2109
2108
2100
2076
2073
2072
2066
2045
2039
2034
2025
2001
1994
1996
1995
1995
2003
2005
2007
2008
2011
2010
2011
2018
2037
2038
2041
2035
2031
2029
2036
2037
2036
2027
2022
2011
2005
1997
1988
1979
1976
1941
1936
1930
1927
1920
1918
1920
1926
1949
1955
1966
1978
1988
2023
2036
2041
2046
2052
2060
2074
2085
2096
2100
2107
2115
2118
2112
2112
2108
2106
2085
2074
2062
2058
2049
2049
2050
2049
2013
2011
1999
1997
1958
1960
1955
1948
1946
1933
1935
1938
1944
1952
1963
1973
1977
1976
1984
1995
2005
2026
2034
2038
2045
2036
2036
2042
2047
2056
2050
2045
2046
2046
2044
2037
2036
2023
2013
2010
2001
1998
1999
1992
1992
1990
1982
1975
1979
1982
1981
1987
1985
1986
1985
2005
2003
2009
2009
2024
2074
2110
2111
2084
2053
2041
2048
2046
2014
2024
2021
2008
2012
2025
2025
2006
2027
2019
2024
2031
2058
2082
2087
2097
2109
2141
2161
2179
2184
2185
2185
2190
2184
2162
2169
2168
2172
2150
2151
2152
2153
2156
2116
2093
2078
2068
2058
2041
2021
1999
1941
1923
1908
1897
1886
1875
1858
1850
1842
1821
1819
1810
1806
1799
1801
1797
1795
1829
1836
1845
1857
1870
1920
1943
1965
1993
2013
2037
2060
2073
2117
2123
2124
2129
2172
2174
2171
2165
2160
2142
2127
2118
2113
2101
2086
2075
2066
2051
2044
2035
2028
2010
2013
2014
2013
2004
2001
1996
1994
1993
1990
1988
1989
1991
1985
1978
1973
1970
1965
1967
1962
1959
1963
1963
1964
1967
1962
1925
1908
1895
1885
1882
1877
1871
1870
1819
1802
1787
1762
1635
1609
1595
1575
1544
1553
1572
1596
1617
1691
1724
1751
1784
1814
1849
1882
1926
2114
2167
2215
2265
2418
2444
2467
2489
2512
2580
2609
2633
2665
2698
2732
2797
2906
3088
3107
3104
3089
3029
3025
3019
3001
2945
2930
2904
2887
2891
2849
2824
2813
2807
2789
2757
2741
2746
2722
2704
2670
2638
2613
2474
2397
2317
2221
2108
1997
1883
1763
1412
1283
1162
1050
941
842
759
678
595
358
297
241
194
163
156
155
154
156
172
185
201
229
265
309
367
434
682
772
880
989
1086
1174
1269
1366
1466
1714
1807
1889
1963
2046
2128
2207
2274
2339
2519
2582
2635
2679
2713
2748
2777
2803
2845
2846
2847
2853
2848
2832
2809
2777
2740
2605
2555
2508
2468
2428
2391
2354
2316
2283
2223
2215
2214
2217
2221
2227
2241
2257
2272
2281
2288
2300
2291
2284
2268
2247
2129
2097
2064
2034
2003
1912
1877
1850
1833
1814
1793
1774
1757
1679
1660
1640
1617
1546
1534
1530
1528
1531
1570
1592
1622
1656
1694
1733
1773
1823
2005
2049
2095
2131
2270
2306
2331
2354
2420
2423
2434
2439
2440
2455
2464
2474
2480
2491
2492
2495
2496
2478
2464
2456
2446
2416
2417
2419
2419
2431
2460
2471
2486
2504
2522
2538
2548
2561
2585
2582
2576
2572
2552
2528
2501
2461
2424
2301
2255
2216
2175
2138
2117
2122
2121
2063
1825
1747
1667
1627
1633
1651
1666
1669
1625
1619
1608
1588
1512
1482
1437
1400
1321
1321
1332
1356
1384
1497
1524
1552
1579
1608
1645
1670
1688
1810
1842
1876
1905
2105
2160
2208
2250
2283
2339
2354
2374
2398
2428
2447
2456
2463
2432
2417
2411
2401
2349
2334
2334
2345
2311
2290
2265
2248
2231
2158
2149
2123
2091
2063
2038
2016
2000
1945
1913
1874
1835
1735
1720
1698
1667
1571
1553
1536
1523
1513
1469
1455
1449
1445
1438
1431
1421
1412
1417
1427
1442
1461
1541
1576
1623
1672
1728
1885
1932
1983
2040
2085
2127
2162
2190
2297
2322
2339
2357
2378
2377
2375
2384
2383
2380
2375
2379
2372
2335
2325
2312
2303
2298
2288
2279
2270
2218
2202
2188
2184
2176
2174
2182
2193
2198
2190
2172
2154
2141
2127
2112
2105
2103
2081
2075
2080
2093
2101
2098
2094
2090
2032
2017
1997
1974
1950
1890
1884
1878
1873
1867
1859
1853
1856
1861
1860
1862
1860
1891
1904
1923
1934
1946
1975
1978
1988
2003
2015
2023
2031
2033
2049
2041
2035
2031
2001
1993
1984
1980
1964
1962
1964
1965
1975
1996
1999
2004
2020
2033
2051
2061
2063
2085
2096
2108
2117
2158
2162
2168
2177
2201
2197
2197
2191
2189
2185
2182
2179
2178
2165
2161
2156
2150
2137
2137
2137
2140
2115
2102
2090
2080
2070
2028
2019
2006
1995
1988
1975
1973
1968
1941
1934
1926
1922
1934
1938
1949
1953
1932
1927
1922
1917
1918
1934
1942
1954
1971
1978
1985
1988
1987
1999
2000
1997
1995
1973
1973
1976
1980
1981
1988
1998
2004
2003
2004
2000
1997
1989
1973
1971
1965
1963
1958
1955
1957
1954
1953
1964
1969
1975
1972
1972
1978
1985
2001
2015
2032
2036
2036
2034
2031
2033
2029
2019
1998
1984
1977
1979
1987
1993
1993
1989
1962
1951
1945
1941
1940
1959
1974
1981
1995
2010
2016
2020
2029
2052
2059
2063
2066
2075
2083
2090
2097
2106
2109
2114
2117
2120
2121
2121
2117
2115
2107
2098
2088
2076