1981
1975
1974
1975
1968
1957
1951
1947
1944
1947
1955
1961
1969
1974
1977
1972
1975
1977
1985
1994
1994
1988
1979
1971
1978
1980
1982
1989
1997
2000
2024
2033
2038
2038
2041
2052
2050
2045
2044
2050
2054
2057
2058
2073
2078
2079
2078
2073
2077
2078
2074
2079
2086
2084
2077
2072
2069
2068
2063
2060
2039
2031
2023
2020
2004
2002
2000
1991
1967
1953
1948
1948
1952
1944
1941
1935
1939
1940
1940
1941
1938
1929
1936
1940
1944
1953
1960
1960
1964
1970
1971
1976
1974
1981
1988
1989
1991
2002
2030
2033
2025
2027
2047
2049
2057
2063
2062
2065
2067
2068
2074
2072
2075
2077
2083
2085
2088
2095
2102
2100
2108
2110
2108
2094
2095
2091
2090
2088
2082
2084
2090
2085
2086
2085
2085
2082
2065
2058
2056
2053
2040
2032
2027
2027
2023
2019
2022
2025
2022
2012
2010
2004
2002
2000
1996
1992
1992
2002
2009
2015
2016
2047
2110
2113
2099
2099
2020
2016
1998
1936
1874
1869
1904
1923
2088
2094
2086
2098
2038
2013
2006
2016
2046
2058
2043
2041
2052
2066
2083
2108
2130
2114
2125
2121
2097
2047
2044
2058
2064
1998
1965
1953
1952
1953
1958
1978
1995
2002
1996
1985
1969
1949
1843
1844
1860
1887
1953
1937
1919
1903
1897
1896
1913
1926
1933
1946
1957
1970
1978
1956
1954
1964
1977
2019
2019
2016
2007
2001
2029
2048
2064
2069
2105
2123
2135
2143
2133
2113
2085
2053
2029
2071
2108
2137
2118
2096
2062
2024
1990
1989
1998
2014
2042
2066
2080
2085
2083
2070
2066
2072
2084
2164
2171
2165
2139
2121
2066
2056
2046
2049
2058
2063
2061
2048
2005
2000
1999
1999
2008
2015
2026
2027
1980
1981
1991
2006
2024
2068
2072
2062
2047
2028
2004
1980
1966
1980
1992
2006
2024
2013
1998
1983
1971
1968
1982
1993
1992
1986
1979
1975
1969
1955
1903
1900
1907
1917
1893
1882
1874
1874
1865
1865
1869
1867
1867
1871
1875
1882
1895
1906
1917
1934
1956
2029
2033
2032
2026
2005
2014
2028
2043
2062
2131
2163
2189
2215
2226
2240
2257
2273
2370
2398
2422
2446
2495
2499
2507
2505
2494
2493
2490
2484
2478
2467
2461
2461
2447
2398
2354
2344
2337
2267
2245
2224
2190
1942
1883
1829
1760
1703
1619
1594
1594
1593
1576
1559
1538
1533
1500
1501
1490
1480
1484
1518
1552
1581
1608
1708
1740
1771
1811
1839
1853
1882
1919
2016
2036
2044
2043
2058
2053
2049
2049
2023
2011
1986
1969
1953
1891
1888
1884
1875
1868
1866
1863
1853
1822
1832
1847
1869
1987
2016
2042
2065
2089
2146
2171
2199
2221
2238
2253
2264
2267
2243
2230
2221
2219
2204
2198
2196
2198
2186
2169
2157
2143
2124
2073
2067
2073
2078
2079
2077
2065
2058
1982
1965
1947
1921
1851
1835
1820
1811
1804
1821
1831
1845
1868
1893
1921
1945
1966
2029
2048
2060
2069
2078
2080
2087
2093
2091
2098
2099
2099
2109
2126
2136
2141
2150
2172
2174
2175
2177
2187
2191
2195
2204
2200
2192
2179
2172
2170
2146
2142
2137
2133
2133
2135
2139
2133
2105
2104
2098
2099
2076
2082
2085
2089
2092
2091
2097
2096
2092
2090
2081
2071
2063
2018
2016
2019
2015
2017
2018
2018
2014
2024
2025
2022
2021
2024
2016
2007
1995
1985
1971
1951
1931
1913
1843
1828
1818
1816
1818
1822
1827
1833
1842
1879
1895
1912
1937
1964
1994
2021
2047
2136
2149
2162
2168
2157
2154
2156
2152
2148
2142
2140
2132
2130
2121
2112
2105
2102
2042
2033
2024
2017
1961
1942
1918
1901
1822
1814
1816
1808
1807
1802
1804
1803
1795
1791
1788
1790
1796
1845
1860
1868
1885
1920
1926
1931
1938
1940
1936
1929
1924
1927
1919
1916
1914
1917
1928
1934
1943
1948
1979
1994
2006
2019
2072
2086
2094
2099
2109
2128
2129
2132
2129
2132
2138
2147
2148
2150
2149
2144
2141
2144
2144
2145
2149
2151
2165
2170
2175
2186
2187
2195
2197
2202
2204
2193
2196
2200
2200
2189
2180
2173
2164
2133
2121
2115
2108
2107
2110
2103
2101
2069
2061
2055
2043
2007
2011
2017
2021
2007
2004
2007
2007
2011
2026
2031
2033
2038
2041
2040
2036
2033
2012
2009
2015
2010
1973
1963
1956
1939
1928
1905
1891
1881
1876
1871
1867
1861
1851
1828
1825
1829
1827
1828
1830
1835
1846
1870
1876
1884
1891
1900
1932
1955
1971
1989
2000
2013
2025
2035
2083
2093
2103
2110
2130
2126
2123
2123
2128
2133
2132
2127
2127
2128
2118
2112
2111
2104
2107
2105
2110
2102
2105
2103
2102
2105
2101
2097
2100
2101
2101
2100
2096
2092
2071
2066
2065
2058
2035
2029
2021
2017
2012
2012
2021
2025
2028
2026
2019
2018
2016
2025
2029
2032
2036
2030
2029
2032
2039
2045
2043
2041
2044
2048
2049
2038
2041
2042
2039
2039
2036
2035
2008
2003
2003
2001
1984
1974
1976
1973
1973
1975
1970
1968
1960
1959
1964
1972
1970
1982
1992
1996
2004
2003
2003
2001
1998
1998
2001
1997
1998
2002
1999
2007
2016
2025
2031
2038
2043
2048
2064
2066
2069
2070
2058
2059
2052
2048
2049
2042
2043
2037
2030
2029
2024
2015
2013
1996
1996
2003
2008
2004
2010
2023
2030
2034
2035
2038
2039
2033
2013
2008
2003
2002
2001
2002
1996
1993
1970
1969
1973
1974
1973
1974
1973
1974
1979
1981
1985
1990
1996
2005
2011
2019
2017
2026
2024
2027
2035
2044
2047
2055
2051
2054
2082
2101
2122
2128
2120
2099
2089
2079
2039
2024
2017
2029
2036
2037
2041
2049
2037
2039
2041
2031
2020
2014
2002
1999
2003
1997
1991
1990
1997
2018
2027
2034
2042
2051
2048
2044
2040
2039
2046
2048
2049
2049
2052
2049
2048
2048
2056
2062
2067
2068
2048
2042
2040
2035
2039
2035
2040
2046
2049
2053
2049
2050
2050
2043
2034
2030
2025
2024
2028
2024
2027
2028
2031
2023
2009
2003
2020
2026
2020
2021
2025
2021
2018
2016
1982
1973
1966
1963
1959
1959
1959
1961
1963
1967
1973
1974
1979
1987
1988
1985
1983
1993
2005
2012
2017
2019
2020
2026
2024
2015
2015
2012
2016
2018
2034
2039
2040
2047
2048
2048
2049
2049
2049
2053
2044
2041
2047
2048
2053
2066
2073
2070
2069
2074
2077
2079
2086
2091
2094
2090
2085
2081
2084
2085
2083
2079
2072
2050
2048
2046
2053
2052
2047
2044
2038
2038
2036
2029
2025
2021
2017
2025
2029
2030
2025
2027
2030
2034
2037
2030
2032
2034
2034
2036
2041
2044
2041
2040
2037
2035
2028
2025
2024
2017
2014
2007
2004
2002
1995
1991
1985
1982
1979
1975
1970
1970
1968
1968
1947
1947
1950
1946
1949
1948
1949
1954
1959
1955
1957
1957
1957
1958
1961
1970
1980
1975
1980
1988
1991
2016
2011
2010
2011
2017
2036
2037
2034
2032
2036
2036
2037
2031
2038
2037
2042
2046
2065
2067
2065
2065
2064
2072
2068
2069
2072
2068
2072
2073
2071
2060
2063
2064
2055
2058
2058
2050
2042
2031
2030
2025
2019
2017
2006
2007
2000
1992
1995
1991
1993
1991
1975
1983
1984
1993
1987
1988
1995
1997
1995
1987
1987
1985
1991
1998
2003
2010
2007
2031
2031
2034
2034
2047
2053
2058
2060
2072
2079
2083
2092
2092
2100
2106
2112
2115
2116
2115
2119
2121
2114
2114
2110
2102
2081
2080
2076
2068
2062
2048
2046
2045
2044
2040
2037
2035
2033
2031
2040
2042
2041
2040
2035
2040
2038
2052
2049
2029
2014
2022
2069
2084
2093
2087
2073
2055
2036
2021
1952
1946
1952
1964
1985
1988
1994
2002
2014
2013
2008
1997
1990
1990
1986
1988
2000
2004
2002
2004
2004
2017
2017
2023
2023
2022
2013
2011
2008
2001
1993
1983
1979
1972
1961
1961
1960
1968
1983
1986
1981
1978
1990
1993
1997
1996
1988
1996
1992
1992
1996
2005
2009
2006
2010
2039
2033
2027
2022
2029
2029
2029
2034
2036
2022
2021
2018
2011
2011
2022
2022
2013
2035
2038
2039
2042
2027
2025
2024
2030
2031
2032
2036
2040
2041
2026
2018
2011
2010
2010
2006
2010
2018
2007
2002
1998
1995
2012
2019
2026
2033
2040
2053
2050
2045
2052
2049
2050
2054
2064
2059
2060
2057
2049
2060
2057
2053
2057
2049
2045
2051
2048
2057
2071
2086
2087
2095
2101
2084
2066
2042
1946
1925
1925
1927
1938
1945
1952
1956
1957
1929
1922
1917
1905
1896
1896
1892
1886
1902
1910
1918
1928
1966
1978
1996
2015
2029
2041
2052
2065
2078
2088
2100
2121
2131
2191
2207
2224
2246
2305
2327
2336
2349
2333
2319
2323
2337
2351
2403
2390
2366
2345
2309
2270
2240
2203
2075
2064
2056
2054
2006
2004
1998
1981
1958
1860
1829
1801
1778
1764
1752
1741
1733
1734
1732
1736
1748
1770
1771
1772
1776
1791
1812
1818
1821
1826
1833
1837
1848
1851
1857
1867
1878
1890
1916
1923
1928
1936
1966
2019
2030
2033
2042
2055
2070
2083
2098
2128
2132
2136
2145
2144
2141
2135
2128
2141
2142
2141
2140
2141
2117
2111
2099
2096
2096
2099
2103
2111
2142
2143
2144
2136
2073
2058
2048
2044
2041
2040
2043
2039
2038
2028
2016
2003
1992
1954
1961
1961
1964
1939
1935
1928
1923
1931
1925
1934
1937
1930
1927
1931
1927
1924
1918
1924
1928
1928
1925
1926
1929
1935
1968
1981
1994
2004
2007
2021
2023
2029
2034
2040
2057
2072
2089
2128
2138
2141
2145
2148
2160
2171
2178
2186
2204
2204
2200
2195
2191
2190
2182
2178
2158
2155
2147
2140
2105
2099
2096
2098
2090
2063
2053
2041
2030
2023
2019
2017
2013
1995
1991
1995
1992
1971
1964
1959
1945
1942
1949
1953
1956
1957
1958
1953
1955
1965
1971
1972
1976
1979
1989
1993
1996
2001
1996
1999
2002
2002
2009
2026
2037
2049
2058
2066
2074
2081
2083
2103
2108
2116
2124
2165
2180
2185
2191
2190
2186
2183
2179
2176
2169
2160
2154
2147
2140
2129
2114
2097
2029
2012
2004
1990
1949
1939
1930
1918
1908
1867
1856
1847
1847
1849
1849
1844
1836
1830
1835
1833
1834
1830
1834
1842
1841
1869
1871
1876
1878
1886
1909
1918
1926
1933
1935
1940
1946
1953
1985
1988
1997
2006
2029
2029
2032
2038
2047
2054
2064
2073
2073
2071
2070
2067
2065
2059
2067
2079
2081
2086
2098
2107
2113
2115
2113
2115
2110
2111
2104
2105
2112
2117
2110
2108
2113
2110
2095
2087
2084
2087
2089
2082
2080
2078
2076
2082
2083
2083
2089
2091
2089
2086
2081
2076
2073
2073
2068
2068
2059
2061
2059
2054
2049
2048
2050
2048
2045
2031
2027
2020
2021
2017
2015
2016
2012
2004
2002
2002
2002
1987
1988
1988
1987
1986
1983
1983
1979
1978
1961
1958
1959
1961
1965
1963
1966
1969
1961
1964
1963
1962
1974
1984
1994
2003
2007
2010
2009
2012
2014
2018
2022
2027
2034
2044
2045
2048
2048
2043
2040
2036
2037
2038
2040
2040
2037
2037
2034
2030
2028
2033
2039
2037
2040
2045
2036
2042
2045
2047
2034
2032
2026
2022
2020
2027
2024
2021
2022
2024
2024
2020
2025
2021
2017
2022
2024
2021
2019
2026
2029
2032
2033
2031
2030
2031
2038
2042
2047
2051
2026
2012
2020
2061
2245
2212
2168
2100
1814
1795
1797
1824
1853
1902
1924
1935
1948
1969
1999
2026
2046
2014
2019
2046
2087
2212
2207
2196
2180
2143
2049
2049
2064
2093
2127
2158
2183
2192
2185
2075
2026
1974
1920
1873
1840
1833
1844
1935
1953
1956
1939
1900
1856
1806
1765
1749
1783
1814
1840
1860
1866
1853
1823
1796
1809
1825
1851
1885
2060
2084
2084
2082
2081
2067
2082
2110
2151
2192
2231
2278
2312
2349
2344
2339
2333
2331
2354
2380
2408
2385
2348
2314
2289
2274
2257
2247
2245
2245
2232
2211
2190
2160
2042
2036
2041
2048
2029
2011
1984
1956
1933
1934
1939
1950
1962
1971
1978
1975
1966
1911
1909
1916
1920
1952
1945
1921
1900
1827
1816
1803
1796
1793
1789
1794
1796
1798
1801
1808
1814
1819
1843
1846
1845
1839
1813
1826
1848
1872
1891
1937
1942
1941
1939
1945
1943
1939
1937
1978
1996
2017
2030
2037
2045
2044
2047
2043
2041
2044
2054
2056
2017
2053
2143
2282
2434
2553
2615
2622
2218
2069
1932
1827
1675
1656
1644
1629
1616
1633
1654
1681
1701
1713
1711
1722
1761
2085
2153
2195
2220
2209
2199
2213
2248
2309
2531
2621
2703
2771
2823
2851
2852
2826
2602
2568
2561
2566
2563
2514
2431
2319
1888
1830
1788
1760
1723
1548
1458
1355
1256
1164
1085
1023
972
931
970
998
1017
1003
1014
1039
1090
1169
1447
1560
1673
1792
1913
2026
2125
2226
2565
2659
2769
2888
3175
3189
3182
3158
3118
3007
2982
2962
2939
2912
2881
2841
2780
2457
2373
2303
2245
2098
2056
2004
1941
1869
1671
1616
1571
1547
1538
1540
1549
1574
1627
1635
1638
1648
1661
1685
1720
1784
1849
2016
2061
2093
2121
2137
2144
2143
2141
2145
2163
2156
2153
2143
2134
2131
2126
2115
2112
2112
2102
2078
1979
1957
1945
1940
1973
1976
1973
1967
1956
1912
1903
1894
1896
1901
1908
1913
1923
1968
1979
1992
1994
2010
2008
1997
1979
1957
1879
1860
1847
1846
1857
1871
1888
1906
1954
1948
1936
1917
1903
1924
1951
1979
2002
1995
1980
1964
1946
1937
1942
1953
1974
2136
2176
2212
2245
2300
2302
2307
2311
2302
2285
2255
2230
2209
2133
2098
2066
2038
2007
1969
1944
1917
1801
1773
1750
1729
1674
1665
1658
1650
1646
1638
1646
1659
1675
1696
1718
1749
1782
1894
1920
1947
1967
2064
2097
2137
2175
2292
2309
2318
2311
2299
2271
2265
2261
2272
2279
2285
2295
2303
2278
2266
2256
2249
2208
2197
2194
2189
2190
2169
2158
2151
2145
2142
2140
2142
2144
2159
2159
2161
2165
2121
2110
2090
2058
2031
1945
1920
1896
1881
1864
1845
1824
1810
1726
1701
1687
1673
1651
1650
1654
1665
1681
1693
1703
1714
1732
1773
1792
1808
1834
1866
1901
1935
1976
2109
2141
2174
2208
2313
2327
2348
2371
2396
2440
2437
2428
2412
2396
2372
2351
2332
2264
2246
2224
2205
2099
2073
2046
2024
1936
1930
1924
1916
1913
1902
1899
1897
1904
1907
1914
1925
1943
2000
2020
2033
2045
2102
2107
2116
2122
2134
2139
2143
2141
2138
2138
2130
2118
2104
2082
2081
2070
2061
2007
1994
1982
1976
1967
1954
1944
1931
1925
1921
1914
1906
1897
1880
1883
1887
1894
1926
1932
1937
1936
1943
1948
1955
1961
1968
1964
1956
1951
1949
1945
1937
1931
1940
1918
1917
1912
1906
1908
1911
1917
1921
1923
1945
1948
1959
1960
1967
1975
1993
2005
2042
2062
2082
2102
2162
2180
2190
2200
2214
2221
2223
2224
2225
2206
2194
2189
2186
2177
2165
2163
2157
2113
2099
2094
2086
2033
2022
2015
2003
1992
1948
1934
1924
1921
1915
1908
1907
1910
1926
1927
1930
1932
1943
1948
1952
1957
1969
1982
1986
1990
1993
1996
1996
1998
2001
1998
1992
1996
1995
1991
1993
1997
1998
2024
2034
2038
2036
2038
2052
2050
2057
2059
2057
2061
2069
2076
2094
2098
2107
2114
2106
2109
2125
2128
2119
2096
2102
2105
2112
2123
2141
2139
2128
2057
2034
2025
2025
2057
2070
2073
2076
2052
2049
2046
2035
2023
2019
2019
2024
2044
2059
2060
2066
2078
2090
2096
2098
2105
2133
2137
2131
2125
2120
2071
2052
2045
2038
2033
2027
2024
2017
1977
1950
1933
1926
1876
1869
1861
1846
1840
1840
1832
1829
1834
1835
1843
1850
1853
1867
1868
1885
1895
1925
1930
1946
1968
2020
2031
2039
2043
2050
2054
2056
2057
2055
2054
2055
2062
2063
2055
2039
2031
2034
2015
2017
2021
2022
2029
2031
2034
2033
2034
2027
2023
2019
2015
2025
2028
2036
2046
2060
2064
2067
2065
2078
2084
2084
2093
2096
2092
2081
2080
2082
2076
2078
2070
2065
2059
2058
2051
2045
2014
2004
2003
1999
1997
1983
1983
1987
1990
1997
1999
2000
2000
2002
2008
2013
2023
2042
2054
2060
2070
2084
2090
2103
2107
2105
2102
2106
2109
2104
2096
2093
2091
2092
2068
2058
2050
2042
2017
2010
2004
2007
2014
1996
1989
1974
1972
1976
1976
1978
1977
1964
1970
1976
1988
2004
2006
2016
2025
2034
2038
2040
2042
2051
2053
2056
2057
2058
2056
2055
2059
2052
2033
2030
2036
2034
2034
2030
2029
2033
2035
2033
2034
2031
2017
2014
2013
2024
2026
2051
2054
2059
2057
2060
2056
2055
2050
2050
2038
2037
2040
2044
2044
2040
2043
2044
2021
2019
2015
2009
2006
2000
1997
1991
1978
1975
1977
1977
1985
1991
1991
1996
1996
1996
1996
2001
2003
2005
2009
2016
2026
2032
2033
2038
2036
2036
2031
2026
2017
2014
2011
2004
1998
1989
1954
1946
1943
1940
1926
1928
1926
1919
1911
1896
1918
1954
1957
2163
2129
2069
2045
2019
1961
1900
1842
1771
1813
1876
1913
2099
2108
2150
2175
2164
2200
2183
2182
2179
2199
2254
2317
2348
2330
2288
2248
2220
2168
2166
2151
2133
2137
2102
2078
2051
2015
1979
1960
1940
1928
1973
1976
1973
1971
1904
1890
1872
1867
1934
1925
1907
1889
1894
1916
1929
1958
1981
1996
2005
2014
2028
2002
1992
1984
1974
2002
2024
2044
2059
2068
2046
2017
1985
1958
1928
1898
1870
1836
1759
1736
1716
1683
1549
1546
1560
1579
1718
1752
1787
1819
1855
1946
1977
2013
2045
2088
2121
2145
2153
2210
2237
2266
2295
2411
2429
2457
2480
2491
2495
2491
2491
2503
2519
2540
2568
2588
2600
2587
2563
2542
2463
2444
2428
2426
2449
2450
2449
2433
2424
2422
2413
2403
2395
2379
2353
2344
2340
2447
2421
2361
2297
2037
1936
1823
1728
1660
1481
1433
1406
1381
1348
1323
1305
1278
1242
1226
1205
1188
1241
1271
1290
1322
1457
1520
1585
1659
1719
1817
1853
1894
1933
1966
1998
2028
2058
2173
2200
2221
2243
2285
2277
2264
2252
2235
2197
2177
2160
2149
2131
2096
2045
1993
1832
1786
1751
1723
1615
1610
1599
1588
1569
1584
1605
1635
1675
1847
1917
1977
2041
2100
2148
2200
2252
2371
2394
2412
2434
2471
2475
2475
2472
2467
2453
2454
2449
2442
2424
2402
2377
2347
2241
2208
2177
2142
1928
1874
1823
1774
1673
1662
1649
1643
1633
1625
1611
1603
1600
1603
1610
1621
1642
1780
1813
1850
1888
2009
2035
2064
2085
2108
2171
2195
2216
2233
2257
2271
2287
2305
2367
2398
2423
2442
2486
2491
2491
2480
2437
2428
2414
2400
2372
2314
2283
2255
2226
2199
2172
2152
2132
2080
2076
2070
2063
2011
1995
1984
1964
1951
1923
1914
1907
1913
1921
1933
1948
1964
1986
1977
1970
1964
1932
1919
1913
1914
1914
1916
1924
1924
1925
1914
1912
1915
1922
1923
1934
1943
1957
1989
2001
2011
2014
2035
2041
2045
2046
2051
2063
2066
2063
2063
2067
2066
2063
2057
2020
2010
2013
2011
2019
2019
2021
2026
2029
2032
2031
2020
2013
2000
1996
1995
1998
1999
1996
1988
1980
1932
1921
1916
1918
1901
1896
1890
1887
1883
1882
1883
1887
1895
1903
1913
1925
1936
1970
1973
1975
1980
1975
1975
1981
1982
1984
1987
1993
1993
2000
1997
1992
1989
1996
2001
2006
2015
2020
2022
2012
2010
2010
2014
2010
2009
2001
1996
1959
1954
1949
1941
1936
1908
1904
1898
1898
1905
1906
1906
1910
1942
1955
1971
1985
2024
2039
2057
2075
2092
2137
2156
2172
2190
2208
2223
2242
2256
2288
2297
2305
2316
2322
2331
2339
2349
2361
2368
2371
2372
2364
2359
2356
2343
2330
2315
2261
2245
2230
2214
2191
2169
2147
2128
2031
2006
1979
1955
1873
1862
1844
1833
1825
1810
1803
1802
1799
1794
1795
1799
1803
1810
1809
1810
1808
1823
1826
1830
1830
1836
1832
1839
1852
1858
1893
1903
1912
1924
1933
1938
1942
1946
1970
1983
1993
1994
2020
2035
2044
2052
2079
2087
2093
2098
2105
2104
2112
2118
2125
2126
2121
2123
2122
2125
2123
2119
2129
2132
2132
2136
2143
2150
2149
2141
2139
2137
2139
2138
2136
2138
2130
2124
2121
2126
2100
2095
2087
2080
2074
2054
2047
2039
2038
2037
2039
2037
2037
2020
2014
2011
2011
1996
1986
1985
1985
1978
1973
1975
1972
1976
1993
1993
1988
1982
1980
1978
1976
1972
1971
1971
1971
1971
1976
1979
1979
1978
1968
1976
1977
1982
1986
1994
1993
1999
2011
2018
2028
2038
2042
2050
2050
2050
2056
2056
2060
2062
2060
2056
2062
2057
2051
2048
2053
2051
2054
2051
2066
2060
2063
2064
2067
2070
2074
2081
2093
2096
2099
2102
2098
2092
2087
2076
2063
2051
2042
2041
2034
2000
1991
1987
1979
1970
1952
1938
1929
1923
1917
1908
1903
1890
1875
1877
1879
1879
1882
1882
1887
1886
1886
1897
1896
1900
1907
1913
1913
1916
1920
1931
1957
1966
1975
1979
1983
1992
2000
2005
2035
2044
2042
2044
2052
2059
2065
2071
2071
2089
2094
2097
2099
2096
2095
2094
2095
2097
2090
2081
2078
2079
2082
2090
2095
2092
2081
2078
2077
2080
2072
2077
2071
2071
2070
2072
2069
2062
2057
2060
2059
2052
2059
2063
2053
2049
2046
2046
2049
2048
2046
2027
2020
2023
2021
2018
2003
2000
1997
1995
1993
1993
1993
1998
1990
1991
1996
2003
2010
2020
2020
2031
2051
2051
2059
2071
2075
2075
2078
2079
2079
2088
2089
2091
2093
2087
2085
2087
2083
2091
2099
2099
2085
2070
2054
2053
2045
2039
2036
2031
2034
2029
2023
2024
2018
2010
1999
2000
2000
2001
2005
2011
2012
2008
2008
2008
2007
2007
2009
2008
2003
1998
2003
1979
1982
1972
1961
1941
1940
1945
1944
1932
1923
1920
1909
1899
1895
1891
1889
1882
1861
1857
1852
1846
1850
1850
1852
1855
1870
1883
1886
1891
1893
1895
1909
1928
1941
1997
2008
2020
2038
2114
2119
2118
2115
2144
2174
2211
2241
2262
2266
2256
2250
2251
2256
2250
2249
2261
2316
2330
2323
2318
2274
2261
2249
2236
2228
2201
2196
2196
2190
2170
2149
2138
2115
2070
2055
2043
2034
1983
1976
1970
1963
1937
1925
1923
1924
1925
1903
1903
1898
1903
1908
1920
1923
1924
1900
1896
1896
1894
1913
1921
1928
1938
1944
1924
1917
1906
1906
1904
1903
1899
1893
1889
1890
1892
1894
1913
1921
1924
1923
1925
1912
1930
1973
2009
2084
2071
2035
2003
1978
1956
1931
1917
1925
1926
1946
1973
2038
2049
2061
2071
2073
2127
2141
2166
2201
2218
2227
2248
2259
2344
2359
2367
2370
2302
2276
2249
2218
2125
2099
2091
2090
2093
2076
2067
2046
2021
2002
1984
1959
1926
1820
1807
1792
1771
1708
1687
1680
1672
1672
1680
1689
1695
1698
1706
1715
1714
1718
1737
1746
1754
1763
1782
1796
1805
1817
1852
1852
1850
1852
1853
1852
1857
1870
1886
1891
1898
1911
1917
1983
2006
2026
2061
2185
2212
2247
2274
2303
2380
2411
2445
2476
2506
2537
2572
2604
2693
2711
2727
2731
2764
2766
2765
2757
2745
2692
2672
2651
2633
2616
2610
2596
2582
2518
2490
2459
2432
2330
2308
2300
2295
2271
2276
2285
2297
2315
2384
2409
2431
2458
2483
2503
2525
2542
2527
2519
2521
2544
2373
2262
2132
1984
1846
1466
1359
1242
1123
997
864
741
626
166
123
115
106
97
97
100
99
100
106
109
119
136
158
204
286
387
807
965
1129
1313
1517
1722
1930
2128
2333
2937
3142
3358
3564
3764
3954
4088
4087
4087
4088
4090
4089
4090
4089
4089
4088
4089
4088
4090
4087
4009
3240
2993
2741
2494
1503
1280
1062
859
664
207
144
131
129
127
130
135
141
206
245
301
391
929
1088
1250
1411
1559
1926
2033
2142
2254
2361
2452
2545
2633
2890
2920
2937
2944
2848
2815
2776
2737
2502
2424
2342
2258
2173
1894
1808
1724
1658
1609
1565
1519
1485
1360
1353
1362
1380
1556
1619
1686
1754
1824
2027
2085
2143
2196
2253
2317
2384
2437
2583
2599
2622
2642
2696
2705
2711
2717
2727
2732
2724
2713
2698
2648
2631
2607
2581
2553
2513
2465
2414
2212
2176
2144
2118
2046
2034
2019
2007
1993
1960
1949
1936
1927
1920
1913
1895
1867
1759
1724
1684
1643
1457
1418
1376
1337
1301
1222
1209
1202
1198
1208
1220
1237
1262
1425
1489
1554
1632
1955
2041
2134
2231
2599
2680
2757
2834
2898
3033
3063
3084
3094
3102
3101
3092
3085
2959
2914
2858
2797
2554
2494
2437
2383
2330
2174
2123
2075
2028
1983
1942
1901
1863
1715
1685
1646
1616
1496
1468
1445
1427
1371
1365
1358
1361
1362
1384
1393
1403
1417
1427
1439
1450
1468
1530
1546
1561
1576
1622
1630
1645
1666
1677
1713
1727
1742
1764
1793
1817
1842
1874
2032
2072
2115
2163
2357
2403
2451
2493
2646
2677
2704
2725
2740
2740
2733
2717
2695
2666
2642
2616
2583
2382
2328
2274
2220
2010
1961
1917
1874
1830
1727
1690
1652
1624
1603
1582
1571
1561
1552
1555
1562
1572
1662
1690
1727
1773
1947
1995
2044
2086
2129
2241
2264
2290
2313
2324
2339
2348
2356
2320
2298
2278
2250
2118
2086
2049
2007
1970
1871
1842
1818
1793
1763
1744
1727
1721
1704
1709
1716
1732
1799
1822
1846
1863
1958
1986
2009
2038
2063
2129
2149
2177
2205
2222
2234
2252
2268
2297
2299
2302
2299
2278
2277
2277
2272
2265
2215
2202
2187
2171
2161
2150
2137
2132
2114
2120
2129
2134
2166
2180
2192
2210
2252
2260
2262
2266
2274
2273
2261
2249
2236
2222
2202
2178
2154
2029
1996
1963
1924
1796
1761
1733
1704
1685
1621
1603
1590
1582
1577
1575
1579
1588
1629
1649
1675
1694
1781
1807
1832
1860
1989
2017
2047
2076
2101
2167
2183
2200
2219
2228
2236
2242
2248
2243
2233
2220
2206
2162
2150
2137
2132
2122
2083
2064
2046
2029
2021
2019
2012
2002
1998
2003
2001
1998
2002
1997
1995
1989
1996
1998
1999
2003
2008
2006
2006
2000
1996
1995
1991
1984
1983
1973
1974
1974
1971
1987
1996
2006
2014
2027
2046
2056
2071
2083
2098
2108
2118
2125
2155
2163
2170
2175
2192
2196
2203
2207
2187
2178
2167
2156
2153
2131
2119
2101
2077
2054
2035
2013
1995
1906
1878
1858
1840
1772
1747
1733
1720
1708
1682
1674
1675
1679
1685
1689
1703
1717
1809
1833
1867
1898
2015
2051
2084
2119
2230
2252
2271
2293
2314
2331
2336
2335
2332
2328
2317
2313
2307
2251
2235
2216
2196
2110
2087
2069
2052
2038
1991
1975
1964
1950
1938
1922
1908
1897
1886
1886
1888
1891
1900
1901
1905
1908
1913
1951
1961
1961
1970
1982
1984
1991
2005
2022
2022
2020
2018
2000
1991
1983
1984
1966
1962
1960
1952
1953
1961
1959
1956
1963
1969
1981
1996
2005
2050
2061
2072
2082
2125
2138
2148
2163
2178
2187
2187
2188
2185
2180
2178
2173
2163
2107
2095
2074
2050
2004
1990
1973
1956
1910
1904
1890
1889
1885
1880
1881
1882
1889
1895
1897
1904
1911
1949
1960
1975
1990
2056
2075
2090
2101
2118
2160
2169
2179
2191
2196
2197
2201
2204
2190
2186
2184
2185
2148
2134
2119
2107
2088
2089
2086
2079
2062
2006
1989
1983
1978
1974
1969
1968
1972
1996
1999
2003
2002
1976
1970
1971
1974
1979
2005
2010
2014
2007
2003
1997
1996
1991
1985
1985
1988
1997
2002
1999
1991
1990
1973
1987
1994
2003
2005
1933
1958
2128
2230
2181
2106
2053
1992
1837
1811
1783
1833
2136
2153
2133
2056
1999
1911
1883
1899
1922
1931
1942
1973
2001
2017
2007
2026
2050
2108
2138
2171
2199
2110
2098
2087
2070
2069
2037
2008
1987
1983
1981
1973
1966
1967
1993
1996
1991
1971
1866
1844
1836
1830
1831
1910
1910
1894
1878
1859
1834
1814
1798
1859
1867
1870
1867
1831
1830
1827
1837
1949
1960
1961
1928
1872
1720
1692
1678
1668
1665
1669
1670
1672
1693
1692
1693
1684
1823
1920
2035
2150
2249
2435
2460
2473
2494
2520
2533
2567
2607
2877
2943
2991
3018
3041
3040
3054
3059
3058
3059
3041
3017
2987
2946
2892
2838
2779
2610
2581
2545
2495
2167
2084
2024
1978
1938
1929
1909
1888
1868
1808
1821
1839
1864
1920
1991
2063
2109
2100
2051
2001
1987
2025
2026
2019
1991
1825
1754
1687
1616
1542
1402
1360
1313
1273
1249
1219
1168
1102
969
971
996
1035
1086
1043
986
924
852
627
576
536
521
522
523
528
543
654
705
761
822
1248
1361
1479
1592
2020
2136
2254
2383
2501
2853
2958
3053
3143
3223
3298
3371
3435
3658
3705
3747
3781
3880
3891
3902
3917
3934
3944
3932
3924
3908
3883
3844
3800
3744
3341
3216
3086
2944
2287
2122
1947
1767
1095
939
800
666
534
183
139
130
126
126
124
123
124
131
142
154
171
398
505
620
747
881
1287
1414
1546
1675
1815
1950
2091
2245
2785
2909
3023
3129
3395
3420
3434
3431
3415
3296
3234
3174
3118
3057
2990
2917
2841
2600
2547
2504
2468
2355
2330
2307
2272
2146
2124
2099
2075
2063
2005
1994
1989
1995
2005
2018
2026
2037
2114
2136
2163
2193
2326
2358
2390
2417
2436
2442
2428
2403
2360
2320
2266
2210
2139
1823
1743
1670
1595
1317
1248
1199
1160
1035
1021
1012
1012
1016
1051
1072
1095
1111
1133
1163
1192
1227
1358
1386
1421
1456
1573
1616
1662
1701
1745
1881
1934
1998
2061
2129
2201
2273
2346
2593
2643
2687
2735
2881
2908
2932
2945
2942
2938
2937
2933
2925
2883
2875
2867
2861
2849
2836
2819
2803
2724
2696
2656
2605
2379
2320
2255
2188
2120
1899
1815
1727
1649
1581
1508
1438
1373
1173
1128
1097
1078
1031
1021
1016
1023
1055
1068
1080
1102
1123
1172
1189
1211
1241
1282
1322
1366
1413
1628
1698
1763
1822
2088
2147
2205
2258
2312
2435
2466
2498
2529
2557
2579
2599
2621
2666
2678
2691
2704
2729
2745
2757
2770
2798
2803
2812
2810
2808
2771
2753
2732
2701
2665
2627
2589
2550
2363
2312
2264
2213
1993
1946
1895
1846
1804
1672
1623
1586
1555
1532
1511
1490
1471
1388
1379
1367
1362
1364
1378
1390
1404
1460
1498
1533
1576
1619
1753
1803
1849
1897
1938
1977
2012
2044
2148
2167
2181
2189
2185
2173
2163
2153
2140
2098
2089
2078
2071
2061
2052
2046
2041
2048
2052
2066
2078
2110
2119
2129
2149
2198
2210
2224
2234
2243
2271
2277
2293
2310
2328
2341
2355
2372
2401
2399
2397
2393
2357
2342
2329
2310
2290
2209
2180
2151
2118
2083
2048
2022
1998
1910
1895
1880
1859
1805
1795
1785
1776
1754
1748
1742
1745
1749
1755
1759
1767
1777
1784
1793
1801
1814
1858
1870
1885
1893
1910
1911
1910
1916
1923
1921
1916
1905
1893
1887
1884
1883
1879
1879
1882
1894
1906
1949
1966
1983
2009
2102
2131
2153
2173
2200
2278
2295
2314
2335
2352
2364
2372
2382
2390
2385
2383
2382
2331
2311
2296
2274
2258
2198
2168
2142
2120
2101
2079
2052
2030
1918
1891
1866
1846
1777
1768
1756
1742
1721
1723
1728
1733
1739
1778
1799
1812
1829
1847
1862
1881
1905
1959
1980
1993
2003
2010
2015
2015
2011
2011
2015
2016
2015
2023
2034
2044
2052
2048
2059
2057
2066
2071
2075
2076
2077
2078
2069
2069
2069
2062
2064
2072
2066
2061
2062
2068
2071
2075
2077
2065
2063
2070
2073
2058
2052
2042
2037
2029
2009
2007
2004
2002
2005
2005
2005
2013
2044
2054
2056
2064
2098
2103
2114
2126
2152
2160
2165
2167
2167
2164
2162
2152
2140
2135
2129
2124
2116
2096
2087
2079
2072
2034
2040
2036
2033
2032
2004
1990
1980
1978
1974
1966
1962
1963
1923
1915
1911
1905
1890
1885
1884
1888
1898
1900
1901
1911
1925
1960
1970
1982
1991
2003
2014
2029
2038
2056
2065
2069
2075
2078
2085
2086
2089
2090
2092
2097
2099
2099
2110
2108
2111
2112
2108
2104
2097
2097
2085
2089
2087
2087
2057
2057
2053
2051
2049
2031
2021
2010
2000
1990
1979
1975
1963
1915
1905
1897
1885
1834
1826
1818
1808
1795
1793
1788
1793
1784
1790
1797
1804
1823
1838
1850
1861
1881
1947
1968
1988
2005
2066
2080
2089
2107
2126
2162
2166
2177
2179
2189
2198
2204
2209
2211
2210
2206
2203
2176
2168
2162
2154
2105
2097
2086
2079
2079
2068
2070
2074
2076
2075
2075
2070
2072
2071
2076
2074
2077
2096
2103
2111
2122
2132
2139
2132
2130
2132
2135
2132
2135
2136
2118
2109
2101
2093
2057
2050
2042
2031
1982
1975
1969
1964
1952
1928
1925
1921
1915
1908
1911
1912
1908
1906
1911
1909
1913
1940
1949
1956
1959
1963
1965
1971
1977
1978
1982
1987
1993
2001
2020
2025
2024
2024
2023
2016
2018
2023
2020
2019
2017
2016
2019
2029
2034
2032
2036
2040
2036
2034
2033
2042
2039
2038
2037
2051
2059
2064
2071
2079
2063
2057
2053
2047
2069
2117
2126
2082
1853
1796
1768
1752
1789
1815
1829
1856
1887
1909
1946
1937
1885
1856
1859
1868
1861
1890
1906
1917
1935
1952
1965
1975
2008
2049
2096
2126
2154
2170
2185
2217
2236
2238
2238
2185
2172
2157
2142
2138
2125
2108
2086
1932
1910
1884
1859
1768
1738
1699
1656
1491
1478
1473
1480
1488
1518
1520
1522
1517
1517
1522
1527
1540
1704
1755
1798
1830
1968
2008
2049
2098
2151
2284
2326
2372
2417
2467
2504
2541
2581
2649
2662
2668
2679
2691
2690
2686
2684
2745
2781
2836
2895
2941
3001
2970
2918
2862
2811
2767
2728
2707
2717
2751
2777
2795
2855
2867
2889
2911
2921
2896
2881
2856
2826
2792
2754
2714
2666
2478
2410
2346
2277
1982
1915
1848
1785
1540
1482
1424
1361
1304
1176
1140
1112
1095
1080
1067
1069
1072
1065
1065
1061
1066
1233
1293
1350
1398
1434
1483
1483
1487
1491
1498
1511
1527
1549
1525
1503
1473
1445
1321
1302
1290
1288
1277
1230
1200
1168
1137
1113
1104
1103
1109
1173
1199
1224
1248
1438
1497
1564
1633
1980
2080
2179
2277
2373
2619
2685
2745
2801
2851
2888
2918
2937
2896
2878
2861
2844
2694
2644
2587
2531
2470
2278
2200
2119
2034
1961
1891
1831
1765
1539
1496
1448
1405
1283
1266
1245
1229
1254
1287
1324
1365
1408
1585
1652
1718
1786
1862
1942
2029
2115
2467
2548
2620
2685
2832
2858
2882
2919
2953
3033
3048
3056
3064
3062
3049
3036
3016
2868
2817
2772
2722
2483
2430
2380
2327
2292
2200
2180
2165
2146
2129
2110
2088
2070
2011
2002
2002
2005
2025
2032
2043
2051
2089
2101
2111
2127
2141
2175
2186
2188
2187
2183
2181
2184
2181
2161
2155
2153
2147
2124
2126
2132
2137
2136
2133
2133
2128
2124
2120
2115
2113
2098
2061
2050
2042
2030
1978
1956
1927
1902
1838
1804
1772
1710
1611
1630
1690
1736
1771
1784
1779
1742
1705
1685
1690
1720
1746
1822
1847
1892
1933
1955
1961
1975
1992
2000
2017
2050
2073
2102
2115
2146
2173
2176
2247
2237
2229
2217
2221
2229
2197
2163
2149
2075
2091
2092
2075
2054
2039
2010
1961
1955
1960
1944
1917
1814
1787
1780
1800
1801
1696
1679
1667
1659
1671
1685
1685
1663
1603
1594
1591
1595
1539
1511
1501
1507
1553
1568
1564
1564
1578
1589
1614
1635
1643
1642
1662
1697
1724
1791
1793
1803
1821
1900
1938
1972
2008
2047
2128
2149
2164
2181
2198
2218
2228
2230
2263
2278
2303
2321
2383
2376
2374
2381
2373
2363
2358
2350
2340
2334
2336
2331
2341
2345