2126
2110
2083
2075
2071
2066
2061
2032
2019
2000
1982
1968
1956
1950
1949
1923
1920
1908
1895
1894
1884
1885
1894
1915
1979
1996
2001
2007
2007
2005
2008
2017
2022
2014
2008
2017
2065
2082
2102
2116
2187
2219
2244
2257
2257
2252
2260
2262
2262
2256
2236
2218
2207
2145
2118
2073
2025
1967
1973
1981
1986
1983
1986
1974
1956
1939
1914
1881
1845
1801
1718
1700
1677
1644
1568
1566
1573
1575
1572
1600
1609
1614
1620
1628
1625
1624
1626
1680
1702
1717
1727
1764
1773
1783
1794
1827
1844
1865
1879
1886
1876
1872
1865
1861
1872
1887
1896
1907
1959
1980
2004
2029
2125
2150
2173
2195
2220
2251
2255
2251
2247
2244
2231
2223
2214
2163
2146
2135
2128
2077
2069
2064
2056
2048
2020
2012
2013
2014
2007
1999
1994
1988
1946
1933
1924
1915
1890
1890
1888
1885
1886
1901
1916
1934
1959
1990
2021
2042
2054
2103
2111
2125
2133
2143
2142
2144
2146
2165
2161
2153
2144
2137
2121
2118
2111
2107
2100
2091
2091
2095
2066
2051
2048
2041
1996
1989
1986
1990
1993
1991
1989
1987
1997
2007
2017
2030
2049
2065
2066
2074
2079
2141
2144
2148
2155
2162
2179
2185
2181
2184
2180
2177
2171
2169
2184
2181
2173
2165
2134
2128
2117
2117
2123
2121
2121
2120
2124
2105
2089
2076
2070
2063
2055
2048
2045
2011
2006
2000
2003
2009
2023
2026
2028
2026
2045
2039
2041
2045
2035
2024
2015
2006
1961
1949
1939
1939
1920
1922
1926
1938
1941
1935
1942
1950
1958
1970
1979
1989
2013
2040
2037
2037
2043
2040
2039
2038
2033
2036
2051
2046
2042
2038
2043
2052
2049
2050
2052
2059
2061
2056
2057
2062
2075
2075
2071
2065
2059
2039
2028
2005
1996
1993
1992
1986
1961
1954
1956
1972
1974
1967
1943
1924
1918
1912
1909
1910
1909
1912
1915
1916
1906
1914
1925
1939
1943
1952
1957
1959
1967
1974
1980
1988
2002
2034
2041
2055
2067
2074
2087
2098
2102
2103
2086
2083
2081
2072
2062
2062
2070
2074
2053
2056
2060
2056
2056
2065
2063
2050
2046
2045
2038
2024
2014
2012
2007
2002
1999
1966
1967
1960
1952
1942
1938
1931
1934
1953
1948
1939
1945
1955
1977
1988
2004
2014
2018
2019
2028
2035
2038
2037
2037
2038
2056
2063
2076
2076
2078
2083
2092
2095
2101
2104
2108
2113
2114
2087
2078
2071
2072
2054
2048
2048
2048
2047
2016
2015
2015
2015
2006
2008
2008
2011
2010
2012
2019
2018
2017
2021
2029
2036
2038
2039
2036
2037
2039
2042
2033
2032
2042
2033
2026
2031
2033
2046
2049
2053
2069
2064
2066
2071
2067
2072
2063
2053
2061
2063
2059
2056
2058
2064
2073
2070
2075
2075
2080
2087
2098
2095
2106
2107
2093
2090
2090
2083
2073
2064
2055
1996
1990
1975
1968
1949
1951
1953
1954
1946
1946
1944
1949
1948
1951
1946
1935
1929
1933
1939
1943
1952
1957
1959
1955
1950
1965
1970
1972
1981
1980
1995
2002
1999
2005
2015
2024
2031
2037
2061
2067
2074
2075
2068
2060
2061
2060
2058
2065
2064
2067
2066
2065
2059
2056
2051
2038
2040
2041
2035
2022
2025
2037
2040
2033
2025
2019
2013
2014
2005
2010
2008
2007
2011
2022
2030
2034
2039
2049
2066
2071
2067
2059
2047
2044
2051
2037
2040
2040
2037
2032
2033
2024
2012
2014
2002
2003
2006
1993
1987
1987
1990
1987
1988
1992
1992
2002
2001
2008
2010
2015
2022
2022
2026
2027
2020
2020
2017
2017
2023
2015
2020
2026
2029
2014
2012
2009
1998
1996
1994
1996
1998
1996
1996
1992
1998
2033
2034
2034
2034
2041
2049
2053
2056
2058
2063
2069
2075
2089
2095
2091
2093
2095
2084
2075
2070
2071
2063
2056
2052
2057
2064
2050
2049
2050
2042
2030
2030
2033
2027
2001
1995
1996
1995
1987
1983
1984
1981
1977
1970
1972
1977
1972
1966
1971
1977
1980
1978
1980
1979
1982
1978
1978
1983
1983
1989
1984
1985
1988
1992
1993
1988
1991
1999
2027
2029
2034
2043
2055
2062
2064
2066
2060
2056
2054
2054
2052
2051
2051
2051
2055
2058
2056
2059
2056
2067
2071
2071
2064
2068
2070
2073
2076
2080
2071
2060
2065
2067
2063
2063
2065
2066
2037
2037
2033
2027
2012
2009
2001
1993
2001
2003
2009
2009
2015
2013
2012
2018
2023
2028
2030
2032
2034
2023
2022
2014
2015
2033
2029
2030
2032
2038
2045
2047
2050
2043
2030
2031
2031
2026
2018
2015
2018
2015
1987
1988
1990
1989
1993
1999
2000
2005
2012
2030
2055
2043
1992
1589
1541
1550
1604
2103
2213
2283
2328
2285
2303
2329
2349
2352
2345
2304
2237
2169
2099
2033
1971
1934
1982
2006
2026
2042
1966
1941
1925
1914
1907
1912
1919
1923
1918
1904
1883
1859
1839
1877
1923
1972
2015
2152
2157
2153
2138
2041
2018
2002
2002
2018
2045
2032
2015
1999
1981
1963
1943
1927
1929
1958
1994
2026
2037
2012
1985
1962
1950
1988
2014
2030
2040
2042
2039
2030
2022
2022
2046
2078
2115
2191
2188
2175
2158
2138
2128
2144
2172
2197
2225
2244
2252
2246
2094
2049
2021
2003
1996
2001
2000
1992
1917
1914
1917
1926
1939
1993
1995
1989
1990
1989
1980
1978
1984
2034
2042
2050
2055
1988
1974
1964
1959
1957
1970
1980
1993
2007
2028
2040
2045
2051
2035
2021
2015
2008
1985
1974
1957
1943
1927
1886
1878
1876
1877
1889
1905
1916
1933
1960
1964
1969
1973
2007
2026
2047
2067
2092
2091
2083
2079
2077
2072
2073
2081
2085
2081
2071
2059
2045
1997
2006
2015
2024
2047
2041
2030
2020
2016
2035
2050
2066
2082
2098
2110
2113
2110
2045
2033
2023
2023
2048
2060
2068
2069
2067
2055
2047
2037
2031
2029
2022
2010
2001
1930
1903
1882
1865
1851
1865
1881
1890
1900
1902
1898
1896
1895
1899
1905
1915
1923
1929
1936
1944
1951
1974
1991
2008
2025
2091
2099
2110
2121
2131
2152
2160
2165
2177
2185
2195
2200
2216
2260
2269
2282
2288
2326
2337
2351
2359
2354
2316
2297
2300
2312
2305
2275
2250
2248
2190
2197
2211
2220
2255
2267
2265
2251
2230
2198
2178
2169
2139
2081
2084
2073
2052
2048
2058
2072
2091
2052
2036
2004
1970
1897
1874
1857
1848
1869
1816
1747
1702
1657
1584
1522
1512
1533
1654
1665
1670
1684
1739
1787
1835
1870
1898
1967
1962
1953
1939
1927
1929
1942
1955
2039
2044
2034
2015
1918
1903
1885
1869
1836
1826
1813
1793
1770
1744
1739
1741
1757
1785
1818
1856
1887
2026
2053
2074
2085
2152
2171
2184
2208
2231
2261
2255
2252
2255
2252
2243
2234
2213
2168
2164
2156
2142
2018
1991
1976
1962
1916
1916
1905
1895
1874
1820
1813
1806
1800
1806
1822
1847
1861
1886
1878
1871
1871
1898
1924
1952
1981
2001
2039
2037
2028
2019
2011
2006
2008
2007
2016
2008
1999
1981
1963
1972
1977
1991
2048
2048
2039
2036
2036
2021
2029
2039
2052
2066
2081
2092
2095
2140
2155
2173
2177
2213
2218
2230
2250
2260
2297
2312
2322
2338
2351
2360
2370
2377
2381
2376
2365
2353
2281
2263
2243
2224
2202
2149
2130
2107
2088
2067
2065
2057
2047
2043
2042
2047
2056
2048
2041
2037
2029
2063
2081
2096
2104
2108
2073
2060
2046
2041
2039
2033
2031
2026
2015
2000
1987
1973
1959
1937
1936
1941
1949
1961
1974
1978
1976
1969
1970
1980
1988
1993
1996
2006
2020
2034
2038
2035
2034
2033
2028
2031
2044
2060
2067
2094
2091
2086
2081
2073
2060
2051
2049
2011
2016
2020
2026
2009
1997
1982
1977
1943
1936
1933
1930
1929
1930
1932
1930
1922
1916
1911
1922
1933
1948
1959
1962
1959
1966
1962
1966
1972
1972
1968
1971
1976
1981
1981
1986
1993
1997
1983
1977
1971
1959
1917
1905
1902
1899
1891
1881
1876
1875
1880
1887
1890
1888
1895
1909
1916
1925
1941
1970
1976
1981
1986
2009
2021
2034
2057
2075
2095
2087
2080
2073
2067
2063
2062
2056
2035
2016
2010
2002
1975
1965
1955
1952
1954
1949
1946
1944
1948
1942
1945
1951
1956
1977
1978
1986
2000
2034
2036
2046
2044
2051
2052
2059
2065
2065
2067
2061
2057
2056
2046
2046
2041
2043
2062
2056
2053
2047
2037
2035
2038
2036
2040
2028
2022
2019
2019
2028
2016
2011
2018
2030
2042
2054
2062
2084
2089
2097
2107
2115
2130
2128
2126
2135
2153
2161
2163
2162
2129
2117
2116
2117
2103
2094
2083
2075
2067
2045
2047
2041
2035
2039
2037
2038
2038
2022
2015
2012
2008
2006
2007
2013
2018
2024
2015
2015
2018
2015
2008
2005
2003
2003
1999
2018
2023
2020
2023
2033
2035
2032
2029
2047
2057
2067
2076
2076
2076
2069
2067
2056
2038
2038
2041
2045
2038
2030
2030
2033
2032
2036
2040
2056
2066
2074
2072
2064
2068
2066
2066
2062
2070
2071
2071
2065
2064
2044
2038
2041
2044
2041
2036
2036
2037
2038
2025
2019
2011
2006
1999
1997
2001
2002
2005
2006
2005
2002
1999
1992
1982
1983
1988
1984
1983
1986
1989
1994
1992
1993
1998
2007
2012
2010
2014
2025
2032
2029
2025
2028
2028
2028
2023
2019
2015
2010
2008
2002
2000
2004
2001
2001
2004
1994
1994
1996
2008
2012
2017
2023
2034
2038
2036
2034
2032
2004
2005
2011
2015
2008
2017
2018
2015
2020
2019
2012
2011
2010
1998
1987
1979
1983
1962
1958
1957
1958
1955
1945
1949
1945
1946
1946
1946
1952
1955
1963
1964
1964
1966
1980
1981
1985
1994
2019
2023
2023
2022
2021
2032
2034
2043
2050
2060
2065
2071
2074
2080
2085
2081
2078
2079
2079
2079
2080
2083
2063
2062
2060
2058
2058
2062
2065
2062
2062
2058
2063
2063
2061
2062
2068
2067
2073
2086
2085
2084
2084
2082
2087
2096
2103
2093
2094
2082
2079
2062
2054
2054
2054
2066
2057
2051
2037
2025
2020
2010
2008
2009
2003
1994
1984
1977
1963
1953
1947
1944
1934
1930
1932
1935
1938
1944
1949
1952
1951
1954
1967
1986
1996
2002
2006
2015
2023
2025
2042
2043
2049
2055
2061
2059
2062
2065
2064
2051
2044
2039
2039
2040
2036
2036
2034
2030
2025
2024
2020
2033
2032
2036
2048
2052
2047
2046
2044
2047
2051
2054
2051
2047
2040
2039
2046
2057
2062
2057
2053
2052
2055
2054
2057
2051
2044
2033
2033
2031
2027
2018
2011
2006
2004
2001
1993
1984
1976
1972
1969
1968
1970
1975
1976
1981
1980
1986
1985
1986
1988
1995
1993
1988
1992
1996
2003
2009
2008
2008
2015
2020
2024
2030
2032
2043
2046
2054
2063
2062
2080
2079
2077
2079
2085
2082
2076
2072
2064
2056
2053
2052
2033
2020
2019
2020
2019
2013
2002
1993
1990
1991
1995
1997
1997
1994
1989
1992
1996
1989
1989
1988
1988
2003
2009
2006
2006
2002
1995
1989
1993
1997
2004
2007
2005
2007
2028
2029
2028
2015
2019
2013
2013
2013
2019
2018
2020
2019
2012
2015
2023
2027
2031
2060
2066
2071
2070
2071
2079
2085
2077
2053
2057
2061
2063
2059
2051
2049
2046
2044
2047
2049
2048
2047
2040
2037
2043
2044
2053
2061
2066
2067
2069
2063
2060
2057
2051
2042
2043
2045
2043
2026
2022
2016
2011
2004
2004
2000
1995
1985
1988
1982
1982
1983
1987
1983
1979
1984
1980
1987
1989
1992
2000
2004
2008
2009
2011
2007
2006
2010
2014
2029
2033
2041
2039
2043
2049
2054
2063
2063
2066
2065
2067
2059
2066
2065
2057
2053
2041
2040
2038
2031
2030
2033
2045
2054
2072
2068
2067
2072
2068
2069
2076
2079
2042
2041
2038
2035
2033
2018
2011
2007
2008
2011
2014
2010
2005
1977
1984
1989
1990
1986
1978
1975
1978
1981
1983
1978
1980
1986
1991
1990
1989
1988
1985
1986
1990
2001
2009
2012
2012
2014
2023
2025
2028
2036
2041
2050
2052
2045
2047
2049
2055
2054
2051
2035
2034
2041
2039
2168
2138
2028
1881
1713
1562
1712
1899
2093
2270
2395
2435
2419
2183
2151
2142
2154
2224
2207
2172
2123
1755
1698
1679
1714
1785
2073
2137
2161
2149
2114
2068
2023
1985
1965
1990
2029
2060
2021
1979
1933
1893
1870
1973
2064
2153
2214
2241
2236
2214
2186
1991
1938
1906
1903
2090
2118
2114
2070
2010
1843
1826
1856
1916
2000
2084
2152
2198
2073
2007
1938
1876
1918
1978
2043
2089
2040
1999
1962
1934
1920
1994
2028
2061
2088
2106
2111
2097
2065
1886
1876
1903
1951
2159
2164
2145
2107
2057
1960
1952
1958
1977
1996
2012
2035
2045
1977
1951
1933
1921
1997
2032
2058
2075
1996
1984
1986
2002
2025
2084
2084
2082
2069
2045
2013
1987
1971
1982
1992
2007
2023
2054
2057
2045
2027
2015
2025
2036
2049
2065
2082
2087
2086
2080
2001
1975
1958
1956
1990
1994
1996
1991
1985
1985
1987
1996
2023
2045
2060
2083
2101
2100
2086
2060
2040
2016
2029
2046
2061
2064
2012
1976
1932
1898
1871
1864
1861
1875
1897
1900
1895
1880
1895
1923
1961
2000
2058
2047
2024
1995
1962
1898
1897
1905
1927
1954
1988
2018
2045
2098
2102
2116
2129
2191
2202
2208
2206
2202
2154
2153
2156
2175
2191
2210
2238
2264
2313
2318
2320
2321
2324
2327
2329
2334
2338
2333
2323
2322
2323
2317
2307
2311
2304
2390
2321
2242
2177
1956
1955
1955
1984
2028
2031
2036
2016
1996
2007
2015
2031
2046
2053
2048
2043
2025
1861
1826
1807
1797
1826
1832
1832
1831
1822
1760
1743
1725
1710
1706
1706
1718
1732
1752
1742
1724
1699
1659
1673
1690
1713
1744
1853
1876
1882
1877
1874
1874
1873
1888
2002
2023
2034
2031
1983
1978
1979
1996
2071
2080
2085
2078
2056
1985
1963
1945
1947
1961
1976
1993
2005
1997
2000
1998
1996
2000
2008
2014
2013
2020
2030
2015
1999
1989
1974
1968
1975
1995
2081
2088
2098
2105
2070
2062
2057
2053
2057
2059
2047
2043
2038
2035
2019
1994
1983
1979
1993
2007
2006
1970
1960
1952
1953
2008
2010
2023
2036
2037
2023
2027
2015
2007
2004
2006
2006
2010
2039
2049
2054
2042
2069
2077
2108
2121
2131
2193
2196
2189
2189
2192
2192
2200
2205
2188
2188
2162
2157
2141
2137
2147
2146
2166
2170
2181
2187
2184
2171
2151
2126
2123
2143
2161
2160
2162
2169
2166
2177
2169
2157
2135
2133
2144
2137
2090
2091
2058
2026
2027
2048
2052
2037
2049
2051
2049
2051
2030
2023
2015
1997
2003
2008
2009
2014
2022
2019
2014
2020
2025
2018
2011
2006
2008
1999
1988
1975
1987
2003
2020
2037
2031
2028
2037
2020
2013
2027
2026
2007
2007
2036
2018
2045
2035
2010
2030
2020
2049
2062
2045
2034
2022
2002
1997
1999
1995
1987
1982
1957
1951
1943
1942
1940
1942
1948
1941
1948
1944
1944
1951
1955
1928
1920
1907
1902
1896
1892
1896
1894
1893
1898
1907
1910
1924
1923
1923
1934
1941
1944
1935
1932
1937
1938
1930
1928
1939
1946
1954
1952
1945
2077
2026
1980
1941
1893
1834
1870
1912
1961
2007
2042
2062
2083
2113
2105
2090
2086
2001
1991
1986
1988
2028
2039
2064
2083
2091
2076
2068
2051
2025
2006
1984
1977
1972
1975
1980
1998
2020
2066
2061
2066
2069
2068
2097
2111
2111
2107
2097
2081
2069
2068
2044
2040
2039
2036
2082
2099
2104
2105
2039
2026
2022
2008
1982
1935
1925
1929
1953
1976
1994
2011
2024
1994
2003
2009
2010
2007
2007
2017
2029
2039
2072
2081
2098
2112
2129
2141
2149
2153
2145
2142
2144
2147
2127
2121
2098
2081
2081
2109
2121
2134
2149
2155
2157
2157
2156
2095
2082
2073
2072
2069
2076
2081
2078
2090
2096
2098
2102
2103
2108
2106
2106
2097
2095
2088
2094
2096
2056
2043
2033
2021
1967
1968
1971
1970
1961
1942
1930
1923
1918
1912
1899
1885
1877
1898
1899
1900
1897
1897
1896
1900
1902
1920
1923
1934
1946
1957
1975
1979
1986
1988
1986
1988
2003
2006
2030
2039
2049
2059
2057
2053
2042
2038
2038
2024
2026
2034
2039
2046
2051
2055
2055
2057
2062
2070
2078
2065
2067
2065
2070
2083
2089
2096
2101
2100
2097
2098
2091
2081
2060
2052
2050
2039
2006
1998
1987
1979
1957
1949
1949
1952
1961
1969
1963
1954
1949
1945
1951
1949
1948
1954
1955
1957
1965
2004
2008
2007
2005
2008
2010
2018
2030
2045
2052
2052
2053
2052
2040
2038
2036
2030
2008
2010
2012
2011
2013
2024
2018
2013
2013
2018
2018
2020
2021
2025
2025
2033
2031
2054
2054
2059
2064
2069
2079
2085
2082
2087
2085
2083
2081
2081
2088
2088
2083
2077
2058
2055
2062
2067
2033
2028
2025
2027
2034
2023
2013
2008
2007
2005
2001
2005
2007
1985
1981
1977
1977
1983
1981
1984
1991
2001
2013
2011
2015
2016
2012
2013
2024
2026
2048
2050
2058
2065
2064
2073
2070
2072
2077
2080
2086
2086
2091
2056
2064
2072
2067
2054
2058
2056
2046
2018
2008
2011
2019
2008
2001
1999
2003
2003
2004
1998
1985
1992
2005
2011
2014
2025
2027
2033
2029
2028
2031
2027
2030
2034
2025
2023
2019
2005
1999
1993
1988
1993
1996
1986
1972
1978
1985
1975
1978
1975
1971
1961
1964
1969
1977
1982
1990
1990
1994
2002
2010
2021
2015
2021
2027
2040
2051
2054
2070
2072
2074
2075
2075
2057
2054
2059
2056
2054
2055
2059
2058
2051
2046
2037
2040
2036
2032
2036
2042
2041
2041
2037
2050
2055
2041
2046
2045
2035
2035
2044
2041
2037
2029
2026
2020
2018
2037
2031
2025
2015
2017
2003
1998
2002
2013
2000
1995
2008
2010
1998
1994
1999
2003
1988
1995
1993
1994
1992
2011
2014
2005
2009
2018
2024
2023
2033
2034
2032
2032
2035
2037
2036
2041
2052
2054
2040
2037
2041
2032
2017
2013
2026
2024
2008
1992
1992
2002
2000
2006
2007
2013
2018
2013
2002
2006
2024
2022
2029
2032
2034
2039
2050
2055
2053
2059
2062
2057
2060
2077
2080
2082
2078
2069
2063
2055
2042
2045
2051
2053
2046
2045
2031
2035
2038
2032
2043
2041
2045
2047
2049
2045
2054
2057
2050
2055
2047
2042
2046
2052
2042
2038
2042
2033
2033
2033
2033
2006
2004
2005
2001
1997
2001
1989
1992
2002
1997
1993
2001
1998
1977
1981
1973
1960
1968
1964
1966
1973
1977
1983
1984
1989
1996
2003
2006
2016
2023
2023
2019
2022
2037
2044
2048
2045
2050
2064
2058
2058
2060
2070
2057
2053
2054
2053
2053
2055
2044
2041
2042
2041
2043
2042
2017
2019
2015
2012
2015
2015
2011
2009
2009
2012
2015
2016
2019
2016
2016
2013
2021
2026
2024
2020
2021
2022
2020
2019
2025
2024
2018
2014
2015
2019
2017
2016
2022
2023
2003
1997
1998
1994
1987
1985
1985
1984
1991
1990
1995
2003
2000
2007
2006
2007
2009
2021
2023
2030
2026
2016
2017
2016
2020
2022
2027
2030
2031
2029
2025
2029
2036
2038
2040
2042
2031
2025
2059
2053
2033
2014
1950
1953
1970
1999
2020
2060
2069
2078
2087
2098
2108
2125
2140
2131
2128
2106
2088
2045
2049
2057
2063
2070
2094
2095
2091
2086
2077
2057
2046
2040
2007
1996
1990
1990
1974
1970
1966
1963
1991
2003
2017
2020
2030
2043
2036
2027
2026
2019
2014
2018
2022
2022
2030
2040
2038
2039
2040
2038
2042
2050
2048
2038
2031
2019
2007
1997
1991
1995
2008
2008
2012
2013
2018
2014
2014
2015
2011
2012
2019
2021
2024
2026
2033
2036
2039
2049
2049
2055
2063
2064
2054
2049
2039
2010
2006
2007
2013
2010
2021
2019
2019
2021
2018
2013
2014
2013
1991
1987
1993
1996
1977
1974
1972
1975
1979
1985
1993
1997
2006
2005
2009
2014
2015
2020
2021
2023
2028
2037
2041
2037
2035
2039
2040
2040
2041
2043
2042
2038
2037
2031
2024
2022
2023
2019
1999
2008
2006
2009
1993
1998
2006
2005
2005
2020
2026
2032
2036
2035
2036
2042
2046
2059
2068
2070
2067
2071
2068
2058
2056
2054
2040
2051
2048
2043
2043
2045
2043
2037
2030
2031
2031
2036
2020
2015
2012
2002
1996
1992
1997
2004
2004
2001
2000
1995
1992
1989
1991
1993
1994
2002
2007
2003
2001
1992
1991
1997
2000
2004
2001
2006
2000
2003
2002
2005
2006
2006
2016
2017
2017
2024
2028
2025
2023
2023
2051
2052
2062
2070
2066
2067
2068
2069
2067
2066
2069
2069
2065
2083
2083
2082
2089
2091
2093
2097
2091
2087
2078
2073
2069
2069
2065
2058
2058
2058
2037
2041
2047
2051
2039
2035
2029
2030
2025
2021
2017
2017
2024
2019
2015
2012
2015
2013
2010
2017
2017
2043
2047
2061
2061
2033
2015
2006
2010
2005
2008
2013
2018
2026
2033
2035
2035
2035
2057
2065
2076
2073
2046
2037
2033
2037
2039
2061
2063
2071
2071
2069
2061
2056
2046
2018
2016
2014
2005
1966
1966
1963
1959
1940
1944
1950
1961
1966
1976
1981
1977
1964
1957
1967
1970
1969
1964
1967
1969
1974
1982
1997
1999
2007
2009
2010
2011
2008
2008
1997
1993
1985
1981
1975
1970
1976
1977
1979
1970
1976
1977
1982
1989
1986
1988
1994
1996
1990
1989
1991
1990
1993
1987
1984
1994
2012
2018
2032
2036
2049
2057
2055
2047
2030
2024
2019
2017
2022
2018
2023
2020
2019
2024
2021
2012
2010
2021
2021
2019
2018
2019
2010
2014
2017
2022
2036
2039
2040
2042
2044
2040
2039
2045
2050
2053
2056
2060
2054
2051
2052
2046
2027
2021
2024
2027
2038
2033
2027
2029
2027
2030
2037
2044
2042
2051
2054
2061
2066
2061
2057
2054
2055
2054
2061
2066
2065
2055
2057
2062
2067
2074
2089
2098
2101
2104
2105
2110
2106
2105
2102
2096
2095
2094
2094
2088
2086
2081
2077
2050
2041
2040
2039
2040
2041
2042
2038
2032
2025
2021
2021
2021
2022
2029
2035
2033
2029
2032
2035
2045
2053
2055
2051
2057
2061
2054
2056
2053
2055
2046
2041
2034
2026
2018
2015
2009
2002
2003
1998
1997
1995
1994
1976
1976
1975
1974
1976
1980
1976
1981
1994
2001
2004
2005
2016
2013
2017
2025
2034
2042
2040
2046
2040
2031
2028
2028
2025
2024
2028
2023
2021
2019
2016
2015
2012
2011
2012
2011
2010
2011
2012
2008
2006
2005
1990
1986
1982
1982
1986
1985
1981
1975
1972
1975
1977
1988
1990
1987
1992
2002
2004
2004
2008
2011
2012
2011
2011
2010
2015
2020
2023
2020
2019
2015
2011
2003
1999
2000
1992
1986
1995
2001
2008
2010
2013
2010
2010
2014
2014
2026
2028
2023
2014
2015
2006
1994
2019
2081
2127
2053
1961
1887
1850
1787
1821
1865
1912
1973
2138
2174
2209
2234
2248
2246
2231
2223
2138
2127
2111
2092
2054
2038
2041
2046
2045
2026
2010
1998
1984
1916
1909
1904
1903
1908
1917
1931
1949
1981
1973
1980
1997
2078
2082
2088
2094
2097
2084
2067
2043
2021
2015
2023
2033
2053
2167
2178
2169
2152
2014
1984
1968
1970
2031
2044
2047
2044
2043
2018
2017
2020
2022
2017
2009
1998
1978
1959
1962
1969
1973
2022
2048
2069
2087
2104
2127
2130
2133
2136
2142
2139
2126
2108
2002
1975
1958
1941
1953
1973
1995
2017
2032
2035
2016
2001
1989
1983
1971
1967
1966
2006
2017
2036
2036
2010
2009
2006
2007
2042
2049
2055
2063
2068
2062
2052
2041
2039
2037
2037
2042
2050
2044
2045
2042
2036
2003
1988
1980
1975
1980
1969
1968
1968
1977
1986
1999
2014
2025
1998
1980
1957
1931
1855
1848
1838
1835
1844
1905
1930
1950
1963
1985
1997
2004
2003
2026
2044
2056
2071
2128
2138
2144
2155
2218
2241
2259
2280
2303
2335
2340
2343
2348
2349
2355
2362
2365
2341
2335
2332
2324
2287
2273
2250
2227
2201
2114
2084
2047
2023
1999
1976
1957
1949
1923
1915
1889
1865
1759
1741
1728
1717
1715
1709
1710
1711
1710
1715
1716
1717
1716
1735
1743
1748
1754
1771
1771
1772
1772
1783
1792
1797
1802
1810
1844
1849
1860
1876
1891
1905
1924
1940
1980
1988
1995
2003
2035
2055
2075
2098
2126
2182
2197
2212
2224
2232
2239
2246
2250
2265
2268
2265
2259
2234
2226
2213
2213
2274
2283
2282
2273
2256
2060
1981
1912
1862
1831
1830
1845
1874
2019
2054
2099
2136
2207
2213
2211
2204
2197
2156
2145
2127
2112
2103
2102
2103
2104
2094
2095
2087
2075
1990
1961
1932
1906
1890
1886
1893
1900
1901
1908
1907
1905
1905
1916
1938
1949
1958
1934
1919
1897
1881
1886
1912
1953
2003
2048
2126
2120
2105
2086
2063
2039
2030
2030
2133
2157
2176
2198
2221
2228
2239
2244
2248
2224
2209
2186
2163
2147
2131
2111
2108
2076
2076
2081
2092
2088
2086
2085
2082
2049
2036
2016
1994
1962
1848
1809
1781
1765
1764
1768
1772
1783
1780
1767
1757
1743
1721
1730
1738
1752
1764
1794
1788
1788
1789
1785
1781
1785
1793
1840
1858
1873
1897
1961
1971
1989
2011
2090
2116
2142
2167
2186
2227
2232
2240
2244
2246
2248
2248
2251
2251
2250
2249
2246
2235
2228
2224
2219
2211
2186
2177
2162
2147
2138
2127
2114
2100
2061
2057
2047
2042
2020
2012
1999
1983
1972
1940
1938
1934
1939
1940
1934
1925
1913
1883
1886
1891
1904
1930
1939
1946
1949
1959
1966
1969
1981
1989
1996
2002
2007
2004
2007
2016
2021
2019
2032
2033
2043
2054
2094
2107
2115
2125
2132
2158
2156
2150
2150
2153
2147
2144
2147
2136
2133
2131
2130
2118
2113
2113
2109
2108
2110
2108
2098
2096
2072
2071
2068
2063
2062
2060
2057
2059
2053
2048
2047
2046
2030
2028
2031
2033
2036
2042
2033
2034
2030
2029
2026
2025
2024
2010
2004
1997
1992
1987
1984
1983
1988
1991
1987
1982
1972
1966
1937
1931
1925
1920
1913
1906
1904
1901
1903
1900
1902
1910
1941
1954
1961
1969
1980
1992
1993
1997
2000
2003
1999
1999
2001
2008
2017
2017
2018
2035
2042
2046
2048
2053
2060
2052
2056
2063
2061
2062
2063
2063
2053
2051
2051
2051
2055
2055
2050
2043
2037
2041
2042
2040
2042
2043
2052
2050
2052
2060
2050
2047
2055
2054
2050
2045
2048
2055
2021
2023
2017
2021
1997
1995
1996
1998
1983
1981
1979
1981
1980
1980
1980
1974
1977
1980
1976
1981
1986
2003
2005
2010
2025
2049
2055
2056
2058
2059
2051
2053
2055
2053
2052
2047
2046
2050
2052
2040
2038
2038
2043
2047
2047
2044
2029
2027
2027
2019
2019
2008
2000
1991
2005
2017
2017
2008
2010
1987
1978
1969
1968
1989
1994
2004
2020
2022
2015
2007
2000
2002
2004
1998
1990
1986
1980
1975
1981
1990
2018
2029
2044
2055
2062
2070
2066
2064
2064
2063
2057
2049
2046
2051
2061
2063
2068
2070
2073
2068
2065
2070
2067
2064
2066
2071
2066
2061
2056
2051
2046
2031
2021
2015
2019
2022
2023
2024
2029
2034
2032
2034
2036
2027
2022
2013
2005
2001
2010
2015
2019
2023
2027
2026
2027
2038
2033
2031
2033
2036
2028
2025
2028
2028
2036
2041
2047
2049
2051
2060
2056
2049
2047
2045
2044
2039
2039
2034
2035
2038
2038
2033
2035
2037
2038
2042
2033
2038
2047
2047
2041
2037
2032
2034
2022
2030
2028
2026
2030
2031
2034
2030
2020
2016
2011
2013
2011
2013
2020
2019
2020
2018
2020
2026
2029
2007
2002
2000
2004
1987
1984
1982
1982
1988
1986
1993
1989
1989
1983
1988
1992
1994
1997
2000
2006
2011
2023
2026
2028
2032
2032
2036
2041
2039
2043
2046
2046
2044
2044
2041
2038
2036
2035
2033
2032
2034
2036
2029
2028
2025
2022
2020
2008
2007
2009
2005
2001
2000
2000
1991
1996
1989
1995
1999
2002
2004
2004
2007
2011
2017
2018
2029
2038
2043
2045
2049
2050
2048
2048
2048
2047
2049
2046
2039
2033
2026
2023
2019
2013
2013
2000
1992
1988
1985
1982
1979
1974
1979
1982
1986
1986
1992
2012
2019
2031
2036
2031
2041
2040
2044
2048
2046
2044
2042
2047
2064
2063
2058
2052
2059
2077
2085
2091
2075
2061
2053
2047
2035
2045
2053
2062
2061
2054
2044
2041
2045
2033
2037
2040
2042
2034
2038
2043
2045
2041
2036
2049
2070
2085
2090
2096
2104
2100
2079
2076
2073
2075
2052
2056
2061
2066
2068
2049
2050
2049
2044
2034
2039
2045
2053
2031
2031
2026
2020
2011
2001
2004
2004
2019
2018
2012
2006
2006
1989
1981
1975
1971
1970
1971
1973
1977
1996
1997
1993
1990
2013
2015
2013
2005
2003
1987
1983
1976
1976
1974
1977
1978
1980
1997
1999
2006
2010
2010
2009
2003
1997
2001
1998
1994
1993
1990
1976
1979
1986
1988
1983
1982
1991
1991
1984
1976
1969
1971
1994
2008
2015
2018
2022
2036
2047
2056
2061
2059
2054
2055
2050
2042
2044
2046
2042
2051
2053
2057
2057
2051
2042
2038
2034
2036
2035
2034
2031
2027
2022
2018
2024
2028
2029
2030
2033
2033
2040
2029
2027
2031
2035
2037
2041
2044
2043
2046
2035
2033
2046
2051
2052
2052
2055
2056
2040
2034
2029
2023
2009
2005
2009
2005
1998
1992
1992
1987
1987
1993
1997
1995
1993
1995
1998
1998
2000
2012
2011
2017
2024
2038
2035
2030
2023
2018
2019
2019
2025
2029
2028
2030
2035
2037
2053
2055
2063
2072
2101
2106
2111
2120
2120
2114
2115
2118
2118
2116
2111
2104
2101
2091
2092
2090
2087
2059
2059
2061
2061
2057
2023
2018
2013
2008
2003
1995
1994
1990
1976
1977
1978
1982
1978
1982
1987
1995
2009
2012
2012
2009
2012
2020
2013
2016
2027
2032
2031
2024
2018
2004
2000
2000
2000
2000
1998
1995
1996
2002
2009
2010
2006
2010
2013
2018
2022
2029
2036
2041
2042
2041
2041
2035
2040
2037
2041
2042
2039
2039
2037
2016
2016
2018
2021
2018
2018
2014
2014
2010
2009
2007
2011
1992
1996
2001
2004
2006
2005
2004
2006
2011
2013
2010
2006
2004
2008
2009
2010
2013
2009
2009
2006
2011
2012
2023
2022
2020
2020
2018
2015
2016
2019
2028
2026
2031
2032
2013
2018
2025
2031
2028
2028
2030
2029
2030
2031
2024
2026
2027
2022
2016
2013
2014
2009
2008
2007
2011
2000
2011
2015
2017
2018
2013
2007
2010
2014
2013
2008
2012
2018
2026
2032
2034
2034
2041
2037
2034
2034
2041
2041
2043
2035
2031
2032
2030
2027
2031
2034
2030
2026
2023
2013
2011
2011
2016
2017
2015
2016
2020
2027
2029
2031
2033
2035
2035
2035
2040
2039
2039
2044
2045
2052
2053
2046
2041
2040
2034
2032
2030
2026
2032
2042
2076
2084
2077
2039
1987
1948
1920
1901
1956
1991
2024
2060
2135
2134
2136
2132
2126
2122
2126
2131
2134
2131
2128
2121
2106
2042
2041
2047
2044
2049
2035
2024
2018
1988
1985
1989
2000
2014
2035
2040
2040
2031
2023
2017
2019
2024
2045
2044
2039
2038
2012
1995
1983
1976
1974
2011
2029
2041
2046
2034
2021
2000
1976
1917
1926
1948
1973
2058
2061
2052
2040
2027
2027
2027
2030
2029
2015
2007
2005
2005
2010
2007
2008
2014
2044
2062
2078
2088
2058
2050
2044
2041
2041
2047
2043
2029
2016
2006
1992
1981
1982
2021
2026
2029
2037
2023
2006
2004
2004
2012
2030
2151
2274
2305
2337
2359
2146
1749
1144
1169
1321
1496
2059
2205
2302
2308
2303
2236
2285
2369
2407
2427
2416
2363
2299
2216
2118
2018
1964
1924
1966
1994
1938
1717
1671
1657
1656
1657
1832
1903
1952
1998
2046
2042
1993
1934
1902
1936
1970
1986
1947
1936
1893
1824
1751
1721
1802
1911
2031
2158
2268
2319
2308
1829
1738
1695
1714
2278
2413
2521
2598
2612
2602
2623
2655
2678
2699
2672
2647
2640
2615
2589
2567
2559
2507
2514
2511
2492
2402
2363
2332
2285
2222
2044
2005
1954
1882
1797
1703
1616
1532
1371
1398
1428
1457
1524
1497
1460
1437
1480
1502
1542
1596
1656
1750
1747
1711
1648
1575
1507
1448
1396
1447
1512
1565
1608
1688
1708
1738
1770
1803
1876
1912
1952
1999
2031
2053
2067
2077
2131
2138
2154
2166
2269
2310
2353
2395
2434
2523
2546
2568
2588
2609
2625
2634
2638
2539
2494
2458
2437
2386
2389
2388
2383
2284
2252
2217
2191
2174
2154
2155
2162
2181
2196
2224
2263
2297
2050
1864
1676
1518
1235
1286
1358
1449
1540
1790
1858
1918
1976
2024
2050
2076
2120
2245
2254
2237
2192
1887
1842
1825
1818
1988
2014
2025
2028
2009
1903
1871
1841
1832
1843
1868
1902
1940
1981
1950
1929
1925
2001
2040
2073
2091
2110
2115
2090
2067
2063
2083
2129
2210
2323
2750
2775
2754
2692
2318
2274
2278
2318
2556
2583
2588
2572
2537
2395
2355
2312
2266
2216
2159
2098
2030
1752
1693
1643
1602
1581
1604
1634
1668
1706
1751
1744
1718
1687
1654
1620
1581
1537
1300
1235
1181
1148
1219
1271
1322
1371
1470
1486
1510
1531
1564
1683
1737
1791
1842
1882
1905
1916
1909
1813
1805
1812
1837
2096
2169
2239
2301
2359
2488
2526
2564
2593
2617
2644
2675
2706
2738
2717
2696
2664
2495
2452
2412
2378
2306
2299
2293
2279
2266
2204
2184
2162
2145
2131
2114
2085
2048
1864
1829
1801
1782
1800
1813
1830
1846
1852
1848
1843
1845
1851
1865
1879
1897
1912
1889
1870
1849
1827
1835
1862
1889
1914
1942
1937
1933
1923
1927
1985
2011
2036
2061
2077
2088
2092
2097
2135
2145
2169
2195
2317
2348
2370
2396
2422
2478
2485
2492
2490
2481
2464
2444
2410
2245
2210
2185
2170
2125
2122
2119
2116
2112
2102
2102
2108
2117
2125
2133
2136
2136
2088
2075
2056
2044
2023
2027
2027
2028
2010
2000
2000
2003
2011
2039
2040
2042
2042
2025
2001
1970
1948
1848
1831
1812
1795
1771
1770
1764
1762
1754
1743
1744
1745
1750
1750
1744
1743
1745
1729
1723
1717
1714
1725
1737
1754
1778
1802
1871
1898
1923
1951
1974
1999
2025
2058
2138
2139
2147
2155
2171
2178
2185
2178
2161
2159
2164
2170
2182
2204
2210
2213
2216
2210
2198
2181
2161
2087
2067
2047
2037
2013
2009
2005
2001
1998
1975
1971
1961
1949
1940
1942
1944
1942
1936
1935
1928
1923
1895
1891
1888
1886
1873
1843
1840
1845
1851
1857
1862
1867
1874
1900
1913
1930
1942
1942
1945
1947
1944
1943
1969
1980
1993
2005
2011
2021
2030
2047
2066
2109
2124
2136
2156
2176
2197
2215
2225
2213
2202
2195
2184
2155
2151
2142
2137
2139
2151
2156
2149
2141
2134
2129
2127
2123
2091
2079
2073
2064
2025
2008
1996
1989
1965
1963
1968
1974
1982
2004
2015
2024
2035
2039
2050
2056
2055
2046
2044
2032
2030
1994
1992
1990
1990
1993
2002
2009
2019
2023
2032
2046
2060
2068
2078
2083
2088
2090
2057
2052
2045
2039
2035
2033
2037
2040
2047
2046
2043
2038
2034
2032
2030
2031
2037
2023
2018
2011
2008
1979
1977
1976
1973
1974
1979
1979
1978
1983
1987
1989
1989
1993
2005
2007
2005
2015
2044
2056
2065
2081
2111
2119
2128
2133
2137
2148
2153
2157
2167
2169
2162
2164
2158
2140
2132
2123
2109
2063
2053
2047
2039
2037
2026
2024
2018
2010
2006
1999
1986
1969
1926
1918
1902
1891
1864
1861
1860
1859
1865
1870
1880
1889
1903
1919
1926
1936
1940
1950
1961
1968
1975
1972
1978
1985
1989
1988
1997
2001
2007
2015
2026
2025
2022
2026
2026
2028
2028
2031
2040
2033
2035
2035
2016
2021
2025
2024
2042
2047
2054
2072
2099
2113
2110
2088
2070
2060
2070
2079
2077
2092
2078
2066
2058
2042
2036
2023
2028
2019
1980
1982
1962
1947
1943
1941
1938
1946
1989
1993
1994
1988
1951
1953
1971
1988
2020
2026
2030
2046
2066
2094
2098
2090
2078
2073