95
96
103
108
112
122
138
303
425
575
739
902
1068
1226
1390
1859
2001
2129
2239
2349
2443
2513
2559
2591
2638
2630
2616
2592
2553
2510
2456
2385
2306
2076
2005
1934
1869
1806
1752
1707
1663
1584
1591
1603
1623
1776
1836
1911
1992
2077
2328
2419
2512
2607
2695
2777
2861
2940
3149
3195
3231
3258
3281
3291
3295
3289
3275
3190
3150
3105
3053
2989
2917
2847
2766
2682
2397
2299
2200
2098
1994
1886
1770
1657
1217
1110
1009
913
563
486
412
335
144
137
132
129
125
124
123
122
123
125
131
139
153
292
373
481
609
1219
1396
1562
1732
1912
2454
2630
2812
2987
3155
3320
3474
3624
4072
4088
4089
4090
4090
4089
4089
4090
4090
4090
4088
4088
4089
3965
3888
3803
3713
3618
3518
3418
3314
2912
2814
2725
2635
2348
2282
2227
2175
2122
1973
1930
1889
1845
1796
1748
1703
1662
1468
1412
1350
1286
1012
937
862
781
458
381
303
232
181
134
133
131
129
128
130
136
143
212
255
324
411
933
1080
1232
1395
2055
2223
2379
2534
2688
3081
3197
3302
3400
3487
3564
3632
3688
3798
3799
3787
3773
3597
3535
3472
3402
3328
3067
2977
2880
2785
2689
2598
2511
2428
2148
2088
2036
1993
1864
1858
1858
1858
1920
1952
1984
2023
2062
2178
2213
2260
2298
2336
2367
2400
2422
2444
2431
2402
2374
2174
2101
2015
1927
1830
1507
1397
1281
1175
1071
968
864
766
411
346
293
252
199
203
225
249
292
465
542
636
740
852
973
1091
1224
1629
1764
1905
2041
2177
2303
2427
2556
2676
2997
3094
3179
3255
3322
3378
3428
3472
3503
3559
3563
3552
3541
3520
3495
3465
3437
3263
3212
3157
3107
2902
2850
2801
2751
2557
2513
2473
2428
2384
2253
2206
2161
2121
2077
2034
1996
1956
1758
1709
1661
1609
1373
1318
1264
1208
1159
1006
956
909
870
830
795
764
739
660
651
652
653
710
744
787
834
1053
1122
1194
1270
1357
1603
1693
1785
1874
1961
2049
2139
2226
2540
2608
2676
2744
2960
2998
3036
3074
3104
3168
3179
3179
3185
3192
3193
3192
3183
3134
3112
3084
3064
3035
3007
2985
2955
2919
2796
2755
2718
2675
2635
2592
2546
2505
2466
2324
2279
2234
2190
2142
2092
2046
2001
1843
1803
1765
1725
1577
1547
1516
1490
1373
1344
1327
1308
1293
1256
1243
1237
1238
1242
1249
1256
1264
1324
1351
1383
1413
1543
1577
1616
1655
1695
1809
1849
1882
1918
1957
1987
2015
2050
2156
2187
2211
2237
2323
2343
2365
2383
2424
2443
2460
2464
2476
2504
2512
2525
2539
2548
2562
2577
2592
2618
2618
2609
2600
2550
2525
2500
2477
2452
2345
2305
2258
2213
2167
2118
2076
2035
1829
1770
1717
1668
1478
1437
1393
1353
1231
1215
1200
1190
1183
1180
1194
1207
1225
1249
1274
1306
1334
1495
1539
1583
1632
1839
1896
1950
2004
2049
2177
2214
2256
2292
2331
2360
2387
2406
2472
2488
2503
2506
2617
2632
2620
2575
2303
2192
2099
2028
1982
1996
2058
2145
2233
2309
2387
2462
2516
2683
2725
2768
2826
2883
2858
2817
2757
2699
2513
2466
2430
2399
2361
2339
2310
2265
2065
1977
1881
1792
1716
1646
1586
1539
1510
1438
1413
1384
1352
1322
1274
1215
1159
1113
1077
1075
1068
1063
1064
1069
1081
1109
1264
1317
1377
1439
1553
1536
1499
1452
1345
1368
1414
1480
1559
1854
1950
2045
2121
2187
2230
2275
2306
2373
2383
2396
2390
2264
2229
2202
2182
2159
2148
2147
2157
2173
2197
2217
2231
2247
2279
2288
2309
2348
2560
2622
2678
2726
2893
2927
2967
3002
3036
3106
3117
3113
3113
3106
3088
3072
3056
2946
2908
2864
2819
2621
2605
2621
2676
2854
2783
2666
2513
2328
1676
1523
1423
1374
1380
1433
1525
1631
1958
1995
2024
2066
2500
2639
2754
2836
2887
2832
2761
2687
2625
2556
2495
2456
2440
2289
2185
2057
1898
1181
1048
941
864
714
670
621
561
486
191
141
137
139
142
141
139
130
121
125
131
136
399
562
734
883
994
1087
1079
1082
1113
1182
1295
1449
1629
2382
2521
2627
2704
2755
2737
2717
2693
2523
2447
2353
2257
2179
2081
2090
2123
2169
2228
2298
2380
2464
2694
2715
2727
2729
2700
2705
2713
2721
2724
2705
2677
2650
2623
2557
2533
2496
2453
2396
2327
2248
2175
1979
1959
1933
1900
1686
1622
1545
1477
1416
1352
1369
1396
1438
1484
1533
1577
1614
1814
1887
1972
2063
2381
2447
2497
2532
2536
2523
2509
2497
2489
2459
2456
2451
2449
2435
2407
2386
2365
2291
2272
2257
2243
2121
2093
2067
2044
2042
2137
2192
2257
2323
2389
2455
2516
2574
2736
2779
2821
2858
2972
2989
2997
2998
2946
2928
2908
2885
2859
2752
2701
2635
2569
2495
2420
2354
2287
2085
2046
2003
1958
1689
1616
1555
1495
1436
1297
1262
1236
1214
1191
1169
1154
1147
1228
1266
1307
1346
1460
1478
1478
1481
1506
1521
1533
1546
1571
1599
1604
1621
1648
1682
1724
1753
1760
1663
1635
1636
1677
1814
1841
1869
1903
1954
2119
2185
2254
2312
2350
2380
2411
2461
2674
2715
2741
2750
2700
2680
2663
2638
2484
2431
2383
2348
2327
2178
2105
2027
1944
1868
1808
1762
1719
1449
1359
1272
1218
998
952
910
873
843
882
908
938
984
1029
1075
1115
1166
1470
1557
1647
1734
2031
2068
2085
2097
2173
2199
2211
2205
2196
2163
2165
2176
2197
2214
2226
2240
2243
2195
2183
2169
2157
2120
2108
2102
2098
2101
2109
2115
2112
2119
2128
2143
2164
2199
2322
2376
2427
2479
2528
2580
2634
2683
2729
2838
2866
2884
2896
2915
2926
2925
2914
2899
2820
2782
2750
2723
2695
2662
2631
2605
2442
2380
2319
2259
2074
2040
2003
1964
1786
1746
1713
1693
1671
1606
1593
1577
1559
1544
1526
1507
1497
1447
1427
1413
1410
1395
1396
1390
1384
1378
1369
1372
1380
1397
1428
1453
1477
1495
1541
1550
1572
1597
1757
1812
1868
1928
2146
2193
2246
2300
2352
2480
2512
2543
2577
2602
2633
2655
2670
2703
2708
2704
2699
2653
2638
2620
2605
2593
2522
2504
2481
2461
2451
2441
2431
2421
2371
2363
2352
2342
2334
2334
2334
2328
2302
2297
2292
2276
2265
2209
2184
2153
2126
2091
2048
2008
1972
1764
1706
1643
1582
1363
1323
1280
1241
1207
1101
1080
1054
1029
1009
999
992
992
1031
1055
1074
1109
1319
1381
1448
1514
1794
1869
1944
2019
2089
2307
2377
2439
2495
2552
2605
2654
2700
2741
2834
2851
2872
2885
2897
2900
2898
2890
2856
2839
2817
2790
2756
2721
2691
2664
2637
2537
2503
2470
2439
2404
2373
2345
2308
2192
2169
2150
2130
2028
2004
1983
1959
1933
1879
1860
1841
1816
1787
1762
1743
1725
1637
1612
1588
1566
1511
1499
1484
1471
1454
1458
1458
1458
1457
1460
1469
1476
1489
1502
1521
1533
1550
1629
1653
1680
1713
1815
1841
1872
1906
1939
2052
2082
2110
2134
2159
2180
2202
2226
2297
2314
2332
2346
2375
2377
2384
2387
2383
2370
2362
2361
2359
2327
2310
2291
2281
2266
2251
2235
2221
2183
2174
2170
2169
2178
2183
2185
2192
2201
2233
2238
2233
2236
2242
2245
2244
2239
2221
2213
2203
2191
2176
2162
2146
2131
2112
2048
2027
2009
1993
1970
1952
1931
1916
1899
1844
1825
1804
1780
1760
1746
1742
1734
1707
1700
1698
1693
1688
1687
1692
1697
1752
1773
1793
1808
1832
1911
1937
1968
2005
2040
2072
2103
2141
2276
2306
2334
2363
2445
2463
2477
2491
2499
2508
2507
2507
2504
2505
2500
2495
2489
2430
2415
2396
2373
2277
2253
2228
2204
2058
2019
1983
1945
1908
1787
1747
1705
1669
1635
1599
1566
1539
1416
1398
1387
1380
1369
1368
1367
1373
1379
1411
1426
1447
1462
1483
1506
1528
1557
1658
1685
1719
1754
1884
1916
1948
1977
2075
2097
2119
2141
2162
2211
2225
2243
2257
2270
2278
2282
2291
2322
2330
2336
2342
2354
2356
2357
2357
2368
2373
2378
2377
2382
2385
2388
2386
2390
2392
2394
2393
2382
2346
2340
2333
2327
2289
2279
2266
2255
2237
2165
2145
2119
2096
2075
2058
2043
2026
1969
1952
1943
1932
1870
1855
1845
1837
1826
1786
1780
1766
1747
1733
1762
1823
1871
1994
1823
1627
1445
1162
1323
1523
1736
2068
2027
2036
2045
2022
2106
2142
2162
2186
2206
2202
2179
2161
1942
1936
1961
1977
2126
2118
2090
2039
1937
1981
2020
2051
2099
2212
2215
2223
2213
2186
2171
2181
2189
2230
2265
2284
2285
2099
2038
1997
1989
2009
2093
2106
2093
2041
1962
1866
1757
1635
1121
1045
1000
986
1080
1096
1096
1076
1048
1052
1078
1194
1374
2133
2436
2490
2407
2319
2164
1849
1454
961
1048
1211
1386
1798
1874
1892
2025
2315
3159
3505
3824
4050
4089
4089
4087
4089
4090
4087
4090
4087
4090
4089
4089
4090
4089
4089
4092
4089
4059
3704
3510
3277
3088
2922
2755
2578
2429
2142
2042
1927
1790
965
774
609
475
387
375
412
467
513
532
509
434
321
105
108
111
121
176
178
188
207
213
289
369
453
538
627
721
783
802
672
583
503
469
494
569
690
871
1080
1731
1909
2046
2149
2257
2369
2489
2619
2767
3097
3121
3094
3016
2890
2747
2631
2558
2676
2785
2891
2983
3059
3032
3013
3004
3178
3230
3276
3288
3259
2954
2822
2686
2572
2480
2404
2346
2313
2297
2294
2299
2300
2271
2245
2221
2209
2194
2138
2121
2110
2094
2069
2036
1991
1931
1760
1707
1660
1619
1582
1551
1512
1480
1456
1355
1322
1297
1275
1258
1247
1247
1256
1276
1321
1323
1326
1335
1347
1374
1411
1455
1701
1755
1803
1839
1965
2032
2109
2197
2288
2465
2490
2497
2484
2473
2472
2484
2507
2677
2756
2835
2903
2949
2977
2993
3001
3000
3046
3082
3136
3202
3262
3311
3345
3363
3365
3258
3208
3143
3071
3002
2940
2889
2837
2652
2607
2567
2525
2361
2326
2279
2224
1877
1759
1635
1517
1406
1102
1014
936
863
796
733
679
645
619
638
667
703
853
875
895
905
948
971
1010
1058
1119
1332
1407
1481
1554
1622
1689
1767
1844
2197
2285
2368
2446
2593
2605
2608
2608
2618
2687
2725
2774
2816
2864
2907
2948
2983
3045
3047
3048
3034
2867
2798
2721
2629
2259
2184
2116
2059
2009
1879
1837
1798
1756
1719
1690
1661
1643
1606
1598
1590
1578
1477
1449
1428
1415
1414
1432
1443
1454
1455
1456
1451
1455
1452
1483
1511
1536
1557
1620
1629
1637
1637
1650
1667
1696
1728
1764
1882
1915
1951
1988
2025
2065
2103
2144
2297
2337
2378
2416
2512
2528
2544
2548
2544
2537
2530
2523
2523
2483
2472
2462
2452
2450
2449
2452
2458
2442
2427
2414
2395
2307
2289
2276
2264
2259
2227
2217
2210
2209
2199
2191
2196
2197
2190
2174
2160
2143
2031
2009
1981
1958
1856
1833
1824
1821
1820
1835
1842
1855
1866
1878
1874
1861
1846
1742
1711
1682
1657
1554
1545
1530
1517
1514
1497
1516
1539
1564
1595
1614
1645
1693
1821
1843
1862
1864
1908
1917
1933
1940
1940
1952
1970
1997
2031
2122
2152
2185
2218
2249
2270
2298
2329
2376
2381
2392
2406
2439
2440
2447
2449
2445
2398
2366
2342
2329
2318
2316
2299
2278
2195
2169
2146
2117
2073
2062
2056
2061
2017
2005
1984
1955
1944
1951
1959
1961
1961
1945
1927
1906
1882
1796
1794
1800
1816
1896
1903
1911
1924
1932
1956
1977
1998
2024
2048
2076
2099
2109
2101
2078
2059
2047
2045
2047
2047
2036
1944
1927
1923
1930
1945
1978
1990
1984
1980
1976
1967
1961
1954
1968
1975
1984
1992
1989
1983
1991
2002
2027
2098
2125
2145
2166
2189
2211
2226
2233
2242
2244
2251
2261
2214
2184
2162
2141
2056
2041
2031
2015
1997
1955
1951
1947
1949
1942
1928
1917
1906
1851
1843
1834
1821
1791
1801
1809
1820
1834
1860
1870
1874
1884
1896
1906
1912
1918
1936
1936
1935
1936
1920
1917
1923
1922
1925
1915
1908
1898
1896
1895
1894
1884
1879
1872
1864
1859
1863
1879
1892
1902
1919
1989
2020
2045
2071
2098
2180
2217
2255
2290
2322
2346
2370
2395
2463
2471
2480
2487
2489
2485
2475
2465
2393
2366
2343
2316
2289
2209
2182
2154
2122
2089
2062
2033
2001
1857
1825
1792
1760
1636
1603
1576
1555
1545
1510
1507
1508
1509
1508
1509
1518
1535
1606
1643
1680
1717
1855
1904
1948
1989
2167
2213
2259
2301
2341
2428
2449
2469
2489
2506
2522
2531
2539
2540
2530
2520
2501
2451
2437
2425
2414
2405
2339
2314
2292
2270
2249
2226
2203
2185
2105
2079
2053
2030
1950
1939
1916
1909
1881
1871
1859
1850
1846
1829
1819
1813
1807
1804
1804
1804
1794
1748
1736
1724
1712
1681
1677
1675
1666
1661
1633
1628
1630
1630
1632
1635
1639
1645
1672
1681
1695
1712
1768
1795
1814
1837
1925
1949
1975
2004
2029
2093
2110
2125
2140
2160
2177
2186
2202
2262
2270
2284
2286
2330
2330
2339
2340
2345
2339
2331
2337
2345
2343
2344
2338
2330
2313
2314
2306
2301
2292
2282
2271
2268
2243
2237
2226
2213
2200
2148
2135
2120
2108
2099
2087
2074
2064
2003
1994
1984
1976
1936
1926
1917
1908
1861
1850
1823
1796
1778
1902
1915
1883
1818
1733
1634
1545
1463
1433
1470
1522
1590
1826
1864
1899
1940
1982
2025
2059
2085
2096
2117
2151
2177
2188
2202
2206
2229
2267
2305
2307
2296
2282
2201
2209
2226
2236
2247
2329
2345
2340
2326
2301
2277
2260
2261
2231
2215
2190
2169
2029
1975
1915
1867
1844
1885
1915
1941
1956
1951
1929
1882
1826
1597
1573
1576
1590
1684
1696
1710
1711
1705
1713
1722
1733
1742
1803
1841
1858
1841
1802
1739
1669
1610
1662
1720
1739
1702
1415
1414
1477
1598
1773
2284
2399
2470
2479
2456
2421
2374
2325
2243
2249
2287
2335
2413
2391
2348
2303
2123
2103
2091
2066
2045
1997
2003
2026
2064
2118
2183
2281
2403
2864
2940
2987
3012
3068
3090
3103
3106
3098
3073
3061
3049
3023
2987
2938
2869
2785
2551
2518
2483
2433
2013
1887
1772
1676
1640
1682
1728
1761
1766
1629
1538
1455
1372
1300
1242
1209
1185
1195
1217
1253
1290
1410
1436
1461
1496
1655
1670
1672
1665
1637
1550
1546
1561
1582
1611
1630
1651
1650
1584
1575
1591
1620
1765
1786
1798
1803
1803
1848
1884
1923
1969
2019
2069
2115
2155
2183
2167
2145
2123
2141
2177
2212
2235
2257
2240
2216
2186
2158
2056
2028
2004
1989
1980
1970
1962
1954
1850
1816
1783
1746
1680
1684
1693
1705
1802
1837
1862
1891
1921
2017
2049
2079
2112
2145
2181
2207
2233
2320
2334
2362
2381
2383
2366
2339
2310
2281
2213
2203
2202
2210
2212
2220
2219
2203
2090
2081
2092
2114
2215
2229
2235
2231
2196
2200
2212
2223
2245
2295
2293
2286
2276
2266
2253
2242
2243
2245
2242
2251
2255
2274
2278
2280
2272
2268
2228
2215
2200
2185
2169
2156
2139
2119
2099
2099
2100
2108
2090
2079
2067
2055
2030
2033
2039
2044
2040
1994
1968
1932
1897
1860
1831
1812
1794
1733
1720
1696
1679
1606
1588
1583
1585
1592
1593
1595
1605
1616
1623
1630
1633
1652
1751
1778
1813
1842
1947
1972
1989
2007
2073
2090
2113
2138
2163
2189
2198
2212
2226
2242
2257
2270
2283
2329
2334
2339
2344
2332
2324
2320
2319
2310
2259
2230
2198
2170
2144
2109
2073
2046
1975
1964
1958
1952
1879
1865
1856
1843
1838
1836
1833
1824
1819
1811
1808
1811
1811
1813
1821
1827
1832
1852
1851
1845
1846
1853
1862
1870
1873
1902
1911
1912
1921
1926
1942
1949
1957
1968
1978
1988
2000
2011
2069
2084
2097
2114
2167
2179
2191
2199
2204
2209
2213
2216
2222
2226
2237
2253
2257
2244
2237
2233
2223
2161
2145
2134
2122
2071
2060
2044
2029
2019
2002
2000
1999
1994
1988
1984
1983
1975
1964
1974
1978
1980
1991
1997
2000
2000
2009
2008
2012
2023
2031
2057
2066
2072
2077
2081
2078
2071
2073
2067
2060
2047
2039
1992
1982
1973
1965
1956
1928
1920
1917
1920
1918
1913
1914
1915
1925
1938
1945
1961
2003
2004
2005
2011
2000
2003
2007
2008
2013
2024
2026
2027
2032
2035
2027
2023
2026
2008
2009
2013
2016
2017
2025
2029
2030
2033
2039
2037
2044
2050
2055
2061
2067
2076
2087
2083
2081
2084
2100
2102
2104
2109
2132
2139
2142
2148
2145
2146
2140
2137
2132
2130
2132
2125
2115
2081
2077
2071
2064
2014
2004
1992
1983
1964
1965
1968
1973
1981
1989
1990
1989
1992
1992
1991
1995
2002
2014
2016
2021
2024
2031
2030
2037
2049
2058
2062
2066
2068
2067
2062
2060
2058
2055
2043
2038
2037
2030
2013
2010
2006
1998
1974
1970
1968
1967
1964
1964
1967
1968
1969
1970
1963
1965
1966
1965
1966
1973
1972
1975
1970
1976
1982
1968
1968
1959
1957
1963
1945
1950
1950
1944
1946
1948
1947
1950
1948
1952
1961
1960
1978
1977
1981
1987
1988
1994
1997
2004
2009
2021
2031
2038
2046
2058
2064
2066
2071
2080
2087
2087
2083
2084
2082
2083
2083
2081
2072
2066
2060
2055
2048
2044
2040
2033
2016
2020
2027
2027
2014
2013
2016
2025
2033
2044
2045
2046
2051
2054
2058
2073
2084
2098
2098
2104
2103
2094
2098
2101
2103
2119
2127
2132
2135
2139
2138
2139
2135
2128
2123
2120
2118
2114
2096
2095
2096
2093
2065
2049
2034
2025
1988
1978
1968
1961
1946
1910
1901
1897
1898
1907
1910
1912
1915
1926
1924
1920
1929
1961
1969
1972
1978
1986
1987
1993
2000
2003
2004
2007
2012
2018
2007
2009
2014
2020
2032
2036
2043
2044
2062
2068
2070
2074
2081
2067
2068
2066
2070
2072
2075
2076
2076
2058
2051
2053
2049
2027
2025
2018
2010
1990
1984
1984
1974
1971
1963
1961
1955
1947
1943
1933
1935
1924
1905
1905
1897
1887
1888
1899
1905
1912
1918
1925
1928
1934
1940
1945
1950
1955
1967
1998
2009
2017
2020
2051
2056
2060
2070
2099
2105
2108
2111
2116
2134
2136
2133
2134
2133
2128
2131
2131
2135
2141
2147
2150
2152
2151
2147
2147
2138
2135
2130
2127
2121
2117
2113
2119
2110
2092
2086
2091
2090
2087
2080
2068
2057
2053
2031
2030
2027
2018
2008
1999
2003
1993
1993
1988
1991
1992
1991
1997
2000
1998
1998
2015
2015
2017
2020
2017
1980
1980
2112
1909
1878
1813
1698
1701
2013
2050
2083
2084
2017
1969
2015
2084
2050
2080
2061
2001
1855
1832
1856
1889
1912
2033
2035
2006
1988
2000
2010
2013
2019
2007
1996
1966
1936
1973
2005
2038
2071
2057
2043
2047
2068
2100
2139
2119
2103
2073
2026
1997
1994
1991
1921
1945
1986
2023
2110
2083
2035
1995
1967
1936
1946
1951
1945
1937
1930
1922
1925
1993
1983
1958
1934
1976
1995
1993
1961
1912
1927
1961
1986
1998
2035
2043
2059
2067
2075
2064
2038
2012
1943
1944
1961
1982
1967
1964
1975
2009
2160
2199
2217
2231
2241
2184
2157
2146
2149
2183
2232
2282
2314
2158
2076
2010
1954
2052
2104
2159
2200
2217
2210
2203
2201
2215
2227
2235
2227
2203
2118
2098
2087
2094
2105
2114
2138
2171
2197
2205
2202
2189
2166
2131
2106
2096
2086
2079
2072
2062
2059
2052
2038
2015
1995
1988
1979
1995
2013
2028
2035
2020
2011
2000
1885
1856
1828
1810
1801
1827
1863
1885
1905
1918
1919
1906
1895
1822
1804
1805
1812
1877
1898
1908
1906
1896
1886
1892
1896
1909
1911
1909
1900
1885
1846
1839
1836
1835
1836
1843
1860
1880
1900
1945
1948
1954
1966
1981
1992
2012
2036
2050
2028
2006
1982
1964
1950
1945
1955
1975
2065
2095
2119
2137
2122
2113
2108
2110
2110
2110
2113
2114
2107
2089
2083
2072
2063
2057
2051
2050
2050
2059
2065
2068
2065
2025
2024
2024
2021
2025
2066
2070
2080
2090
2109
2121
2129
2129
2119
2113
2099
2092
2071
2071
2066
2058
2052
2021
2014
2004
1999
1993
1992
1991
1990
1997
1995
1994
1990
1997
1998
1999
2008
2014
2018
2011
2009
2011
2019
2027
2041
2060
2079
2103
2102
2093
2088
2082
2075
2071
2077
2150
2156
2160
2163
2152
2149
2145
2134
2110
2106
2099
2100
2095
2056
2051
2046
2042
2040
2037
2033
2026
1993
1990
1988
1984
1971
1957
1948
1933
1927
1892
1889
1881
1878
1873
1871
1870
1865
1844
1841
1841
1843
1869
1887
1902
1925
1972
1976
1986
1990
2000
2041
2052
2060
2068
2082
2089
2094
2099
2128
2122
2121
2116
2117
2123
2129
2133
2123
2119
2114
2112
2108
2096
2101
2103
2107
2109
2109
2104
2096
2074
2071
2072
2073
2022
2010
2002
2002
2001
1991
1994
1994
1989
1981
1976
1978
1974
1959
1957
1965
1969
1985
1982
1974
1969
1966
1963
1964
1970
1983
1986
1986
1990
1993
1993
1995
1997
2004
2029
2034
2035
2037
2036
2040
2040
2044
2050
2055
2049
2043
2046
2054
2059
2065
2072
2079
2072
2073
2078
2077
2075
2070
2065
2057
2052
2044
2036
2035
2028
2017
2014
2012
2006
1995
1994
1999
1992
1993
1994
1985
1974
1973
1981
1991
1998
2009
2009
2011
2015
2018
2023
2030
2039
2043
2048
2051
2053
2050
2055
2051
2046
2033
2032
2032
2029
2026
2018
2017
2018
2015
2005
2001
1997
1996
1979
1976
1973
1966
1963
1959
1957
1953
1956
1959
1959
1961
1963
1966
1973
1977
1979
1993
2002
2005
2006
2002
2007
2014
2012
2006
2004
2008
2007
2009
2020
2025
2029
2031
2035
2041
2041
2043
2065
2064
2070
2071
2065
2069
2072
2072
2071
2063
2066
2074
2073
2071
2068
2072
2074
2065
2066
2066
2068
2077
2074
2080
2087
2088
2085
2082
2083
2087
2101
2098
2100
2107
2115
2109
2104
2094
2081
2078
2074
2066
2050
2045
2036
2034
2031
2006
2002
2003
2001
1998
1994
1987
1984
1971
1972
1972
1969
1970
1967
1971
1973
1959
1960
1962
1966
1965
1974
1972
1975
1978
1986
1987
1990
1998
2000
1999
2002
2000
2003
2000
2002
2010
2007
2006
2013
2018
2017
2014
2013
2018
2022
2025
2032
2036
2041
2048
2050
2055
2054
2051
2057
2069
2071
2068
2059
2064
2066
2066
2061
2050
2045
2035
2015
2018
2020
2023
2008
2006
2016
2020
2012
2007
2000
2003
2006
2027
2024
2021
2021
2023
2024
2026
2031
2010
2002
1995
1996
1998
1996
1990
1989
1987
1986
1986
1982
1982
1981
1989
1988
1990
2007
2011
2013
2010
2023
2017
2018
2016
2016
2032
2034
2034
2033
2036
2040
2045
2052
2059
2054
2048
2051
2054
2047
2048
2053
2061
2064
2055
2050
2052
2055
2053
2059
2061
2066
2076
2085
2093
2101
2114
2117
2120
2122
2117
2121
2121
2117
2102
2101
2095
2093
2085
2076
2068
2062
2059
2040
2037
2031
2026
2023
2013
2010
2011
1978
1967
1968
1968
1937
1932
1931
1928
1924
1911
1914
1909
1913
1915
1920
1920
1919
1929
1934
1943
1951
1971
1978
1978
1979
2004
2013
2020
2028
2034
2050
2053
2059
2061
2066
2069
2069
2073
2076
2081
2084
2086
2094
2086
2086
2080
2078
2064
2059
2052
2047
2038
2029
2022
2020
1985
1986
1986
1984
1970
1965
1964
1960
1973
1980
1980
1984
1984
1981
1978
1982
1994
1997
1996
1998
1999
2000
2004
2008
2015
2021
2020
2024
2025
2029
2027
2033
2037
2046
2053
2056
2061
2068
2068
2072
2074
2074
2061
2061
2066
2068
2073
2068
2063
2067
2068
2074
2078
2075
2069
2073
2076
2081
2089
2097
2100
2088
2071
2060
2031
2040
2052
2059
2062
2061
2062
2062
2062
2071
2068
2066
2066
2062
2058
2049
2045
2062
2068
2074
2080
2084
2081
2084
2079
2032
2025
2018
2012
2015
2025
2034
2034
2038
2031
2029
2022
2019
1998
1989
1981
1974
1963
1963
1968
1969
1965
1974
1977
1979
1992
2003
2007
2005
1995
1952
1954
1966
1975
1988
1987
1981
1987
2000
2003
2003
2005
2010
1996
1992
1984
1977
1978
1977
1978
1981
1981
1985
1991
1995
1990
1991
1990
1990
1991
2009
2010
2010
2014
2013
2017
2019
2022
2025
2028
2030
2029
2021
2022
2029
2042
2041
2036
2027
2020
2019
2025
2022
2022
2027
2036
2038
2036
2045
2057
2060
2058
2058
2028
2022
2019
2010
2004
2011
2016
2020
2022
2032
2040
2044
2047
2040
2038
2034
2031
2037
2042
2047
2056
2066
2077
2080
2079
2082
2088
2096
2100
2098
2089
2092
2094
2096
2090
2080
2078
2076
2067
2046
2050
2057
2060
2069
2068
2062
2051
2046
2031
2027
2022
2017
2011
2002
2000
1998
1994
1995
2007
2029
2056
2043
2022
1994
1973
1945
1950
1958
1969
1984
2001
2018
2033
2073
2077
2077
2073
1982
1966
1959
1948
1939
1950
1961
1970
1979
1997
1997
1996
1994
1997
2004
2004
2000
1980
1988
2000
2001
2014
2017
2018
2022
2020
2042
2045
2048
2053
2050
2055
2060
2061
2048
2041
2035
2032
2048
2055
2066
2069
2085
2087
2088
2087
2085
2082
2083
2092
2108
2119
2126
2136
2150
2152
2149
2145
2139
2103
2087
2077
2075
2074
2042
2036
2032
2026
2026
2030
2030
2032
2014
2012
2008
2003
1953
1949
1944
1947
1947
1947
1949
1950
1950
1958
1954
1950
1949
1943
1942
1942
1944
1920
1923
1925
1921
1924
1923
1932
1932
1936
1930
1928
1918
1919
1921
1925
1928
1933
1941
1949
1956
1959
1998
2008
2017
2033
2061
2067
2070
2066
2066
2063
2062
2065
2073
2077
2074
2070
2066
2075
2077
2078
2085
2092
2092
2100
2105
2108
2107
2104
2106
2104
2106
2105
2110
2103
2091
2085
2089
2091
2061
2057
2059
2058
2047
2039
2028
2023
2023
2019
2020
2021
2020
2019
2021
2020
2021
2010
2002
1998
1995
2003
2000
1997
1994
1991
1980
1971
1966
1956
1955
1955
1961
1966
1961
1957
1960
1959
1975
1975
1979
1978
1988
1989
1994
2002
2007
2024
2024
2028
2033
2042
2044
2050
2052
2088
2089
2099
2096
2102
2107
2112
2108
2107
2100
2100
2094
2087
2083
2082
2079
2082
2054
2057
2061
2058
2057
2060
2064
2069
2087
2084
2087
2089
2084
2074
2069
2065
2070
2066
2061
2056
2052
2023
2025
2026
2022
2015
2009
2003
1999
1993
1996
2000
1997
1991
1982
1973
1969
1967
1963
1967
1967
1975
1982
1975
1972
1968
1968
1972
1972
1974
1977
1991
1992
1993
1995
2000
2004
2015
2014
2003
2005
2006
2011
2002
2001
2004
2005
2003
2008
2013
2021
2026
2027
2030
2032
2041
2049
2056
2056
2058
2063
2061
2060
2056
2032
2025
2025
2027
2032
2013
2013
2009
2007
2009
2009
2013
2016
2001
2000
2010
2019
2017
2011
2012
2020
2014
2018
2019
2026
2028
2025
2024
2019
2018
2020
2024
2034
2034
2043
2047
2052
2051
2057
2059
2060
2061
2062
2067
2070
2065
2056
2052
2050
2050
2048
2049
2055
2057
2050
2044
2036
2028
2030
2024
2016
2008
2007
2006
1996
1993
1988
1987
1986
1981
1981
1987
1983
1987
1984
1978
1986
1990
1990
1988
1990
1991
1993
1998
2009
2010
2008
2011
2008
1997
1990
1993
1994
1993
1991
1994
1996
1992
1994
1992
1998
2004
2025
2026
2027
2026
2033
2037
2037
2036
2054
2052
2054
2057
2060
2065
2071
2082
2095
2096
2098
2103
2112
2121
2119
2113
2112
2098
2096
2098
2094
2076
2067
2068
2070
2041
2040
2052
2060
2061
2050
2050
2050
2053
2052
2053
2052
2051
2046
2043
2042
2042
2034
2038
2039
2039
2041
2030
2030
2030
2030
2033
2026
2020
2018
2007
2005
2000
1997
1982
1980
1976
1971
1944
1940
1941
1946
1952
1951
1955
1954
1948
1950
1958
1965
1971
1967
1974
1979
1989
2001
2007
2003
2001
2005
2007
2013
2014
2014
2014
2016
2015
2019
2029
2038
2036
2036
2031
2035
2039
2041
2052
2046
2040
2037
2037
2047
2044
2036
2031
2030
2025
2027
2033
2037
2039
2040
2033
2056
2062
2067
2059
2051
2051
2048
2059
2072
2055
2051
2050
2050
2044
2046
2044
2043
2039
2038
2037
2037
2017
2012
2003
2004
2010
2007
2006
2002
2001
2000
1998
1996
1992
2008
2002
1994
1989
1976
1985
1991
1998
1988
1985
1982
1983
1991
2000
1994
1994
1999
2000
2000
2003
2007
2027
2025
2032
2037
2054
2050
2050
2055
2054
2050
2048
2050
2059
2065
2072
2076
2070
2072
2070
2064
2054
2041
2037
2035
2042
2031
2029
2033
2029
2027
2027
2017
2009
2006
2006
2003
2008
2016
2002
2003
2003
2004
2010
2016
2019
2021
2022
2018
2026
2028
2030
2033
2030
2033
2036
2032
2037
2037
2042
2054
2061
2061
2060
2051
2045
2047
2045
2049
2049
2041
2041
2052
2052
2049
2054
2060
2066
2071
2070
2075
2071
2067
2067
2067
2062
2044
2036
2041
2039
2035
2034
2034
2028
1994
1991
1990
1987
1987
1980
1981
1980
1969
1964
1959
1961
1959
1958
1955
1954
1958
1966
1974
1984
1993
1987
1989
1988
1987
1996
1994
1998
2001
2003
2010
2019
2034
2039
2040
2042
2033
2030
2028
2027
2023
2019
2024
2025
2024
2019
2020
2028
2031
2030
2031
2040
2042
2047
2050
2047
2042
2042
2041
2034
2030
2032
2034
2037
2044
2049
2056
2057
2046
2052
2057
2055
2059
2062
2058
2057
2061
2059
2055
2058
2058
2060
2063
2064
2064
2037
2035
2034
2034
2038
2034
2033
2031
2034
2019
2016
2011
2011
2013
2005
2001
2003
2018
2019
2019
2025
2022
2018
2023
2021
2040
2037
2030
2039
2045
1990
1994
1980
1977
2001
2011
2010
2008
2033
2035
2033
2029
1946
1925
1931
1939
1940
1949
1961
1972
1986
2003
2017
2029
2041
2081
2085
2080
2078
2067
2079
2090
2105
2134
2127
2125
2114
2097
2088
2089
2087
2085
2081
2075
2068
2065
2022
2022
2014
1994
1959
1965
1967
1969
1966
1976
1975
1973
1977
1982
1970
1959
1954
1975
1990
2001
2002
1997
1998
2002
2008
2028
2043
2038
2037
2037
2037
2036
2037
2049
2065
2090
2092
2082
2075
2075
2084
2101
2097
2056
2036
2023
2042
2112
2121
2115
2110
2119
2117
2103
2081
2058
1985
1974
1971
1968
1960
1945
1936
1942
1937
1927
1913
1914
1914
1917
1927
1935
1938
1939
1930
1930
1933
1927
1918
1917
1912
1855
1855
1870
1890
1969
1979
1985
1989
2023
2026
2025
2019
2020
2060
2072
2098
2120
2132
2144
2150
2160
2165
2165
2172
2184
2213
2218
2223
2225
2221
2214
2203
2186
2171
2159
2155
2158
2164
2187
2181
2164
2140
2060
2047
2035
2025
2005
1995
1995
1986
1978
1942
1940
1940
1943
1952
1958
1969
1971
1962
1958
1956
1953
1941
1930
1915
1903
1842
1841
1842
1849
1863
1907
1920
1930
1937
1940
1947
1952
1957
1988
1998
2009
2019
2002
1992
1987
1978
1978
1986
1985
1987
1990
1999
2012
2019
2031
2042
2054
2059
2064
2089
2083
2082
2069
2062
2048
2044
2043
2045
2048
2051
2051
2043
2027
2022
2020
2027
2027
2027
2035
2046
2066
2086
2084
2085
2080
2074
2075
2073
2076
2086
2105
2113
2111
2112
2106
2102
2094
2091
2056
2042
2033
2023
2040
2036
2024
2014
1989
1994
2000
2008
2020
2014
2002
1990
1985
1982
1977
1979
1977
1961
1958
1958
1950
1917
1918
1921
1925
1939
1981
1991
1998
2009
2013
2007
2012
2019
2045
2055
2056
2048
2006
1998
2014
2031
2078
2074
2076
2075
2079
2081
2089
2097
2103
2105
2106
2120
2132
2157
2146
2144
2139
2120
2129
2136
2134
2118
2108
2103
2102
2092
2067
2058
2045
2035
2024
2022
2019
2016
1971
1958
1948
1940
1913
1909
1906
1908
1910
1912
1918
1926
1930
1935
1939
1943
1946
1978
1990
2004
2013
2045
2056
2060
2065
2074
2069
2066
2066
2057
2046
2045
2041
2042
2046
2054
2061
2066
2065
2064
2067
2062
2057
2063
2068
2069
2066
2041
2028
2012
2007
1994
1984
1979
1983
2004
2004
2002
2006
2014
2025
2035
2037
2035
2031
2030
2029
2029
2023
2019
2011
2003
1994
1989
1982
1983
1979
1976
1971
1970
1975
1977
1982
1984
1986
1989
1995
1997
2003
2004
2009
2012
2017
2008
2012
2019
2020
2028
2029
2035
2036
2040
2039
2036
2034
2037
2022
2020
2014
2013
2006
2002
1992
1986
1967
1966
1968
1974
1997
2002
2007
2010
2021
2032
2038
2049
2055
2058
2064
2066
2074
2075
2077
2073
2064
2046
2044
2047
2050
2043
2036
2031
2030
2037
2035
2036
2043
2053
2067
2061
2059
2065
2047
2044
2045
2041
2019
2020
2018
2016
2017
2032
2031
2032
2030
2034
2035
2035
2035
2036
2029
2032
2033
2013
2006
2003
1991
1982
1967
1965
1963
1961
1957
1958
1961
1963
1975
1983
1986
1998
2027
2030
2029
2034
2049
2051
2055
2066
2064
2067
2065
2070
2072
2079
2083
2077
2077
2082
2089
2095
2103
2107
2103
2098
2092
2090
2068
2066
2067
2063
2059
2054
2053
2049
2036
2032
2032
2031
2025
2026
2024
2018
2021
2020
2016
2017
2024
2016
2008
2003
1999
1998
1994
1993
1988
1971
1973
1972
1969
1975
1973
1970
1976
1984
1987
1992
1989
1997
2001
2004
2006
2008
1996
1992
1996
2002
1996
1990
1995
1985
2004
2008
2004
2008
2016
2034
2039
2046
2051
2054
2055
2065
2071
2075
2077
2077
2076
2057
2054
2055
2054
2046
2028
2025
2017
2014
2016
2016
2016
2019
2015
2009
2009
2013
2018
2012
2012
2019
2023
2025
2016
2015
2020
2018
2024
2026
2031
2034
2031
2031
2032
2024
2026
2023
2019
2017
2015
2012
2006
2006
1999
1996
1996
1996
1999
2002
2007
2006
2006
2006
2007
2012
2036
2033
2027
2033
2045
2050
2048
2051
2061
2044
2043
2042
2043
2040
2036
2030
2024
2010
2006
1998
1996
1985
1989
1987
1990
1988
2003
2000
2001
2006
2018
2025
2029
2031
2041
2051
2060
2068
2075
2083
2076
2078
2087
2088
2084
2093
2090
2093
2086
2084
2083
2083
2083
2083
2085
2060
2057
2048
2048
2033
2026
2025
2020
2024
2019
2020
2014
2015
2019
2015
2007
2008
1988
1985
1986
1986
1977
1975
1973
1971
1967
1974
1980
1987
1987
1990
1988
1987
1988
1992
1992
1995
2003
2010
2012
2013
2016
2018
2024
2029
2033
2033
2035
2036
2035
2041
2045
2042
2048
2052
2047
2047
2040
2031
2039
2045
2044
2045
2031
2039
2038
2034
2036
2029
2032
2035
2034
2040
2041
2040
2037
2016
2020
2026
2031
2020
2015
2017
2017
2017
2001
2001
2001
1999
1999
2001
2002
2004
1992
1992
1993
2000
2007
2012
2013
2016
2013
2003
2001
2003
2010
2012
2011
2014
2017
2009
2012
2019
2030
2044
2048
2055
2059
2052
2050
2051
2051
2052
2053
2051
2048
2047
2046
2047
2052
2049
2048
2048
2054
2054
2050
2041
2040
2040
2040
2027
2026
2033
2029
2025
2029
2034
2037
2024
2021
2026
2026
2040
2034
2038
2061
2035
2027
2017
2012
2013
2034
2041
2045
2050
2053
2055
2054
2049
2025
2020
2016
2008
1967
1971
1976
1983
1995
2017
2040
2058
2059
2051
2047
2040
2034
2013
2018
2023
2038
2037
2031
2025
2026
2028
2031
2021
2011
2015
2014
2013
2010
2007
2001
2002
2006
2006
1996
1992
1992
1995
2019
2019
2022
2020
2020
2009
2001
1994
1993
2004
2019
2027
2035
2065
2062
2068
2074
2048
2047
2052
2064
2062
2058
2049
2042
2034
2020
2020
2010
2004
2000
1993
1997
2003
2019
2018