2022
2018
2023
2021
2040
2037
2030
2039
2045
1990
1994
1980
1977
2001
2011
2010
2008
2033
2035
2033
2029
1946
1925
1931
1939
1940
1949
1961
1972
1986
2003
2017
2029
2041
2081
2085
2080
2078
2067
2079
2090
2105
2134
2127
2125
2114
2097
2088
2089
2087
2085
2081
2075
2068
2065
2022
2022
2014
1994
1959
1965
1967
1969
1966
1976
1975
1973
1977
1982
1970
1959
1954
1975
1990
2001
2002
1997
1998
2002
2008
2028
2043
2038
2037
2037
2037
2036
2037
2049
2065
2090
2092
2082
2075
2075
2084
2101
2097
2056
2036
2023
2042
2112
2121
2115
2110
2119
2117
2103
2081
2058
1985
1974
1971
1968
1960
1945
1936
1942
1937
1927
1913
1914
1914
1917
1927
1935
1938
1939
1930
1930
1933
1927
1918
1917
1912
1855
1855
1870
1890
1969
1979
1985
1989
2023
2026
2025
2019
2020
2060
2072
2098
2120
2132
2144
2150
2160
2165
2165
2172
2184
2213
2218
2223
2225
2221
2214
2203
2186
2171
2159
2155
2158
2164
2187
2181
2164
2140
2060
2047
2035
2025
2005
1995
1995
1986
1978
1942
1940
1940
1943
1952
1958
1969
1971
1962
1958
1956
1953
1941
1930
1915
1903
1842
1841
1842
1849
1863
1907
1920
1930
1937
1940
1947
1952
1957
1988
1998
2009
2019
2002
1992
1987
1978
1978
1986
1985
1987
1990
1999
2012
2019
2031
2042
2054
2059
2064
2089
2083
2082
2069
2062
2048
2044
2043
2045
2048
2051
2051
2043
2027
2022
2020
2027
2027
2027
2035
2046
2066
2086
2084
2085
2080
2074
2075
2073
2076
2086
2105
2113
2111
2112
2106
2102
2094
2091
2056
2042
2033
2023
2040
2036
2024
2014
1989
1994
2000
2008
2020
2014
2002
1990
1985
1982
1977
1979
1977
1961
1958
1958
1950
1917
1918
1921
1925
1939
1981
1991
1998
2009
2013
2007
2012
2019
2045
2055
2056
2048
2006
1998
2014
2031
2078
2074
2076
2075
2079
2081
2089
2097
2103
2105
2106
2120
2132
2157
2146
2144
2139
2120
2129
2136
2134
2118
2108
2103
2102
2092
2067
2058
2045
2035
2024
2022
2019
2016
1971
1958
1948
1940
1913
1909
1906
1908
1910
1912
1918
1926
1930
1935
1939
1943
1946
1978
1990
2004
2013
2045
2056
2060
2065
2074
2069
2066
2066
2057
2046
2045
2041
2042
2046
2054
2061
2066
2065
2064
2067
2062
2057
2063
2068
2069
2066
2041
2028
2012
2007
1994
1984
1979
1983
2004
2004
2002
2006
2014
2025
2035
2037
2035
2031
2030
2029
2029
2023
2019
2011
2003
1994
1989
1982
1983
1979
1976
1971
1970
1975
1977
1982
1984
1986
1989
1995
1997
2003
2004
2009
2012
2017
2008
2012
2019
2020
2028
2029
2035
2036
2040
2039
2036
2034
2037
2022
2020
2014
2013
2006
2002
1992
1986
1967
1966
1968
1974
1997
2002
2007
2010
2021
2032
2038
2049
2055
2058
2064
2066
2074
2075
2077
2073
2064
2046
2044
2047
2050
2043
2036
2031
2030
2037
2035
2036
2043
2053
2067
2061
2059
2065
2047
2044
2045
2041
2019
2020
2018
2016
2017
2032
2031
2032
2030
2034
2035
2035
2035
2036
2029
2032
2033
2013
2006
2003
1991
1982
1967
1965
1963
1961
1957
1958
1961
1963
1975
1983
1986
1998
2027
2030
2029
2034
2049
2051
2055
2066
2064
2067
2065
2070
2072
2079
2083
2077
2077
2082
2089
2095
2103
2107
2103
2098
2092
2090
2068
2066
2067
2063
2059
2054
2053
2049
2036
2032
2032
2031
2025
2026
2024
2018
2021
2020
2016
2017
2024
2016
2008
2003
1999
1998
1994
1993
1988
1971
1973
1972
1969
1975
1973
1970
1976
1984
1987
1992
1989
1997
2001
2004
2006
2008
1996
1992
1996
2002
1996
1990
1995
1985
2004
2008
2004
2008
2016
2034
2039
2046
2051
2054
2055
2065
2071
2075
2077
2077
2076
2057
2054
2055
2054
2046
2028
2025
2017
2014
2016
2016
2016
2019
2015
2009
2009
2013
2018
2012
2012
2019
2023
2025
2016
2015
2020
2018
2024
2026
2031
2034
2031
2031
2032
2024
2026
2023
2019
2017
2015
2012
2006
2006
1999
1996
1996
1996
1999
2002
2007
2006
2006
2006
2007
2012
2036
2033
2027
2033
2045
2050
2048
2051
2061
2044
2043
2042
2043
2040
2036
2030
2024
2010
2006
1998
1996
1985
1989
1987
1990
1988
2003
2000
2001
2006
2018
2025
2029
2031
2041
2051
2060
2068
2075
2083
2076
2078
2087
2088
2084
2093
2090
2093
2086
2084
2083
2083
2083
2083
2085
2060
2057
2048
2048
2033
2026
2025
2020
2024
2019
2020
2014
2015
2019
2015
2007
2008
1988
1985
1986
1986
1977
1975
1973
1971
1967
1974
1980
1987
1987
1990
1988
1987
1988
1992
1992
1995
2003
2010
2012
2013
2016
2018
2024
2029
2033
2033
2035
2036
2035
2041
2045
2042
2048
2052
2047
2047
2040
2031
2039
2045
2044
2045
2031
2039
2038
2034
2036
2029
2032
2035
2034
2040
2041
2040
2037
2016
2020
2026
2031
2020
2015
2017
2017
2017
2001
2001
2001
1999
1999
2001
2002
2004
1992
1992
1993
2000
2007
2012
2013
2016
2013
2003
2001
2003
2010
2012
2011
2014
2017
2009
2012
2019
2030
2044
2048
2055
2059
2052
2050
2051
2051
2052
2053
2051
2048
2047
2046
2047
2052
2049
2048
2048
2054
2054
2050
2041
2040
2040
2040
2027
2026
2033
2029
2025
2029
2034
2037
2024
2021
2026
2026
2040
2034
2038
2061
2035
2027
2017
2012
2013
2034
2041
2045
2050
2053
2055
2054
2049
2025
2020
2016
2008
1967
1971
1976
1983
1995
2017
2040
2058
2059
2051
2047
2040
2034
2013
2018
2023
2038
2037
2031
2025
2026
2028
2031
2021
2011
2015
2014
2013
2010
2007
2001
2002
2006
2006
1996
1992
1992
1995
2019
2019
2022
2020
2020
2009
2001
1994
1993
2004
2019
2027
2035
2065
2062
2068
2074
2048
2047
2052
2064
2062
2058
2049
2042
2034
2020
2020
2010
2004
2000
1993
1997
2003
2019
2018
2018
2019
2053
2074
2085
2077
2073
2100
2094
2090
2086
2081
2080
2081
2079
2052
2056
2056
2053
2066
2080
2093
2095
2050
2029
2009
1992
1983
1961
1945
1926
1918
1911
1905
1887
1877
1835
1828
1828
1828
1847
1856
1863
1865
1864
1887
1898
1921
1945
1962
1981
2000
2011
2055
2066
2070
2077
2103
2106
2102
2089
2082
2074
2070
2062
2058
2044
2039
2029
2019
2004
1996
1985
1976
1994
2007
2015
2021
2042
2052
2058
2060
2061
2084
2089
2102
2119
2133
2140
2144
2162
2209
2220
2227
2232
2252
2251
2249
2243
2180
2163
2144
2130
2108
2054
2046
2036
2031
2033
2029
2029
2026
2026
2020
2017
2018
2028
2039
2044
2047
2057
2065
2063
2066
2078
2086
2086
2085
2081
2062
2056
2055
2048
2002
1984
1986
1982
1973
1926
1917
1898
1877
1865
1849
1832
1825
1801
1798
1795
1794
1802
1806
1820
1826
1870
1876
1885
1895
1906
1936
1945
1952
1960
1972
1988
2005
2014
2053
2063
2072
2082
2093
2095
2102
2104
2103
2090
2087
2088
2089
2087
2089
2088
2086
2085
2084
2087
2083
2088
2089
2091
2091
2074
2070
2067
2067
2065
2053
2044
2035
2026
2016
2010
2001
1993
1958
1954
1951
1947
1912
1908
1906
1902
1902
1887
1892
1899
1904
1916
1926
1937
1944
1980
1995
2008
2024
2039
2056
2070
2083
2097
2116
2115
2115
2115
2112
2110
2113
2114
2114
2101
2090
2086
2076
2071
2067
2058
2051
2025
2009
1998
1989
1951
1938
1931
1925
1938
1941
1950
1952
1959
1987
2001
2020
2037
2060
2079
2094
2102
2172
2179
2190
2198
2209
2204
2199
2195
2190
2157
2145
2136
2134
2128
2127
2123
2122
2118
2115
2118
2118
2117
2117
2112
2109
2101
2098
2098
2098
2102
2081
2080
2076
2072
2073
2074
2073
2073
2055
2044
2033
2030
2003
1998
1988
1976
1965
1935
1926
1919
1911
1897
1880
1870
1860
1836
1830
1823
1815
1785
1786
1793
1795
1830
1839
1856
1862
1880
1929
1943
1953
1971
1988
2002
2017
2038
2112
2132
2150
2157
2198
2200
2204
2211
2215
2216
2217
2215
2205
2194
2187
2180
2166
2111
2096
2081
2065
1998
1985
1974
1963
1935
1928
1924
1928
1927
1924
1929
1935
1946
1955
1960
1971
1983
1998
2006
2015
2018
2015
2023
2025
2029
2029
2020
2008
2008
2005
2004
1997
1994
1990
1969
1968
1970
1977
1957
1961
1961
1963
1961
1967
1966
1963
1964
1979
1977
1975
1977
1983
1986
1994
1996
2023
2028
2034
2038
2045
2048
2054
2058
2062
2064
2067
2069
2064
2064
2069
2066
2065
2053
2051
2051
2050
2036
2037
2035
2043
2038
2041
2042
2043
2045
2029
2019
2018
2025
2025
2022
2030
2036
2049
2051
2056
2064
2069
2067
2060
2058
2058
2051
2043
2035
2033
2028
2028
2028
2027
2033
2033
2033
2025
2007
2008
2007
2003
1984
1986
1987
1987
1987
2000
2009
2017
2019
2022
2026
2026
2032
2039
2045
2050
2058
2084
2089
2093
2103
2105
2128
2122
2127
2129
2134
2146
2148
2148
2162
2167
2172
2172
2161
2150
2146
2137
2108
2095
2080
2076
2071
2043
2035
2030
2020
2011
2003
1996
1986
1964
1951
1943
1940
1937
1936
1932
1924
1925
1922
1915
1919
1914
1909
1908
1910
1911
1921
1919
1928
1924
1936
1935
1938
1940
1949
1958
1961
1968
1973
1977
1985
1997
2004
2015
2022
2027
2025
2036
2040
2041
2041
2032
2024
2026
2031
2034
2029
2033
2026
2025
2026
2021
2023
2023
2022
2026
2026
2025
2019
2023
2024
2024
2025
2027
2028
2024
2029
2029
2035
2044
2048
2045
2036
2029
2028
2023
2028
2033
2038
2021
2017
2019
2017
2014
2003
2003
2004
2008
2008
2009
2007
2009
2005
2012
2022
2017
2011
2027
2037
2039
2040
2058
2043
2025
2012
2007
2007
2011
2001
2041
2042
2041
2038
2056
2055
2049
2045
2054
2064
2074
2088
2104
2142
2135
2123
2122
2132
2149
2159
2147
2109
2091
2067
2049
2029
2025
2028
2036
2033
1992
1986
1979
1968
1956
1942
1939
1941
1989
1993
1992
1988
1985
1983
1990
2002
2087
2102
2113
2126
2131
2116
2113
2118
2123
2128
2132
2127
2122
2039
2013
2000
1984
1966
1966
1966
1965
1963
1935
1927
1930
1933
1945
1957
1966
1973
2012
2016
2011
2011
2054
2076
2100
2112
2120
2111
2102
2101
2104
2095
2090
2085
2077
2064
2047
2020
1991
1855
1818
1785
1751
1649
1630
1607
1590
1584
1583
1596
1615
1634
1653
1684
1720
1752
1917
1965
2015
2060
2278
2322
2364
2401
2507
2528
2543
2560
2578
2610
2623
2632
2627
2604
2582
2561
2539
2412
2370
2325
2279
2096
2058
2026
1998
1973
1905
1894
1875
1861
1848
1831
1818
1809
1810
1826
1847
1872
1905
1904
1904
1893
1885
1863
1856
1858
1857
1856
1844
1835
1818
1754
1742
1733
1729
1735
1735
1736
1735
1748
1756
1767
1779
1794
1817
1829
1836
1845
1855
1871
1890
1908
2017
2051
2081
2111
2199
2224
2243
2264
2372
2394
2412
2423
2429
2447
2444
2444
2445
2447
2449
2450
2453
2458
2456
2453
2447
2399
2380
2370
2347
2329
2269
2241
2216
2192
2145
2071
2024
2017
1969
1958
1916
1845
1556
1534
1524
1494
1368
1322
1297
1298
1306
1261
1218
1187
1181
1189
1215
1253
1303
1430
1493
1566
1636
1903
1952
1992
2027
2079
2238
2273
2306
2342
2374
2403
2424
2444
2540
2551
2562
2576
2588
2566
2538
2519
2493
2474
2474
2452
2426
2404
2389
2377
2360
2350
2360
2373
2381
2419
2402
2385
2364
2267
2265
2286
2298
2307
2292
2279
2256
2229
2197
2171
2146
2123
1975
1933
1891
1853
1686
1636
1595
1563
1536
1467
1454
1441
1422
1403
1387
1378
1372
1334
1329
1330
1333
1326
1314
1294
1289
1348
1366
1384
1408
1431
1503
1538
1587
1641
1697
1754
1819
1886
2129
2184
2242
2287
2430
2449
2472
2493
2605
2631
2653
2687
2724
2807
2831
2845
2853
2856
2861
2858
2849
2792
2766
2737
2705
2673
2578
2546
2525
2501
2477
2457
2444
2430
2366
2351
2329
2306
2281
2255
2231
2202
2172
2118
2097
2080
2061
2044
2024
2007
1992
1896
1865
1833
1804
1778
1676
1646
1617
1586
1551
1523
1494
1462
1344
1325
1309
1295
1308
1316
1329
1346
1362
1431
1459
1488
1519
1554
1582
1610
1635
1726
1740
1755
1782
1896
1926
1964
1999
2158
2200
2237
2274
2311
2386
2401
2411
2414
2410
2404
2404
2400
2373
2362
2354
2351
2362
2367
2364
2367
2374
2380
2381
2379
2378
2368
2352
2338
2326
2251
2233
2212
2193
2116
2092
2074
2055
2033
1983
1971
1958
1939
1927
1913
1902
1896
1866
1851
1839
1834
1825
1821
1814
1804
1799
1781
1775
1775
1778
1791
1797
1799
1801
1805
1795
1793
1789
1783
1786
1778
1769
1759
1714
1704
1694
1691
1672
1677
1678
1675
1682
1693
1709
1723
1735
1809
1829
1855
1876
1903
1939
1978
2018
2208
2258
2315
2370
2563
2599
2632
2666
2694
2744
2758
2763
2761
2753
2740
2724
2709
2629
2610
2585
2558
2470
2430
2400
2364
2326
2215
2176
2146
2111
2079
2046
2009
1975
1865
1841
1812
1788
1732
1729
1727
1728
1729
1727
1731
1734
1736
1741
1747
1750
1743
1708
1695
1686
1685
1688
1685
1688
1689
1692
1707
1710
1715
1714
1723
1738
1754
1770
1782
1817
1836
1851
1867
1882
1896
1910
1923
1989
2016
2029
2041
2126
2155
2176
2200
2230
2296
2315
2336
2348
2363
2374
2382
2393
2393
2384
2378
2368
2296
2276
2252
2227
2145
2120
2092
2064
2044
1971
1940
1919
1900
1879
1859
1836
1824
1788
1785
1782
1788
1795
1796
1798
1805
1810
1824
1832
1839
1851
1856
1866
1879
1893
1946
1954
1960
1967
1998
2002
2005
1999
1995
1980
1976
1971
1964
1958
1957
1953
1953
1938
1938
1949
1962
1976
1988
1996
2005
2014
2049
2058
2061
2072
2088
2106
2125
2145
2160
2200
2206
2209
2213
2216
2220
2221
2228
2226
2223
2224
2229
2218
2222
2222
2215
2193
2180
2171
2176
2171
2137
2127
2117
2100
2093
2082
2072
2064
2030
2016
2006
1995
1967
1964
1959
1954
1955
1939
1930
1931
1929
1920
1912
1906
1897
1862
1842
1829
1818
1790
1784
1779
1777
1768
1774
1778
1789
1805
1838
1853
1871
1893
1908
1922
1944
1963
2022
2037
2047
2062
2110
2119
2128
2141
2156
2177
2180
2188
2198
2202
2214
2217
2223
2244
2251
2254
2261
2253
2253
2255
2257
2243
2230
2224
2216
2209
2177
2166
2165
2165
2157
2149
2145
2133
2096
2085
2068
2055
1989
1979
1961
1946
1939
1899
1891
1878
1873
1876
1874
1870
1872
1862
1861
1861
1860
1862
1867
1869
1879
1911
1921
1925
1929
1942
1956
1961
1965
1971
1969
1966
1976
1980
1982
1988
1996
2000
1995
1995
1997
1997
2024
2027
2031
2032
2038
2046
2049
2049
2051
2051
2051
2048
2051
2049
2047
2043
2043
2054
2056
2065
2073
2073
2080
2078
2074
2069
2065
2064
2058
2049
2025
2024
2022
2025
2020
2019
2017
2017
2027
2028
2031
2030
2025
2010
2005
1998
1995
1993
1994
1995
1995
1987
1990
1991
1994
2016
2007
1991
1995
2019
2054
2051
2051
2045
2021
1992
1970
1950
2022
2031
2044
2065
2007
1987
1961
1942
1985
2009
2039
2056
2063
2056
2044
2025
2018
2010
2006
2010
2041
2118
2124
2130
2127
2074
2074
2080
2092
2104
2132
2131
2112
2099
2093
2095
2089
2074
2093
2121
2126
2122
2089
2078
2056
2038
2067
2070
2086
2109
2113
2058
2011
1968
1960
1982
1987
1973
1993
2079
2085
2087
2060
2000
1980
1975
2010
2037
2099
2152
2157
2147
2164
2167
2131
2104
2121
2110
2127
2156
2122
2103
2101
2097
1982
1944
1910
1883
1856
1784
1745
1695
1648
1611
1584
1558
1521
1420
1400
1387
1383
1394
1408
1420
1423
1438
1520
1557
1606
1656
1711
1773
1841
1905
2185
2252
2317
2381
2652
2704
2739
2778
2821
2900
2931
2959
2996
3031
3054
3062
3059
2979
2929
2875
2820
2764
2715
2664
2618
2577
2438
2377
2312
2247
2170
2079
1991
1921
1867
1736
1711
1695
1678
1654
1627
1597
1566
1474
1469
1473
1480
1505
1511
1517
1524
1531
1528
1524
1522
1529
1557
1560
1552
1535
1519
1511
1505
1497
1529
1541
1546
1542
1513
1508
1501
1506
1514
1575
1609
1650
1691
1733
1769
1799
1831
2022
2078
2153
2205
2675
2777
2840
2937
2970
3073
3172
3236
3301
3467
3493
3495
3503
3517
3530
3520
3502
3397
3317
3259
3225
2916
2806
2712
2649
2566
2251
2159
2022
1873
1758
1671
1563
1439
966
860
784
732
694
642
577
554
448
452
447
441
465
612
664
717
766
810
874
960
1035
1284
1355
1414
1486
1846
1910
1974
2048
2114
2247
2309
2373
2451
2545
2638
2706
2748
2832
2848
2886
2918
2961
2945
2954
2997
3093
3085
3046
3021
3030
2980
2948
2922
2886
2843
2800
2777
2755
2656
2621
2588
2553
2486
2459
2393
2306
2220
2049
2005
1945
1887
1828
1774
1722
1684
1450
1395
1345
1292
1133
1112
1107
1099
1044
1028
995
963
934
946
981
1017
1051
1083
1115
1149
1175
1378
1444
1527
1614
1900
1978
2048
2114
2181
2358
2408
2465
2529
2591
2647
2688
2728
2841
2867
2886
2900
2925
2905
2890
2875
2775
2739
2697
2652
2596
2464
2438
2410
2382
2346
2309
2276
2245
2137
2110
2091
2067
2038
2036
2043
2049
2046
2017
2013
2009
2009
2017
2016
2013
2008
1934
1900
1858
1820
1688
1652
1616
1588
1562
1474
1449
1427
1403
1382
1366
1336
1318
1268
1262
1256
1250
1241
1249
1265
1297
1473
1531
1589
1646
1704
1849
1919
2011
2100
2175
2241
2306
2363
2445
2470
2508
2576
2784
2807
2828
2841
2841
2817
2791
2769
2758
2743
2729
2725
2740
2719
2693
2655
2604
2379
2340
2324
2314
2178
2145
2100
2062
2023
1909
1870
1837
1806
1781
1759
1749
1733
1676
1664
1639
1620
1584
1567
1538
1507
1482
1477
1487
1498
1490
1476
1465
1455
1446
1460
1466
1478
1499
1591
1609
1619
1637
1652
1714
1733
1760
1798
1837
1878
1916
1954
2153
2203
2260
2311
2423
2457
2492
2521
2600
2621
2641
2659
2678
2727
2732
2737
2735
2729
2709
2689
2668
2616
2606
2598
2589
2452
2407
2365
2317
2279
2194
2172
2152
2126
2102
2081
2060
2032
1886
1858
1833
1805
1695
1664
1627
1597
1519
1511
1502
1491
1487
1442
1432
1423
1419
1420
1430
1449
1464
1569
1595
1610
1621
1668
1691
1719
1745
1767
1883
1920
1965
1997
2021
2043
2067
2092
2229
2264
2303
2329
2378
2391
2400
2405
2423
2413
2408
2402
2399
2368
2349
2333
2317
2302
2293
2283
2273
2210
2196
2187
2175
2129
2116
2102
2094
2090
2070
2050
2034
2014
1997
1988
1983
1973
1923
1909
1901
1892
1850
1841
1833
1825
1770
1760
1742
1725
1708
1687
1689
1697
1707
1719
1730
1737
1751
1805
1828
1852
1877
1988
2015
2034
2050
2072
2120
2138
2161
2180
2197
2210
2216
2223
2258
2273
2282
2287
2284
2278
2273
2265
2217
2207
2206
2201
2201
2160
2151
2144
2140
2132
2123
2116
2112
2079
2085
2090
2090
2082
2075
2073
2079
2087
2091
2096
2097
2093
2097
2095
2088
2081
2041
2032
2016
2007
1948
1931
1910
1891
1880
1848
1830
1816
1806
1792
1776
1771
1762
1746
1744
1746
1746
1767
1777
1790
1799
1844
1853
1868
1874
1891
1941
1953
1965
1981
1991
2003
2015
2028
2090
2101
2117
2127
2151
2157
2165
2173
2182
2178
2178
2178
2171
2167
2162
2160
2160
2163
2165
2169
2175
2171
2170
2168
2162
2160
2148
2143
2140
2138
2139
2138
2134
2123
2112
2087
2080
2072
2058
2044
2032
2029
2019
1993
1990
1984
1974
1951
1941
1936
1930
1929
1909
1906
1908
1909
1903
1901
1908
1909
1927
1937
1947
1948
1963
1970
1982
1997
2054
2067
2081
2095
2108
2151
2157
2158
2160
2164
2165
2174
2180
2172
2159
2163
2163
2151
2141
2130
2117
2109
2071
2059
2047
2034
2022
2014
1998
1986
1959
1954
1952
1939
1908
1910
1912
1912
1916
1919
1926
1921
1929
1945
1950
1950
1957
1965
1970
1979
1980
2000
1996
1998
1997
1992
1990
1990
1984
1986
1978
1980
1979
1984
1985
1979
1975
1980
1988
1993
2000
2005
2023
2034
2043
2051
2082
2089
2087
2086
2092
2090
2083
2081
2078
2082
2099
2119
2131
2141
2128
2103
2080
2074
2096
2113
2116
2115
2133
2130
2124
2123
2120
2120
2111
2110
2134
2148
2150
2152
2119
2099
2074
2061
2022
2000
1975
1945
1918
1825
1797
1779
1770
1758
1742
1730
1718
1652
1626
1594
1567
1519
1529
1546
1557
1571
1597
1593
1598
1619
1644
1672
1703
1734
1875
1912
1954
2004
2202
2251
2307
2360
2566
2612
2655
2699
2737
2818
2835
2852
2869
2890
2916
2935
2953
2939
2914
2890
2861
2746
2711
2669
2624
2586
2418
2361
2308
2253
2198
2147
2091
2035
1850
1814
1767
1727
1573
1543
1512
1486
1380
1350
1317
1295
1270
1223
1215
1201
1187
1174
1164
1161
1161
1171
1175
1177
1183
1237
1257
1285
1304
1328
1410
1439
1470
1502
1536
1568
1612
1656
1778
1810
1844
1891
2104
2159
2220
2276
2508
2571
2626
2681
2738
2917
2971
3030
3090
3138
3174
3205
3234
3346
3367
3382
3392
3371
3359
3345
3324
3160
3106
3051
2990
2929
2706
2620
2517
2416
2313
2219
2122
2026
1641
1542
1442
1346
969
885
809
736
674
510
477
441
406
377
352
339
325
334
356
389
422
618
680
743
820
897
1142
1237
1338
1440
1539
1633
1730
1835
2129
2228
2328
2430
2521
2614
2705
2790
2869
3054
3108
3155
3199
3242
3287
3340
3404
3465
3582
3601
3603
3595
3576
3552
3537
3528
3437
3410
3376
3328
3134
3074
3004
2934
2608
2525
2448
2364
2281
2056
1986
1918
1853
1796
1745
1695
1630
1374
1315
1260
1215
1080
1062
1050
1028
1007
947
924
904
894
892
891
897
909
959
971
992
1018
1134
1173
1210
1242
1280
1428
1474
1526
1582
1635
1679
1733
1786
1985
2036
2085
2132
2320
2378
2434
2493
2724
2776
2814
2846
2872
2918
2931
2941
2951
2963
2978
2976
2970
2819
2802
2813
2842
3063
3046
2978
2885
2786
2579
2549
2547
2556
2546
2514
2467
2424
2246
2218
2181
2137
1911
1848
1775
1700
1463
1415
1387
1376
1374
1315
1281
1225
1168
1107
1045
977
926
820
824
839
849
820
812
818
831
865
1017
1080
1145
1212
1280
1349
1402
1446
1691
1761
1843
1928
2260
2339
2423
2502
2786
2831
2873
2908
2947
2999
3017
3037
3074
3114
3176
3231
3281
3416
3424
3426
3420
3373
3352
3333
3312
3278
3119
3049
2972
2895
2819
2742
2673
2626
2435
2370
2313
2254
1982
1903
1819
1736
1414
1334
1253
1178
1102
930
897
878
857
825
784
746
697
620
644
681
719
888
938
989
1037
1085
1197
1233
1273
1314
1355
1405
1449
1501
1716
1786
1864
1937
2157
2201
2249
2293
2464
2498
2523
2542
2550
2592
2613
2631
2649
2664
2675
2678
2678
2711
2728
2737
2739
2718
2698
2685
2670
2663
2648
2642
2636
2633
2625
2617
2618
2613
2565
2547
2525
2495
2336
2297
2258
2215
2079
2037
1998
1958
1920
1803
1776
1754
1732
1706
1676
1643
1610
1465
1425
1389
1369
1251
1223
1201
1177
1161
1138
1138
1136
1146
1163
1181
1202
1225
1332
1362
1389
1413
1548
1585
1623
1660
1688
1810
1850
1892
1938
1994
2053
2108
2170
2335
2383
2433
2486
2540
2592
2639
2676
2714
2815
2841
2870
2885
2908
2924
2935
2950
2985
2982
2983
2980
2974
2915
2887
2862
2830
2796
2762
2723
2678
2486
2439
2389
2338
2108
2055
2000
1945
1895
1752
1709
1668
1627
1584
1549
1514
1479
1371
1351
1332
1317
1256
1249
1245
1234
1240
1256
1274
1297
1316
1374
1403
1438
1476
1515
1554
1590
1638
1779
1815
1858
1900
2085
2129
2177
2221
2267
2400
2440
2471
2499
2522
2542
2563
2578
2599
2600
2607
2610
2589
2584
2583
2573
2536
2528
2516
2500
2486
2420
2394
2369
2345
2319
2289
2262
2223
2085
2065
2052
2041
1968
1949
1926
1901
1881
1846
1843
1833
1825
1816
1802
1791
1778
1741
1725
1707
1689
1657
1655
1654
1650
1642
1642
1640
1643
1647
1667
1673
1677
1683
1693
1693
1700
1701
1695
1696
1701
1709
1792
1815
1834
1853
1871
1911
1931
1947
1963
1981
2009
2040
2065
2170
2200
2225
2245
2321
2333
2347
2357
2386
2389
2393
2393
2396
2403
2407
2413
2418
2406
2403
2403
2401
2358
2344
2332
2318
2261
2241
2216
2192
2170
2091
2063
2039
2021
1995
1970
1951
1935
1859
1841
1824
1808
1778
1780
1788
1790
1766
1758
1757
1763
1771
1780
1782
1788
1786
1787
1790
1795
1798
1836
1847
1858
1866
1932
1951
1965
1986
2000
2035
2047
2057
2074
2091
2105
2120
2137
2172
2184
2193
2198
2223
2232
2248
2254
2260
2267
2268
2265
2267
2268
2272
2270
2267
2252
2244
2232
2223
2176
2165
2154
2141
2089
2080
2072
2065
2051
2035
2030
2019
2005
1997
1990
1988
1983
1975
1968
1963
1961
1934
1927
1924
1916
1916
1922
1924
1926
1923
1921
1920
1920
1921
1929
1933
1942
1951
1946
1941
1938
1936
1929
1926
1917
1909
1906
1898
1901
1903
1905
1906
1906
1907
1906
1935
1945
1953
1970
2010
2020
2024
2035
2051
2089
2101
2071
2060
2094
2123
2112
2111
2120
2063
2002
1970
2022
2039
2013
1969
1878
1891
1861
1804
1800
1812
1800
1801
1807
1833
1844
1846
1884
1838
1835
1832
1843
1914
1929
1943
1964
1994
2025
2083
2080
2051
2075
2120
2150
2160
2261
2247
2241
2248
2309
2334
2340
2364
2388
2420
2451
2476
2487
2491
2485
2470
2468
2473
2463
2468
2454
2387
2366
2348
2333
2253
2226
2218
2211
2199
2113
2074
2049
2018
1984
1971
1976
1972
1931
1911
1885
1856
1831
1726
1708
1702
1691
1679
1668
1656
1630
1557
1547
1532
1530
1538
1565
1577
1575
1575
1571
1563
1560
1561
1548
1551
1553
1563
1571
1582
1595
1606
1626
1641
1650
1650
1654
1684
1711
1747
1783
1854
1880
1904
1927
2073
2103
2142
2183
2225
2342
2358
2381
2405
2427
2454
2488
2523
2680
2706
2738
2769
2874
2893
2907
2903
2886
2880
2866
2847
2827
2714
2679
2631
2586
2530
2471
2415
2354
2077
2005
1935
1861
1600
1549
1501
1449
1397
1264
1219
1175
1146
1119
1083
1056
1051
1045
1055
1046
1040
1090
1126
1168
1201
1223
1348
1393
1439
1498
1555
1610
1656
1713
1901
1954
2004
2046
2213
2261
2306
2345
2509
2551
2594
2629
2665
2729
2750
2783
2812
2832
2856
2892
2917
2932
2928
2916
2908
2842
2816
2786
2756
2740
2638
2609
2577
2541
2510
2472
2434
2390
2213
2165
2123
2088
1933
1893
1856
1817
1657
1615
1579
1546
1514
1429
1407
1383
1372
1355
1340
1336
1329
1320
1325
1334
1355
1452
1481
1508
1532
1552
1620
1639
1657
1683
1709
1731
1753
1781
1851
1866
1883
1890
1960
1975
1995
2015
2070
2084
2101
2123
2145
2213
2229
2239
2258
2273
2290
2301
2316
2359
2373
2390
2408
2463
2476
2487
2491
2490
2472
2468
2467
2463
2461
2454
2445
2431
2375
2358
2341
2328
2250
2232
2212
2189
2097
2074
2054
2033
2011
1929
1896
1866
1837
1815
1800
1780
1759
1622
1589
1563
1539
1479
1464
1448
1436
1424
1409
1418
1421
1430
1440
1457
1480
1502
1618
1657
1695
1733
1908
1957
2009
2061
2109
2230
2270
2315
2360
2396
2436
2467
2497
2552
2568
2586
2599
2610
2621
2623
2625
2629
2615
2604
2593
2576
2547
2524
2505
2480
2458
2398
2372
2340
2307
2276
2246
2219
2196
2115
2092
2066
2034
1927
1909
1882
1862
1844
1770
1747
1729
1709
1695
1687
1678
1661
1615
1618
1622
1628
1610
1611
1612
1617
1638
1646
1652
1662
1680
1736
1751
1773
1790
1802
1814
1826
1842
1896
1908
1917
1926
1996
2013
2031
2046
2067
2102
2112
2130
2137
2154
2174
2183
2190
2237
2252
2269
2289
2321
2331
2334
2340
2329
2330
2341
2342
2347
2357
2356
2354
2351
2345
2346
2343
2332
2266
2248
2240
2228
2173
2159
2145
2128
2113
2073
2062
2055
2046
2039
2039
2039
2036
1998
1989
1978
1972
1955
1945
1935
1929
1890
1884
1877
1865
1857
1824
1814
1802
1796
1790
1779
1778
1774
1763
1774
1783
1786
1794
1799
1808
1815
1818
1825
1828
1838
1845
1860
1877
1894
1908
1965
1990
2016
2044
2135
2152
2166
2180
2188
2193
2192
2192
2188
2184
2184
2177
2176
2170
2161
2162
2157
2110
2099
2094
2083
2044
2037
2027
2022
2013
1985
1970
1965
1953
1948
1947
1941
1938
1933
1934
1938
1938
1941
1940
1946
1948
1964
1969
1980
1988
2002
2024
2031
2035
2034
2033
2031
2037
2044
2073
2075
2080
2084
2082
2077
2085
2095
2094
2083
2084
2078
2081
2084
2070
2058
2049
2024
2019
2017
2013
1985
1978
1978
1978
1954
1959
1961
1962
1969
1977
1982
1979
1981
1994
2009
2019
2025
2071
2083
2099
2112
2148
2157
2164
2178
2187
2209
2213
2213
2214
2221
2222
2221
2223
2214
2209
2203
2196
2167
2154
2139
2132
2119
2070
2054
2038
2025
2010
1998
1980
1966
1928
1920
1916
1908
1883
1883
1878
1875
1844
1844
1852
1855
1857
1855
1855
1855
1859
1859
1859
1858
1857
1868
1870
1877
1880
1891
1894
1904
1913
1916
1921
1924
1926
1940
1947
1958
1970
1976
2018
2027
2042
2050
2071
2077
2086
2097
2122
2129
2132
2136
2137
2139
2142
2149
2150
2152
2150
2149
2151
2143
2138
2132
2126
2100
2095
2092
2080
2072
2075
2062
2054
2049
2040
2033
2032
2035
2043
2048
2047
2048
2055
2052
2061
2062
2076
2082
2084
2086
2086
2085
2082
2082
2082
2085
2087
2079
2073
2031
2019
2013
2008
1972
1965
1967
1961
1957
1933
1926
1920
1913
1906
1905
1902
1904
1902
1899
1892
1895
1918
1921
1930
1941
1985
1998
2007
2019
2036
2070
2078
2085
2094
2103
2109
2117
2124
2143
2148
2153
2162
2156
2150
2150
2154
2156
2142
2138
2135
2130
2126
2118
2111
2100
2067
2062
2058
2053
2027
2016
2011
2006
1962
1956
1949
1942
1940
1919
1912
1912
1900
1890
1882
1870
1870
1857
1853
1851
1856
1872
1874
1876
1884
1895
1901
1909
1921
1930
1952
1960
1972
1983
1996
2008
2018
2028
2058
2068
2073
2080
2101
2110
2117
2127
2132
2144
2144
2141
2141
2145
2142
2137
2138
2110
2107
2103
2102
2095
2092
2091
2084
2060
2049
2040
2030
2030
2029
2032
2033
2039
2050
2057
2073
2090
2124
2134
2134
2137
2203
2195
2179
2176
2178
2130
2164
2206
2236
2252
2280
2295
2276
2213
2185
2173
2151
2120
2114
2077
2047
1942
1890
1845
1791
1730
1583
1554
1507
1467
1450
1420
1368
1319
1201
1186
1188
1192
1207
1216
1215
1238
1288
1391
1463
1555
1638
1720
1811
1902
1981
2300
2372
2457
2545
2820
2898
2955
3003
3047
3126
3141
3152
3158
3161
3159
3149
3121
3001
2956
2912
2856
2608
2544
2481
2421
2359
2192
2152
2114
2064
2014
1969
1929
1882
1771
1772
1772
1760
1714
1710
1717
1732
1770
1784
1799
1815
1843
1902
1902
1891
1869
1837
1803
1781
1759
1696
1672
1640
1598
1546
1505
1468
1435
1397
1264
1232
1200
1170
1146
1121
1091
1061
1041
1009
1023
1042
1063
1092
1127
1173
1218
1447
1501
1555
1612
1849
1928
2016
2104
2185
2423
2493
2566
2645
2708
2759
2812
2866
2997
3038
3081
3123
3163
3199
3227
3252
3278
3316
3325
3339
3347
3342
3331
3312
3283
3246
3119
3073
3020
2974
2929
2874
2811
2755
2479
2408
2332
2253
1942
1869
1802
1731
1478
1406
1342
1276
1209
1025
969
924
885
858
838
824
809
739
735
736
740
790
801
817
836
859
944
972
1002
1036
1074
1119
1160
1207
1393
1452
1512
1577
1849
1923
1997
2077
2386
2460
2533
2615
2696
2917
2991
3065
3142
3218
3295
3368
3434
3641
3680
3719
3748
3800
3799
3791
3774
3739
3605
3547
3479
3402
3320
3230
3141
3045
2590
2466
2345
2224
1745
1633
1530
1432
1102
1039
982
929
885
798
780
766
766
767
778
793
804
887
916
953
989
1128
1162
1192
1222
1256
1363
1391
1422
1449
1476
1507
1542
1574
1689
1715
1744
1772
1802
1875
1903
1934
1969
2007
2040
2070
2104
2216
2250
2287
2322
2349
2381
2413
2447
2479
2582
2610
2634
2664
2697
2730
2757
2785
2890
2910
2926
2945
2954
2971
2971
2975
2974
2969
2952
2937
2921
2813
2772
2734
2689
2492
2441
2386
2319
2059
1990
1919
1845
1777
1573
1506
1443
1384
1325
1267
1220
1172
1027
994
970
955
901
901
912
926
1017
1055
1087
1117
1159
1278
1320
1363
1414
1471
1529
1586
1638
1864
1918
1968
2017
2211
2258
2302
2347
2390
2490
2521
2559
2601
2642
2678
2717
2755
2865
2879
2895
2919
2963
2973
2985
2991
2969
2957
2943
2923
2890
2747
2692
2641
2605
2585
2569
2544
2505
2211
2135
2063
1995
1762
1706
1666
1630
1578
1443
1392
1348
1306
1263
1224
1185
1161
1109
1112
1119
1131
1169
1180
1199
1219
1335
1370
1413
1450
1481
1570
1591
1617
1648
1690
1742
1794
1846
1985
2033
2085
2132
2298
2352
2396
2437
2472
2563
2588
2609
2638
2667
2700
2727
2745
2767
2764
2754
2754
2761
2767
2769
2773
2762
2714
2701
2684
2671
2655
2641
2620
2592
2562
2476
2444
2411
2376
2351
2323
2298
2254
2106
2075
2044
2023
1937
1911
1871
1826
1724
1711
1699
1678
1649
1555
1531
1514
1499
1482
1463
1436
1408
1312
1304
1298
1296
1264
1261
1261
1262
1265
1276
1277
1285
1308
1327
1350
1385
1414
1552
1588
1629
1677
1901
1964
2025
2085
2310
2367
2411
2458
2513
2648
2686
2725
2754
2787
2814
2838
2857
2918
2924
2925
2921
2889
2874
2854
2841
2812
2698
2658
2618
2574
2537
2504
2473
2436
2273
2233
2190
2151
1980
1941
1894
1850
1716
1690
1663
1636
1610
1515
1488
1463
1442
1423
1407
1406
1402
1303
1291
1281
1281
1453
1462
1446
1435
1414
1424
1457
1490
1525
1568
1617
1660
1695
1799
1854
1898
1920
1970
2024
2092
2162
2326
2346
2358
2371
2396
2470
2484
2508
2536
2559
2584
2606
2631
2665
2655
2630
2609
2645
2665
2672
2659
2626
2553
2545
2534
2514
2478
2430
2391
2365
2268
2249
2227
2190
2068
2035
2003
1969
1850
1834
1812
1791
1778
1720
1687
1659
1636
1616
1607
1601
1603
1534
1520
1511
1507
1504
1509
1516
1522
1526
1537
1530
1524
1530
1540
1544
1554
1571
1627
1661
1696
1724
1781
1801
1819
1839
1959
1991
2029
2061
2097
2176
2198
2222
2252
2272
2295
2324
2352
2425
2444
2456
2472
2513
2519
2521
2511
2495
2478
2472
2463
2455
2448
2441
2435
2434
2374
2347
2323
2308
2239
2222
2208
2190
2101
2076
2052
2018
1988
1935
1918
1896
1882
1866
1857
1846
1841
1791
1783
1779
1776
1759
1753
1747
1744
1740
1754
1765
1776
1788
1795
1805
1813
1823
1849
1867
1888
1908
1975
1985
1991
2004
2020
2033
2039
2049
2061
2077
2085
2089
2088
2083
2086
2090
2098
2122
2138
2150
2157
2174
2179
2180
2173
2177
2175
2183
2192
2190
2186
2182
2173
2162
2130
2116
2106
2104
2070
2060
2050
2039
2008
2010
2007
2005
2004
1983
1970
1953
1940
1922
1912
1901