2149
2150
2152
2150
2149
2151
2143
2138
2132
2126
2100
2095
2092
2080
2072
2075
2062
2054
2049
2040
2033
2032
2035
2043
2048
2047
2048
2055
2052
2061
2062
2076
2082
2084
2086
2086
2085
2082
2082
2082
2085
2087
2079
2073
2031
2019
2013
2008
1972
1965
1967
1961
1957
1933
1926
1920
1913
1906
1905
1902
1904
1902
1899
1892
1895
1918
1921
1930
1941
1985
1998
2007
2019
2036
2070
2078
2085
2094
2103
2109
2117
2124
2143
2148
2153
2162
2156
2150
2150
2154
2156
2142
2138
2135
2130
2126
2118
2111
2100
2067
2062
2058
2053
2027
2016
2011
2006
1962
1956
1949
1942
1940
1919
1912
1912
1900
1890
1882
1870
1870
1857
1853
1851
1856
1872
1874
1876
1884
1895
1901
1909
1921
1930
1952
1960
1972
1983
1996
2008
2018
2028
2058
2068
2073
2080
2101
2110
2117
2127
2132
2144
2144
2141
2141
2145
2142
2137
2138
2110
2107
2103
2102
2095
2092
2091
2084
2060
2049
2040
2030
2030
2029
2032
2033
2039
2050
2057
2073
2090
2124
2134
2134
2137
2203
2195
2179
2176
2178
2130
2164
2206
2236
2252
2280
2295
2276
2213
2185
2173
2151
2120
2114
2077
2047
1942
1890
1845
1791
1730
1583
1554
1507
1467
1450
1420
1368
1319
1201
1186
1188
1192
1207
1216
1215
1238
1288
1391
1463
1555
1638
1720
1811
1902
1981
2300
2372
2457
2545
2820
2898
2955
3003
3047
3126
3141
3152
3158
3161
3159
3149
3121
3001
2956
2912
2856
2608
2544
2481
2421
2359
2192
2152
2114
2064
2014
1969
1929
1882
1771
1772
1772
1760
1714
1710
1717
1732
1770
1784
1799
1815
1843
1902
1902
1891
1869
1837
1803
1781
1759
1696
1672
1640
1598
1546
1505
1468
1435
1397
1264
1232
1200
1170
1146
1121
1091
1061
1041
1009
1023
1042
1063
1092
1127
1173
1218
1447
1501
1555
1612
1849
1928
2016
2104
2185
2423
2493
2566
2645
2708
2759
2812
2866
2997
3038
3081
3123
3163
3199
3227
3252
3278
3316
3325
3339
3347
3342
3331
3312
3283
3246
3119
3073
3020
2974
2929
2874
2811
2755
2479
2408
2332
2253
1942
1869
1802
1731
1478
1406
1342
1276
1209
1025
969
924
885
858
838
824
809
739
735
736
740
790
801
817
836
859
944
972
1002
1036
1074
1119
1160
1207
1393
1452
1512
1577
1849
1923
1997
2077
2386
2460
2533
2615
2696
2917
2991
3065
3142
3218
3295
3368
3434
3641
3680
3719
3748
3800
3799
3791
3774
3739
3605
3547
3479
3402
3320
3230
3141
3045
2590
2466
2345
2224
1745
1633
1530
1432
1102
1039
982
929
885
798
780
766
766
767
778
793
804
887
916
953
989
1128
1162
1192
1222
1256
1363
1391
1422
1449
1476
1507
1542
1574
1689
1715
1744
1772
1802
1875
1903
1934
1969
2007
2040
2070
2104
2216
2250
2287
2322
2349
2381
2413
2447
2479
2582
2610
2634
2664
2697
2730
2757
2785
2890
2910
2926
2945
2954
2971
2971
2975
2974
2969
2952
2937
2921
2813
2772
2734
2689
2492
2441
2386
2319
2059
1990
1919
1845
1777
1573
1506
1443
1384
1325
1267
1220
1172
1027
994
970
955
901
901
912
926
1017
1055
1087
1117
1159
1278
1320
1363
1414
1471
1529
1586
1638
1864
1918
1968
2017
2211
2258
2302
2347
2390
2490
2521
2559
2601
2642
2678
2717
2755
2865
2879
2895
2919
2963
2973
2985
2991
2969
2957
2943
2923
2890
2747
2692
2641
2605
2585
2569
2544
2505
2211
2135
2063
1995
1762
1706
1666
1630
1578
1443
1392
1348
1306
1263
1224
1185
1161
1109
1112
1119
1131
1169
1180
1199
1219
1335
1370
1413
1450
1481
1570
1591
1617
1648
1690
1742
1794
1846
1985
2033
2085
2132
2298
2352
2396
2437
2472
2563
2588
2609
2638
2667
2700
2727
2745
2767
2764
2754
2754
2761
2767
2769
2773
2762
2714
2701
2684
2671
2655
2641
2620
2592
2562
2476
2444
2411
2376
2351
2323
2298
2254
2106
2075
2044
2023
1937
1911
1871
1826
1724
1711
1699
1678
1649
1555
1531
1514
1499
1482
1463
1436
1408
1312
1304
1298
1296
1264
1261
1261
1262
1265
1276
1277
1285
1308
1327
1350
1385
1414
1552
1588
1629
1677
1901
1964
2025
2085
2310
2367
2411
2458
2513
2648
2686
2725
2754
2787
2814
2838
2857
2918
2924
2925
2921
2889
2874
2854
2841
2812
2698
2658
2618
2574
2537
2504
2473
2436
2273
2233
2190
2151
1980
1941
1894
1850
1716
1690
1663
1636
1610
1515
1488
1463
1442
1423
1407
1406
1402
1303
1291
1281
1281
1453
1462
1446
1435
1414
1424
1457
1490
1525
1568
1617
1660
1695
1799
1854
1898
1920
1970
2024
2092
2162
2326
2346
2358
2371
2396
2470
2484
2508
2536
2559
2584
2606
2631
2665
2655
2630
2609
2645
2665
2672
2659
2626
2553
2545
2534
2514
2478
2430
2391
2365
2268
2249
2227
2190
2068
2035
2003
1969
1850
1834
1812
1791
1778
1720
1687
1659
1636
1616
1607
1601
1603
1534
1520
1511
1507
1504
1509
1516
1522
1526
1537
1530
1524
1530
1540
1544
1554
1571
1627
1661
1696
1724
1781
1801
1819
1839
1959
1991
2029
2061
2097
2176
2198
2222
2252
2272
2295
2324
2352
2425
2444
2456
2472
2513
2519
2521
2511
2495
2478
2472
2463
2455
2448
2441
2435
2434
2374
2347
2323
2308
2239
2222
2208
2190
2101
2076
2052
2018
1988
1935
1918
1896
1882
1866
1857
1846
1841
1791
1783
1779
1776
1759
1753
1747
1744
1740
1754
1765
1776
1788
1795
1805
1813
1823
1849
1867
1888
1908
1975
1985
1991
2004
2020
2033
2039
2049
2061
2077
2085
2089
2088
2083
2086
2090
2098
2122
2138
2150
2157
2174
2179
2180
2173
2177
2175
2183
2192
2190
2186
2182
2173
2162
2130
2116
2106
2104
2070
2060
2050
2039
2008
2010
2007
2005
2004
1983
1970
1953
1940
1922
1912
1901
1897
1882
1871
1859
1849
1816
1819
1817
1818
1821
1835
1846
1850
1853
1857
1859
1863
1867
1894
1911
1926
1940
1980
1983
1996
2004
2039
2057
2075
2090
2105
2132
2139
2147
2162
2177
2181
2189
2195
2211
2213
2212
2208
2188
2178
2167
2164
2162
2135
2124
2116
2106
2102
2097
2089
2078
2062
2062
2056
2047
2021
2012
2007
2000
1984
1974
1966
1965
1974
1952
1950
1949
1953
1956
1961
1966
1976
2019
2027
2037
2042
2060
2062
2072
2085
2096
2106
2117
2123
2125
2125
2119
2113
2105
2077
2066
2059
2054
2025
2048
2046
2015
1857
1810
1827
1889
1952
2000
1959
1891
1839
1799
1782
1779
1749
1792
1819
1866
1872
1935
1884
1886
1904
1889
1864
1895
1912
1915
1945
1980
1985
1982
2007
2063
2118
2132
2172
2149
2156
2175
2274
2267
2284
2331
2377
2418
2427
2422
2401
2392
2417
2436
2444
2418
2392
2364
2335
2284
2259
2236
2224
2222
2174
2164
2130
2083
2057
2034
2000
1971
1847
1812
1796
1788
1800
1766
1750
1748
1698
1684
1669
1668
1673
1682
1707
1724
1728
1735
1758
1769
1764
1797
1804
1825
1843
1928
1937
1935
1930
1929
1878
1888
1890
1887
1888
1895
1888
1869
1838
1831
1832
1842
1829
1841
1848
1852
1853
1864
1894
1936
1969
2096
2130
2147
2169
2196
2221
2246
2269
2380
2414
2448
2480
2561
2561
2561
2555
2557
2570
2573
2562
2555
2550
2539
2527
2510
2396
2365
2337
2314
2218
2194
2161
2123
1972
1941
1924
1907
1889
1826
1797
1764
1734
1704
1681
1660
1642
1579
1567
1551
1532
1489
1483
1483
1482
1485
1518
1527
1542
1559
1578
1588
1593
1615
1679
1701
1713
1731
1832
1859
1884
1905
2007
2022
2046
2081
2116
2228
2261
2287
2315
2344
2367
2396
2422
2527
2551
2576
2593
2644
2656
2666
2672
2673
2670
2676
2675
2672
2664
2656
2645
2626
2531
2513
2497
2473
2348
2309
2272
2238
2078
2036
2003
1957
1907
1779
1734
1693
1659
1635
1601
1566
1534
1428
1411
1391
1375
1357
1360
1361
1362
1374
1405
1422
1442
1465
1496
1520
1544
1578
1713
1741
1769
1795
1890
1908
1934
1956
2020
2034
2052
2072
2092
2118
2127
2139
2150
2158
2168
2172
2182
2216
2220
2226
2229
2259
2276
2295
2312
2319
2325
2334
2337
2341
2342
2341
2339
2343
2336
2334
2332
2332
2326
2324
2320
2315
2312
2282
2276
2270
2260
2246
2220
2191
2172
2116
2098
2077
2064
2044
2025
2004
1985
1969
1890
1865
1844
1824
1802
1775
1749
1727
1708
1656
1644
1621
1597
1584
1583
1582
1583
1572
1574
1586
1601
1672
1696
1722
1747
1773
1851
1872
1907
1933
1952
1986
2022
2053
2161
2184
2211
2237
2320
2337
2352
2362
2402
2407
2409
2410
2413
2396
2391
2379
2371
2357
2343
2333
2322
2279
2269
2253
2239
2180
2165
2156
2143
2130
2090
2078
2061
2050
2038
2025
2009
1992
1928
1908
1894
1880
1817
1795
1775
1750
1684
1664
1649
1636
1629
1611
1609
1609
1615
1624
1627
1634
1643
1695
1710
1728
1744
1823
1847
1870
1899
1982
2002
2024
2039
2058
2118
2133
2156
2182
2199
2221
2242
2258
2317
2329
2339
2348
2364
2366
2368
2369
2373
2382
2383
2379
2373
2369
2358
2349
2336
2269
2251
2246
2234
2170
2161
2151
2139
2084
2074
2061
2049
2042
2013
2002
1992
1975
1959
1946
1937
1927
1896
1888
1883
1878
1844
1840
1832
1820
1815
1782
1775
1774
1773
1774
1772
1774
1773
1767
1767
1768
1761
1754
1759
1768
1774
1785
1819
1828
1841
1860
1875
1887
1899
1909
1951
1968
1976
1990
2006
2021
2034
2045
2066
2116
2125
2136
2150
2160
2177
2191
2200
2210
2229
2242
2250
2251
2247
2252
2258
2258
2266
2266
2264
2258
2243
2238
2228
2217
2210
2171
2156
2149
2141
2134
2119
2106
2094
2055
2048
2038
2016
1976
1964
1956
1945
1904
1900
1898
1889
1880
1860
1855
1851
1854
1853
1862
1862
1862
1884
1890
1903
1918
1961
1969
1972
1984
1998
2029
2043
2053
2063
2071
2083
2093
2103
2132
2134
2135
2145
2161
2172
2179
2177
2156
2152
2157
2159
2158
2143
2135
2130
2128
2125
2124
2112
2103
2081
2078
2076
2074
2063
2059
2051
2054
2054
2043
2036
2031
2025
2025
2023
2019
2013
1976
1980
1976
1971
1951
1945
1939
1933
1920
1917
1911
1903
1898
1883
1877
1880
1878
1881
1882
1884
1886
1886
1896
1902
1901
1915
1922
1928
1936
1944
1961
1958
1958
1961
1957
1957
1959
1964
1957
1958
1963
1964
1970
1966
1972
1981
1988
1989
1993
1998
2000
2009
2016
2025
2031
2039
2048
2053
2063
2089
2092
2099
2100
2127
2132
2134
2136
2138
2160
2162
2158
2158
2157
2158
2160
2164
2147
2145
2149
2150
2144
2142
2137
2132
2118
2116
2115
2102
2099
2086
2086
2081
2074
2065
2054
2055
2052
2029
2018
2018
2025
2014
2010
2009
2006
2006
2014
2006
2001
2002
2000
1999
1997
1996
1994
1993
1999
2003
2013
2014
2021
2020
2024
2013
2015
2022
2022
2016
2010
2007
2011
2035
2036
2034
2031
2028
2030
2033
2037
2035
2037
2039
2032
2027
2021
2011
1996
1989
1980
1978
1976
1975
1944
1946
1948
1942
1913
1908
1905
1907
1903
1902
1900
1901
1901
1903
1905
1916
1925
1953
1962
1972
1976
1992
2000
2005
2012
2019
2027
2034
2037
2037
2038
2045
2049
2052
2055
2058
2065
2069
2075
2076
2072
2063
2057
2056
2055
2061
2063
2068
2065
2059
2057
2058
2057
2056
2058
2050
2046
2048
2048
2031
2024
2022
2025
2030
2029
2036
2037
2040
2022
2016
2018
2022
2025
2029
2038
2049
2073
2073
2077
2079
2071
2074
2078
2080
2085
2086
2085
2085
2086
2084
2086
2086
2089
2086
2088
2092
2091
2086
2080
2076
2074
2048
2039
2037
2038
2037
2028
2018
2014
2011
2007
2005
2003
2009
2016
2014
2019
2015
1996
1993
1994
1995
1997
1994
1984
1983
1985
1987
1981
1972
1975
1975
1983
1979
1984
1989
1979
1978
1980
1995
1997
1995
2000
2000
1977
1977
1979
1986
1988
1991
1987
1984
1969
1972
1973
1970
1946
1942
1935
1931
1928
1909
1899
1896
1895
1891
1886
1886
1884
1868
1873
1876
1881
1917
1928
1947
1962
1979
2027
2047
2064
2086
2108
2130
2151
2179
2274
2294
2321
2345
2401
2413
2424
2436
2449
2445
2445
2434
2408
2358
2374
2388
2388
2381
2376
2363
2331
2084
2026
1986
1970
1929
1922
1908
1900
1909
1874
1859
1836
1800
1757
1729
1715
1705
1708
1702
1714
1734
1750
1764
1781
1786
1801
1796
1799
1809
1815
1818
1825
1837
1855
1872
1885
1895
1907
1960
1972
1980
1986
2011
2014
2030
2041
2044
2085
2096
2112
2130
2142
2157
2164
2166
2137
2133
2130
2135
2144
2147
2161
2176
2195
2214
2203
2185
2166
2144
2130
2114
2100
2094
2093
2093
2095
2097
2088
2078
2069
2063
2028
2016
2000
1984
1976
1976
1963
1954
1954
1942
1927
1914
1906
1904
1894
1888
1884
1854
1845
1841
1834
1840
1845
1851
1851
1857
1867
1865
1874
1882
1889
1896
1906
1926
1961
1965
1970
1976
1978
1984
1986
2004
2023
2054
2069
2083
2099
2114
2123
2124
2130
2136
2165
2187
2201
2213
2227
2244
2253
2260
2268
2268
2267
2262
2249
2248
2242
2238
2228
2202
2195
2184
2168
2156
2139
2125
2118
2068
2056
2050
2047
2026
2013
2010
2004
1992
1988
1989
1993
1994
2004
2005
2005
2001
1999
2001
1996
1989
1992
1994
2005
2008
2010
2007
2008
2008
2013
2007
2010
2011
2009
2013
2013
2013
2015
2014
2013
2005
2006
2008
2007
2011
2015
2019
2022
2020
2027
2034
2040
2043
2044
2045
2048
2037
2037
2033
2034
2025
2020
2024
2030
2029
2025
2024
2021
1989
1980
1981
1973
1959
1956
1954
1948
1941
1914
1912
1909
1914
1914
1910
1922
1928
1924
1916
1917
1919
1917
1921
1927
1929
1939
1963
1961
1959
1966
1973
1973
1975
1981
1978
1978
1980
1983
2000
2006
2007
2016
2012
2013
2015
2018
2011
2007
2006
2004
2008
2018
2022
2021
2020
2021
2023
2030
2027
2026
2027
2028
2035
2047
2060
2055
2058
2068
2079
2085
2093
2094
2120
2132
2145
2148
2163
2168
2175
2182
2187
2203
2211
2214
2215
2210
2198
2193
2196
2163
2146
2140
2137
2104
2093
2079
2074
2054
2037
2028
2028
2024
2003
1996
1988
1983
1978
1973
1972
1961
1946
1937
1931
1924
1918
1911
1905
1906
1904
1883
1881
1875
1869
1855
1848
1850
1856
1875
1877
1883
1888
1889
1889
1893
1903
1912
1933
1947
1959
1966
1972
1982
1987
1999
2047
2061
2080
2094
2113
2119
2129
2137
2163
2160
2161
2162
2168
2181
2183
2178
2173
2170
2161
2162
2165
2157
2149
2151
2153
2128
2129
2122
2115
2114
2093
2077
2074
2062
2055
2052
2050
2050
2043
2043
2039
2039
2018
2017
2019
2014
2005
2005
2009
2017
2018
2021
2020
2021
2021
2021
2020
2025
2030
2012
2010
2006
2008
1988
1983
1978
1973
1968
1965
1967
1964
1959
1949
1932
1928
1927
1920
1919
1922
1921
1904
1909
1909
1905
1905
1913
1917
1922
1928
1935
1941
1947
1954
1959
1960
1963
1974
1982
1985
1989
1998
2028
2035
2044
2052
2060
2086
2094
2100
2109
2123
2131
2146
2154
2170
2170
2172
2170
2163
2154
2154
2156
2154
2127
2127
2115
2107
2098
2092
2081
2070
2021
2011
2009
1994
1957
1944
1936
1932
1922
1915
1915
1909
1905
1904
1907
1907
1902
1904
1902
1908
1912
1954
1962
1962
1968
1999
1998
2004
2015
2024
2012
2008
2006
2005
2003
2006
2008
2008
2024
2036
2040
2044
2063
2069
2070
2078
2085
2095
2093
2105
2110
2116
2116
2125
2132
2128
2132
2129
2123
2119
2113
2105
2108
2111
2096
2099
2104
2107
2103
2090
2084
2085
2074
2073
2076
2074
2058
2054
2057
2055
2052
2043
2043
2044
2047
2051
2050
2053
2054
2055
2058
2058
2055
2059
2061
2056
2054
2049
2040
2032
2033
2034
2027
2017
2013
2012
2003
1975
1967
1956
1951
1951
1946
1942
1942
1917
1914
1905
1904
1895
1890
1892
1898
1904
1905
1909
1911
1915
1918
1913
1920
1928
1939
1942
1951
1966
1995
2005
2015
2019
2056
2067
2072
2080
2081
2083
2085
2094
2097
2092
2093
2095
2100
2098
2093
2095
2096
2087
2088
2087
2085
2079
2067
2068
2068
2065
2060
2056
2048
2044
2027
2025
2023
2019
1998
1986
1985
1978
1965
1958
1959
1956
1960
1955
1955
1956
1955
1958
1957
1959
1955
1963
1964
1968
1972
1978
1981
1988
1987
1995
2013
2019
2025
2036
2047
2050
2057
2064
2090
2100
2111
2113
2134
2136
2138
2137
2144
2146
2143
2135
2134
2125
2125
2122
2116
2112
2102
2093
2085
2063
2060
2061
2055
2040
2033
2032
2031
2028
2013
2011
2006
2002
2000
2000
1998
1993
1990
1993
1989
1989
1982
1979
1983
1982
1983
1971
1969
1963
1968
1966
1966
1971
1974
1964
1966
1976
1983
1983
1991
1993
1992
1993
1992
1997
2002
2006
2005
2007
2008
2006
2012
2012
2018
2022
2033
2040
2043
2046
2045
2049
2050
2053
2061
2060
2059
2055
2053
2053
2052
2054
2055
2059
2063
2063
2064
2063
2051
2055
2053
2055
2049
2050
2053
2059
2045
2035
2032
2031
2031
2034
2033
2032
2031
2025
2021
2017
2013
2008
2006
2005
2010
1989
1983
1980
1979
1981
1970
1965
1964
1968
1971
1966
1965
1965
1967
1964
1964
1964
1956
1958
1964
1967
1986
1989
1994
2002
2010
2022
2027
2033
2039
2046
2051
2046
2051
2063
2069
2071
2075
2086
2091
2096
2102
2101
2087
2096
2088
2086
2092
2093
2101
2099
2097
2089
2084
2086
2088
2092
2086
2080
2075
2073
2074
2069
2065
2074
2070
2065
2069
2069
2066
2062
2062
2041
2040
2031
2028
2005
2010
2009
2004
2002
1980
1969
1968
1960
1951
1944
1942
1937
1926
1930
1932
1941
1875
1876
1923
2033
2129
2011
1917
1828
1746
1730
1780
1862
1953
2012
2048
2086
2134
2128
2081
2030
1991
2017
2033
2056
2073
2073
2066
2091
2118
2147
2149
2129
2117
2103
2077
2070
2076
2093
2032
2029
2027
2029
2036
2010
2001
2012
2038
2073
2093
2091
2065
1905
1911
1938
1964
2076
2088
2093
2084
1954
1845
1725
1675
1769
2032
2097
2039
1819
1646
1595
1495
1293
1058
1112
1114
1091
1188
1393
1473
1416
1473
1729
1816
1937
1947
1876
1813
1783
1781
1993
2159
2273
2410
3065
3222
3372
3458
3792
3817
3828
3896
4008
4088
4088
4089
4088
4091
4082
4088
4089
3832
3736
3638
3520
2802
2611
2439
2280
2115
1645
1499
1324
1143
956
769
597
472
132
122
112
109
106
109
113
119
122
137
141
147
152
164
190
231
304
726
914
1092
1249
1395
1551
1699
1829
1945
2196
2275
2346
2404
2453
2486
2513
2554
2590
2627
2595
2538
2477
2421
2362
2309
2280
2275
2297
2329
2360
2445
2447
2458
2475
2420
2396
2360
2328
2322
2387
2441
2501
2545
2557
2547
2534
2511
2548
2631
2729
2834
3048
3059
3053
3029
2997
2853
2792
2721
2640
2554
2465
2380
2299
1894
1781
1668
1558
1175
1097
1029
975
875
882
894
909
920
941
938
935
942
946
943
942
959
1133
1187
1242
1296
1504
1565
1633
1707
1796
2088
2165
2244
2328
2401
2454
2510
2565
2767
2817
2861
2901
3001
3008
3011
3006
3019
3014
3006
2996
2984
2957
2956
2957
2950
2934
2909
2882
2847
2681
2653
2633
2603
2431
2380
2328
2276
2217
2020
1963
1904
1848
1795
1746
1699
1665
1566
1534
1495
1448
1247
1209
1177
1152
1131
1053
1030
1007
994
984
973
970
974
986
1002
1024
1053
1086
1127
1175
1226
1282
1456
1520
1579
1633
1688
1743
1802
1863
1913
2058
2101
2156
2215
2279
2340
2390
2449
2671
2726
2785
2840
3043
3096
3140
3189
3237
3295
3285
3262
3233
3210
3175
3131
3088
2899
2847
2787
2728
2454
2376
2296
2223
1948
1886
1821
1759
1702
1511
1450
1395
1344
1293
1239
1191
1144
1002
980
966
960
955
970
991
1010
1039
1131
1172
1215
1257
1301
1347
1397
1444
1616
1658
1694
1734
1884
1923
1958
1989
2019
2090
2112
2129
2142
2165
2189
2200
2220
2324
2345
2368
2399
2473
2496
2519
2544
2617
2633
2645
2662
2675
2721
2732
2742
2752
2760
2767
2770
2776
2781
2784
2789
2794
2747
2729
2706
2672
2635
2478
2426
2371
2321
2269
2216
2166
2107
1901
1850
1802
1753
1597
1566
1532
1504
1481
1419
1398
1376
1365
1342
1330
1324
1323
1318
1314
1314
1316
1318
1323
1329
1339
1351
1394
1409
1427
1438
1455
1469
1487
1506
1528
1580
1592
1605
1625
1640
1654
1671
1693
1754
1775
1795
1816
1911
1941
1975
2010
2049
2173
2223
2269
2317
2375
2418
2453
2497
2653
2689
2722
2752
2862
2883
2903
2920
2919
2907
2890
2876
2865
2785
2749
2718
2677
2641
2607
2567
2528
2353
2307
2260
2218
2036
1991
1948
1903
1858
1743
1708
1671
1638
1605
1571
1547
1521
1453
1443
1434
1426
1426
1428
1435
1451
1500
1517
1539
1557
1569
1621
1646
1674
1697
1723
1746
1775
1808
1924
1953
1985
2013
2116
2138
2157
2182
2203
2248
2253
2263
2272
2279
2286
2291
2293
2314
2314
2311
2321
2307
2299
2297
2297
2289
2257
2244
2224
2202
2187
2171
2156
2135
2045
2029
2022
2012
1967
1955
1948
1941
1936
1936
1938
1940
1943
1948
1949
1952
1951
1946
1935
1931
1925
1913
1912
1909
1906
1884
1885
1886
1882
1878
1864
1863
1859
1857
1858
1853
1853
1858
1856
1862
1867
1867
1880
1886
1894
1900
1939
1952
1968
1983
1994
2027
2044
2064
2085
2102
2116
2138
2155
2211
2224
2236
2246
2283
2293
2296
2300
2301
2286
2282
2278
2277
2271
2261
2250
2247
2222
2215
2208
2203
2183
2180
2172
2160
2152
2134
2120
2109
2104
2097
2091
2080
2074
2034
2029
2023
2020
1963
1954
1949
1940
1893
1885
1875
1869
1865
1835
1826
1819
1811
1800
1792
1782
1781
1776
1776
1776
1772
1789
1795
1803
1824
1836
1894
1917
1935
1958
1981
2000
2018
2037
2112
2129
2149
2170
2227
2233
2241
2251
2288
2295
2298
2300
2301
2301
2297
2293
2289
2276
2262
2255
2239
2171
2144
2120
2102
2033
2015
2002
1992
1978
1944
1936
1929
1915
1903
1894
1890
1883
1849
1850
1854
1853
1831
1831
1831
1836
1838
1834
1830
1825
1821
1824
1820
1827
1824
1824
1826
1829
1834
1854
1869
1873
1881
1911
1915
1923
1931
1952
1976
1987
2002
2013
2025
2040
2051
2064
2103
2118
2120
2125
2160
2172
2176
2178
2189
2194
2201
2206
2209
2214
2212
2209
2201
2198
2197
2201
2196
2164
2163
2161
2156
2140
2136
2128
2123
2120
2102
2090
2085
2085
2084
2081
2081
2076
2056
2055
2051
2051
2044
2037
2034
2031
2032
2024
2022
2019
2017
2014
2004
1996
1988
1954
1941
1924
1913
1884
1882
1880
1879
1881
1894
1899
1906
1920
1929
1936
1943
1947
1971
1973
1982
1990
2014
2021
2038
2056
2069
2067
2063
2062
2067
2073
2074
2076
2075
2073
2073
2068
2062
2052
2047
2046
2044
2030
2024
2018
2018
2021
2011
2010
2004
2005
2009
2018
2026
2033
2033
2021
2012
2038
2067
2059
2046
2037
2050
2032
2029
2031
2025
2026
2032
2029
2028
2029
2024
2018
2007
2003
1991
1997
2004
1987
1997
1996
2000
2012
2021
2033
2044
2048
2042
2032
2026
2016
2004
1994
1989
1982
1979
1968
1963
1955
1958
1967
1976
1975
1971
1962
1959
1948
1931
1891
1885
1890
1881
1887
1890
1892
1896
1922
1936
1944
1953
1959
1981
1983
1971
1951
1924
1892
1864
1829
1697
1666
1631
1597
1454
1422
1397
1369
1354
1315
1313
1315
1315
1318
1323
1322
1332
1299
1356
1554
1646
1877
1867
1884
1902
2186
2279
2400
2513
2626
3071
3196
3350
3546
3766
3981
4090
4088
4089
4090
4088
4089
4090
4089
4089
4085
4088
4089
4089
4088
4089
4090
4089
4089
4088
4088
4063
3941
3763
2753
2453
2156
1876
1608
862
612
347
128
95
85
80
75
67
65
65
64
63
64
63
64
64
68
68
69
72
73
77
78
81
91
94
103
112
126
152
198
273
374
751
870
990
1116
1241
1375
1520
1683
1846
2363
2525
2667
2793
2895
2982
3053
3112
3277
3302
3317
3303
3081
3003
2930
2868
2806
2840
2889
2953
3020
3167
3202
3230
3267
3299
3317
3320
3321
3191
3127
3068
2995
2746
2711
2685
2669
2670
2660
2645
2617
2590
2551
2511
2471
2431
2233
2165
2085
1985
1466
1328
1181
1043
900
496
370
247
153
126
119
116
115
116
118
120
129
175
207
256
318
689
790
893
995
1102
1459
1590
1720
1858
2002
2140
2282
2421
2961
3112
3257
3406
3970
4073
4091
4087
4089
4089
4090
4091
4089
4090
4090
4089
4091
4046
3961
3855
3733
3197
3064
2939
2818
2705
2382
2293
2204
2124
2047
1973
1911
1854
1668
1597
1522
1453
1378
1310
1246
1190
1131
983
938
895
845
790
730
685
648
625
593
596
592
598
605
609
607
601
604
623
649
671
795
836
893
951
1009
1197
1275
1359
1448
1541
1638
1739
1859
2362
2477
2601
2723
3139
3224
3297
3361
3503
3523
3542
3548
3559
3539
3535
3519
3494
3467
3441
3407
3358
3120
3043
2963
2880
2460
2349
2236
2131
2026
1696
1599
1497
1399
1308
1225
1153
1093
917
901
890
892
927
939
953
977
1071
1095
1120
1147
1163
1217
1231
1246
1260
1280
1304
1329
1354
1478
1514
1543
1578
1731
1777
1823
1873
1927
2079
2124
2162
2203
2247
2292
2335
2369
2462
2472
2478
2485
2504
2512
2525
2543
2652
2687
2729
2758
2788
2877
2901
2922
2950
2968
2976
2984
2983
2958
2938
2913
2882
2749
2717
2692
2667
2635
2531
2498
2463
2429
2398
2365
2327
2286
2134
2084
2034
1985
1746
1689
1637
1592
1420
1386
1354
1321
1292
1224
1211
1200
1199
1199
1200
1195
1197
1199
1203
1208
1218
1271
1288
1306
1320
1339
1407
1427
1450
1473
1509
1543
1574
1609
1790
1833
1879
1924
2086
2129
2172
2213
2361
2395
2417
2436
2461
2499
2510
2522
2539
2559
2578
2598
2611
2670
2686
2695
2700
2720
2723
2719
2709
2700
2660
2645
2632
2617
2597
2568
2536
2503
2382
2357
2328
2297
2173
2144
2118
2092
2074
1993
1959
1930
1897
1868
1841
1814
1787
1697
1672
1649
1632
1554
1533
1517
1504
1480
1487
1506
1529
1546
1615
1643
1669
1701
1724
1742
1766
1803
1913
1939
1963
1980
2032
2034
2035
2037
2035
2021
2015
2006
1998
1996
1987
1987
1986
1947
1936
1928
1919
1888
1881
1870
1861
1862
1873
1889
1893
1900
1949
1968
1987
2012
2037
2055
2079
2110
2177
2221
2250
2279
2344
2330
2319
2306
2300
2329
2337
2344
2347
2335
2320
2311
2310
2293
2280
2256
2233
2155
2141
2114
2084
2066
2008
1980
1967
1960
1946
1929
1911
1893
1829
1818
1818
1828
1866
1878
1889
1889
1879
1874
1876
1881
1883
1906
1910
1906
1907
1911
1911
1906
1912
1903
1903
1898
1904
1948
1973
1994
2015
2026
2042
2038
2043
2053
2058
2067
2072
2078
2086
2091
2091
2087
2062
2060
2053
2041
2029
2026
2038
2048
2056
2077
2092
2098
2108
2116
2121
2139
2150
2177
2176
2183
2193
2210
2202
2195
2188
2185
2173
2159
2154
2150
2133
2130
2121
2117
2121
2126
2129
2121
2108
2077
2071
2068
2071
2074
2082
2084
2081
2078
2077
2078
2078
2061
2035
2039
2041
2047
2050
2052
2056
2061
2066
2074
2085
2088
2073
2069
2073
2073
2076
2053
2038
2036
2024
2013
2007
1993
1983
1923
1906
1885
1870
1816
1807
1800
1793
1787
1749
1739
1728
1725
1722
1723
1721
1724
1737
1743
1752
1768
1807
1812
1824
1832
1883
1894
1906
1923
1936
1984
1991
2001
2011
2024
2039
2048
2054
2076
2084
2084
2084
2074
2074
2079
2073
2069
2076
2083
2098
2109
2120
2124
2119
2119
2182
2212
2240
2271
2310
2300
2291
2286
2272
2276
2277
2265
2240
2312
2241
2219
2240
2230
2191
2184
2204
2159
2170
2170
2152
2060
2058
2080
2075
2042
2022
2001
1977
1961
1949
1927
1906
1898
1898
1891
1885
1882
1829
1808
1786
1769
1762
1756
1762
1759
1747
1730
1727
1726
1730
1728
1742
1756
1774
1836
1839
1860
1892
1988
2014
2046
2081
2114
2183
2209
2236
2264
2287
2323
2367
2398
2453
2453
2455
2463
2458
2447
2438
2430
2418
2340
2301
2277
2254
2226
2209
2196
2175
2077
2053
2032
2007
1915
1895
1879
1863
1795
1777
1750
1722
1698
1617
1589
1564
1539
1511
1486
1463
1450
1367
1333
1295
1259
1054
998
945
890
841
718
693
674
660
643
623
615
613
642
657
675
703
957
1055
1159
1280
1414
1870
2037
2211
2401
2590
2790
2990
3192
4004
4089
4089
4089
4089
4089
4091
4088
4087
4087
4089
4090
4088
4088
4090
4088
4089
4087
4090
4089
4088
4089
4091
4089
4089
4089
4089
4009
3819
3601
2834
2552
2279
1984
1695
1474
1293
1081
169
102
90
88
73
73
68
69
66
64
64
65
62
63
63
64
64
66
66
68
69
71
73
75
82
86
101
109
120
134
161
219
326
483
674
1184
1353
1511
1668
1810
1947
2086
2224
2693
2787
2864
2915
3078
3115
3163
3207
3365
3386
3406
3412
3406
3332
3302
3269
3223
3198
3186
3197
3219
3350
3353
3346
3330
3187
3146
3103
3059
3021
2860
2798
2712
2612
2513
2421
2328
2253
2035
1995
1957
1919
1728
1683
1639
1594
1418
1370
1312
1255
1197
1008
947
888
841
798
754
704
645
355
287
234
204
226
266
321
374
439
658
742
834
951
1074
1199
1344
1480
2066
2191
2302
2409
2799
2899
3001
3107
3208
3474
3546
3606
3649
3691
3741
3795
3846
4037
4082
4091
4089
4088
4089
4089
4090
4086
4081
4058
4022
3981
3940
3895
3838
3776
3708
3432
3314
3194
3077
2955
2824
2696
2551
1963
1816
1667
1532
1020
898
788
677
581
311
233
181
154
148
143
144
145
155
163
170
185
260
298
350
411
752
849
947
1039
1133
1446
1543
1643
1746
1849
1952
2063
2171
2595
2687
2781
2865
3161
3229
3291
3348
3403
3518
3539
3547
3540
3530
3502
3465
3422
3239
3191
3140
3090
2860
2804
2736
2672
2596
2357
2270
2186
2102
2012
1916
1832
1746
1502
1427
1354
1283
1221
1166
1109
1055
1003
881
854
829
813
797
788
791
794
806
877
908
944
983
1023
1074
1123
1172
1374
1419
1461
1503
1671
1699
1731
1761
1788
1857
1884
1903
1923
1939
1948
1954
1966
2052
2085
2118
2156
2295
2321
2357
2396
2505
2528
2554
2583
2599
2639
2647
2662
2673
2679
2695
2707
2719
2740
2741
2740
2729
2682
2666
2650
2631
2617
2591
2588
2585
2578
2573
2576
2574
2575
2542
2540
2534
2524
2444
2424
2394
2371
2248
2205
2157
2116
2070
1920
1870
1816
1762
1712
1665
1616
1573
1394
1352
1311
1276
1155
1132
1118
1101
1088
1072
1072
1069
1074
1078
1088
1104
1119
1185
1208
1242
1267
1406
1441
1479
1520
1711
1762
1814
1863
1910
2064
2118
2163
2209
2254
2300
2345
2393
2565
2601
2630
2667
2780
2804
2827
2845
2863
2884
2888
2886
2881
2874
2859
2839
2822
2736
2715
2697
2668
2524
2487
2453
2418
2377
2254
2218
2176
2148
2120
2087
2060
2034
1938
1915
1895
1879
1834
1828
1826
1820
1816
1810
1806
1807
1798
1794
1787
1781
1776
1767
1761
1756
1752
1755
1759
1759
1759
1758
1759
1763
1768
1770
1771
1771
1779
1786
1789
1807
1816
1826
1832
1838
1841
1848
1854
1884
1894
1898
1907
1914
1923
1929
1930
1930
1925
1924
1915
1910
1905
1904
1896
1894
1892
1883
1889
1895
1903
1909
1921
1930
1943
2005
2023
2042
2064
2148
2163
2186
2216
2235
2294
2312
2323
2336
2345
2358
2375
2380
2407
2412
2411
2407
2373
2362
2351
2339
2276
2256
2236
2215
2197
2122
2095
2069
2045
2016
1986
1964
1935
1812
1781
1754
1721
1621
1601
1587
1575
1567
1527
1516
1511
1512
1515
1515
1521
1522
1531
1537
1553
1574
1648
1668
1687
1706
1806
1834
1861
1883
1913
2013
2045
2073
2096
2125
2155
2190
2222
2327
2349
2369
2386
2439
2448
2452
2465
2470
2467
2460
2450
2446
2408
2398
2390
2377
2367
2356
2342
2331
2268
2260
2246
2236
2190
2170
2157
2150
2137
2082
2070
2061
2048
2033
2016
2004
1986
1936
1927
1920
1907
1869
1859
1855
1853
1846
1847
1844
1842
1848
1861
1863
1870
1881
1890
1901
1912
1918
1959
1974
1985
1990
2019
2026
2036
2045
2054
2074
2074
2066
2055
2058
2058
2057
2056
2048
2048
2052
2058
2057
2066
2070
2063
2054
2016
2013
2007
2004
2005
2013
2017
2029
2056
2050
2049
2046
2023
2025
2023
2017
2010
1980
1974
1966
1966
1967
1966
1964
1963
1976
1982
1980
1979
1971
1969
1970
1971
1972
1965
1962
1958
1943
1932
1927
1918
1911
1881
1885
1885
1878
1820
1807
1800
1800
1828
1843
1862
1877
1883
1883
1892
1905
1922
2001
2027
2051
2074
2088
2101
2110
2124
2163
2186
2210
2232
2286
2302
2313
2318
2325
2347
2356
2365
2372
2372
2371
2373
2371
2332
2315
2308
2301
2270
2263
2252
2235
2211
2098
2064
2041
2025
2006
1999
1993
1983
1925
1905
1879
1857
1841
1833
1834
1827
1825
1793
1791
1777
1757
1743
1732
1721
1708
1698
1668
1650
1635
1621
1610
1596
1573
1555
1481
1462
1439
1415
1317
1286
1249
1201
1154
1022
980
943
924
906
888
882
890
1017
1067
1115
1167
1217
1273
1460
1522
1587
1654
1729
1807
1895
1997
2114
2521
2683
2845
3011
3175
3338
3504
3671
4088
4089
4090
4087
4088
4089
4088
4089
4090
4089
4089
4088
4088
4087
4088
4088
4090
4088
4088
4089
4089
4090
4091
4090
4087
4088
4089
4090
4090
4089
3587
3371
3135
2880
1885
1643
1409
1179
262
116
99
90
84
73
72
69
69
67
66
63
64
61
60
59
57
58
59
60
59
58
59
60
60
60
65
65
67
70
71
73
73
73
78
87
91
97
105
118
132
161
216
323
824
1002
1173
1340
1508
1681
1867
2049
2594
2758
2909
3043
3171
3287
3398
3507
3613
3917
4028
4088
4090
4088
4088
4087
4089
4087
4088
4088
4091
4089
4090
4089
4089
4088
4087
4062
4011
3948
3725
3667
3606
3533
3195
3102
3007
2908
2808
2462
2346
2225
2103
1984
1853
1724
1594
1093
973
862
751
354
280
207
155
136
122
116
114
114
111
109
110
109
112
121
123
132
218
266
333
416
882
1014
1147
1280
1409
1785
1920
2058
2202
2348
2496
2651
2802
3373
3503
3629
3746
4089
4089
4089
4089
4090
4090
4089
4089
4087
4089
4088
4089
4087
4089
4089
4089
4089
4077
4015
3921
3813
3284
3132
2974
2803
2631
2110
1941
1782
1634
1483
1336
1196
1057
515
391
275
171
112
112
109
107
104
105
105
105
109
111
113
115
119
143
154
177
207
494
596
712
836
1307
1415
1522
1630
1733
2043
2140
2233
2327
2425
2506
2576
2634
2908
2968
3041
3130
3358
3392
3403
3397
3403
3350
3338
3318
3296
3264
3230
3192
3145
2900
2838
2778