3977
4088
4088
4089
4089
4090
4090
4089
4089
3941
3837
3722
3598
3477
3243
3178
3099
3011
2913
2810
2707
2597
2119
2006
1932
1894
1782
1711
1620
1534
1451
1246
1187
1128
1070
1012
955
896
854
840
855
890
920
1020
1025
1033
1029
884
852
821
794
771
695
672
649
620
595
566
537
508
553
572
591
604
664
705
760
835
921
1202
1297
1390
1484
1584
1678
1766
1846
2097
2147
2208
2259
2505
2572
2632
2684
2812
2843
2876
2907
2935
2972
2971
2970
2969
2965
2961
2954
2944
2818
2776
2745
2712
2619
2601
2586
2578
2568
2523
2494
2457
2420
2382
2336
2295
2257
2098
2065
2036
2002
1829
1790
1764
1740
1647
1624
1600
1586
1566
1511
1494
1480
1478
1475
1477
1486
1497
1600
1635
1668
1703
1891
1942
1995
2048
2095
2206
2240
2277
2322
2369
2416
2464
2519
2751
2806
2850
2894
3080
3130
3170
3210
3316
3329
3340
3349
3355
3346
3337
3321
3308
3286
3261
3227
3192
3014
2962
2908
2859
2597
2515
2434
2347
2022
1958
1902
1859
1821
1717
1686
1657
1626
1591
1564
1536
1517
1451
1434
1424
1420
1415
1412
1420
1431
1447
1511
1536
1559
1578
1594
1594
1593
1593
1561
1546
1535
1526
1474
1467
1460
1455
1484
1497
1507
1506
1513
1555
1565
1579
1594
1602
1605
1620
1628
1683
1698
1719
1738
1847
1871
1898
1926
1951
1992
2002
2010
2017
2019
2029
2030
2036
2058
2061
2061
2061
2072
2080
2089
2100
2104
2096
2082
2066
2050
2002
1978
1956
1927
1905
1891
1870
1854
1758
1738
1724
1713
1668
1661
1649
1643
1642
1633
1623
1618
1620
1623
1625
1628
1635
1676
1696
1715
1726
1770
1784
1806
1819
1877
1890
1907
1926
1941
2004
2032
2055
2075
2088
2100
2115
2133
2211
2234
2260
2283
2361
2385
2410
2425
2447
2513
2540
2567
2597
2627
2645
2668
2690
2729
2741
2751
2766
2807
2803
2792
2774
2660
2626
2590
2556
2526
2420
2382
2344
2315
2286
2256
2232
2206
2053
1998
1937
1879
1680
1664
1660
1669
1679
1703
1692
1683
1670
1652
1633
1616
1596
1595
1616
1633
1648
1662
1670
1674
1670
1675
1692
1702
1721
1725
1724
1717
1721
1727
1734
1770
1783
1804
1823
1844
1870
1894
1911
1977
1996
2023
2056
2192
2219
2236
2244
2298
2318
2338
2354
2374
2406
2410
2410
2403
2396
2384
2377
2371
2350
2351
2352
2357
2324
2315
2302
2293
2281
2240
2228
2228
2226
2221
2221
2225
2234
2229
2223
2215
2204
2143
2134
2121
2104
2092
2029
2006
1984
1968
1950
1926
1904
1879
1795
1773
1766
1758
1714
1713
1722
1719
1705
1706
1704
1706
1707
1734
1745
1752
1759
1763
1759
1756
1749
1727
1730
1737
1746
1802
1811
1821
1816
1823
1811
1810
1810
1815
1814
1811
1819
1827
1844
1845
1842
1836
1769
1756
1744
1740
1794
1818
1843
1869
1892
1940
1947
1962
1982
1999
2024
2034
2047
2080
2088
2099
2107
2110
2111
2109
2099
2106
2102
2103
2102
2099
2099
2097
2096
2092
2069
2057
2052
2051
2081
2099
2117
2130
2174
2188
2206
2223
2252
2343
2374
2404
2436
2464
2497
2529
2558
2643
2664
2691
2708
2761
2769
2781
2790
2798
2772
2753
2731
2709
2679
2651
2624
2594
2476
2455
2432
2410
2304
2271
2236
2198
2075
2045
2015
1982
1951
1835
1792
1753
1721
1682
1642
1606
1579
1470
1448
1419
1389
1312
1298
1284
1264
1250
1196
1178
1163
1153
1143
1137
1132
1120
1081
1070
1059
1059
1095
1114
1134
1156
1256
1287
1320
1349
1384
1498
1543
1592
1636
1683
1728
1774
1816
1977
2014
2055
2095
2226
2262
2297
2330
2362
2455
2478
2506
2533
2556
2576
2600
2619
2667
2679
2680
2683
2669
2666
2664
2661
2658
2657
2659
2665
2667
2658
2654
2655
2651
2649
2644
2642
2641
2630
2632
2629
2629
2618
2618
2617
2609
2599
2551
2531
2515
2499
2490
2474
2453
2430
2314
2287
2264
2240
2116
2090
2059
2034
1916
1887
1861
1837
1812
1744
1730
1715
1696
1677
1662
1654
1645
1633
1632
1637
1640
1646
1649
1659
1668
1675
1693
1693
1694
1691
1682
1678
1674
1669
1648
1644
1647
1646
1646
1648
1645
1646
1650
1659
1665
1666
1668
1670
1672
1682
1689
1711
1715
1724
1729
1759
1763
1765
1766
1814
1829
1838
1846
1860
1887
1896
1902
1914
1926
1938
1947
1954
1977
1982
1989
1987
1998
2004
2008
2013
2018
2031
2038
2050
2059
2066
2082
2100
2116
2180
2198
2220
2239
2313
2328
2341
2352
2403
2415
2430
2440
2445
2470
2475
2478
2485
2490
2493
2491
2494
2482
2482
2481
2476
2439
2431
2423
2416
2409
2360
2349
2339
2327
2316
2310
2296
2281
2231
2215
2202
2184
2114
2095
2084
2068
2017
1996
1977
1966
1953
1889
1875
1862
1848
1829
1813
1798
1793
1732
1724
1716
1710
1661
1650
1641
1632
1630
1623
1623
1618
1611
1602
1597
1601
1600
1583
1581
1583
1589
1608
1614
1624
1632
1639
1676
1687
1696
1712
1721
1736
1754
1767
1836
1848
1862
1876
1935
1945
1957
1970
2029
2041
2055
2071
2089
2126
2135
2150
2169
2181
2189
2202
2215
2257
2268
2284
2295
2316
2321
2330
2338
2340
2334
2330
2328
2326
2324
2320
2325
2327
2291
2283
2277
2279
2276
2270
2265
2261
2248
2241
2230
2223
2208
2178
2173
2167
2160
2153
2144
2138
2134
2108
2105
2100
2099
2066
2058
2058
2061
2058
2038
2032
2035
2034
2039
2040
2042
2040
2040
2037
2037
2040
2033
2029
2030
2027
2034
2033
2035
2038
2039
2025
2023
2020
2016
2010
2009
2005
2002
1982
1973
1964
1960
1935
1931
1933
1935
1934
1920
1906
1901
1894
1891
1884
1884
1882
1851
1844
1840
1836
1813
1812
1806
1802
1779
1779
1783
1785
1788
1791
1796
1802
1812
1820
1829
1843
1857
1884
1890
1897
1902
1930
1932
1937
1943
1954
1977
1981
1983
1990
1999
2027
2079
2068
1762
1752
1761
1817
2079
2148
2171
2149
2167
2191
2233
2256
2245
2193
2186
2181
2174
2172
2184
2208
2226
2272
2266
2253
2259
2299
2297
2279
2251
2255
2259
2247
2237
2223
2197
2175
2157
2143
2082
2092
2097
2098
1985
1966
1962
1956
1948
1876
1848
1819
1783
1746
1708
1679
1657
1592
1598
1605
1618
1597
1582
1559
1544
1562
1595
1616
1624
1638
1708
1741
1767
1794
1822
1840
1867
1920
2208
2278
2329
2377
2583
2653
2732
2813
2894
3091
3139
3187
3232
3269
3287
3304
3318
3365
3375
3382
3384
3295
3252
3210
3151
2868
2787
2711
2623
2529
2219
2111
2005
1904
1810
1719
1644
1563
1177
1065
964
876
582
539
500
461
435
378
368
360
362
368
374
393
420
572
624
685
746
1032
1100
1173
1254
1614
1692
1777
1872
1961
2202
2289
2382
2477
2563
2651
2736
2817
3070
3120
3161
3202
3385
3417
3405
3331
3227
2954
2923
2919
2930
2945
2967
2994
3017
2937
2932
2936
2942
2807
2736
2653
2555
2455
2174
2101
2039
1998
1965
1932
1901
1861
1741
1734
1734
1722
1712
1717
1719
1711
1597
1572
1548
1528
1512
1497
1499
1495
1492
1479
1453
1425
1406
1385
1384
1386
1393
1362
1353
1343
1331
1330
1364
1395
1436
1468
1488
1494
1487
1461
1347
1349
1368
1390
1496
1522
1547
1576
1669
1700
1736
1788
1845
2013
2048
2075
2087
2095
2102
2111
2136
2303
2353
2397
2439
2559
2571
2586
2601
2613
2668
2693
2717
2727
2728
2725
2718
2703
2656
2651
2650
2636
2529
2472
2407
2342
2285
2168
2135
2107
2082
2055
2019
1980
1939
1732
1698
1672
1659
1637
1633
1637
1635
1616
1621
1627
1643
1660
1693
1715
1733
1751
1762
1792
1827
1869
2100
2166
2229
2275
2414
2445
2476
2500
2528
2645
2683
2713
2738
2751
2756
2764
2769
2735
2734
2728
2733
2654
2625
2593
2559
2532
2481
2476
2468
2460
2439
2417
2394
2371
2291
2271
2247
2221
2194
2165
2132
2096
2063
1957
1922
1888
1859
1828
1796
1774
1762
1748
1704
1691
1675
1663
1654
1643
1638
1628
1621
1629
1640
1647
1656
1665
1680
1690
1707
1716
1726
1732
1746
1774
1787
1804
1829
1850
1870
1891
1906
1972
1992
2022
2044
2107
2106
2104
2107
2112
2079
2070
2063
2066
2072
2074
2067
2065
2059
2053
2050
2043
2043
2040
2038
2034
2032
2000
1984
1959
1935
1911
1894
1878
1865
1851
1837
1833
1831
1835
1839
1847
1843
1845
1851
1868
1874
1911
1922
1935
1945
1959
1997
2004
2014
2021
2023
2024
2031
2038
2067
2074
2076
2076
2049
2033
2022
2000
1980
1923
1900
1882
1866
1859
1848
1839
1833
1800
1787
1780
1778
1769
1733
1730
1725
1724
1717
1716
1717
1711
1706
1709
1715
1725
1744
1764
1782
1804
1825
1902
1927
1958
1979
2000
2020
2041
2062
2077
2107
2121
2134
2147
2163
2189
2209
2229
2274
2283
2287
2300
2342
2347
2359
2371
2383
2385
2390
2391
2389
2384
2380
2371
2365
2355
2347
2341
2331
2294
2287
2282
2275
2232
2221
2210
2202
2143
2126
2109
2100
2095
2049
2033
2020
2004
1980
1966
1954
1939
1902
1896
1891
1883
1820
1812
1810
1815
1820
1838
1839
1836
1830
1834
1833
1835
1841
1880
1892
1901
1908
1933
1949
1965
1985
2045
2055
2066
2083
2104
2133
2139
2147
2152
2157
2162
2169
2166
2156
2151
2146
2140
2118
2119
2115
2104
2094
2059
2043
2028
2019
2013
2009
2007
2004
1979
1968
1963
1962
1977
1989
2003
2015
2022
2032
2036
2049
2060
2071
2072
2077
2081
2104
2107
2106
2109
2119
2118
2112
2104
2103
2102
2063
2052
2042
2032
1999
1989
1981
1977
1945
1934
1923
1911
1902
1876
1872
1866
1864
1863
1858
1854
1851
1824
1828
1830
1840
1864
1878
1893
1901
1921
1933
1945
1958
1972
1989
2008
2025
2044
2059
2064
2068
2072
2100
2106
2106
2106
2090
2083
2071
2063
2067
2053
2053
2046
2044
2051
2048
2038
2021
1966
1952
1946
1939
1911
1896
1887
1881
1879
1875
1876
1877
1878
1888
1893
1903
1911
1941
1951
1965
1973
2017
2022
2025
2031
2021
2019
2018
2014
2011
2017
2016
2013
2011
1994
1983
1969
1958
1935
1944
1962
1983
2065
2084
2109
2131
2158
2273
2309
2351
2403
2447
2482
2514
2543
2636
2656
2670
2683
2688
2680
2665
2644
2622
2552
2534
2516
2498
2481
2458
2444
2429
2340
2320
2303
2286
2197
2165
2124
2085
1924
1889
1865
1853
1844
1825
1821
1818
1815
1800
1793
1797
1799
1785
1779
1777
1767
1720
1706
1689
1672
1660
1606
1591
1569
1556
1544
1529
1513
1493
1452
1447
1440
1439
1420
1416
1414
1409
1407
1405
1407
1415
1421
1429
1430
1437
1445
1487
1500
1514
1527
1593
1613
1638
1666
1762
1791
1821
1853
1887
1987
2016
2045
2082
2115
2145
2175
2204
2278
2302
2327
2343
2360
2359
2357
2352
2346
2351
2347
2350
2354
2360
2368
2377
2383
2386
2385
2389
2388
2368
2367
2372
2375
2391
2400
2406
2412
2419
2442
2451
2456
2462
2471
2475
2483
2491
2521
2525
2531
2531
2490
2471
2454
2436
2416
2341
2316
2288
2272
2251
2229
2213
2202
2166
2160
2162
2161
2136
2131
2122
2113
2105
2109
2116
2113
2111
2098
2097
2094
2090
2085
2083
2073
2062
2017
1996
1978
1961
1905
1881
1858
1842
1828
1778
1761
1746
1738
1726
1720
1710
1696
1656
1645
1641
1638
1589
1579
1567
1557
1539
1534
1534
1538
1544
1547
1558
1567
1570
1571
1585
1596
1605
1632
1641
1648
1655
1702
1712
1725
1735
1752
1771
1784
1800
1809
1822
1842
1862
1876
1954
1968
1989
2008
2087
2099
2106
2123
2148
2158
2161
2164
2167
2184
2195
2198
2208
2221
2233
2241
2252
2304
2322
2340
2354
2388
2404
2419
2437
2452
2486
2490
2504
2515
2517
2514
2512
2513
2472
2454
2439
2427
2378
2363
2342
2320
2304
2244
2228
2207
2198
2188
2171
2159
2150
2097
2089
2085
2079
2017
2003
1991
1982
1950
1939
1935
1928
1925
1922
1917
1914
1908
1912
1910
1909
1908
1879
1865
1851
1844
1826
1826
1824
1811
1804
1787
1777
1768
1766
1764
1758
1751
1751
1770
1836
1863
1817
1614
1568
1550
1551
1644
1693
1741
1778
1796
1814
1821
1837
1828
1803
1794
1786
1784
1865
1912
1954
1980
2093
2093
2114
2133
2139
2211
2232
2237
2235
2238
2232
2201
2167
2010
1997
2001
2018
2118
2137
2143
2140
2035
2012
1991
1984
1987
2049
2064
2075
2075
2070
2070
2074
2074
2166
2201
2238
2262
2253
2246
2242
2244
2256
2319
2349
2377
2405
2411
2414
2415
2414
2389
2384
2386
2383
2367
2355
2333
2301
2267
2163
2144
2125
2116
2117
2112
2117
2118
2062
2039
2017
2001
1977
1977
1975
1975
1989
1990
1992
1990
1992
2002
1996
1987
1978
1968
1950
1930
1919
1912
1924
1932
1936
1910
1899
1890
1879
1864
1854
1849
1839
1833
1819
1800
1774
1746
1690
1682
1685
1690
1684
1675
1663
1635
1602
1457
1412
1366
1306
1245
1187
1146
1112
1021
995
969
942
922
917
915
910
903
888
895
908
934
975
1022
1083
1159
1252
1632
1782
1948
2123
2314
2521
2739
2965
3858
4050
4089
4090
4091
4089
4087
4089
4090
4088
4091
4088
4088
4089
4090
4089
4090
4090
4088
4092
4091
3706
3456
3172
2877
1663
1379
1103
842
585
101
93
88
86
81
77
75
74
69
69
69
69
72
75
78
79
83
94
102
111
125
147
192
280
413
580
771
1371
1574
1769
1957
2139
2308
2463
2612
2747
3140
3269
3390
3495
3569
3601
3600
3583
3375
3335
3307
3294
3305
3286
3246
3204
3160
2989
2934
2879
2826
2777
2743
2716
2693
2618
2607
2592
2587
2594
2616
2645
2673
2692
2674
2643
2597
2528
2436
2335
2243
2145
1889
1864
1847
1840
1776
1746
1707
1656
1511
1497
1496
1503
1509
1511
1503
1500
1513
1521
1531
1555
1589
1698
1703
1683
1648
1469
1423
1390
1364
1346
1301
1275
1247
1215
1192
1160
1135
1125
1124
1139
1151
1163
1190
1197
1205
1209
1229
1357
1427
1506
1588
1673
1755
1844
1921
2115
2182
2249
2326
2409
2490
2570
2647
2725
2908
2957
3009
3053
3093
3128
3168
3207
3239
3276
3274
3272
3254
3229
3193
3161
3130
2970
2916
2857
2779
2390
2300
2208
2118
1745
1643
1539
1431
1331
1064
985
915
848
784
734
702
679
664
687
722
764
980
1042
1104
1163
1218
1391
1441
1495
1550
1600
1656
1709
1773
2036
2102
2172
2238
2501
2562
2621
2671
2852
2889
2937
2989
3046
3196
3237
3272
3306
3331
3354
3371
3387
3437
3441
3432
3414
3212
3137
3057
2976
2897
2659
2582
2493
2412
2323
2230
2137
2045
1659
1575
1500
1427
1185
1138
1097
1063
1031
973
966
972
986
1006
1030
1056
1090
1278
1336
1400
1470
1764
1840
1913
1978
2187
2233
2276
2321
2361
2445
2458
2464
2464
2462
2456
2443
2425
2356
2340
2326
2306
2202
2174
2146
2116
2084
2009
1987
1963
1945
1934
1916
1887
1860
1778
1763
1754
1746
1743
1746
1754
1766
1794
1805
1817
1831
1846
1896
1915
1932
1953
1970
1985
2002
2018
2093
2109
2127
2139
2178
2176
2175
2173
2175
2175
2166
2154
2144
2126
2110
2093
2084
2038
2033
2019
2007
1937
1911
1884
1859
1827
1734
1710
1680
1654
1633
1607
1577
1553
1447
1426
1414
1399
1376
1384
1390
1394
1447
1461
1472
1490
1509
1578
1614
1645
1677
1711
1747
1784
1829
2010
2057
2105
2158
2379
2428
2477
2522
2562
2670
2701
2732
2765
2792
2816
2835
2860
2899
2902
2895
2887
2832
2812
2790
2772
2666
2637
2602
2562
2527
2418
2395
2355
2319
2281
2242
2206
2175
2048
2023
1994
1968
1880
1860
1835
1814
1800
1749
1735
1721
1708
1697
1688
1688
1689
1668
1667
1664
1659
1660
1662
1669
1676
1687
1721
1731
1746
1765
1795
1817
1840
1861
1940
1954
1970
1988
2056
2071
2086
2099
2122
2117
2119
2120
2120
2086
2074
2058
2046
2031
2009
1989
1968
1899
1888
1875
1863
1821
1815
1817
1820
1829
1851
1865
1877
1886
1899
1918
1940
1964
2059
2081
2111
2148
2274
2304
2335
2366
2425
2437
2450
2460
2459
2452
2447
2440
2435
2421
2397
2379
2357
2252
2222
2197
2172
2040
2013
1987
1960
1933
1855
1836
1823
1799
1777
1757
1745
1733
1752
1753
1750
1752
1764
1792
1834
1862
1791
1727
1671
1616
1586
1610
1662
1718
1771
1823
1874
1919
1945
2036
2050
2071
2092
2141
2158
2178
2199
2233
2324
2338
2335
2327
2308
2288
2270
2249
2127
2098
2073
2058
2154
2190
2224
2247
2198
2171
2144
2121
2105
2107
2113
2103
2086
2050
2008
1959
1905
1762
1753
1750
1747
1734
1721
1715
1713
1720
1748
1772
1797
1816
1829
1834
1830
1829
1806
1798
1794
1799
1870
1887
1901
1928
1976
2001
2031
2067
2103
2198
2227
2244
2259
2274
2282
2294
2313
2420
2432
2436
2427
2296
2249
2211
2189
2182
2173
2173
2180
2182
2172
2163
2146
2123
2051
2053
2062
2063
2047
2039
2031
2015
2000
1975
1968
1953
1940
1926
1915
1902
1886
1830
1823
1825
1831
1891
1925
1949
1971
2014
2016
2026
2036
2043
2037
2035
2032
2034
2039
2049
2064
2087
2139
2142
2135
2125
2063
2054
2052
2058
2064
2082
2087
2090
2086
2071
2052
2035
2018
1919
1895
1874
1866
1857
1866
1882
1893
1925
1933
1940
1953
1968
2012
2027
2040
2062
2078
2098
2126
2143
2207
2217
2235
2243
2222
2211
2213
2217
2220
2186
2162
2126
2079
2032
1983
1931
1889
1769
1756
1749
1740
1743
1746
1750
1758
1789
1786
1795
1804
1820
1872
1892
1912
1932
1948
1951
1959
1974
2037
2059
2084
2098
2115
2122
2133
2149
2171
2255
2279
2287
2297
2306
2311
2316
2315
2299
2298
2296
2286
2229
2217
2206
2199
2210
2225
2237
2249
2269
2313
2327
2336
2340
2341
2342
2354
2362
2366
2361
2353
2345
2324
2328
2326
2321
2317
2265
2250
2227
2202
2179
2159
2141
2127
2070
2052
2036
2011
1902
1870
1843
1814
1706
1684
1656
1627
1596
1520
1507
1503
1498
1499
1501
1504
1515
1552
1567
1576
1590
1620
1630
1644
1657
1671
1690
1693
1697
1695
1691
1690
1692
1696
1694
1688
1681
1675
1640
1637
1639
1640
1646
1661
1656
1654
1652
1655
1655
1655
1656
1657
1671
1690
1709
1815
1857
1893
1924
2048
2091
2129
2161
2186
2263
2292
2319
2343
2361
2377
2388
2398
2411
2412
2405
2396
2367
2357
2359
2367
2367
2358
2357
2346
2339
2343
2346
2348
2351
2353
2354
2354
2352
2344
2348
2345
2342
2352
2357
2365
2376
2385
2389
2391
2396
2397
2400
2405
2412
2414
2411
2410
2408
2409
2390
2385
2380
2372
2365
2322
2312
2302
2293
2281
2266
2258
2251
2192
2171
2148
2130
2042
2018
1997
1978
1889
1867
1842
1823
1797
1721
1693
1665
1646
1628
1620
1612
1604
1582
1581
1579
1582
1585
1592
1591
1593
1595
1598
1607
1612
1620
1632
1638
1647
1654
1659
1661
1669
1679
1683
1691
1695
1705
1712
1718
1723
1733
1739
1749
1776
1793
1807
1821
1844
1862
1879
1896
1968
1986
2008
2029
2096
2107
2123
2139
2198
2211
2224
2233
2242
2255
2255
2256
2260
2262
2266
2266
2260
2241
2241
2239
2233
2185
2172
2165
2160
2148
2142
2136
2135
2130
2126
2123
2120
2126
2130
2126
2130
2133
2145
2150
2159
2165
2178
2184
2188
2191
2199
2219
2218
2217
2217
2216
2219
2217
2218
2213
2211
2208
2206
2173
2164
2157
2150
2086
2067
2055
2037
2019
1960
1934
1918
1898
1878
1864
1849
1828
1766
1743
1670
1691
2057
1811
1533
1373
1351
1244
1404
1328
1331
1557
1664
1551
1377
1414
1379
1616
1764
1972
1890
1762
1941
2133
2056
2169
2124
2144
2357
2558
2583
2475
2275
2143
2106
2090
1999
1928
1830
1812
1929
1934
1902
1874
1843
1628
1517
1488
1464
1396
1366
1414
1448
1291
1181
1148
1206
1448
1563
1683
1805
1932
2154
2254
2379
2475
2568
2715
2900
3100
3923
4075
4089
4089
4089
4089
4090
4088
4087
4089
4089
4068
3932
3272
3054
2834
2621
2443
2293
2165
2056
1448
1248
1044
854
139
127
124
122
119
102
98
94
92
95
100
103
106
162
210
290
381
689
830
993
1195
2027
2205
2371
2514
2615
2688
2712
2746
2806
2898
2992
3061
3105
3027
2997
2997
3006
3325
3396
3431
3446
3449
3390
3372
3353
3315
3263
3201
3165
3164
3141
2998
2839
2678
2224
2167
2127
2091
2039
1857
1793
1720
1639
1565
1505
1446
1380
1289
1265
1233
1193
967
924
916
935
989
992
1003
1014
1015
1023
1055
1099
1163
1248
1357
1464
1567
2020
2118
2212
2291
2481
2502
2519
2520
2515
2437
2392
2338
2266
2178
2086
1998
1920
1656
1619
1585
1560
1488
1485
1486
1484
1596
1674
1762
1858
1959
2233
2306
2374
2435
2481
2526
2567
2627
2841
2866
2874
2872
2782
2741
2692
2654
2643
2645
2641
2618
2595
2565
2520
2467
2414
2205
2170
2141
2108
1865
1781
1698
1611
1351
1300
1262
1235
1213
1149
1125
1112
1104
1108
1128
1170
1218
1452
1509
1560
1608
1740
1772
1812
1854
1894
1965
1965
1958
1942
1915
1891
1872
1861
1940
1975
2003
2032
2145
2186
2234
2282
2507
2575
2644
2707
2757
2853
2881
2915
2955
2991
3035
3080
3123
3234
3236
3230
3214
3103
3067
3018
2955
2891
2664
2577
2485
2401
2315
2228
2150
2067
1737
1667
1595
1526
1268
1216
1172
1131
1101
1035
1023
1016
1022
1035
1047
1060
1087
1248
1302
1360
1417
1645
1699
1754
1809
1998
2051
2104
2155
2200
2283
2298
2317
2337
2350
2366
2377
2386
2420
2424
2426
2435
2427
2423
2421
2417
2413
2386
2371
2355
2342
2333
2319
2303
2286
2225
2213
2200
2184
2122
2110
2103
2085
2019
1997
1975
1946
1922
1822
1793
1767
1740
1707
1673
1642
1611
1495
1467
1443
1426
1399
1402
1407
1416
1434
1500
1529
1564
1600
1636
1673
1715
1758
1919
1958
1999
2040
2167
2192
2206
2215
2223
2213
2207
2191
2184
2169
2152
2146
2129
2045
2017
1985
1955
1894
1883
1880
1877
1855
1850
1841
1838
1841
1858
1874
1893
1918
1944
1970
1993
2013
2148
2185
2226
2264
2409
2437
2461
2490
2510
2540
2543
2545
2543
2538
2527
2511
2489
2387
2361
2336
2307
2207
2184
2161
2142
2077
2059
2045
2037
2039
2027
2020
2022
2027
2029
2024
2018
2011
1990
1982
1977
1969
1908
1898
1886
1873
1861
1820
1806
1786
1768
1760
1753
1747
1745
1726
1727
1729
1727
1728
1732
1733
1736
1745
1777
1785
1793
1807
1823
1843
1868
1895
1985
2010
2045
2082
2214
2240
2264
2286
2365
2379
2394
2404
2413
2412
2403
2385
2367
2344
2317
2283
2243
2099
2067
2038
2009
1897
1871
1848
1837
1824
1808
1808
1811
1814
1821
1826
1837
1852
1919
1931
1950
1970
2063
2081
2096
2113
2166
2170
2178
2185
2200
2200
2203
2200
2201
2204
2206
2210
2208
2184
2179
2176
2176
2130
2118
2109
2101
2090
2041
2024
2009
1993
1986
1982
1972
1966
1947
1951
1952
1957
1970
1974
1976
1983
1990
1976
1971
1972
1971
1968
1964
1962
1964
1931
1919
1911
1900
1862
1851
1842
1832
1824
1831
1843
1846
1849
1875
1887
1905
1923
1939
1956
1969
1984
2045
2063
2080
2090
2121
2122
2124
2135
2139
2133
2129
2126
2121
2114
2104
2088
2077
2013
1995
1975
1956
1904
1886
1869
1853
1841
1812
1805
1800
1794
1791
1790
1781
1783
1823
1828
1837
1851
1928
1948
1969
1987
2066
2087
2110
2132
2156
2189
2200
2216
2230
2240
2249
2259
2263
2277
2273
2274
2285
2288
2289
2292
2289
2289
2282
2274
2270
2268
2265
2259
2255
2249
2225
2217
2212
2204
2142
2131
2118
2105
2073
2060
2053
2045
2037
2004
1997
1979
1967
1954
1942
1932
1920
1878
1865
1851
1845
1811
1799
1790
1787
1788
1792
1797
1809
1818
1832
1846
1864
1882
1949
1967
1988
2012
2100
2119
2138
2147
2155
2186
2193
2196
2193
2194
2183
2173
2165
2132
2128
2123
2109
2036
2014
1987
1963
1839
1817
1803
1797
1785
1792
1798
1809
1826
1845
1870
1903
1941
2068
2092
2108
2114
2074
2063
2057
2054
2060
2078
2085
2088
2086
2087
2074
2068
2064
2074
2084
2092
2098
2014
1998
1975
1956
1944
1947
1947
1946
1948
1943
1938
1930
1925
1950
1965
1979
1993
2007
2015
2017
2017
2001
1960
1944
1936
1934
1938
1940
1951
1965
1984
2035
2045
2050
2057
2063
2068
2069
2076
2125
2136
2147
2150
2128
2116
2101
2087
2049
2048
2047
2042
2043
2059
2069
2076
2079
2088
2089
2089
2100
2098
2097
2093
2087
2073
2070
2063
2064
2064
2053
2045
2038
2035
2037
2029
2030
2028
2031
2024
2010
1999
1936
1928
1918
1913
1912
1894
1887
1877
1864
1848
1842
1842
1838
1859
1873
1889
1909
1937
1945
1952
1957
1974
1989
2000
2011
2026
2075
2090
2106
2119
2129
2134
2138
2148
2171
2176
2179
2179
2177
2170
2161
2149
2137
2095
2084
2080
2075
2070
2066
2061
2059
2065
2060
2062
2054
2003
2006
2004
2007
2003
2010
2014
2012
2012
2016
2018
2019
2027
2029
2034
2041
2048
2066
2064
2057
2048
2043
2015
2016
2013
2012
2016
2016
2021
2025
2017
2020
2023
2027
2031
2029
2037
2038
2047
2072
2076
2078
2081
2083
2086
2092
2097
2094
2081
2067
2063
2064
2056
2052
2049
2052
2035
2026
2016
2011
1959
1948
1932
1920
1863
1852
1836
1825
1818
1794
1789
1787
1788
1791
1802
1815
1829
1870
1877
1886
1898
1934
1944
1954
1957
1961
1980
1993
2004
2015
2030
2044
2062
2079
2130
2137
2143
2152
2158
2148
2141
2135
2094
2090
2092
2099
2105
2123
2131
2143
2152
2173
2195
2221
2245
2340
2356
2366
2376
2346
2338
2325
2312
2296
2241
2222
2205
2193
2180
2165
2150
2140
2093
2086
2089
2082
2028
2013
1998
1983
1941
1942
1937
1934
1928
1926
1930
1932
1937
1947
1962
1976
1990
2003
1997
1990
1978
1944
1938
1937
1937
1936
1908
1897
1876
1860
1851
1845
1839
1843
1858
1870
1879
1883
1894
1896
1895
1892
1893
1885
1885
1889
1898
1900
1902
1902
1904
1907
1911
1914
1916
1894
1887
1887
1884
1883
1887
1888
1893
1895
1884
1893
1900
1939
1985
2012
2017
2018
1966
1933
1902
1867
1816
1817
1823
1836
1843
1828
1827
1826
1831
1826
1820
1818
1823
1955
1987
2022
2054
2094
2103
2114
2130
2196
2215
2239
2259
2270
2278
2279
2283
2290
2303
2320
2347
2373
2469
2488
2492
2488
2382
2351
2325
2296
2273
2164
2134
2119
2099
2082
2069
2064
2070
2056
2042
2021
2000
1880
1861
1840
1826
1747
1723
1695
1672
1648
1570
1550
1547
1558
1576
1613
1670
1739
2114
2217
2325
2442
2914
3042
3163
3285
3405
3670
3733
3780
3807
3817
3823
3817
3793
3519
3415
3302
3170
2563
2395
2223
2044
1365
1206
1050
896
746
358
247
170
142
134
126
124
122
114
111
115
117
142
156
183
221
286
603
731
870
1029
1201
1371
1528
1696
2272
2394
2507
2646
3286
3418
3482
3464
3386
2966
2810
2689
2611
2556
2528
2537
2577
2626
2590
2570
2573
2574
2535
2499
2472
2602
2615
2588
2520
2432
2213
2198
2208
2242
2302
2373
2440
2504
2662
2661
2649
2627
2537
2554
2575
2596
2608
2477
2394
2281
2159
2039
1921
1831
1758
1602
1540
1456
1371
1239
1276
1325
1394
1653
1710
1763
1807
1831
1887
1912
1949
1996
2056
2120
2182
2238
2246
2199
2134
2067
1759
1710
1680
1680
1698
1685
1641
1575
1507
1444
1402
1392
1405
1559
1595
1621
1637
1585
1589
1610
1640
1726
1728
1729
1737
1761
1913
1978
2046
2122
2202
2268
2339
2398
2586
2616
2651
2703
2875
2877
2854
2804
2748
2556
2476
2399
2318
2234
2163
2101
2050
1916
1874
1827
1778
1683
1675
1669
1656
1534
1520
1515
1511
1505
1484
1475
1468
1469
1462
1463
1472
1483
1595
1637
1681
1722
1858
1899
1954
2004
2055
2161
2175
2182
2188
2188
2198
2212
2239
2429
2505
2586
2666
2809
2830
2858
2885
2981
3001
3021
3038
3050
3011
2975
2929
2866
2807
2742
2690
2641
2421
2367
2305
2246
1981
1908
1842
1777
1714
1528
1471
1425
1384
1348
1324
1309
1305
1323
1320
1315
1315
1335
1361
1395
1440
1622
1669
1717
1762
1811
1945
1991
2039
2093
2141
2192
2232
2278
2400
2417
2418
2412
2349
2337
2328
2309
2293
2204
2164
2123
2077
2030
1987
1950
1922
1880
1866
1856
1845
1799
1790
1782
1779
1779
1783
1791
1806
1816
1869
1889
1916
1938
1958
1982
2010
2036
2117
2127
2135
2137
2099
2074
2054
2030
2005
1946
1931
1919
1915
1905
1899
1899
1902
1919
1933
1950
1976
2075
2096
2115
2133
2193
2194
2194
2203
2202
2213
2211
2209
2200
2192
2188
2183
2174
2107
2088
2072
2055
1967
1943
1914
1896
1872
1788
1758
1718
1685
1658
1626
1598
1589
1554
1554
1560
1566
1642
1668
1703
1743
1905
1963
2010
2057
2111
2246
2297
2337
2374
2411
2441
2472
2497
2552
2563
2571
2573
2533
2519
2506
2493
2474
2414
2399
2372
2351
2329
2309
2286
2274
2198
2178
2156
2131
2023
1995
1975
1957
1907
1898
1883
1869
1855
1825
1825
1826
1832
1837
1843
1849
1853
1868
1872
1877
1880
1882
1872
1867
1864
1863
1843
1839
1838
1840
1836
1838
1842
1855
1901
1912
1923
1936
2005
2019
2028
2036
2083
2092
2098
2110
2118
2126
2127
2122
2118
2120
2115
2107
2100
2059
2047
2041
2027
1971
1963
1950
1943
1936
1917
1911
1902
1901
1905
1914
1927
1931
1965
1978
1993
2005
2076
2086
2097
2118
2136
2178
2189
2191
2207
2223
2237
2248
2251
2264
2260
2257
2252
2232
2225
2213
2198
2151
2132
2113
2091
2066
2010
1996
1980
1963
1943
1926
1919
1908
1858
1847
1843
1836
1815
1819
1823
1833
1842
1861
1863
1865
1867
1873
1882
1886
1893
1899
1898
1907
1915
1925
1930
1935
1938
1941
1941
1943
1950
1960
1996
2010
2025
2041
2055
2070
2086
2097
2158
2177
2192
2207
2252
2262
2264
2266
2271
2291
2293
2294
2293
2289
2286
2274
2266
2222
2209
2192
2173
2090
2064
2041
2021
1926
1906
1884
1867
1851
1792
1776
1766
1759
1756
1753
1751
1749
1761
1770
1790
1800
1839
1853
1869
1887
1903
1942
1962
1982
2003
2020
2034
2050
2059
2116
2130
2138
2146
2181
2179
2180
2184
2184
2179
2170
2163
2152
2144
2128
2119
2109
2081
2069
2053
2048
2008
1997
1988
1987
1967
1971
1970
1968
1973
1977
1982
1988
1989
1978
1983
1987
1989
1974
1973
1963
1966
1938
1941
1937
1930
1924
1914
1909
1909
1906
1904
1903
1903
1905
1942
1950
1966
1980
2046
2059
2071
2086
2156
2168
2173
2182
2188
2203
2200
2198
2196
2200
2195
2192
2190
2182
2181
2180
2176
2139
2132
2118
2102
2091
2062
2049
2040
2031
2024
2014
2014
2014
1998
1997
1992
1992
2001
2007
2016
2018
2046
2059
2070
2078
2082
2090
2101
2101
2095
2093
2096
2097
2098
2082
2077
2074
2065
2012
2008
2007
2007
2003
1971
1964
1956
1952
1943
1937
1933
1928
1922
1914
1911
1912
1905
1906
1914
1925
1932
1938
1938
1938
1937
1941
1948
1951
1954
1947
1947
1957
1955
1962
1967
1970
1975
1957
1958
1959
1962
1961
1962
1963
1961
1958
1967
1965
1968
1969
1978
1983
1992
2000
2040
2053
2062
2068
2078
2108
2114
2120
2129
2139
2142
2146
2149
2156
2155
2157
2157
2139
2128
2124
2115
2101
2103
2098
2096
2088
2051
2031
2011
1992
1967
1955
1937
1927
1917
1919
1916
1922
1957
1968
1977
1990
2008
2041
2059
2071
2078
2088
2097
2102
2108
2121
2122
2129
2132
2129
2124
2122
2116
2089
2092
2097
2104
2102
2083
2070
2060
2053
2044
2032
2021
2012
1997
1998
1999
2003
2005
2003
2009
2010
2014
2016
2018
2018
2018
2017
2016
2013
2011
2002
2003
1997
2000
1974
1963
1959
1960
1967
1953
1951
1959
1972
1979
1978
1978
1976
1963
1962
1964
1962
1955
1953
1955
1951
1979
1984
1983
1986
1990
2004
2006
2007
2005
2006
1999
1996
1994
2004
2006
2010
2014
2006
2000
2002
2003
2008
1999
1997
2001
2011
2016
2013
2018
2016
2004
1997
1999
1999
2006
2013
2019
2026
2050
2050
2060
2069
2077
2088
2091
2087
2091
2094
2101
2104
2108
2095
2089
2084
2084
2058
2051
2047
2045
2038
2015
2009
2001
1997
1991
1979
1966
1957
1936
1922
1910
1910
1884
1881
1882
1887
1913
1924
1933
1948
1950
1984
1995
1999
2015
2028
2035
2040
2051
2075
2085
2096
2106
2120
2124
2131
2139
2143
2170
2174
2181
2188
2197
2205
2209
2217
2248
2194
2094
2212
2342
2338
2327
2238
2164
2089
2079
2128
2225
2291
2265
2239
2275
2403
2476
2441
2386
2379
2349
2358
2368
2240
2229
2214
2210
2221
2151
2174
2179
2130
2063
2028
2026
2024
1866
1831
1817
1832
1818
1788
1751
1729
1715
1660
1644
1645
1652
1653
1648
1651
1644
1567
1568
1583
1606
1610
1599
1578
1552
1539
1530
1508
1489
1472
1476
1504
1518
1524
1542
1557
1570
1586
1690
1717
1745
1780
2036
2114
2159
2184
2195
2251
2286
2317
2341
2378
2401
2412
2432
2461
2456
2450
2455
2321
2287
2253
2215
2091
2051
2019
1996
1972
1918
1909
1886
1870
1857
1842
1811
1778
1688
1669
1642
1619
1799
1792
1785
1769
1732
1661
1656
1669
1705
1755
1794
1817
1841
1909
1966
2036
2091
2233
2244
2252
2267
2307
2309
2315
2320
2331
2407
2434
2460
2485
2506
2513
2523
2532
2549
2557
2570
2584
2651
2642
2623
2614
2605
2597
2606
2610
2617
2624
2636
2658
2678
2663
2655
2650
2650
2628
2596
2555
2506
2369
2333
2290
2242
2184
2034
1999
1968
1930
1893
1852
1811
1767
1590
1553
1511
1463
1382
1376
1365
1345
1319
1239
1225
1216
1218
1224
1227
1216
1203
1198
1224
1245
1270
1361
1389
1420
1449
1562
1583
1609
1639
1665
1749
1785
1822
1854
1885
1910
1942
1965
1998
2009
2019
2043
2116
2124
2130
2138
2145
2149
2144
2147
2160
2181
2200
2218
2233
2234
2238
2246
2252
2271
2278
2280
2276
2276
2256
2243
2235
2220
2208
2203
2203
2204
2185
2177
2169
2164
2156
2141
2133
2129
2123
2086
2084
2082
2081
2083
2085
2085
2081
2076
2079
2086
2102
2118
2134
2146
2155
2167
2193
2197
2208
2219
2263
2260
2255
2247
2229
2231
2234
2232
2230
2211
2213
2215
2216
2214
2218
2225
2231
2249
2255
2259
2264
2229
2214
2199
2185
2162
2124
2116
2100
2082
2068
2059
2051
2045
2002
1997
1993
1989
1966
1960
1945
1942
1925
1916
1915
1907
1907
1876
1873
1864
1858
1851
1838
1831
1822
1767
1755
1745
1737
1705
1697
1693
1695
1691
1681
1684
1679
1680
1681
1676
1679
1676
1690
1693
1700
1705
1728
1743
1758
1764
1792
1800
1809
1821
1836
1864
1875
1886
1900
1910
1919
1935
1953
2005
2016
2028
2044
2111
2125
2138
2154
2169
2214
2227
2240
2251
2265
2280
2289
2306
2326
2326
2327
2322
2294
2284
2275
2270
2227
2216
2213
2207
2200
2182
2176
2168
2164
2163
2164
2162
2156
2153
2147
2144
2137
2128
2123