2131
2217
2272
2079
2027
1993
1981
2095
2157
2202
2204
2174
2032
1981
1945
1944
1968
2024
2098
2165
2173
2081
1972
1869
1681
1692
1711
1739
1791
1835
1831
1812
1777
1734
1702
1669
1656
1741
1735
1700
1640
1274
1226
1217
1236
1351
1351
1329
1280
1205
943
872
833
835
873
919
979
1045
1123
1130
1142
1167
1419
1516
1602
1668
1704
1603
1548
1515
1507
1515
1557
1626
1701
1846
1827
1797
1762
1729
1771
1830
1893
2065
2069
2060
2055
2061
2161
2218
2278
2338
2381
2409
2435
2462
2673
2763
2862
2967
3269
3301
3315
3313
3307
3260
3257
3270
3302
3344
3386
3421
3436
3319
3257
3207
3159
3023
2987
2947
2892
2814
2570
2506
2452
2418
2395
2374
2352
2320
2106
2054
2017
1985
1899
1873
1845
1801
1547
1497
1461
1440
1430
1467
1485
1505
1517
1519
1518
1517
1515
1558
1598
1634
1689
1917
1971
2023
2067
2106
2176
2193
2206
2227
2250
2271
2296
2318
2396
2425
2446
2457
2454
2452
2453
2452
2511
2525
2536
2541
2522
2428
2381
2338
2292
2249
2211
2181
2153
2074
2043
2007
1974
1794
1754
1719
1692
1673
1588
1557
1521
1480
1433
1379
1318
1260
1061
1035
1015
998
1041
1071
1101
1132
1229
1258
1289
1326
1374
1510
1559
1618
1681
1737
1784
1832
1873
1987
2010
2031
2046
2133
2161
2182
2189
2191
2133
2101
2067
2042
2025
2013
2005
1992
1982
1989
1995
2004
1993
1989
1991
1990
2010
2022
2031
2041
2052
2085
2094
2109
2121
2132
2144
2156
2172
2239
2261
2276
2290
2289
2272
2253
2237
2213
2159
2148
2138
2137
2142
2146
2155
2155
2134
2132
2134
2138
2135
2142
2152
2162
2177
2182
2186
2185
2175
2164
2163
2161
2156
2149
2144
2141
2140
2128
2126
2130
2132
2121
2119
2119
2119
2119
2104
2100
2097
2097
2096
2087
2086
2076
2046
2044
2049
2051
2051
2050
2048
2043
2029
2029
2035
2043
2047
2070
2070
2071
2075
2073
2071
2073
2072
2067
2070
2078
2086
2117
2122
2126
2125
2127
2119
2116
2112
2106
2104
2098
2091
2086
2036
2026
2014
2005
1944
1924
1911
1889
1841
1837
1833
1827
1816
1798
1791
1786
1790
1796
1801
1803
1807
1851
1861
1870
1876
1931
1939
1952
1965
1978
2016
2035
2051
2067
2081
2098
2115
2128
2152
2159
2162
2163
2160
2153
2156
2151
2132
2118
2102
2102
2097
2074
2072
2071
2069
2067
2067
2063
2058
2035
2035
2027
2017
1983
1971
1959
1955
1949
1941
1941
1944
1939
1935
1941
1946
1955
1963
1967
1969
1976
2005
2016
2028
2031
2052
2054
2052
2056
2055
2040
2035
2034
2032
2029
2033
2035
2039
2023
2020
2010
1995
1952
1942
1932
1920
1908
1874
1862
1853
1848
1846
1835
1824
1825
1818
1824
1834
1848
1881
1889
1899
1914
1921
1961
1972
1986
2009
2021
2026
2032
2042
2056
2057
2057
2066
2073
2076
2078
2077
2072
2074
2077
2074
2073
2074
2079
2083
2090
2097
2104
2112
2123
2146
2144
2145
2153
2171
2169
2168
2169
2177
2173
2176
2177
2178
2176
2172
2169
2169
2156
2154
2147
2141
2089
2078
2065
2053
2047
2018
2001
1989
1983
1975
1965
1950
1942
1922
1922
1929
1927
1925
1925
1921
1921
1919
1914
1920
1927
1930
1936
1939
1936
1947
1959
1973
1983
1987
1996
2012
2023
2033
2044
2116
2124
2132
2141
2173
2182
2187
2192
2193
2195
2196
2186
2180
2151
2141
2132
2125
2114
2102
2090
2085
2064
2060
2053
2056
2039
2040
2044
2049
2055
2051
2046
2044
2045
2043
2045
2044
2051
2039
2043
2040
2029
2004
2000
2004
2005
1997
1983
1975
1969
1961
1953
1947
1945
1938
1906
1897
1890
1890
1851
1845
1839
1836
1846
1846
1848
1847
1842
1840
1839
1845
1855
1865
1871
1879
1885
1908
1919
1923
1929
1961
1975
1989
1999
2012
2026
2034
2044
2054
2065
2069
2077
2091
2101
2111
2120
2127
2131
2130
2129
2134
2110
2101
2095
2096
2098
2095
2092
2082
2079
2079
2078
2075
2069
2060
2056
2057
2057
2048
2052
2049
2037
2030
2014
2011
2010
2014
2015
2015
2009
2010
2010
2003
1995
2003
2007
2004
2009
2012
2012
2014
2015
2021
2024
2023
2021
2029
2035
2039
2038
2039
2039
2038
2040
2042
2044
2046
2051
2050
2056
2057
2050
2054
2056
2053
2054
2047
2045
2045
2039
2039
2038
2039
2041
2044
2051
2057
2053
2054
2054
2052
2052
2044
2048
2050
2051
2054
2057
2065
2068
2067
2067
2068
2068
2075
2078
2080
2080
2081
2075
2064
2059
2056
2050
2020
2019
2020
2020
1995
1997
1995
1993
1992
1986
1984
1985
1988
1991
1990
1995
1996
1987
1991
1991
1992
1987
1984
1981
1986
1984
1976
1976
1971
1976
1979
1974
1974
1974
1963
1959
1951
1948
1933
1930
1925
1926
1930
1925
1930
1932
1936
1939
1940
1939
1943
1958
1970
1983
1988
2011
2020
2034
2041
2073
2085
2097
2103
2102
2119
2125
2134
2141
2145
2143
2143
2143
2142
2134
2131
2130
2113
2106
2093
2085
2081
2067
2055
2045
2033
2019
2008
1993
1982
1965
1969
1962
1956
1943
1936
1934
1931
1957
1964
1970
1965
1972
2007
2016
2022
2033
2035
2040
2035
2040
2056
2063
2073
2083
2122
2135
2144
2151
2156
2167
2164
2156
2159
2162
2157
2165
2170
2163
2160
2157
2155
2128
2122
2112
2100
2093
2071
2063
2057
2045
2036
2035
2033
2031
2023
2012
2005
2001
1996
1993
1993
1994
1991
1977
1968
1960
1954
1951
1947
1941
1933
1929
1922
1921
1920
1917
1914
1917
1918
1913
1902
1900
1906
1908
1919
1924
1932
1940
1942
1950
1955
1961
1970
1985
1988
1991
1992
1976
1950
1937
1932
1988
2011
2036
2056
2096
2102
2109
2116
2115
2115
2107
2096
2084
2076
2067
2046
2032
1970
1964
1964
1953
1943
1937
1934
1935
1927
1925
1925
1932
1929
1921
1919
1921
1926
1930
1930
1936
1942
1984
1992
1996
1998
2015
2025
2026
2025
2011
2014
2012
2003
2008
2017
2026
2034
2046
2054
2063
2062
2061
2051
2049
2052
2049
2044
2041
2044
2046
2055
2067
2066
2070
2077
2087
2098
2103
2101
2006
1969
1928
1895
1777
1752
1720
1711
1783
1766
1738
1666
1594
1496
1485
1491
1524
1572
1605
1627
1665
1804
1887
1967
2010
2290
2345
2421
2510
2598
2867
2964
3049
3143
3258
3376
3457
3523
3610
3696
3824
3848
3855
3861
3868
3872
3869
3840
3801
3670
3604
3539
3466
3381
3288
3204
3129
2784
2689
2588
2474
2367
1987
1857
1727
1594
1480
1389
1299
1215
846
737
618
501
140
131
130
126
123
118
114
115
116
115
114
116
122
136
146
151
158
269
330
396
427
146
170
204
269
418
1044
1286
1523
1759
1960
2106
2237
2360
2780
2915
3024
3103
3225
3243
3257
3279
3430
3475
3529
3582
3639
3691
3840
3858
3869
3885
3890
3830
3801
3767
3737
3717
3716
3719
3723
3647
3604
3555
3503
3428
3337
3233
3119
3006
2759
2722
2699
2679
2649
2611
2563
2501
2435
2208
2148
2108
2094
2101
2128
2165
2202
2150
2102
2054
2006
1789
1742
1694
1650
1526
1500
1469
1440
1406
1265
1211
1164
1116
1053
978
899
816
466
394
332
277
142
131
125
120
118
120
124
130
136
139
152
160
182
410
518
633
758
1267
1392
1514
1633
1743
2018
2088
2147
2207
2280
2354
2443
2541
2816
2898
2972
3031
3083
3129
3172
3212
3252
3317
3328
3339
3340
3345
3340
3332
3305
3270
3081
3005
2934
2863
2788
2716
2650
2585
2360
2303
2253
2202
1974
1923
1873
1817
1763
1634
1594
1562
1535
1508
1486
1469
1460
1457
1462
1467
1476
1488
1498
1512
1538
1575
1686
1722
1753
1780
1805
1836
1861
1893
1924
2034
2077
2131
2188
2243
2306
2371
2431
2591
2606
2613
2622
2695
2723
2754
2790
2904
2913
2918
2929
2939
2996
3024
3047
3066
3075
3080
3076
3066
2985
2955
2921
2889
2707
2651
2591
2535
2489
2334
2273
2214
2170
2124
2073
2024
1969
1784
1745
1708
1682
1654
1656
1666
1666
1667
1672
1683
1696
1711
1766
1776
1781
1780
1779
1784
1791
1797
1851
1864
1884
1904
1940
1927
1911
1887
1864
1778
1749
1719
1691
1656
1625
1605
1579
1504
1492
1484
1468
1440
1433
1431
1425
1409
1411
1415
1428
1438
1475
1498
1522
1541
1571
1608
1645
1681
1857
1901
1934
1966
2082
2109
2138
2168
2198
2285
2311
2339
2357
2370
2386
2407
2420
2422
2416
2406
2393
2265
2228
2179
2134
1932
1889
1853
1810
1770
1666
1635
1603
1573
1549
1525
1503
1486
1444
1434
1425
1414
1381
1379
1381
1393
1412
1461
1480
1497
1514
1549
1581
1614
1645
1790
1825
1867
1906
2037
2068
2108
2144
2296
2334
2371
2407
2441
2532
2566
2607
2636
2663
2686
2709
2728
2821
2839
2853
2867
2899
2904
2911
2913
2886
2870
2857
2838
2818
2726
2701
2674
2640
2598
2556
2514
2478
2325
2286
2241
2199
2064
2027
1993
1958
1929
1837
1805
1774
1749
1727
1705
1692
1678
1612
1596
1584
1574
1552
1550
1555
1556
1575
1584
1586
1598
1618
1679
1699
1723
1755
1781
1802
1816
1838
1897
1911
1917
1926
1956
1964
1974
1984
1993
2011
2015
2019
2031
2035
2040
2050
2053
2052
2048
2047
2034
1997
1989
1988
1991
1987
1998
2009
2024
2038
2065
2075
2086
2098
2114
2131
2145
2160
2212
2223
2238
2256
2295
2304
2313
2322
2327
2327
2319
2308
2307
2300
2299
2286
2267
2198
2180
2156
2128
2050
2035
2016
2001
1945
1930
1915
1898
1887
1852
1836
1823
1815
1805
1793
1779
1775
1750
1754
1758
1763
1786
1793
1803
1811
1830
1863
1878
1897
1912
1923
1930
1939
1948
1989
1998
2001
2005
2028
2031
2036
2046
2070
2072
2073
2078
2081
2094
2090
2083
2083
2085
2084
2083
2086
2099
2108
2111
2111
2115
2123
2121
2119
2117
2109
2105
2109
2108
2089
2091
2085
2077
2069
2059
2053
2052
2051
2027
2019
2017
2004
1991
1978
1964
1954
1941
1914
1904
1890
1882
1873
1867
1863
1856
1839
1839
1842
1842
1833
1832
1844
1851
1904
1918
1929
1942
1958
1999
2008
2013
2025
2036
2044
2060
2078
2118
2128
2139
2143
2156
2163
2159
2157
2154
2157
2164
2156
2157
2151
2140
2134
2129
2103
2104
2096
2085
2051
2042
2036
2032
2023
2002
2002
2002
2007
2011
2017
2020
2030
2048
2052
2057
2070
2071
2076
2085
2086
2091
2112
2108
2102
2101
2105
2105
2107
2110
2112
2117
2109
2108
2107
2107
2103
2093
2088
2059
2060
2065
2065
2040
2030
2026
2027
2013
2006
1999
1996
1990
1973
1967
1971
1972
1978
1978
1985
1980
1994
1994
2003
2011
2038
2049
2055
2053
2053
2078
2078
2079
2077
2074
2072
2070
2071
2076
2076
2080
2081
2068
2066
2066
2060
2048
2047
2046
2043
2040
2020
2013
2007
2008
2007
2002
1998
1994
1989
1980
1970
1961
1941
1942
1943
1937
1935
1926
1932
1937
1943
1945
1939
1937
1939
1929
1918
1916
1913
1902
1903
1903
1900
1905
1907
1914
1921
1925
1928
1926
1926
1932
1932
1940
1942
1949
1958
1961
1966
1968
2008
2018
2024
2028
2037
2053
2054
2055
2069
2083
2091
2096
2098
2116
2127
2135
2139
2162
2164
2167
2166
2166
2156
2155
2153
2148
2147
2148
2150
2152
2132
2123
2116
2103
2092
2088
2081
2080
2077
2056
2047
2046
2039
2034
2028
2027
2019
2012
1992
1992
1992
1994
1996
1989
1979
1976
1968
1969
1975
1972
1982
1991
2001
2004
2014
2018
2018
2020
2018
2007
2012
2012
2014
2019
2019
2017
2022
2024
2028
2030
2033
2026
2034
2030
2033
2035
2041
2045
2041
2047
2051
2054
2057
2054
2065
2070
2076
2086
2101
2106
2107
2111
2124
2128
2130
2137
2135
2121
2118
2108
2110
2107
2104
2094
2082
2050
2044
2039
2039
2012
2001
1992
1985
1979
1952
1942
1928
1920
1913
1903
1901
1894
1867
1866
1860
1855
1850
1855
1861
1862
1857
1865
1868
1869
1874
1878
1884
1892
1901
1911
1937
1944
1949
1955
1967
1970
1976
1978
2000
2004
2014
2022
2051
2055
2065
2072
2090
2093
2097
2112
2123
2144
2127
2092
2055
2023
2002
1991
1999
2064
2070
2067
2067
2082
2088
2103
2104
2105
2122
2120
2119
2121
2115
2101
2099
2099
2075
2069
2060
2056
2010
2004
2006
2010
2006
2009
2003
2000
1996
1996
1999
2005
2008
2008
2014
2020
2028
2034
2030
2027
2022
2051
2064
2073
2070
2053
1988
1980
1981
1988
1995
1999
2000
2004
2045
2060
2074
2083
2071
2071
2083
2102
2150
2149
2145
2130
2110
2036
2014
1985
1954
1931
1915
1906
1895
1844
1840
1830
1826
1817
1810
1807
1797
1785
1719
1695
1669
1651
1643
1637
1646
1655
1706
1718
1723
1734
1796
1814
1845
1877
1993
2022
2048
2075
2110
2214
2259
2309
2360
2410
2461
2495
2526
2656
2683
2700
2729
3034
3057
3047
3031
2964
2640
2567
2517
2489
2473
2469
2432
2366
2248
2224
2245
2250
2253
2247
2239
2241
2127
2095
2046
1967
1890
1622
1520
1417
1312
1190
1082
998
921
624
582
525
457
348
345
342
339
339
469
549
658
783
912
1044
1194
1354
2186
2439
2687
2929
3791
3987
4090
4090
4089
4089
4088
4090
4088
4090
4089
4088
4090
4088
4088
4088
4091
3999
3894
3767
3626
2941
2749
2555
2369
2193
1747
1618
1498
1378
1257
1141
1017
887
405
306
225
173
123
115
109
107
105
100
103
104
105
107
108
111
113
120
125
130
141
153
174
202
247
308
547
630
708
785
849
880
869
826
756
616
669
780
946
1139
1341
1547
1749
2411
2524
2625
2710
3192
3360
3537
3708
4089
4090
4091
4088
4091
4090
4091
4088
4088
4089
4088
4091
4088
4091
4090
4089
4088
4072
3972
3829
3644
3449
2823
2629
2455
2293
2146
2014
1896
1775
1245
1116
1016
937
826
840
874
921
1217
1291
1361
1430
1499
1695
1750
1804
1856
1898
1938
1982
2024
2209
2281
2346
2414
2584
2564
2523
2454
2368
2053
1952
1858
1781
1700
1622
1542
1471
1225
1155
1094
1050
1028
1023
1037
1070
1110
1279
1335
1386
1429
1478
1541
1610
1695
1795
2116
2226
2331
2433
2524
2605
2680
2750
2992
3039
3079
3103
3017
2965
2908
2852
2589
2523
2446
2361
2272
1946
1832
1711
1598
1481
1369
1252
1144
737
644
559
488
342
349
361
385
414
514
548
587
627
673
716
777
847
1145
1223
1302
1397
1757
1831
1898
1971
2252
2320
2385
2445
2511
2669
2714
2754
2780
2796
2797
2799
2808
2809
2795
2792
2788
2730
2714
2698
2679
2664
2647
2656
2669
2681
2694
2714
2749
2795
2987
3027
3063
3097
3188
3208
3226
3237
3247
3227
3196
3155
3101
2905
2833
2753
2680
2608
2544
2479
2413
2118
2039
1956
1876
1586
1519
1463
1418
1378
1256
1232
1214
1210
1217
1239
1266
1307
1473
1530
1594
1656
1724
1796
1864
1927
1992
2148
2188
2236
2277
2322
2354
2389
2422
2456
2542
2573
2597
2609
2623
2629
2626
2612
2490
2445
2405
2357
2130
2072
2013
1949
1683
1620
1571
1519
1479
1363
1333
1307
1280
1252
1226
1199
1177
1130
1137
1150
1176
1281
1319
1357
1387
1422
1542
1579
1621
1658
1695
1728
1758
1790
1893
1915
1931
1949
1981
1983
1980
1970
1923
1905
1890
1876
1860
1794
1766
1736
1710
1678
1654
1629
1606
1536
1526
1523
1518
1529
1543
1558
1577
1607
1704
1737
1781
1824
1865
1909
1950
1999
2200
2239
2280
2327
2466
2495
2525
2550
2609
2618
2619
2618
2613
2602
2593
2582
2567
2547
2534
2519
2504
2414
2396
2379
2361
2300
2288
2282
2272
2264
2257
2261
2275
2285
2293
2305
2318
2325
2383
2394
2401
2403
2397
2390
2378
2362
2289
2267
2247
2241
2227
2162
2139
2115
2092
2063
2027
1995
1964
1808
1773
1740
1712
1604
1583
1561
1537
1516
1490
1493
1499
1503
1518
1534
1557
1575
1656
1682
1712
1745
1903
1955
1996
2038
2194
2233
2265
2297
2331
2396
2406
2418
2425
2428
2430
2427
2419
2359
2337
2317
2297
2168
2136
2098
2061
2026
1920
1877
1846
1817
1788
1761
1736
1713
1658
1651
1648
1650
1685
1700
1719
1743
1866
1897
1934
1967
1994
2091
2125
2150
2173
2196
2214
2242
2263
2292
2302
2311
2305
2285
2273
2260
2244
2223
2160
2133
2109
2095
2078
2061
2040
2027
1981
1965
1941
1935
1934
1928
1917
1909
1902
1890
1891
1891
1897
1910
1919
1927
1933
1945
1984
2006
2024
2045
2063
2074
2080
2094
2128
2136
2137
2137
2127
2120
2106
2090
2038
2025
2013
2007
1993
1945
1930
1914
1903
1883
1863
1846
1832
1781
1772
1755
1744
1728
1742
1753
1765
1785
1821
1842
1862
1887
1907
1929
1944
1961
2051
2070
2085
2101
2145
2151
2165
2181
2207
2208
2206
2192
2184
2144
2129
2107
2086
2067
2053
2039
2022
1928
1908
1889
1871
1810
1800
1798
1790
1781
1781
1785
1790
1798
1805
1818
1830
1852
1924
1946
1968
1992
2069
2092
2114
2133
2210
2228
2246
2250
2260
2286
2285
2281
2278
2276
2265
2260
2251
2211
2202
2193
2182
2131
2119
2105
2085
2068
2044
2035
2028
2026
2021
2013
2004
2005
1998
2003
2008
2013
2032
2040
2049
2054
2068
2108
2119
2126
2129
2133
2142
2150
2156
2156
2158
2162
2163
2161
2160
2163
2167
2161
2137
2136
2128
2118
2100
2087
2073
2061
2047
2011
1998
1986
1978
1970
1960
1955
1944
1918
1915
1913
1917
1923
1930
1936
1944
1963
1988
2004
2013
2022
2034
2056
2073
2084
2130
2142
2149
2157
2170
2172
2171
2166
2149
2135
2128
2117
2101
2052
2035
2015
2000
1983
1958
1940
1933
1876
1864
1853
1838
1811
1813
1818
1822
1817
1839
1848
1849
1861
1877
1888
1905
1914
1943
1956
1971
1980
2012
2030
2037
2041
2046
2046
2053
2059
2061
2057
2050
2041
2042
2033
2018
2008
2000
1955
1949
1941
1931
1903
1893
1884
1879
1880
1877
1876
1878
1876
1878
1881
1883
1887
1913
1923
1934
1948
2013
2031
2047
2061
2122
2135
2150
2159
2171
2195
2200
2209
2217
2226
2238
2246
2250
2248
2252
2254
2248
2207
2193
2185
2170
2153
2114
2102
2085
2073
2061
2046
2032
2021
1984
1978
1971
1963
1946
1946
1944
1953
1961
1963
1968
1971
1974
1980
1985
1989
1992
2019
2021
2022
2023
2021
2015
2019
2018
2022
2009
2011
2014
2015
2013
2011
2009
2005
2002
1997
1999
1993
1990
1997
1998
1995
1994
1997
1996
2005
2017
2035
2042
2050
2058
2094
2105
2118
2130
2140
2171
2173
2173
2173
2179
2184
2193
2211
2213
2200
2183
2155
2025
1999
1985
1986
1980
1968
1954
1935
1919
1909
1898
1894
1896
1912
1896
1883
1870
1818
1804
1794
1782
1764
1765
1763
1761
1755
1767
1776
1784
1806
1825
1843
1864
1880
1953
1969
1997
2022
2108
2127
2149
2167
2189
2217
2220
2223
2233
2236
2243
2251
2249
2216
2212
2202
2192
2157
2146
2134
2118
2045
2030
2018
2006
1998
1947
1926
1901
1879
1852
1817
1784
1747
1518
1478
1455
1456
1700
1751
1803
1856
1913
1962
1960
1952
1940
1938
1947
1978
2010
2019
1972
1936
1900
1765
1735
1700
1674
1593
1594
1604
1618
1635
1802
1880
1967
2050
2132
2203
2273
2348
2619
2688
2767
2853
3115
3165
3188
3188
3182
3309
3389
3464
3547
3630
3721
3816
3878
3723
3647
3584
3478
2832
2648
2513
2448
2341
2314
2236
2125
2034
1823
1805
1828
1855
1867
1858
1839
1812
1597
1523
1430
1345
1113
1066
1005
910
834
669
608
573
573
588
576
555
561
627
687
737
779
845
858
883
915
1023
1083
1173
1285
1401
1719
1805
1861
1922
1986
2046
2096
2145
2246
2235
2212
2181
2050
2037
2020
2012
2001
1894
1835
1773
1719
1671
1640
1638
1653
1674
1660
1649
1645
1743
1804
1867
1934
2015
2251
2306
2349
2378
2392
2416
2459
2517
2692
2752
2794
2820
2834
2841
2834
2833
2835
2875
2900
2931
2967
2997
3026
3053
3076
3090
3140
3152
3167
3183
3191
3183
3156
3136
3041
3026
3010
2987
2866
2845
2833
2821
2747
2721
2689
2651
2606
2408
2334
2255
2175
2094
2009
1911
1802
1279
1143
1024
914
659
628
606
598
605
705
712
658
546
403
272
184
149
175
218
284
374
736
779
821
879
1357
1486
1618
1767
1929
2384
2481
2540
2562
2539
2515
2491
2466
2360
2362
2387
2435
2766
2818
2855
2891
3054
3095
3129
3160
3195
3340
3385
3406
3387
3332
3241
3136
3040
3015
3114
3220
3319
3307
3173
3005
2823
2657
2336
2298
2285
2264
2232
2193
2153
2130
2317
2392
2453
2489
2316
2209
2097
1989
1682
1656
1644
1642
1640
1509
1422
1317
1206
1112
1038
1006
1014
1324
1425
1505
1573
1657
1665
1687
1721
1774
1850
1818
1750
1667
1577
1507
1455
1432
1617
1711
1801
1884
2018
2009
1995
1990
1989
2017
2020
2014
1993
1965
1930
1898
1866
1754
1722
1685
1629
1558
1488
1413
1334
1269
1187
1202
1236
1284
1341
1406
1475
1541
1598
1700
1702
1698
1686
1667
1651
1652
1668
1857
1917
1978
2024
2052
2048
2045
2043
2015
2001
1976
1943
1912
1825
1804
1793
1782
1771
1773
1780
1787
1755
1736
1720
1704
1624
1603
1582
1559
1552
1560
1576
1597
1627
1659
1707
1763
1821
2068
2118
2165
2223
2459
2532
2613
2689
2888
2906
2901
2892
2874
2856
2875
2899
2936
2979
3028
3075
3113
3203
3205
3200
3191
3118
3103
3080
3058
3043
2989
2966
2939
2908
2873
2821
2767
2722
2604
2589
2576
2568
2532
2519
2510
2490
2406
2379
2346
2311
2278
2157
2116
2075
2036
2006
1980
1950
1918
1806
1781
1754
1722
1590
1568
1552
1540
1533
1459
1433
1401
1371
1345
1322
1308
1312
1386
1408
1429
1450
1517
1540
1564
1600
1714
1724
1734
1749
1753
1775
1787
1804
1826
1853
1882
1907
1925
1971
1979
1988
2003
2036
2032
2020
1993
1963
1838
1795
1754
1717
1689
1669
1666
1660
1642
1631
1627
1620
1584
1583
1581
1584
1576
1570
1575
1573
1575
1565
1569
1588
1603
1620
1632
1657
1682
1793
1830
1862
1891
1940
1937
1928
1918
1904
1868
1875
1880
1887
1903
1923
1937
1950
1992
2002
2015
2034
2098
2116
2122
2140
2159
2193
2204
2216
2228
2243
2262
2287
2315
2396
2419
2444
2472
2497
2515
2533
2551
2569
2604
2613
2619
2626
2621
2617
2612
2603
2597
2574
2572
2569
2568
2567
2565
2561
2557
2543
2536
2525
2514
2421
2385
2346
2305
2134
2096
2059
2022
1994
1915
1899
1881
1868
1849
1828
1807
1794
1743
1732
1732
1724
1677
1671
1659
1641
1626
1585
1578
1572
1568
1560
1550
1544
1544
1589
1612
1633
1657
1718
1724
1736
1754
1805
1817
1835
1847
1858
1883
1897
1914
1937
1956
1974
2000
2022
2124
2140
2159
2180
2252
2268
2281
2292
2300
2333
2350
2367
2381
2397
2398
2402
2410
2409
2402
2397
2399
2372
2355
2338
2329
2252
2240
2224
2204
2186
2169
2161
2150
2151
2146
2141
2129
2115
2064
2042
2015
1996
1962
1953
1946
1944
1940
1962
1970
1988
2006
2019
2029
2045
2061
2111
2125
2130
2138
2168
2170
2175
2172
2148
2143
2137
2128
2123
2084
2066
2053
2040
2021
2006
1997
1993
1947
1930
1921
1901
1809
1783
1765
1748
1730
1695
1690
1687
1681
1678
1674
1672
1674
1690
1691
1696
1703
1749
1762
1773
1794
1841
1850
1859
1866
1876
1897
1896
1900
1904
1905
1908
1908
1911
1912
1914
1910
1911
1910
1908
1913
1920
1927
1931
1936
1945
1955
1967
1978
1984
1991
2012
2018
2025
2036
2046
2052
2060
2067
2069
2079
2081
2093
2107
2114
2123
2131
2133
2142
2162
2171
2180
2184
2187
2195
2195
2186
2174
2169
2166
2163
2142
2141
2139
2129
2095
2096
2099
2098
2098
2113
2123
2132
2143
2150
2157
2163
2175
2206
2208
2206
2208
2229
2232
2234
2236
2236
2224
2225
2224
2219
2216
2213
2214
2209
2177
2168
2158
2148
2106
2092
2076
2062
2000
1976
1963
1953
1940
1901
1890
1888
1879
1877
1867
1857
1852
1844
1839
1842
1838
1849
1849
1857
1868
1882
1908
1917
1919
1928
1943
1953
1962
1970
1992
1996
2007
2017
2036
2037
2040
2048
2054
2057
2055
2052
2055
2057
2056
2057
2055
2037
2033
2032
2030
2022
2011
2007
2006
2009
2007
1994
1988
1987
1981
1978
1977
1976
1976
1978
1983
1987
1993
1995
1998
2002
2009
2018
2023
2027
2035
2041
2039
2035
2036
2044
2047
2051
2049
2052
2046
2047
2043
2043
2044
2046
2046
2047
2035
2031
2034
2028
1998
2005
2001
2001
1998
1986
1984
1982
1988
1990
1997
1999
2004
2007
2004
2009
2005
2010
2015
2015
2022
2032
2035
2039
2042
2045
2064
2065
2065
2070
2071
2071
2066
2061
2084
2085
2092
2096
2099
2095
2095
2099
2099
2097
2093
2093
2091
2090
2089
2085
2088
2077
2073
2072
2069
2059
2056
2051
2046
2040
2039
2042
2038
2033
2022
2019
2022
2020
2014
2010
2006
2001
1968
1961
1953
1940
1908
1903
1896
1890
1885
1874
1872
1871
1867
1865
1863
1861
1861
1863
1866
1871
1869
1895
1902
1910
1921
1945
1955
1971
1984
2000
2067
2094
2106
2097
2085
2074
2083
2099
2132
2122
2112
2116
2174
2180
2187
2189
2192
2241
2269
2287
2296
2306
2302
2295
2281
2234
2222
2204
2177
2101
2078
2064
2050
1986
1983
1991
1988
1982
1946
1934
1935
1928
1915
1902
1890
1885
1878
1861
1844
1835
1866
1880
1892
1893
1878
1867
1856
1845
1829
1779
1772
1766
1764
1747
1727
1701
1676
1586
1582
1589
1595
1565
1539
1521
1511
1498
1484
1481
1479
1474
1481
1493
1500
1515
1611
1645
1682
1722
1861
1902
1944
1994
2239
2310
2378
2448
2521
2750
2830
2922
3011
3096
3182
3269
3353
3657
3730
3804
3869
4004
4011
4019
4050
4089
4072
4015
3919
3799
3666
3546
3426
3304
2859
2765
2692
2610
2236
2130
2031
1944
1824
1810
1796
1781
1740
1525
1405
1279
1145
994
868
777
705
561
524
458
385
165
160
171
174
187
291
295
280
267
248
242
259
312
624
740
860
972
1389
1476
1540
1600
1668
1904
1974
2048
2124
2205
2289
2355
2414
2645
2663
2666
2665
2591
2555
2514
2463
2178
2132
2097
2074
2078
2131
2125
2120
2111
2097
2085
2086
2111
2308
2361
2404
2430
2402
2393
2383
2378
2392
2413
2400
2375
2338
2283
2230
2163
2103
1847
1810
1784
1772
1845
1857
1861
1854
1810
1787
1765
1754
1752
1764
1769
1770
1766
1770
1774
1785
1795
1871
1894
1917
1937
2015
2039
2075
2109
2157
2285
2321
2342
2361
2378
2387
2398
2401
2403
2409
2425
2442
2469
2459
2440
2427
2405
2424
2457
2496
2529
2576
2572
2559
2539
2526
2507
2487
2472
2433
2417
2397
2377
2229
2181
2132
2086
2045
1949
1934
1929
1935
1944
1964
1992
2034
2157
2204
2240
2272
2296
2329
2366
2410
2459
2598
2641
2680
2711
2737
2754
2750
2746
2736
2661
2627
2595
2566
2544
2526
2511
2494
2414
2383
2349
2306
2161
2143
2126
2113
2103
2079
2067
2040
2004
1965
1925
1895
1872
1788
1759
1733
1708
1680
1648
1613
1575
1540
1433
1400
1369
1334
1301
1271
1244
1215
1184
1101
1070
1039
1010
982
952
921
891
795
790
787
785
886
928
977
1029
1077
1255
1318
1380
1441
1501
1563
1629
1701
1976
2038
2103
2161
2331
2371
2413
2446
2536
2544
2548
2547
2544
2505
2486
2469
2450
2432
2417
2397
2381
2300
2274
2246
2209
2048
2008
1974
1932
1890
1739
1677
1619
1561
1498
1444
1399
1355
1232
1212
1201
1192
1202
1220
1245
1276
1383
1423
1471
1529
1593
1799
1878
1952
2030
2111
2191
2271
2351
2636
2699
2762
2817
3002
3033
3062
3096
3140
3134
3126
3117
3109
3092
3093
3089
3081
3066
3059
3043
3021
2943
2926
2909
2894
2850
2839
2817
2783
2746
2646
2612
2573
2532
2492
2451
2416
2369
2163
2105
2049
1990
1734
1672
1613
1553
1334
1288
1251
1210
1170
1089
1069
1063
1052
1049
1045
1052
1061
1124
1146
1174
1200
1318
1345
1379
1414
1445
1541
1574
1608
1644
1678
1712
1750
1783
1856
1876
1899
1923
1943
1964
1989
2018
2038
2098
2116
2131
2145
2160
2174
2184
2200
2218
2271
2285
2299
2315
2329
2339
2347
2356
2406
2415
2427
2435
2470
2475
2478
2490
2507
2517
2525
2532
2537
2531
2534
2534
2536
2544
2540
2538
2536
2508
2497
2484
2473
2394
2375
2355
2338
2316
2230
2199
2166
2128
2097
2067
2038
2002
1861
1827
1798
1769
1645
1614
1594
1576
1536
1532
1535
1543
1556
1593
1602
1616
1636
1659
1683
1709
1731
1828
1854
1880
1907
1990
2012
2032
2050
2069
2112
2125
2136
2153
2160
2161
2162
2157
2164
2165
2166
2165
2151
2145
2143
2139
2104
2098
2091
2084
2079
2025
2017
2007
1995
1978
1955
1931
1907
1796
1761
1730
1699
1597
1571
1546
1520
1495
1441
1428
1413
1402
1394
1382
1377
1372
1383
1390
1400
1411
1467
1498
1523
1553
1577
1655
1691
1723
1758
1789
1823
1847
1874
1955
1984
2009
2038
2072
2103
2130
2151
2178
2242
2260
2281
2299
2310
2326
2345
2360
2383
2425
2432
2448
2461
2470
2481
2489
2497
2498
2495
2492
2494
2484
2474
2464
2452
2442
2413
2403
2392
2379
2367
2351
2336
2325
2314
2257
2246
2234
2218
2206
2188
2173
2155
2119
2108
2105
2103
2094
2091
2091
2093
2094
2106
2119
2133
2141
2151
2161
2168
2178
2217
2219
2229
2245
2276
2275
2276
2277
2271
2265
2264
2262
2258
2213
2194
2178
2164
2149
2134
2125
2113
2069
2059
2050
2041
1991
1981
1971
1961
1916
1905
1900
1894
1887
1863
1856
1849
1848
1845
1836
1832
1830
1838
1834
1832
1831
1841
1840
1840
1845
1855
1864
1865
1866
1872
1871
1868
1866
1873
1872
1865
1861
1861
1842
1840
1833
1825
1816
1816
1809
1808
1810
1804
1804
1808
1813
1816
1822
1823
1828
1839
1848
1857
1858
1885
1895
1906
1921
1929
1952
1965
1984
2000
2012
2023
2034
2048
2095
2103
2116
2124
2155
2162
2172
2181
2205
2213
2217
2223
2223
2237
2242
2247
2243
2241
2241
2245
2249
2254
2252
2252
2251
2235
2232
2227
2227
2211
2191
2189
2176
2170
2163
2151
2138
2126
2066
2057
2047
2033
1986
1973
1961
1954
1925
1917
1916
1909
1910
1901
1906
1912
1913
1915
1915
1919
1921
1944
1948
1962
1972
2019
2028
2045
2062
2077
2104
2111
2123
2125
2135
2142
2146
2149
2146
2135
2131
2125
2119
2108
2104
2094
2080
2057
2043
2030
2019
2008
1995
1981
1976
1976
1931
1918
1905
1896
1887
1881
1882
1877
1836
1835
1827
1826
1811
1809
1808
1805
1802
1810
1818
1825
1833
1850
1861
1873
1881
1888
1896
1908
1922
1959
1975
1986
1996
2028
2034
2042
2046
2053
2082
2089
2094
2096
2100
2104
2106
2111
2125
2131
2139
2148
2155
2159
2165
2167
2161
2162
2158
2156
2158
2146
2141
2138
2137
2138
2131
2131
2126
2094
2091
2094
2088
2072
2068
2064
2060
2060
2046
2044
2043
2045
2046
2042
2045
2042
2036
2040
2049
2056
2067
2074
2079
2077
2077
2080
2083
2087
2090
2090
2088
2085
2087
2090
2089
2086
2088
2083
2086
2085
2079
2073
2044
2038
2032
2031
2027
2017
2013
2007
1998
1976
1964
1962
1962
1958
1952
1952
1948
1937
1936
1938
1937
1928
1926
1926
1928
1940
1943
1946
1954
1963
1969
1976
1977
1983
1987
1993
2002
2012
2033
2042
2054
2053
2060
2054
2065
2074
2080
2079
2087
2085
2087
2088
2084
2083
2078
2061
2051
2047
2048
2019
2013
2005
2001
1995
1983
1978
1975
1971
1965
1955
1951
1947
1930
1923
1924
1922
1925
1925
1928
1925
1923
1934
1939
1944
1947
1948
1955
1960
1967
1991
2002
2007
2019
2028
2040
2044
2053
2063
2074
2077
2080
2086
2093
2095
2101
2107
2095
2079
2074
2074
2069
2061
2062
2059
2054
2044
2034
2028
2024
2020
2023
2016
2016
2012
2007
2009
2010
2011
2012
2012
2021
2026
2027
2026
2033
2037
2039
2037
2036
2034
2040
2045
2048
2053
2039
2032
2035
2036
2039
2042
2039
2036
2031
2029
2029
2030
2027
2017
2015
2016
2015
2001
1993
1985
1977
1952
1942
1926
1908
1890
1838
1818
1801
1783
1766
1745
1729
1705
1641
1624
1610
1595
1533
1518
1504
1494
1482
1458
1448
1440
1439
1434
1430
1431
1434
1496
1523
1551
1587
1782
1846
1910
1982
2300
2389
2478
2571
2664
2930
3035
3165
3280
3360
3426
3495
3545
3714
3769
3816
3868
4053
4064
4061
4055
4052
4081
4084
4065
4027
3985
3939
3888
3819
3427
3325
3222
3125
2652
2530
2411
2274
1737
1606
1475
1362
1256
925
808
687
569
453
341
237
154
120
115
113
111
104
103
107
107
106
116
116
119
126
128
132
136
144
179
214
259
327
419
525
639
756
862
1168
1273
1371
1458
1539
1622
1697
1784
1872
2104
2167
2222
2270
2312
2354
2392
2436
2628
2676
2718
2755
2875
2889
2905
2915
2915
2903
2891
2886
2879
2792
2759
2727
2686
2646
2610
2582
2548
2460
2446
2425
2399
2371
2367
2363
2355
2343
2291
2268
2242
2224
2207
2182
2162
2141
2033
2001
1984
1956
1835
1815
1785
1756
1682
1668
1665
1663
1661
1639
1632
1616
1613
1612
1611
1615
1621
1674
1695
1715
1745
1904
1955
2003
2045
2099
2234
2282
2329
2374
2412
2452
2493
2532
2701
2746
2801
2849
3011
3041
3071
3092
3131
3134
3130
3130
3127
3096
3073
3052
3033
3005
2971
2938
2910
2735
2683
2627
2568
2322
2255
2184
2115
2051
1851
1784
1716
1658
1588
1523
1462
1395
1175
1131
1093
1063
959
946
936
925
917
927
943
963
985
1035
1063
1096
1134
1178
1229
1283
1346
1595
1652
1718
1773
1987
2036
2086
2132
2185
2331
2366
2398
2436
2473
2508
2537
2566
2665
2677
2697
2707
2709
2706
2697
2680
2610
2575
2544
2504
2462
2326
2275
2227
2180
2132
2082
2035
1982
1788
1737
1689
1644
1483
1435
1397
1368
1340
1239
1214
1197
1188
1178
1169
1162
1156
1172
1178
1185
1204
1303
1336
1367
1394
1529
1568
1606
1638
1673
1753
1781
1807
1833
1865
1903
1936
1974
2131
2177
2223
2273
2461
2508
2558
2599
2628
2710
2736
2757
2778
2797
2818
2830
2846
2851
2851
2847
2845
2837
2825
2812
2800
2790
2730
2716
2694
2668
2648
2616
2583
2549
2510
2407
2369
2338
2296
2259
2219
2187
2154
2056
2036
2014
1994
1922
1908
1894
1883
1848
1840
1833
1823
1812
1788
1782
1786
1784
1783
1785
1788
1793
1822
1830
1835
1841
1873
1882
1895
1902
1906
1922
1935
1940
1938
1947
1956
1961
1963
1978
1976
1979
1980
1980
1974
1971
1969
1935
1926
1914
1903
1892
1860
1848
1842
1837
1835
1831
1830
1830
1825
1830
1835
1840
1864
1873
1877
1884
1894
1892
1897
1898
1906
1916
1926
1924
1929
1935
1936
1951
1962
1998
2008
2013
2024
2035
2051
2054
2058
2057
2068
2080
2091
2101
2120
2127
2137
2153
2169
2184
2198
2206
2220
2257
2263
2266
2273
2277
2282
2279
2275
2275
2277
2280
2284
2288
2286
2283