1631
1612
1608
1605
1605
1648
1670
1691
1721
1750
1824
1846
1870
1896
1909
1918
1918
1916
1890
1891
1900
1902
1922
1929
1942
1949
1954
1942
1938
1937
1941
1947
1942
1944
1950
1921
1907
1901
1898
1918
1932
1950
1971
2054
2071
2088
2103
2111
2142
2147
2141
2143
2142
2134
2130
2127
2127
2128
2122
2124
2117
2112
2104
2100
2099
2086
2076
2065
2053
2034
2015
1995
1969
1916
1904
1894
1895
1918
1927
1932
1942
1947
1945
1943
1941
1939
1936
1937
1936
1935
1932
1918
1909
1899
1863
1868
1871
1879
1901
1911
1917
1924
1933
1958
1965
1970
1976
1972
1980
1978
1977
1959
1957
1964
1968
2012
2028
2041
2052
2065
2090
2097
2101
2113
2126
2135
2141
2148
2145
2139
2137
2135
2138
2134
2123
2120
2122
2123
2122
2125
2134
2143
2145
2144
2141
2142
2141
2144
2138
2141
2139
2143
2144
2129
2124
2122
2116
2112
2107
2106
2108
2111
2105
2105
2107
2109
2102
2099
2096
2086
2040
2031
2024
2018
1987
1970
1959
1957
1957
1953
1957
1960
1956
1961
1968
1965
1969
2004
2023
2042
2053
2097
2097
2105
2111
2117
2122
2119
2115
2110
2103
2101
2094
2090
2070
2076
2084
2089
2082
2076
2073
2070
2039
2026
2027
2027
2024
2017
2007
1995
1985
1980
1970
1962
1949
1902
1891
1886
1881
1878
1876
1870
1869
1873
1879
1880
1881
1887
1890
1888
1888
1885
1883
1884
1885
1880
1880
1878
1878
1871
1872
1882
1882
1880
1884
1896
1894
1893
1898
1917
1918
1923
1928
1962
1981
1992
2000
2058
2073
2084
2103
2118
2159
2176
2188
2202
2213
2224
2241
2251
2280
2290
2294
2295
2289
2287
2282
2281
2272
2256
2251
2246
2241
2236
2233
2227
2218
2199
2197
2192
2188
2182
2169
2155
2139
2123
2085
2076
2063
2054
2043
2035
2024
2011
2001
1989
1984
1977
1969
1965
1961
1955
1949
1914
1907
1906
1898
1874
1866
1863
1863
1866
1852
1844
1836
1839
1836
1832
1824
1827
1881
1891
1883
1867
1837
1794
1746
1703
1667
1688
1734
1790
1849
1900
1947
1978
1995
2009
2065
2072
2081
2105
2133
2164
2189
2211
2223
2206
2182
2164
2165
2180
2197
2207
2209
2160
2133
2110
2090
2074
2066
2060
2069
2105
2104
2092
2076
2027
2021
2016
2022
2039
2033
2019
1997
1978
1950
1961
1979
2001
2021
2042
2058
2067
1928
1881
1843
1814
1861
1889
1913
1928
1944
1932
1917
1906
1894
1876
1858
1841
1824
1699
1660
1604
1550
1322
1281
1241
1211
1129
1129
1130
1140
1151
1203
1243
1285
1337
1389
1441
1496
1556
1772
1849
1951
2056
2341
2288
2219
2204
2180
2055
2090
2133
2200
2293
2396
2522
2666
3059
3182
3279
3361
3466
3599
3715
3815
3931
4088
4088
4088
4089
4092
4089
4089
4087
4088
4089
4088
4086
4087
4091
4088
4089
4089
4020
3938
3836
3721
3175
3012
2846
2682
2495
1918
1727
1535
1360
1206
1063
930
802
482
382
290
227
190
172
174
196
212
209
193
171
144
133
128
128
122
124
123
125
125
128
129
124
123
123
120
123
124
129
195
237
295
362
700
790
895
1009
1139
1536
1662
1783
1889
1977
2063
2145
2219
2469
2526
2578
2617
2824
2878
2932
2996
3071
3262
3329
3397
3468
3531
3587
3636
3681
3803
3807
3803
3788
3546
3462
3366
3270
3013
2979
2951
2930
2897
2818
2789
2765
2734
2704
2668
2635
2601
2392
2327
2256
2181
1822
1725
1629
1530
1443
1220
1162
1110
1066
1024
990
955
924
825
815
809
804
758
753
750
760
865
907
950
993
1047
1243
1313
1388
1460
1530
1617
1712
1813
2204
2291
2365
2436
2687
2757
2822
2884
2945
3099
3141
3170
3198
3232
3256
3280
3292
3349
3358
3365
3372
3305
3275
3238
3207
3048
3005
2959
2913
2865
2691
2631
2561
2493
2426
2360
2283
2202
1865
1773
1683
1596
1276
1204
1141
1088
1042
922
891
861
838
821
805
790
787
825
837
859
891
984
1024
1062
1111
1328
1380
1435
1491
1556
1741
1808
1879
1960
2040
2117
2192
2262
2464
2503
2539
2577
2720
2757
2787
2818
2845
2892
2896
2902
2906
2901
2895
2894
2889
2803
2758
2710
2664
2457
2410
2372
2335
2186
2151
2118
2083
2052
1960
1940
1919
1902
1876
1853
1828
1801
1658
1623
1596
1564
1462
1438
1413
1390
1368
1320
1302
1297
1296
1297
1310
1313
1322
1318
1319
1318
1320
1330
1346
1359
1380
1481
1516
1546
1577
1608
1740
1798
1858
1919
1978
2033
2086
2144
2294
2324
2354
2380
2460
2480
2499
2521
2533
2578
2595
2612
2638
2659
2675
2681
2697
2726
2729
2735
2740
2740
2741
2734
2731
2686
2667
2650
2636
2618
2544
2515
2489
2460
2422
2387
2354
2320
2163
2126
2093
2065
1954
1919
1891
1861
1826
1717
1692
1666
1645
1617
1599
1578
1563
1470
1445
1426
1410
1350
1350
1354
1353
1402
1421
1435
1462
1496
1563
1590
1616
1641
1668
1692
1710
1723
1805
1835
1864
1891
2008
2035
2072
2102
2137
2236
2273
2311
2338
2370
2401
2429
2449
2481
2478
2475
2478
2445
2423
2414
2412
2386
2378
2372
2359
2350
2343
2341
2342
2341
2333
2326
2319
2310
2252
2241
2231
2220
2158
2145
2130
2111
2095
2038
2023
2016
2005
1991
1979
1969
1955
1878
1868
1858
1854
1828
1826
1823
1818
1810
1811
1818
1828
1836
1826
1831
1835
1839
1837
1843
1846
1847
1841
1844
1850
1854
1883
1887
1893
1895
1904
1911
1908
1903
1900
1895
1886
1884
1878
1843
1846
1854
1850
1881
1890
1906
1929
1984
1994
2009
2026
2045
2076
2087
2100
2111
2123
2133
2142
2147
2167
2165
2170
2171
2175
2175
2180
2179
2182
2181
2176
2172
2167
2173
2170
2164
2156
2147
2136
2128
2114
2105
2091
2080
2068
2069
2057
2049
2047
2044
2040
2031
2028
2027
2021
2000
1985
1979
1980
1974
1970
1962
1961
1940
1929
1925
1918
1904
1905
1904
1902
1906
1901
1902
1903
1909
1909
1911
1911
1918
1939
1944
1950
1959
1982
1991
2003
2014
2056
2065
2069
2079
2083
2105
2109
2114
2119
2125
2126
2129
2133
2142
2141
2148
2152
2154
2156
2149
2142
2138
2130
2134
2135
2131
2120
2113
2107
2102
2070
2066
2056
2042
2018
2015
2004
2001
1989
1994
1995
1986
1985
1994
1999
2001
2001
2006
2006
2002
2002
1999
2003
2002
2003
2018
2021
2023
2028
2030
2032
2030
2033
2040
2049
2046
2040
2037
2049
2048
2052
2057
2047
2051
2052
2052
2051
2050
2053
2048
2053
2053
2057
2050
2048
2048
2047
2046
2051
2050
2050
2049
2047
2050
2055
2057
2054
2058
2058
2061
2067
2072
2073
2061
2063
2062
2066
2066
2063
2056
2049
2034
2033
2027
2017
1995
1993
1997
1986
1977
1977
1974
1969
1965
1957
1950
1939
1932
1908
1906
1897
1890
1856
1845
1836
1835
1817
1821
1823
1819
1822
1833
1836
1837
1849
1852
1862
1871
1876
1922
1934
1946
1953
1997
2010
2035
2050
2063
2092
2108
2120
2135
2143
2151
2162
2170
2175
2191
2246
2303
2317
2251
2166
2098
2108
2165
2207
2250
2293
2220
2206
2218
2226
2213
2195
2192
2175
2093
2062
2040
2040
2069
2080
2082
2096
2132
2174
2147
2104
2056
2000
1962
1937
1914
1922
1916
1930
1938
1913
1885
1861
1851
1841
1767
1775
1776
1765
1752
1747
1742
1730
1687
1679
1682
1694
1705
1710
1732
1764
1793
1870
1885
1897
1913
1918
1929
1927
1934
1955
2038
2081
2124
2166
2198
2233
2256
2279
2343
2363
2377
2384
2381
2358
2348
2338
2335
2379
2392
2398
2405
2403
2394
2384
2369
2296
2262
2235
2207
2141
2133
2120
2098
2009
2000
1995
2000
2008
2039
2050
2057
2048
2031
1999
1952
1901
1810
1810
1823
1847
1923
1930
1928
1925
1922
1885
1872
1849
1823
1799
1770
1753
1736
1703
1703
1708
1722
1724
1728
1737
1734
1711
1700
1702
1713
1726
1815
1845
1883
1919
1951
1980
2005
2027
2144
2178
2215
2249
2324
2330
2341
2345
2351
2371
2382
2384
2388
2391
2396
2397
2392
2327
2303
2281
2259
2183
2175
2165
2163
2137
2101
2061
2014
1970
1926
1930
1938
1954
1956
1942
1928
1920
1910
1925
1940
1947
1971
1972
1978
1989
1985
1937
1924
1906
1897
1895
1890
1877
1867
1793
1776
1763
1757
1766
1774
1790
1808
1841
1842
1837
1834
1827
1857
1873
1886
1901
1917
1922
1930
1936
1946
1948
1958
1967
1955
1946
1931
1916
1906
1882
1874
1865
1865
1865
1875
1891
1914
1924
1919
1918
1924
2001
2016
2035
2050
2058
2068
2044
2036
2088
2178
2208
2194
2228
2087
2067
2074
2034
1995
2013
2082
2136
2152
2339
2343
2326
2381
2488
2539
2534
2569
2648
2747
2811
2860
2897
2908
2924
2952
2972
3129
3121
3077
3036
2579
2472
2388
2337
2317
2322
2312
2302
2287
2270
2252
2231
2206
2117
2100
2073
2039
1816
1747
1681
1629
1443
1434
1430
1410
1380
1276
1242
1223
1209
1204
1195
1187
1186
1186
1207
1233
1245
1325
1339
1358
1383
1466
1469
1462
1450
1440
1466
1498
1542
1599
1650
1701
1757
1814
1910
1908
1896
1893
1931
1959
1986
2006
2031
2058
2052
2056
2064
2082
2113
2153
2193
2280
2278
2276
2270
2277
2305
2356
2414
2616
2638
2646
2641
2637
2631
2637
2642
2641
2640
2636
2618
2591
2479
2469
2479
2483
2468
2445
2410
2382
2347
2241
2215
2197
2170
2146
2114
2088
2043
1902
1851
1807
1764
1725
1690
1665
1650
1635
1628
1631
1641
1644
1652
1663
1673
1687
1702
1710
1714
1713
1721
1736
1756
1775
1797
1834
1826
1823
1831
1882
1896
1909
1931
1941
1958
1966
1977
1997
2021
2041
2067
2098
2204
2217
2232
2248
2312
2334
2362
2384
2440
2443
2440
2444
2449
2449
2439
2423
2407
2389
2375
2347
2312
2199
2170
2152
2141
2056
2039
2015
1989
1959
1862
1839
1816
1802
1789
1771
1758
1742
1668
1648
1631
1627
1620
1626
1633
1647
1699
1720
1741
1761
1782
1863
1885
1897
1915
1928
1944
1957
1976
2042
2066
2084
2106
2184
2199
2214
2229
2243
2293
2307
2312
2320
2318
2314
2312
2314
2282
2276
2271
2261
2251
2218
2209
2199
2181
2167
2147
2131
2114
2054
2034
2011
1996
1980
1970
1957
1942
1927
1885
1877
1865
1859
1857
1852
1855
1857
1836
1828
1818
1807
1802
1780
1775
1776
1769
1760
1755
1750
1735
1710
1711
1718
1728
1751
1756
1767
1775
1820
1835
1856
1880
1894
1938
1954
1977
1997
2013
2027
2046
2059
2115
2133
2149
2162
2203
2214
2220
2227
2239
2272
2282
2283
2281
2281
2281
2277
2271
2275
2281
2289
2293
2295
2293
2297
2295
2278
2274
2270
2259
2261
2245
2235
2230
2222
2212
2203
2200
2186
2133
2120
2106
2090
2038
2029
2014
1995
1977
1957
1954
1937
1919
1903
1894
1888
1877
1846
1839
1832
1827
1815
1803
1797
1786
1774
1752
1751
1746
1746
1753
1756
1760
1765
1768
1770
1768
1777
1784
1792
1802
1820
1829
1863
1878
1892
1902
1954
1970
1980
2000
2049
2062
2069
2071
2077
2092
2104
2115
2122
2126
2128
2141
2152
2182
2191
2200
2212
2235
2236
2231
2232
2235
2212
2206
2202
2196
2188
2185
2174
2160
2116
2111
2106
2102
2065
2061
2055
2051
2050
2039
2034
2027
2018
2019
2016
2008
2004
1996
1995
1991
1989
1986
1985
1982
1984
1990
2000
2003
2006
2011
2017
2023
2031
2039
2048
2042
2049
2055
2061
2062
2062
2070
2075
2079
2078
2076
2076
2056
2054
2049
2041
2004
1993
1983
1975
1968
1965
1959
1954
1951
1947
1952
1951
1953
1940
1944
1947
1947
1949
1950
1948
1948
1946
1939
1941
1947
1948
1948
1953
1957
1965
1960
1959
1960
1962
1961
1959
1961
1962
1974
1979
1985
1983
1983
2000
2003
2005
2021
2034
2044
2049
2056
2089
2099
2106
2111
2119
2120
2117
2120
2120
2105
2100
2090
2085
2078
2071
2066
2068
2043
2039
2042
2041
2046
2042
2039
2037
2021
2022
2022
2018
2018
2010
2002
2002
2005
2003
2000
1994
1990
1966
1968
1968
1973
1969
1967
1966
1966
1964
1968
1971
1974
1976
1978
1977
1976
1976
1992
1994
2000
2010
2014
2019
2025
2031
2035
2036
2036
2038
2047
2057
2065
2071
2073
2078
2091
2094
2094
2097
2100
2099
2093
2093
2089
2085
2085
2086
2062
2060
2053
2053
2051
2039
2028
2022
2022
2024
2027
2025
2029
2039
2048
2047
2054
2053
2059
2066
2066
2067
2078
2082
2084
2089
2089
2091
2099
2100
2102
2098
2097
2091
2090
2090
2093
2094
2093
2074
2072
2071
2070
2052
2046
2046
2043
2026
2021
2014
2010
2007
2008
2008
2005
2002
2000
1999
2000
2004
2000
1992
1979
1984
2012
2006
2006
2005
1999
1984
1983
1980
1977
1974
1973
1971
1971
1963
1963
1963
1964
1966
1973
1974
1976
1972
1973
1969
1969
1971
1971
1968
1966
1964
1946
1939
1938
1947
1949
1941
1942
1947
1947
1943
1933
1924
1927
1931
1929
1930
1929
1933
1941
1945
1941
1952
1954
1957
1966
1969
2017
2024
2026
2027
2044
2049
2053
2054
2054
2056
2060
2065
2072
2075
2082
2088
2093
2095
2094
2097
2107
2106
2111
2107
2109
2109
2116
2123
2125
2125
2129
2132
2134
2137
2143
2149
2154
2158
2160
2157
2159
2160
2166
2144
2143
2141
2137
2115
2105
2103
2100
2098
2062
2053
2049
2046
2038
2023
2012
2012
1984
1976
1965
1963
1962
1962
1958
1952
1952
1948
1941
1936
1931
1926
1928
1924
1924
1919
1905
1903
1905
1912
1915
1914
1917
1919
1917
1925
1941
1949
1967
1980
1989
1991
1994
2013
2016
2020
2026
2029
2030
2028
2030
2038
2046
2044
2044
2042
2050
2058
2065
2068
2067
2065
2069
2065
2063
2063
2062
2061
2055
2044
2037
2039
2037
2043
2047
2048
2048
2036
2033
2027
2030
2017
2021
2024
2022
2022
2028
2032
2031
2036
2035
2040
2043
2048
2051
2050
2047
2047
2051
2050
2051
2048
2052
2048
2040
2031
2018
2010
2007
2005
2006
2003
1980
1982
1974
1966
1967
1963
1957
1959
1960
1962
1967
1972
1989
1992
2001
2006
2014
2039
2051
2062
2069
2070
2075
2091
2096
2113
2114
2115
2112
2112
2113
2115
2114
2113
2114
2115
2118
2119
2110
2111
2111
2111
2100
2084
2080
2077
2072
2068
2062
2055
2053
2027
2033
2030
2023
1998
1993
1995
1992
1989
1990
1987
1987
1987
1986
1983
1978
1976
1979
1979
1984
1979
1987
1991
1998
1995
1978
1977
1981
1983
1983
1975
1981
1985
1979
1981
1990
1994
1994
1986
1984
1989
1989
1995
1999
2000
1997
2003
1998
1996
1999
2005
2013
2016
2022
2028
2026
2030
2034
2033
2034
2044
2052
2058
2046
2044
2050
2051
2050
2042
2033
2047
2071
2055
2022
2012
2028
2016
2033
2024
2011
1998
2012
2030
2029
2014
2018
2013
2009
2007
2007
1997
2000
2004
2009
2012
2015
2033
2041
2044
2045
2057
2070
2054
2056
2064
2064
2063
2068
2062
2047
2043
2061
2065
2059
2060
2060
2054
2058
2062
2067
2068
2060
2048
2040
2043
2042
2034
2029
2025
2025
2032
2039
2043
2008
2007
2003
2002
2004
1982
1976
1970
1972
1987
1995
1998
1999
1983
1979
1975
1975
1984
1995
2001
2008
2010
2017
2022
2028
2031
2033
2038
2043
2040
2038
2055
2056
2066
2069
2065
2059
2063
2071
2053
2051
2047
2045
2036
2036
2040
2046
2050
2064
2065
2066
2066
2064
2067
2067
2067
2057
2062
2055
2068
2132
2131
2130
2070
1971
1965
1996
2057
2102
2155
2160
2148
2134
2137
2135
2127
2118
2031
2022
2021
2025
2041
2058
2080
2092
2092
2082
2061
2038
2022
2006
2002
2005
2010
1988
1994
1982
1981
1959
1955
1957
1944
1960
1946
1925
1930
1938
1929
1927
1908
1885
1876
1874
1859
1845
1889
1898
1912
1923
1917
1905
1891
1875
1867
1863
1878
1892
1900
1911
1929
1935
1925
1909
1916
1927
1936
1948
1961
1975
1982
2024
2021
2036
2063
2075
2104
2121
2130
2134
2145
2159
2169
2170
2139
2128
2125
2123
2119
2114
2116
2117
2119
2124
2109
2105
2096
2086
2073
2070
2065
2043
2043
2037
2029
2025
2026
2029
2025
2023
2037
2036
2037
2046
2053
2055
2049
2048
2047
2036
2036
2036
2036
2042
2043
2051
2050
2073
2076
2087
2098
2114
2115
2117
2105
2101
2091
2098
2113
2115
2115
2112
2112
2106
2079
2073
2072
2070
2066
2067
2073
2075
2060
2042
2021
1999
1986
1975
1970
1973
1977
1981
1986
1990
1988
1971
1970
1965
1960
1962
1955
1954
1955
1960
1946
1943
1940
1941
1947
1950
1959
1963
1967
1969
1976
1984
1991
1995
2000
2008
2017
2028
2032
2033
2028
2032
2060
2104
2109
2073
1990
1939
1907
1921
1955
1969
1999
2046
2175
2199
2206
2206
2226
2214
2201
2176
2138
2059
2045
2023
1998
1996
2016
2052
2086
2129
2120
2098
2069
2034
2010
1992
1969
1952
1926
1913
1908
1899
1884
1864
1854
1843
1829
1829
1839
1855
1875
1894
1903
1900
1895
1873
1858
1843
1825
1828
1832
1846
1857
1876
1924
1950
1971
1995
2021
2047
2070
2082
2053
2039
2035
2036
2038
2047
2072
2102
2128
2188
2193
2196
2193
2192
2192
2199
2192
2184
2163
2159
2157
2158
2157
2152
2148
2139
2132
2131
2135
2144
2164
2161
2153
2137
2102
2129
2143
2136
2113
2046
2006
1979
1973
1961
1944
1942
1946
1996
2020
2032
2046
2076
2065
2058
2048
2038
2040
2035
2024
2021
2022
2034
2050
2064
2150
2160
2164
2168
2121
2105
2085
2063
2053
2042
2041
2049
2055
2044
2030
2024
2017
1994
1978
1973
1980
1990
1995
1996
1992
1985
1951
1943
1941
1935
1927
1922
1931
1934
1941
1957
1971
1976
1977
1979
1978
1975
1971
1954
1949
1951
1946
1959
1965
1962
1957
1951
1943
1937
1935
1937
1935
1928
1913
1895
1873
1865
1864
1869
1875
1888
1900
1901
1910
1915
1919
1923
1941
1957
1967
1975
1988
2006
2003
2010
2007
1995
1988
1988
1984
1976
1999
2009
2016
2016
1994
1983
1971
1969
1970
1965
1965
1960
1962
1966
1969
1968
1974
1988
1991
1992
1995
2016
2018
2018
2026
2058
2067
2078
2086
2094
2117
2116
2116
2127
2136
2147
2163
2170
2159
2166
2166
2168
2168
2174
2182
2188
2195
2185
2184
2180
2168
2157
2148
2134
2134
2103
2098
2096
2099
2074
2064
2056
2047
2016
2012
2008
2004
2002
1974
1971
1970
1966
1962
1955
1954
1956
1974
1979
1988
1989
2011
2014
2011
2009
2006
2004
2005
2008
2016
2026
2032
2041
2048
2069
2079
2090
2090
2110
2110
2111
2118
2130
2132
2137
2144
2152
2144
2140
2138
2138
2137
2139
2142
2139
2106
2100
2091
2084
2060
2056
2054
2047
2048
2016
2009
2007
2004
1993
1986
1982
1969
1941
1941
1940
1943
1945
1940
1934
1934
1934
1929
1924
1922
1928
1926
1927
1935
1944
1949
1953
1953
1954
1948
1948
1949
1952
1950
1975
1977
1986
1994
2014
2014
2013
2011
2015
2013
2014
2016
2009
2005
2006
2010
2015
2014
2018
2018
2017
2004
2006
2010
2013
2018
2020
2020
2021
2027
2022
2020
2010
2009
2005
2000
1987
1989
1976
1972
1970
1967
1950
1946
1944
1945
1949
1960
1958
1959
1965
1974
1979
1982
1987
2013
2021
2027
2031
2057
2062
2059
2060
2071
2085
2090
2093
2087
2084
2084
2087
2083
2084
2084
2084
2081
2081
2078
2069
2067
2066
2053
2044
2041
2035
2030
2022
2017
2014
2008
1997
1996
1989
1991
1993
1992
1994
1997
1996
2000
2008
2011
2012
2016
2023
2023
2021
2020
2011
2016
2015
2012
2004
2005
2002
2001
2001
2006
2012
2000
1997
2001
2006
2012
2015
2019
2021
2025
2024
2024
2029
2032
2037
2038
2043
2045
2037
2034
2040
2044
2059
2063
2068
2071
2068
2069
2070
2072
2071
2060
2058
2059
2066
2060
2060
2060
2057
2048
2042
2047
2053
2045
2039
2038
2035
2035
2028
2035
2038
2039
2042
2035
2031
2033
2034
2031
2030
2032
2039
2040
2042
2055
2063
2063
2067
2072
2068
2064
2063
2068
2077
2077
2079
2080
2087
2088
2087
2087
2089
2080
2077
2068
2063
2057
2053
2051
2058
2056
2049
2036
2033
2028
2024
2022
2013
2009
2011
2018
2018
2017
2015
2007
2006
2010
2010
2007
2006
2007
1998
2000
2010
2011
2014
2013
2015
2018
2018
2020
2016
2012
2011
2011
2008
2007
2012
2015
2013
1997
1988
1988
1986
1989
1989
1990
1991
1974
1971
1966
1968
1969
1968
1964
1967
1967
1974
1971
1972
1970
1969
1965
1968
1971
1965
1963
1965
1965
1966
1962
1962
1959
1956
1960
1961
1953
1954
1975
1978
1981
1986
2002
2008
2011
2017
2022
2040
2044
2043
2047
2046
2053
2061
2069
2061
2061
2069
2073
2063
2060
2064
2057
2053
2045
2046
2047
2040
2038
2033
2032
2033
2020
2019
2017
2016
2013
2019
2023
2026
2037
2041
2046
2051
2054
2055
2050
2048
2049
2049
2047
2040
2036
2031
2035
2036
2033
2024
2030
2034
2037
2044
2037
2036
2032
2037
2044
2050
2050
2051
2049
2049
2051
2055
2056
2055
2062
2067
2072
2087
2090
2092
2096
2099
2103
2102
2098
2098
2101
2094
2092
2081
2077
2071
2060
2060
2059
2053
2048
2049
2044
2035
2033
2030
2035
2015
2007
2005
2008
2007
2005
2005
2003
1993
1992
1990
1995
1991
1992
1991
1995
1991
1989
1989
1991
1989
1992
1989
1989
1989
1994
1998
1997
1998
2001
2000
1997
2002
2003
1997
1999
2001
2000
1995
1999
1996
1997
1995
1995
1999
2000
2000
2003
2003
2004
2002
2002
2010
2011
2013
2019
2018
2019
2021
2026
2031
2046
2051
2046
2040
2048
2052
2058
2054
2058
2053
2056
2056
2059
2059
2051
2051
2053
2035
2028
2023
2024
2007
2004
2001
2003
2000
2001
1999
1999
2000
2004
1996
1991
1993
2004
1990
1995
2004
2001
1992
2000
2016
2011
2018
2017
2014
2014
2026
2032
2030
2028
2028
2031
2033
2038
2044
2042
2039
2038
2034
2047
2054
2058
2058
2063
2063
2069
2073
2059
2051
2052
2052
2056
2063
2066
2065
2069
2076
2070
2070
2071
2076
2075
2077
2079
2050
2041
2038
2039
2036
2032
2035
2031
2037
2034
2020
2015
2019
2018
2023
2020
2010
1997
1993
1992
1991
1991
1992
1997
1996
2003
2000
1992
1995
2000
2005
2013
2022
2020
2022
2026
2032
2039
2032
2037
2035
2040
2045
2050
2053
2057
2055
2058
2061
2056
2047
2046
2048
2040
2033
2027
1995
1985
1983
1971
1934
1920
1914
1905
1904
1887
1883
1875
1872
1861
1851
1846
1846
1833
1829
1824
1830
1837
1841
1842
1846
1848
1865
1869
1878
1886
1896
1901
1913
1913
1888
2016
2003
2036
2111
2129
2069
2052
2105
2220
2244
2229
2237
2296
2326
2336
2320
2300
2249
2234
2240
2242
2227
2223
2221
2194
2210
2174
2180
2206
2214
2193
2175
2202
2191
2206
2201
2188
2195
2206
2192
2181
2153
2117
2106
2100
2101
2073
2064
2046
2038
1945
1919
1895
1864
1832
1830
1842
1839
1842
1844
1838
1826
1810
1788
1786
1777
1775
1816
1823
1841
1850
1888
1889
1890
1901
1915
1943
1960
1972
1991
1995
2002
2011
2020
1996
1980
1959
1948
1946
1961
1972
1981
1986
1969
1973
1980
1992
2013
2023
2029
2030
2076
2085
2099
2113
2130
2135
2130
2127
2128
2116
2118
2123
2131
2132
2135
2139
2142
2137
2131
2117
2104
2091
2070
2050
2038
2038
2026
2015
2001
1993
1987
1980
1975
1976
1981
1996
1997
1992
1996
2000
2007
2007
2010
2000
2007
2012
2017
2026
2024
2026
2014
2009
2012
2003
1993
1982
1975
1967
1960
1952
1908
1895
1884
1872
1843
1849
1861
1876
1946
1966
1977
1983
1997
2019
2028
2042
2066
2080
2097
2115
2131
2167
2180
2192
2205
2228
2232
2234
2244
2253
2259
2257
2255
2260
2261
2262
2265
2261
2218
2204
2188
2172
2113
2096
2081
2062
2001
1991
1977
1964
1959
1945
1942
1938
1938
1937
1930
1921
1922
1920
1919
1923
1925
1933
1938
1946
1958
1963
1963
1959
1950
1946
1947
1950
1947
1946
1919
1924
1930
1939
1954
1964
1971
1982
2019
2025
2029
2024
2026
2053
2062
2072
2083
2087
2088
2092
2090
2095
2099
2105
2108
2092
2084
2073
2075
2078
2059
2054
2047
2044
2040
2037
2031
2028
1997
1992
1989
1980
1966
1963
1964
1964
1971
1965
1959
1957
1959
1955
1961
1960
1950
1951
1951
1945
1944
1954
1965
1974
1984
2010
2086
2184
2148
1976
1496
1432
1498
1639
1767
1914
2079
2184
2201
2187
2151
2125
2193
2216
2218
2199
2039
2003
1982
1987
2032
2235
2290
2331
2345
2329
2297
2260
2204
2061
2059
2051
2054
2038
2012
1983
1942
1905
1824
1848
1907
1965
2005
2020
2009
1995
1913
1860
1805
1762
1807
1861
1890
1907
1844
1827
1821
1830
1862
2060
2124
2167
2196
2218
2223
2223
2226
2280
2320
2374
2424
2538
2511
2472
2442
2419
2383
2382
2386
2386
2380
2359
2339
2317
2124
2063
2018
1995
2036
2038
2026
1999
1803
1772
1757
1753
1754
1803
1825
1845
1850
1834
1826
1818
1814
1855
1869
1893
1918
1889
1872
1863
1852
1861
1918
1932
1936
1930
1911
1887
1852
1816
1726
1724
1721
1718
1700
1704
1714
1732
1765
1787
1813
1837
1862
1959
1986
2017
2040
2055
2065
2078
2090
2148
2172
2201
2224
2291
2295
2297
2312
2334
2361
2365
2359
2349
2340
2332
2322
2305
2243
2235
2228
2227
2229
2229
2227
2219
2207
2139
2120
2101
2092
2094
2100
2105
2115
2121
2100
2082
2068
2059
2051
2054
2065
2079
2140
2137
2119
2097
1944
1916
1890
1876
1858
1842
1842
1844
1844
1846
1849
1860
1864
1900
1912
1919
1914
1912
1903
1887
1861
1834
1790
1777
1779
1779
1780
1785
1798
1813
1824
1847
1851
1868
1882
1893
1905
1922
1936
1973
1988
2000
2005
2017
2021
2028
2035
2042
2077
2084
2085
2091
2091
2092
2100
2106
2139
2153
2169
2187
2200
2203
2203
2217
2222
2245
2254
2259
2265
2272
2275
2280
2282
2283
2255
2239
2229
2217
2206
2198
2194
2189
2149
2123
2095
2065
1964
1948
1935
1928
1920
1875
1854
1825
1805
1779
1749
1725
1714
1713
1729
1741
1758
1794
1810
1821
1837
1896
1910
1926
1944
1956
1987
1997
2006
2015
2031
2053
2075
2094
2153
2149
2150
2157
2198
2210
2214
2225
2237
2232
2228
2223
2213
2196
2190
2183
2178
2167
2158
2151
2147
2127
2127
2129
2130
2138
2143
2146
2148
2149
2135
2130
2131
2129
2122
2109
2104
2091
2034
2011
1994
1980
1944
1939
1938
1932
1933
1891
1884
1871
1858
1855
1857
1852
1847
1835
1833
1832
1827
1823
1822
1831
1843
1881
1890
1894
1905
1914
1945
1960
1977
1994
2008
2018
2034
2045
2082
2083
2088
2090
2082
2084
2087
2083
2082
2066
2060
2054
2043
2037
2039
2042
2042
2044
2044
2043
2049
2064
2065
2071
2075
2106
2111
2115
2120
2128
2123
2121
2124
2126
2122
2117
2119
2120
2096
2084
2082
2081
2075
2069
2059
2057
2050
2024
2020
2010
2000
1992
1984
1977
1973
1945
1937
1934
1931
1930
1930
1938
1944
1944
1964
1970
1976
1983
1989
1990
1987
1989
1994
1990
1988
1988
1990
1991
1996
2001
2002
2008
2012
2016
2020
2036
2037
2038
2045
2065
2066
2073
2074
2073
2086
2088
2093
2097
2093
2094
2086
2090
2088
2091
2095
2091
2090
2090
2090
2098
2103
2114
2104
2102
2101
2088
2081
2079
2070
2031
2024
2011
2007
1976
1972
1963
1958
1934
1931
1929
1924
1922
1915
1914
1914
1915
1913
1909
1909
1910
1907
1917
1922
1929
1937
1931
1934
1935
1935
1959
1965
1967
1977
1981
1984
1984
1991
1999
2004
2019
2029
2057
2060
2065
2074
2083
2079
2083
2083
2087
2094
2087
2091
2092
2092
2097
2095
2093
2077
2067
2067
2065
2036
2031
2032
2027
2021
2021
2024
2027
2030
2035
2039
2037
2040
2036
2035
2039
2039
2038
2033
2034
2036
2036
2037
2034
2029
2024
2030
2030
2033
2030
2024
2018
2023
2030
2031
2032
2033
2037
2042
2051
2053
2061
2064
2076
2081
2081
2076
2069
2070
2074
2069
2066
2060
2054
2052
2046
2027
2025
2019
2020
2021
2023
2021
2020
2022
2019
2019
2021
2017
2013
2009
2004
1997
1997
2003
2007
2011
2013
2014
2013
2016
2017
2017
2012
2014
2015
2025
2013
2009
2011
2017
2021
2025
2023
2021
2018
2016
2011
2010
2014
2016
2014
2008
1992
1994
2004
2008
2006
2004
2011
2013
2011
2014
2010
2011
2012
2012
2008
2010
2010
2012
2011
2012
2012
2005
2012
2025
2033
2038
2048
2051
2051
2044
2040
2040
2038
2038
2036
2042
2050
2052
2064
2069
2071
2069
2063
2068
2066
2071
2072
2057
2057
2050
2048
2048
2044
2038
2037
2019
2009
2006
2012
2043
2049
2042
2036
2011
2008
2011
2022
2027
2024
2019
2016
2015
2019
2011
2010
2003
1982
1974
1972
1975
1972
1980
1981
1981
1976
1991
1991
1989
1991
1993
1998
1998
2003
2008
2013
2020
2024
2021
2019
2026
2036
2043
2059
2066
2076
2080
2086
2090
2091
2098
2112
2137
2137
2140
2137
2137
2137
2133
2127
2128
2126
2135
2139
2108
2102
2091
2079
2072
2043
2036
2029
2028
2022
2012
2003
1990
1948
1931
1913
1906
1860
1841
1806
1769
1755
1711
1711
1716
1719
1714
1698
1683
1670
1666
1676
1687
1702
1765
1784
1809
1840
1904
1917
1931
1940
1942
1982
2008
2032
2055
2072
2093
2116
2137
2244
2268
2298
2329
2391
2420
2442
2449
2456
2468
2472
2471
2468
2453
2440
2441
2436
2359
2341
2331
2325
2285
2269
2248
2229
2192
2189
2193
2194
2201
2193
2183
2178
2171
2156
2139
2121
2106
2047
2031
2020
2014
1971
1963
1959
1953
1950
1944
1946
1944
1935
1926
1920
1908
1884
1788
1765
1752
1747
1694
1682
1680
1671
1661
1658
1658
1664
1674
1712
1735
1754
1766
1777
1794
1809
1821
1889
1906
1917
1918
1928
1927
1925
1917
1916
1926
1930
1940
1949
1955
1962
1965
1968
2006
2018
2032
2042
2069
2078
2090
2096
2130
2139
2148
2159
2167
2195
2201
2210
2219
2227
2229
2239
2255
2317
2333
2355
2373
2403
2407
2406
2403
2394
2334
2311
2283
2252
2219
2179
2146
2118
1995
1978
1960
1944
1865
1852
1834
1827
1762
1750
1734
1723
1708
1662
1654
1653
1649
1642
1641
1645
1650
1692
1700
1708
1723
1805
1829
1864
1891
1914
1992
2015
2034
2057
2076
2097
2111
2130
2186
2203
2213
2226
2266
2271
2277
2285
2332
2342
2348
2348
2346
2335
2330
2318
2309
2303
2292
2284
2271
2207
2190
2172
2158
2145
2088
2070
2057
2039
2019
2005
1997
1992
1976
1974
1975
1984
1980
1982
1994
2009
2021
2034
2033
2038
2036
2037
2037
2036
2036
2040
2023
2015
2006
2004
2000
1996
1989
1980
1969
1969
1969
1963
1951
1947
1944
1939
1937
1941
1940
1934
1935
1922
1921
1919
1913
1915
1920
1928
1935
1961
1961
1970
1981
1977
1981
1982
1976
1976
1947
1936
1920
1908
1901
1896
1891
1900
1894
1893
1902
1907
1939
1951
1964
1982
2015
2021
2026
2027
2036
2049
2061
2067
2074
2080
2088
2102
2113
2147
2154
2157
2168
2205
2215
2224
2228
2233
2224
2219
2211
2206
2195
2183
2173
2163
2082
2058
2041
2030
1946
1922
1902
1886
1872
1837
1820
1808
1808
1803
1801
1801
1805
1830
1838
1844
1852
1884
1894
1906
1921
1963
1979
1999
2011
2026
2070
2090
2097
2115
2132
2143
2154
2167
2198
2203
2205
2210
2205
2203
2195
2189
2183
2164
2151
2147
2146
2146
2145
2138
2134
2109
2103
2097
2098
2064
2056
2049
2040
1990
1983
1972
1964
1955
1930
1922
1916
1916
1907
1905
1908
1909
1916
1914
1916
1919
1942
1937
1937
1939
1943
1939
1943
1947
1954
1956
1956
1958
1960
1973
1983
1991
2000
2022
2034
2047
2055
2066
2094
2099
2101
2106
2108
2105
2103
2100
2097
2092
2092
2094
2089
2084
2081
2080
2075
2068
2068
2069
2068
2073
2080
2083
2085
2087
2092
2089
2090
2088
2091
2097
2095
2092
2075
2074
2068
2063
2053
2053
2046
2040
2047
2052
2058
2059
2058
2056
2057
2058
2056
2063
2060
2065
2070
2052
2042
2041
2039
2017
2007
1998
1988
1984
1974
1965
1958
1954
1946
1946
1949
1948
1925
1919
1919
1919
1910
1908
1898
1904
1905
1902
1900
1906
1905
1905
1907
1910
1910
2076
2045
1926
1851
1520
1557
1621
1674
1968
2043
2098
2106
2141
2407
2430
2421
2395
2371
2364
2364
2340
2308
2290
2249
2226
2140
2141
2129
2098
2089
2083
2063
2050
2027
2008
1996
1985
1960
1917
1947
1946
1942
1960
1946
1933
1935
1926
1894
1877
1869
1870
1796
1781
1793
1823
1858
1895
1939
2003
2024
1955
1877
1810
1761
1815
1867
1917
1953
1961
1953
1944
1941
1943
1946
1957
1968
1875
1866
1864
1876
2031
2066
2098
2131
2267
2310
2365
2419
2466
2583
2614
2631
2625
2613
2599
2561
2511
2366
2362
2364
2376
2381
2349
2309
2259
2213
2099
2086
2079
2080
2072
2063
2064
2064
2048
2035
2008
1975
1825
1816
1815
1825
1894
1903
1910
1919
1933
1953
1968
1987
2002
2022
2034
2043
2051
1968
1951
1928
1912
1782
1747
1725
1710
1706
1733
1740
1757
1770
1779
1790
1795
1808
1893
1916
1947
1983
2287
2302
2272
2231
1746
1636
1567
1524
1510
1604
1659
1717
1773
1838
1942
2061
2169
2195
2182
2155
2112
2154
2167
2178
2170
2153
2146
2169
2181
2208
2252
2316
2375
2421
2446
2430
2396
2351
2247
2272
2293
2303
2286
2272
2267
2278
2309
2318
2287
2267
2246
2219
2166
2098
2029
1964
2007
2085
2185
2360
2290
2176
2051
1930
1796
1825
1869
1918
1965
2002
2011
2007
1916
1890
1866
1835
1563
1481
1400
1328
1266
1151
1138
1131
1138
1150
1167
1192
1232
1421
1483
1544
1606
1659
1693
1719
1731
1729
1645
1601
1567
1534
1523
1521
1544
1595
1656
1856
1901
1948
1981
2000
2009
2023
2040
2097
2110
2133
2149
2225
2236
2232
2222
2188
2079
2054
2049
2062
2084
2119
2158
2188
2226
2239
2255
2263
2365
2398
2419
2432
2402
2383
2369
2355
2341
2277
2254
2240
2233
2223
2222
2223
2220
2202
2189
2182
2166
2123
2103
2076
2051
2025
2001
2008
2020
2046
2070
2092
2119
2139
2179
2180
2173
2165
2130
2128
2125
2131
2088
2067
2051
2042
2036
2076
2101
2124
2136
2147
2157
2163
2158
2158
2164
2176
2183
2226
2226
2230
2228
2222
2220
2223
2227
2228
2228
2234
2239
2240
2246
2254
2259
2264
2270
2261
2243
2221
2207
2160
2142
2131
2123
2117
2116
2118
2121
2102
2097
2097
2093
2073
2070
2053
2038
1951
1935
1917
1898
1893
1869
1869
1867
1869
1863
1852
1843
1834
1809
1808
1806
1802
1751
1738
1725
1714
1702
1689
1689
1692
1700
1715
1730
1742
1757
1802
1812
1825
1836
1893
1909
1913
1918
1911
1906
1903
1903
1908
1910
1918
1927
1939
1951
1970
1990
2016
2110
2128
2137
2152
2166
2159
2153
2144
2131
2087
2071
2057
2042
2023
2006
1994
1971
1917
1911
1909
1912
1893
1886
1868
1849
1793
1780
1769
1762
1752
1738
1740
1747
1757
1767
1771
1778
1777
1818
1836
1855
1874
1952
1966
1978
1991
1998
2009
2016
2027
2033
2040
2045
2043
2047
2070
2074
2081
2088
2091
2086
2089
2097
2111
2168
2185
2196
2205
2207
2214
2218
2225
2237
2256
2268
2278