2289
2300
2311
2321
2322
2308
2293
2276
2251
2236
2214
2197
2182
2172
2160
2158
2159
2166
2171
2179
2188
2193
2198
2192
2180
2175
2133
2118
2108
2094
2079
2032
2021
2008
1999
1995
1998
2005
2008
2019
2022
2032
2038
2039
2045
2050
2047
2042
2033
2035
2030
2026
2019
2018
2009
1998
1990
1998
2000
2001
2007
2014
2011
2009
2008
2026
2037
2051
2056
2036
2027
2009
1992
1982
1935
1921
1911
1903
1891
1876
1870
1861
1845
1838
1834
1835
1838
1840
1845
1846
1845
1849
1852
1859
1860
1859
1860
1857
1854
1859
1870
1880
1883
1874
1851
1858
1882
1894
2010
2023
2041
2067
2063
2076
2092
2111
2151
2191
2191
2209
2215
2205
2204
2209
2209
2189
2192
2183
2170
2160
2156
2166
2177
2194
2256
2283
2299
2310
2313
2310
2313
2311
2312
2273
2268
2263
2263
2261
2257
2260
2254
2215
2202
2202
2209
2161
2143
2121
2107
2102
2089
2078
2062
2034
2003
1977
1963
1947
1900
1888
1876
1862
1848
1838
1835
1824
1809
1767
1750
1723
1707
1700
1692
1697
1705
1725
1749
1753
1760
1768
1769
1773
1780
1786
1781
1784
1780
1775
1745
1741
1735
1735
1742
1743
1755
1766
1774
1790
1810
1841
1867
1964
1995
2024
2058
2080
2093
2108
2114
2110
2109
2109
2114
2120
2128
2131
2131
2130
2132
2141
2144
2154
2162
2176
2203
2228
2256
2328
2339
2336
2334
2261
2232
2203
2177
2145
2067
2049
2040
2025
2023
2019
2021
2027
2051
2060
2062
2062
2034
2023
2009
1995
1951
1934
1919
1905
1889
1838
1819
1800
1794
1784
1773
1771
1777
1797
1809
1817
1821
1845
1852
1865
1873
1887
1938
1955
1969
1994
2018
2037
2057
2077
2152
2167
2190
2209
2243
2256
2273
2286
2343
2363
2382
2396
2407
2441
2457
2468
2480
2482
2479
2477
2462
2380
2358
2336
2310
2193
2166
2148
2128
2115
2062
2046
2032
2025
2013
2007
2003
1989
1925
1904
1885
1861
1791
1773
1749
1733
1693
1697
1700
1708
1709
1744
1756
1769
1786
1799
1802
1811
1824
1848
1854
1860
1863
1886
1897
1907
1917
1933
1983
2010
2035
2056
2085
2106
2128
2156
2245
2254
2267
2277
2261
2255
2245
2235
2196
2187
2178
2176
2168
2138
2132
2125
2117
2107
2093
2083
2071
1996
1979
1966
1950
1884
1869
1856
1837
1831
1802
1791
1777
1772
1767
1765
1770
1775
1787
1796
1804
1799
1814
1821
1831
1843
1884
1894
1899
1906
1914
1945
1962
1975
1983
1986
1996
2004
2011
2046
2055
2063
2081
2122
2130
2141
2157
2172
2196
2205
2218
2229
2236
2246
2256
2263
2278
2283
2287
2282
2273
2271
2268
2265
2263
2247
2239
2228
2230
2223
2211
2200
2189
2144
2120
2102
2085
2063
2044
2026
2008
1993
1952
1945
1937
1940
1945
1943
1943
1943
1939
1935
1933
1930
1932
1924
1915
1907
1903
1875
1871
1869
1865
1837
1828
1826
1830
1851
1862
1874
1878
1888
1907
1915
1924
1933
1937
1938
1948
1957
1969
1967
1973
1980
1993
2001
2003
2009
2020
2042
2057
2070
2082
2096
2108
2118
2135
2161
2163
2168
2172
2164
2158
2156
2147
2125
2125
2121
2119
2121
2105
2100
2098
2093
2092
2090
2085
2085
2081
2081
2076
2071
2045
2039
2031
2022
2014
1986
1977
1970
1959
1957
1954
1948
1944
1933
1935
1940
1940
1937
1949
1961
1971
1988
1989
1990
1989
1989
1983
1994
1995
1999
2005
2009
2019
2029
2051
2058
2066
2077
2100
2109
2112
2117
2128
2130
2134
2134
2132
2130
2134
2132
2134
2128
2119
2114
2115
2096
2089
2088
2084
2092
2090
2095
2092
2091
2088
2087
2082
2079
2056
2041
2026
2022
2013
2007
1996
1986
1971
1941
1928
1921
1912
1910
1906
1901
1896
1895
1882
1877
1877
1873
1877
1892
1895
1873
1668
1640
1640
1645
1778
1836
1866
1890
1923
1966
1985
2031
2082
2110
2126
2156
2189
2179
2171
2163
2159
2119
2115
2124
2125
2094
2073
2060
2064
2066
2084
2088
2088
2092
2079
2062
2051
2036
2023
2038
2063
2087
2109
2107
2098
2091
2090
2069
2066
2077
2092
2098
2100
2107
2102
2038
2030
2021
2011
1985
1976
1976
1982
1983
2010
2005
1997
1993
1981
1974
1974
1977
1956
1948
1936
1927
1915
1910
1904
1903
1903
1935
1956
1983
2004
2026
2030
2038
2039
2046
2098
2125
2144
2168
2186
2198
2204
2205
2135
2117
2097
2091
2103
2102
2099
2092
2042
2041
2042
2045
2053
2041
2027
2020
2018
2016
2010
2009
2002
1976
1973
1971
1963
1915
1906
1902
1905
1909
1922
1933
1944
1941
1947
1955
1965
1973
1935
1914
1891
1857
1641
1582
1529
1474
1289
1256
1231
1209
1189
1209
1236
1277
1325
1385
1447
1510
1579
1856
1941
2038
2136
2525
2610
2683
2754
2824
3039
3110
3181
3254
3318
3377
3430
3486
3647
3672
3700
3719
3730
3708
3688
3663
3482
3422
3354
3278
3193
2873
2750
2627
2494
2360
2225
2088
1954
1439
1326
1216
1116
766
701
638
591
562
483
469
453
449
458
468
470
478
529
553
545
497
101
98
98
101
108
147
182
228
300
393
480
567
665
1034
1221
1428
1646
1878
2106
2316
2482
2602
2890
2985
3073
3164
3260
3345
3432
3529
3617
3801
3843
3872
3888
3897
3920
3960
4006
4090
4082
4037
3964
3540
3462
3402
3356
3315
3164
3091
3014
2925
2828
2735
2650
2582
2535
2560
2596
2633
2646
2639
2605
2560
2495
2346
2307
2275
2261
2268
2272
2271
2268
2264
2186
2134
2065
1993
1918
1844
1774
1698
1334
1219
1089
951
417
316
241
195
171
166
156
147
139
133
129
131
135
181
216
263
308
343
359
361
356
344
380
431
499
589
688
784
874
944
1002
1136
1189
1264
1356
1465
1579
1698
1812
2128
2190
2253
2307
2537
2599
2653
2705
2756
2863
2884
2898
2924
2945
2965
2997
3045
3239
3317
3404
3490
3580
3662
3731
3785
3819
3829
3806
3774
3736
3687
3630
3561
3495
3430
3168
3069
2970
2871
2773
2669
2575
2483
2099
2003
1890
1779
1330
1227
1140
1067
1018
918
898
884
862
847
836
828
832
914
951
998
1043
1241
1294
1359
1434
1787
1880
1967
2040
2107
2288
2355
2426
2498
2575
2647
2721
2783
2905
2908
2908
2902
2907
2921
2935
2947
2951
2972
2974
2971
2971
2970
2960
2960
2956
2916
2897
2869
2832
2618
2560
2499
2439
2242
2187
2128
2068
2008
1852
1812
1771
1739
1713
1690
1666
1648
1580
1557
1531
1503
1451
1438
1433
1435
1433
1413
1410
1416
1424
1438
1455
1477
1504
1629
1656
1683
1712
1792
1813
1838
1869
1902
1958
1961
1965
1962
1965
1966
1965
1957
1934
1932
1929
1928
1927
1926
1922
1916
1915
1913
1915
1911
1911
1906
1902
1900
1900
1902
1893
1904
1927
1961
1993
2023
2058
2085
2188
2209
2235
2260
2320
2327
2326
2323
2318
2293
2277
2270
2265
2260
2259
2261
2258
2244
2232
2211
2189
2164
2137
2108
2071
2035
1919
1878
1838
1796
1752
1707
1661
1618
1581
1501
1477
1464
1455
1451
1448
1449
1456
1514
1528
1542
1556
1584
1589
1600
1609
1618
1631
1639
1649
1658
1673
1681
1690
1705
1759
1770
1781
1799
1863
1883
1899
1927
2045
2082
2126
2165
2203
2324
2368
2416
2463
2513
2552
2595
2631
2735
2760
2781
2796
2827
2827
2833
2830
2830
2803
2797
2782
2759
2744
2725
2702
2675
2511
2463
2416
2369
2149
2094
2046
2004
1819
1768
1735
1706
1685
1628
1617
1605
1598
1591
1577
1569
1569
1570
1568
1565
1563
1565
1579
1599
1616
1634
1661
1658
1658
1659
1670
1685
1705
1724
1793
1804
1817
1834
1867
1874
1877
1885
1930
1946
1950
1957
1971
2036
2064
2096
2128
2159
2186
2216
2251
2353
2372
2392
2417
2492
2512
2524
2524
2530
2539
2539
2537
2541
2530
2518
2516
2511
2485
2467
2456
2446
2387
2366
2352
2334
2313
2258
2245
2235
2216
2203
2188
2168
2147
2106
2082
2066
2055
2038
2014
1995
1980
1961
1904
1884
1858
1833
1814
1792
1765
1751
1736
1673
1659
1641
1623
1606
1591
1579
1563
1510
1500
1488
1480
1442
1434
1434
1444
1445
1476
1486
1494
1510
1533
1552
1576
1594
1705
1731
1760
1791
1935
1969
2007
2041
2180
2213
2241
2271
2298
2383
2398
2422
2439
2456
2466
2471
2477
2496
2502
2504
2508
2518
2520
2514
2507
2497
2442
2422
2405
2385
2364
2345
2327
2308
2204
2176
2150
2124
2008
1981
1951
1931
1789
1757
1723
1696
1666
1565
1540
1519
1497
1470
1445
1424
1402
1339
1329
1326
1326
1335
1343
1358
1376
1396
1491
1529
1580
1627
1670
1714
1758
1812
2020
2081
2138
2198
2407
2450
2499
2542
2682
2710
2731
2753
2770
2809
2818
2823
2826
2826
2832
2829
2822
2764
2744
2722
2704
2564
2523
2485
2444
2402
2266
2229
2195
2159
2118
2085
2053
2015
1898
1869
1842
1814
1723
1698
1674
1650
1571
1551
1533
1517
1502
1478
1472
1470
1464
1457
1457
1458
1455
1484
1500
1523
1541
1624
1650
1672
1696
1727
1807
1842
1878
1912
1947
1984
2018
2054
2176
2212
2249
2284
2401
2427
2448
2471
2490
2530
2536
2534
2531
2536
2531
2536
2532
2496
2482
2465
2449
2371
2349
2324
2300
2189
2162
2143
2120
2095
2029
2004
1987
1975
1956
1943
1940
1928
1867
1853
1841
1834
1796
1780
1770
1760
1750
1736
1726
1723
1717
1711
1707
1704
1702
1692
1688
1684
1690
1698
1699
1701
1702
1711
1728
1731
1744
1757
1769
1785
1792
1803
1829
1839
1851
1873
1888
1909
1932
1951
1971
2027
2044
2068
2089
2107
2126
2138
2156
2179
2242
2260
2272
2285
2295
2307
2324
2338
2373
2381
2385
2387
2379
2374
2373
2372
2365
2342
2331
2325
2315
2310
2293
2277
2267
2231
2221
2214
2203
2139
2119
2098
2082
2072
2031
2012
1994
1974
1952
1929
1910
1896
1843
1821
1805
1791
1774
1760
1744
1728
1717
1689
1679
1675
1674
1669
1665
1672
1677
1685
1714
1718
1730
1746
1761
1774
1798
1827
1916
1942
1957
1977
2054
2078
2099
2118
2134
2190
2204
2219
2237
2244
2253
2264
2276
2301
2301
2297
2300
2304
2309
2311
2314
2311
2291
2281
2272
2259
2248
2238
2229
2217
2211
2178
2168
2159
2147
2137
2120
2113
2100
2042
2030
2030
2027
1979
1966
1957
1951
1940
1895
1889
1881
1870
1862
1857
1857
1846
1813
1806
1801
1792
1774
1775
1774
1769
1767
1770
1773
1780
1785
1800
1815
1833
1844
1862
1874
1881
1897
1965
1977
1995
2009
2075
2096
2108
2128
2144
2180
2187
2197
2203
2217
2230
2240
2246
2233
2228
2222
2216
2201
2189
2179
2173
2167
2142
2134
2125
2119
2113
2109
2100
2093
2056
2046
2038
2031
2024
2021
2014
2008
1991
1985
1987
1992
1992
1987
1987
1982
1975
1972
1965
1959
1957
1941
1943
1943
1939
1925
1920
1926
1925
1927
1939
1943
1942
1946
1943
1944
1952
1963
1984
1993
2007
2021
2064
2077
2090
2100
2132
2138
2139
2137
2137
2134
2138
2145
2146
2145
2142
2144
2140
2133
2128
2123
2120
2096
2085
2073
2059
2045
2012
2006
2001
1995
1991
1980
1971
1963
1948
1948
1952
1946
1941
1945
1946
1946
1999
1974
1920
1854
1789
1792
1804
1794
1811
1886
1952
1972
1996
2066
2074
2101
2140
2286
2362
2406
2434
2447
2376
2330
2288
2247
2212
2174
2130
2087
2026
2007
1986
1972
1975
1986
1980
1983
1988
1918
1890
1863
1848
1848
1853
1863
1887
1912
1899
1870
1847
1810
1835
1871
1917
2001
2001
1989
1969
1950
1893
1873
1872
1890
1926
1955
1975
1985
1978
1998
2016
2042
2120
2125
2129
2136
2140
2146
2132
2119
2104
2094
2097
2101
2118
2167
2176
2193
2209
2244
2245
2250
2264
2232
2180
2127
2077
2032
1924
1930
1948
1960
1959
1946
1933
1910
1782
1772
1778
1792
1843
1850
1853
1853
1852
1823
1808
1800
1785
1765
1743
1726
1708
1621
1589
1559
1527
1449
1440
1432
1426
1409
1393
1403
1421
1443
1459
1472
1496
1515
1596
1631
1659
1694
1940
2003
2069
2137
2373
2446
2521
2604
2682
2911
2989
3037
3023
2930
2781
2621
2513
2691
2840
3010
3192
3740
3808
3832
3844
3855
3925
3993
4084
4086
4091
4090
4088
4089
4090
4090
4089
4081
3666
3564
3448
3311
2703
2564
2440
2323
2219
1904
1768
1615
1446
1272
1089
924
776
323
210
141
121
96
91
92
93
98
106
110
112
114
113
111
108
108
108
110
121
133
254
314
374
445
843
961
1069
1163
1244
1474
1543
1608
1661
1699
1726
1750
1778
1982
2047
2106
2161
2400
2448
2495
2537
2587
2719
2732
2731
2710
2677
2620
2559
2497
2425
2458
2482
2497
2322
2247
2182
2124
2084
2072
2079
2089
2105
2118
2127
2134
2129
2073
2053
2027
2001
1972
1951
1942
1936
1937
1945
1935
1928
1912
1903
1906
1912
1927
1943
2058
2109
2162
2211
2252
2286
2309
2317
2208
2163
2115
2070
1972
1981
2006
2031
2048
2045
2037
2040
2048
2071
2107
2148
2189
2208
2181
2141
2105
2073
2062
2062
2078
2114
2280
2337
2398
2451
2494
2535
2578
2618
2661
2768
2801
2837
2868
2892
2912
2936
2969
3077
3111
3139
3160
3181
3163
3156
3145
3134
3110
3102
3093
3081
3052
3017
2977
2932
2700
2638
2583
2526
2292
2220
2148
2071
1754
1693
1639
1586
1536
1410
1374
1336
1295
1245
1196
1150
1104
987
983
978
972
1008
1022
1044
1076
1111
1241
1294
1343
1395
1446
1492
1545
1593
1776
1816
1865
1913
2109
2154
2196
2238
2279
2426
2477
2527
2582
2629
2666
2699
2721
2748
2741
2724
2710
2693
2678
2653
2624
2593
2487
2445
2395
2339
2279
2223
2164
2109
2058
1920
1873
1827
1788
1747
1707
1674
1641
1459
1411
1369
1331
1196
1182
1172
1171
1178
1216
1236
1251
1268
1290
1311
1334
1363
1451
1479
1501
1523
1576
1588
1597
1608
1622
1689
1719
1756
1797
1843
1882
1920
1955
2033
2054
2074
2104
2129
2146
2161
2174
2190
2197
2194
2193
2192
2197
2189
2194
2206
2209
2218
2230
2245
2257
2266
2273
2284
2292
2282
2278
2268
2256
2231
2229
2222
2209
2195
2153
2149
2136
2123
2112
2102
2088
2080
2076
2078
2084
2090
2088
2086
2088
2093
2101
2131
2139
2150
2164
2181
2189
2197
2210
2229
2271
2283
2286
2284
2279
2272
2261
2255
2185
2158
2127
2099
1995
1963
1933
1906
1891
1819
1798
1781
1763
1749
1736
1716
1702
1654
1646
1647
1654
1657
1666
1670
1664
1663
1661
1661
1669
1687
1710
1746
1769
1787
1804
1875
1905
1939
1971
2003
2037
2068
2101
2200
2222
2239
2251
2276
2282
2296
2312
2322
2359
2375
2396
2417
2432
2449
2469
2488
2513
2508
2503
2492
2486
2483
2481
2481
2470
2453
2442
2430
2415
2396
2383
2372
2359
2343
2281
2250
2226
2214
2187
2166
2145
2124
1988
1954
1922
1899
1767
1744
1720
1699
1682
1635
1629
1628
1629
1626
1625
1627
1636
1670
1679
1700
1720
1794
1814
1835
1855
1945
1976
2006
2030
2059
2153
2182
2207
2225
2246
2265
2283
2297
2322
2326
2325
2325
2290
2267
2252
2243
2236
2216
2205
2193
2181
2163
2149
2136
2129
2071
2054
2034
2024
1983
1979
1972
1962
1953
1954
1954
1955
1959
1948
1948
1944
1945
1946
1947
1944
1948
1923
1919
1909
1904
1874
1867
1857
1847
1833
1790
1785
1781
1780
1778
1769
1765
1764
1748
1755
1758
1754
1749
1751
1756
1758
1763
1775
1780
1785
1792
1800
1807
1826
1839
1861
1872
1876
1881
1890
1906
1923
1938
1954
2013
2029
2050
2064
2082
2100
2125
2145
2167
2234
2263
2284
2309
2334
2351
2370
2388
2433
2439
2443
2449
2451
2442
2439
2430
2425
2400
2381
2368
2346
2339
2325
2306
2291
2208
2186
2163
2135
2010
1980
1949
1916
1780
1748
1714
1685
1659
1584
1573
1556
1541
1526
1506
1496
1493
1455
1456
1461
1462
1493
1513
1527
1544
1559
1627
1655
1677
1710
1746
1786
1826
1870
2013
2044
2077
2113
2278
2321
2366
2403
2556
2584
2613
2648
2681
2752
2771
2786
2798
2810
2814
2820
2825
2805
2790
2779
2762
2674
2645
2609
2583
2549
2437
2395
2354
2319
2273
2236
2199
2163
1959
1917
1869
1822
1654
1615
1582
1549
1525
1440
1422
1410
1400
1395
1385
1380
1381
1387
1395
1402
1412
1423
1439
1459
1478
1492
1550
1576
1601
1619
1640
1670
1691
1714
1741
1824
1848
1877
1907
1936
1964
1985
2014
2085
2102
2118
2130
2180
2181
2189
2199
2203
2212
2208
2206
2212
2222
2230
2238
2246
2261
2268
2267
2270
2269
2270
2278
2273
2271
2275
2278
2273
2279
2274
2270
2272
2271
2273
2256
2246
2239
2232
2222
2211
2204
2194
2159
2149
2129
2108
2038
2019
2004
1993
1976
1927
1909
1895
1887
1876
1860
1844
1837
1788
1777
1773
1765
1737
1732
1734
1732
1748
1752
1758
1765
1771
1795
1808
1817
1833
1852
1862
1873
1882
1915
1925
1945
1957
2005
2017
2034
2049
2064
2113
2125
2140
2159
2182
2193
2207
2219
2274
2290
2300
2309
2341
2350
2357
2363
2364
2359
2360
2361
2357
2352
2346
2333
2324
2282
2267
2247
2230
2214
2197
2173
2156
2143
2069
2041
2015
1995
1970
1947
1920
1896
1872
1804
1777
1754
1729
1713
1708
1692
1680
1630
1620
1612
1607
1611
1615
1614
1620
1655
1674
1683
1702
1726
1793
1809
1835
1867
1893
1918
1946
1973
2047
2065
2087
2112
2187
2209
2227
2237
2248
2286
2297
2303
2312
2319
2322
2325
2325
2349
2349
2346
2342
2298
2169
1967
1777
1821
1960
2107
2240
2335
2507
2515
2514
2497
2458
2422
2357
2292
2251
2224
2241
2275
2141
2095
2065
2051
2048
1950
1941
1945
1942
1928
1914
1904
1888
1814
1813
1829
1855
1904
1891
1876
1857
1736
1719
1713
1711
1716
1730
1748
1768
1808
1847
1897
1947
1995
2016
2000
1970
1926
1825
1836
1867
1907
1960
2067
2089
2103
2112
2127
2131
2136
2137
2096
2073
2057
2057
2107
2105
2094
2098
2186
2195
2196
2179
2165
2125
2113
2108
2096
2085
2085
2095
2109
2066
2045
2033
2024
2036
2035
2024
2014
2003
1948
1925
1909
1902
1896
1886
1875
1859
1748
1732
1718
1714
1698
1692
1681
1668
1655
1592
1569
1545
1519
1478
1426
1369
1306
1038
940
855
792
747
723
714
718
720
740
756
776
797
830
863
907
955
1014
1238
1326
1424
1542
1671
1814
1966
2114
2739
2896
3028
3147
3642
3771
3903
4029
4088
4090
4089
4090
4089
4088
4089
4087
4088
4089
4090
4090
4091
4089
4089
4089
4089
4023
3897
3754
3619
3498
3108
2964
2811
2664
2522
2387
2264
2154
1721
1617
1530
1438
1087
998
911
830
761
621
586
552
522
494
465
426
395
322
330
345
359
476
515
554
600
749
780
816
855
898
1000
1028
1058
1091
1132
1200
1282
1372
1802
1908
2009
2100
2350
2396
2444
2489
2534
2663
2693
2726
2754
2785
2805
2828
2859
2884
2863
2839
2796
2523
2446
2370
2296
2046
1994
1948
1904
1867
1714
1661
1603
1545
1494
1445
1405
1366
1248
1227
1204
1186
1220
1256
1297
1335
1366
1427
1454
1478
1504
1525
1553
1585
1609
1652
1641
1630
1613
1571
1569
1572
1577
1588
1575
1562
1557
1555
1554
1549
1545
1545
1561
1562
1571
1581
1587
1610
1635
1674
1721
1878
1940
1995
2048
2102
2153
2204
2259
2322
2512
2575
2640
2709
2776
2848
2912
2978
3210
3267
3322
3373
3542
3571
3598
3611
3606
3594
3576
3554
3526
3440
3403
3355
3303
3250
3187
3125
3060
2780
2713
2647
2581
2308
2244
2174
2109
2046
1868
1810
1742
1674
1616
1563
1511
1467
1299
1262
1232
1206
1150
1148
1148
1153
1219
1248
1291
1334
1382
1539
1594
1649
1710
1774
1833
1892
1958
2213
2272
2324
2363
2504
2536
2567
2598
2619
2685
2708
2731
2745
2757
2763
2769
2778
2757
2747
2737
2716
2626
2595
2566
2534
2424
2385
2350
2312
2274
2154
2118
2076
2041
2005
1973
1949
1923
1800
1768
1728
1696
1563
1526
1488
1457
1433
1355
1321
1293
1269
1241
1208
1176
1159
1116
1112
1100
1080
1073
1077
1089
1116
1138
1201
1236
1280
1322
1372
1414
1454
1503
1637
1689
1752
1811
1867
1920
1970
2007
2042
2159
2186
2212
2233
2245
2257
2272
2290
2297
2300
2293
2282
2274
2266
2255
2241
2224
2153
2140
2130
2117
2063
2050
2053
2053
2057
2043
2038
2043
2047
2050
2054
2064
2077
2143
2160
2180
2196
2277
2298
2320
2335
2346
2374
2377
2386
2394
2402
2411
2415
2413
2377
2367
2348
2334
2319
2302
2279
2250
2221
2129
2093
2058
2024
1987
1946
1905
1873
1846
1760
1737
1718
1708
1699
1694
1693
1694
1688
1696
1699
1715
1766
1786
1805
1826
1926
1945
1968
1985
2005
2064
2083
2101
2115
2128
2143
2152
2162
2200
2210
2213
2206
2196
2193
2188
2189
2185
2182
2184
2191
2184
2180
2177
2167
2147
2149
2152
2157
2168
2186
2186
2179
2178
2168
2180
2183
2175
2174
2181
2179
2173
2170
2177
2189
2182
2168
2157
2143
2124
2121
2114
2051
2023
2002
1985
1917
1900
1875
1859
1849
1819
1808
1787
1771
1756
1748
1745
1740
1736
1743
1750
1768
1812
1822
1830
1843
1914
1932
1957
1976
1999
2048
2065
2077
2091
2102
2116
2129
2135
2179
2181
2192
2204
2224
2223
2222
2216
2219
2216
2218
2220
2216
2214
2212
2213
2212
2210
2208
2202
2195
2183
2170
2160
2150
2144
2114
2100
2086
2080
2069
2063
2047
2038
2022
1996
1993
1982
1974
1961
1953
1944
1935
1912
1910
1907
1896
1858
1858
1864
1869
1866
1866
1862
1862
1865
1869
1867
1870
1880
1872
1881
1892
1899
1900
1901
1899
1891
1873
1866
1861
1862
1867
1875
1871
1870
1873
1879
1879
1880
1883
1902
1908
1916
1928
1974
1994
2009
2036
2059
2127
2145
2162
2182
2205
2221
2240
2260
2317
2336
2354
2362
2376
2383
2391
2396
2401
2389
2380
2372
2362
2348
2335
2319
2299
2274
2214
2191
2170
2145
2116
2087
2060
2039
1948
1933
1911
1889
1809
1792
1779
1764
1753
1727
1718
1718
1721
1718
1714
1718
1718
1725
1734
1738
1742
1744
1753
1764
1775
1787
1812
1817
1825
1836
1846
1852
1864
1868
1874
1897
1909
1921
1934
1948
1961
1971
1984
2036
2053
2075
2097
2173
2188
2205
2228
2254
2329
2360
2385
2405
2420
2437
2457
2467
2505
2507
2507
2507
2495
2492
2486
2492
2436
2413
2399
2381
2358
2275
2248
2224
2195
2165
2133
2103
2071
1950
1930
1907
1882
1783
1763
1744
1721
1706
1665
1649
1642
1637
1629
1624
1627
1630
1645
1647
1659
1671
1709
1726
1743
1756
1803
1816
1835
1854
1869
1918
1927
1945
1955
1966
1979
1991
2008
2053
2059
2073
2081
2102
2104
2111
2122
2128
2150
2160
2168
2177
2188
2199
2210
2219
2244
2246
2248
2248
2250
2250
2251
2255
2259
2251
2255
2256
2250
2245
2240
2233
2220
2213
2173
2156
2143
2132
2110
2088
2077
2065
1995
1979
1962
1949
1881
1865
1846
1825
1818
1789
1784
1780
1769
1755
1746
1742
1736
1712
1716
1713
1718
1723
1737
1751
1760
1811
1826
1836
1854
1862
1909
1921
1935
1964
1985
2003
2022
2041
2099
2118
2131
2147
2212
2226
2242
2253
2259
2276
2277
2277
2278
2276
2278
2276
2275
2264
2264
2262
2258
2235
2225
2216
2207
2177
2171
2165
2154
2142
2107
2100
2092
2082
2076
2068
2062
2053
2024
2013
2003
1994
1967
1959
1957
1949
1949
1927
1925
1915
1915
1912
1909
1903
1902
1887
1887
1881
1877
1869
1867
1870
1868
1877
1895
1904
1908
1916
1919
1923
1933
1945
1975
1985
1982
1988
2000
2003
2009
2011
2016
2033
2035
2038
2046
2045
2045
2056
2060
2070
2081
2086
2092
2100
2109
2117
2119
2122
2129
2132
2135
2136
2142
2146
2146
2146
2136
2134
2134
2128
2119
2098
2098
2098
2096
2097
2093
2094
2087
2063
2058
2055
2053
2053
2050
2041
2042
2045
2031
2024
2021
2026
2025
2019
2011
2011
1981
1978
1974
1976
1950
1939
1930
1922
1911
1903
1896
1887
1886
1871
1867
1862
1867
1863
1859
1858
1859
1878
1887
1891
1900
1934
1941
1947
1954
1968
2002
2010
2025
2039
2053
2061
2072
2088
2123
2133
2136
2142
2154
2154
2160
2165
2154
2153
2152
2145
2148
2132
2127
2122
2116
2114
2112
2109
2103
2072
2069
2068
2069
2068
2063
2060
2047
2042
2026
2018
2010
2007
2004
2004
2006
2000
1968
1970
1976
1974
1962
1961
1957
1959
1954
1952
1959
1962
1970
1986
1989
1992
1995
1999
2006
2010
2012
2021
2027
2036
2042
2052
2052
2059
2058
2058
2070
2078
2083
2088
2088
2090
2089
2088
2080
2084
2082
2082
2065
2070
2071
2072
2069
2065
2059
2051
2044
2043
2043
2038
2029
2019
2015
2009
2008
2009
2006
2005
2002
2000
2006
2007
2003
1996
1994
1991
1988
1987
1989
1992
1995
1991
1985
1983
1974
1971
1968
1967
1981
2043
2131
1535
1479
1454
1464
1522
1724
1818
1906
1956
1976
1977
1978
2006
2093
2099
2099
2085
1933
1909
1901
1888
1838
1862
1857
1848
1869
1951
1953
1944
1907
1879
1894
1930
1937
1754
1701
1663
1639
1530
1506
1505
1513
1529
1596
1602
1616
1640
1700
1782
1862
1937
2228
2332
2438
2552
2920
3001
3095
3204
3624
3687
3730
3771
3829
4010
4055
4087
4086
4089
4082
4072
4049
3872
3800
3724
3652
3310
3192
3049
2887
2722
2269
2126
1976
1822
1664
1514
1369
1232
684
535
397
271
119
112
105
101
100
92
94
94
95
92
94
93
95
97
100
103
107
145
171
214
277
680
805
934
1062
1190
1591
1735
1885
2035
2180
2317
2454
2573
2961
3056
3145
3228
3448
3497
3540
3575
3606
3644
3654
3662
3667
3666
3664
3659
3646
3500
3453
3411
3361
3151
3092
3031
2965
2672
2598
2535
2490
2468
2175
1972
1793
1657
1557
1482
1442
1424
1415
1409
1387
1369
1349
1331
1331
1333
1324
1260
1225
1193
1176
1168
1170
1172
1175
1260
1288
1337
1398
1619
1645
1683
1743
1815
1883
1884
1869
1854
1847
1853
1871
1887
1937
1953
1975
2003
2032
2054
2063
2067
2080
2137
2155
2175
2198
2215
2240
2274
2318
2360
2473
2495
2507
2523
2546
2583
2628
2676
2745
2740
2747
2758
2770
2766
2759
2750
2745
2719
2691
2658
2624
2592
2559
2534
2503
2379
2309
2239
2167
2092
2018
1953
1887
1815
1573
1503
1432
1371
1309
1236
1165
1096
1021
846
795
747
697
644
602
568
539
485
510
539
566
649
673
709
756
807
991
1059
1135
1221
1315
1401
1490
1583
1931
2016
2097
2180
2540
2641
2740
2836
3125
3185
3241
3304
3361
3471
3494
3514
3536
3562
3579
3589
3592
3563
3552
3536
3529
3433
3390
3347
3306
3256
3070
3002
2930
2863
2798
2727
2645
2559
2221
2142
2065
1989
1688
1614
1542
1478
1292
1261
1239
1214
1192
1126
1096
1068
1048
1044
1047
1068
1093
1198
1213
1239
1264
1405
1446
1494
1541
1592
1759
1817
1870
1927
1983
2031
2084
2138
2297
2339
2375
2414
2554
2582
2605
2618
2637
2635
2633
2633
2627
2571
2550
2532
2522
2505
2487
2466
2446
2382
2358
2333
2314
2225
2210
2194
2181
2162
2053
2020
1980
1951
1923
1900
1880
1864
1800
1789
1773
1756
1679
1663
1652
1637
1576
1560
1540
1523
1507
1453
1436
1428
1422
1411
1399
1397
1397
1405
1403
1401
1403
1405
1408
1414
1420
1425
1444
1458
1477
1493
1508
1521
1537
1561
1654
1676
1699
1725
1818
1836
1853
1874
1896
1961
1986
2007
2031
2054
2075
2092
2116
2200
2230
2258
2281
2301
2327
2349
2366
2385
2433
2445
2461
2481
2493
2511
2524
2530
2534
2542
2542
2536
2536
2532
2528
2529
2532
2508
2496
2485
2477
2425
2409
2387
2359
2335
2271
2245
2221
2198
2174
2149
2125
2100
2022
1997
1976
1959
1909
1895
1886
1880
1849
1843
1843
1839
1838
1833
1841
1846
1858
1865
1872
1878
1884
1921
1930
1938
1956
2001
2012
2020
2037
2051
2093
2104
2117
2129
2137
2150
2164
2174
2208
2221
2226
2234
2239
2236
2229
2234
2232
2211
2210
2207
2199
2195
2182
2169
2157
2123
2111
2098
2090
2079
2059
2043
2030
2017
1977
1961
1949
1939
1933
1928
1933
1932
1931
1915
1911
1910
1903
1908
1916
1927
1937
1969
1975
1989
1993
2006
2012
2021
2034
2044
2058
2063
2067
2071
2076
2075
2074
2068
2056
2047
2046
2045
2018
2004
1994
1979
1928
1916
1914
1907
1892
1853
1842
1831
1821
1810
1809
1811
1802
1794
1793
1790
1787
1797
1810
1814
1819
1831
1859
1871
1889
1901
1915
1930
1948
1967
2023
2036
2050
2065
2102
2108
2118
2122
2148
2150
2155
2165
2175
2182
2191
2192
2200
2204
2209
2206
2208
2201
2209
2210
2207
2186
2179
2172
2162
2161
2130
2117
2100
2086
2076
2065
2056
2039
1971
1958
1944
1928
1874
1861
1852
1838
1797
1795
1797
1793
1797
1797
1785
1789
1798
1805
1817
1829
1836
1883
1896
1907
1918
1974
1985
2000
2010
2023
2064
2073
2085
2093
2107
2118
2133
2146
2189
2195
2203
2208
2205
2206
2211
2212
2210
2198
2198
2191
2190
2184
2173
2160
2146
2105
2092
2090
2086
2041
2035
2036
2032
2005
2003
2001
2008
2014
2013
2015
2019
2022
2024
2021
2026
2030
2035
2037
2033
2035
2043
2045
2045
2041
2038
2025
2022
2021
2014
2012
2010
2005
1998
1977
1973
1966
1966
1951
1949
1949
1947
1939
1940
1933
1935
1935
1941
1944
1949
1953
1961
1973
1978
1981
2013
2025
2044
2062
2105
2119
2132
2140
2156
2183
2191
2199
2207
2214
2219
2228
2232
2254
2252
2249
2246
2243
2234
2225
2215
2203
2175
2167
2163
2150
2134
2116
2104
2096
2041
2026
2014
1998
1941
1932
1916
1900
1855
1842
1831
1826
1819
1801
1804
1802
1795
1799
1797
1790
1782
1787
1785
1794
1803
1793
1789
1789
1797
1815
1855
1872
1884
1890
1890
1888
1893
1895
1934
1951
1965
1971
2009
2026
2039
2049
2066
2091
2099
2106
2112
2116
2123
2133
2137
2152
2162
2174
2180
2188
2198
2199
2209
2209
2196
2187
2182
2176
2172
2171
2167
2162
2162
2138
2130
2122
2107
2090
2077
2066
2060
2037
2027
2021
2015
1970
1958
1947
1939
1934
1923
1921
1922
1922
1921
1923
1934
1939
1935
1937
1943
1950
1972
1971
1975
1988
2024
2036
2041
2050
2055
2065
2068
2068
2070
2071
2072
2077
2085
2075
2080
2073
2067
2043
2042
2037
2040
2043
2043
2027
2012
2014
2016
2011
2004
2008
2001
2002
2000
1999
2014
2017
2028
2033
2035
2050
2053
2053
2063
2065
2062
2062
2071
2091
2094
2097
2101
2097
2094
2093
2098
2106
2114
2122
2128
2130
2149
2143
2143
2149
2143
2145
2145
2143
2135
2138
2137
2132
2093
2085
2071
2052
2040
1986
1978
1967
1952
1939
1934
1925
1914
1859
1854
1858
1858
1860
1857
1863
1877
1911
1924
1933
1945
1963
2012
2019
2028
2037
2042
2046
2062
2073
2091
2087
2083
2078
2080
2078
2073
2076
2079
2061
2058
2054
2051
2046
2037
2036
2031
2002
2003
1995
1987
1956
1954
1947
1946
1924
1921
1919
1920
1919
1916
1918
1922
1927
1927
1930
1934
1937
1949
1953
1956
1958
1965
1967
1964
1969
1980
1987
1995
1995
1999
2006
2012
2016
2025
2045
2054
2069
2079
2104
2113
2118
2124
2133
2139
2136
2142
2144
2144
2141
2141
2145
2152
2156
2194
2249
2245
2172
2097
2037
1979
1895
1917
1938
1961
2009
2057
2088
2123
2145
2102
2093
2085
2064
2027
2001
1967
1941
1972
1996
2030
2047
2065
2059
2052
2053
2062
2096
2115
2121
2121
2116
2108
2087
2054
1941
1904
1894
1914
1940
1962
1982
2003
2030
2058
2043
2014
1979
1944
1918
1904
1902
1913
1981
1990
1991
1997
1998
1987
1980
1972
2019
2043
2062
2069
1968
1922
1885
1863
1878
1903
1930
1965
1989
1996
1999
2005
2003
2000
2008
2017
2032
2080
2095
2103
2100
2064
2067
2081
2103
2133
2224
2235
2241
2237
2222
2202
2182
2166
2172
2180
2194
2199
2193
2184
2182
2181
2177
2167
2154
2140
2118
2048
2026
2009
1998
1981
1966
1963
1954
1902
1885
1871
1861
1786
1750
1710
1669
1624
1512
1486
1471
1470
1478
1484
1487
1489
1462
1451
1446
1437
1424
1444
1469
1490
1535
1539
1550
1561
1582
1721
1783
1858
1943
2038
2132
2226
2322
2696
2792
2898
3014
3476
3588
3696
3800
3915
4088
4090
4088
4090
4089
4090
4089
4090
4089
4088
4088
4089
3702
3553
3392
3220
3032
2377
2135
1901
1671
1449
1236
1032
838
283
146
112
104
100
94
90
88
87
81
81
80
80
80
82
82
80
83
85
90
94
99
102
106
116
129
369
512
673
841
1490
1652
1817
1982
2565
2690
2804
2905
2992
3205
3285
3355
3411
3451
3439
3382
3306
3058
3021
2991
2957
2896
2879
2842
2803
2774
2686
2655
2616
2573
2523
2477
2436
2405
2380
2385
2395
2408
2463
2499
2546
2595
2645
2721
2721
2712
2700
2663
2609
2547
2483
2288
2289
2291
2286
2195
2149
2099
2037
1827
1805
1793
1775
1757
1636
1585
1533
1506
1489
1488
1501
1529
1627
1628
1609
1575
1403
1371
1358
1366
1378
1438
1448
1445
1434
1427
1419
1419
1419
1422
1432
1448
1472
1491
1513
1531
1545
1547
1517
1515
1525
1552
1593
1640
1691
1741
1790
1897
1926
1952
1980
2010
2042
2086
2135
2269
2282
2292
2301
2345
2363
2380
2399
2411
2404
2395
2382
2356
2330
2303
2277
2254
2196
2172
2152
2126
2095
2053
2007
1962
1923
1805
1769
1733
1686
1634
1588
1542
1498
1453
1343
1318
1295
1279
1272
1270
1266
1270
1375
1420
1472
1530
1759
1811
1860
1903
1944
2061
2089
2121
2157
2194
2225
2265
2306
2397
2429
2460
2499
2532
2568
2606
2637
2669
2730
2735
2735
2740
2741
2748
2754
2763
2772
2809
2819
2814
2807
2792
2788
2785
2782
2796
2800
2800
2783
2609
2554
2495
2443
2395
2246
2206
2169
2130
2085
2040
1990
1936
1791
1743
1698
1673
1642
1619
1598
1584
1570
1511
1496
1490
1491
1489
1481
1485
1499
1517
1596
1622
1646
1685
1718
1758
1796
1829
2032
2088
2136
2176
2331
2366
2397
2417
2442
2515
2518
2513
2502
2489
2475
2468
2456
2382
2364
2357
2355
2343
2317
2293
2268
2234
2147
2118
2086
2063
2043
2035
2025
2008
1983
1893
1859
1826
1796
1774
1759
1745
1726
1677
1673
1671
1663
1662
1672
1685
1702
1731
1746
1755
1768
1781
1813
1829
1841
1861
1867
1871
1877
1885
1910
1914
1923
1936
1944
1943
1949
1949
1953
1927
1923
1922
1919
1919
1919
1920
1927
1911
1899
1891
1886
1861
1859
1851
1840
1827
1780
1770
1762
1754
1754
1748
1749
1758
1760
1763
1770
1773
1818
1829
1832
1827
1844
1843
1847
1865
1885
1928
1941
1952
1973
2000
2021
2037
2054
2146
2175
2197
2220
2288
2309
2324
2344
2353
2371
2381
2385
2390
2397
2406
2406
2409
2388
2380
2372
2364
2357
2345
2343
2333
2316
2299
2289
2282
2266
2228
2224
2219
2204
2196
2183
2169
2151
2133
2101
2102
2098
2087
2078
2072
2060
2041
1968