2359
2375
2396
2417
2432
2449
2469
2488
2513
2508
2503
2492
2486
2483
2481
2481
2470
2453
2442
2430
2415
2396
2383
2372
2359
2343
2281
2250
2226
2214
2187
2166
2145
2124
1988
1954
1922
1899
1767
1744
1720
1699
1682
1635
1629
1628
1629
1626
1625
1627
1636
1670
1679
1700
1720
1794
1814
1835
1855
1945
1976
2006
2030
2059
2153
2182
2207
2225
2246
2265
2283
2297
2322
2326
2325
2325
2290
2267
2252
2243
2236
2216
2205
2193
2181
2163
2149
2136
2129
2071
2054
2034
2024
1983
1979
1972
1962
1953
1954
1954
1955
1959
1948
1948
1944
1945
1946
1947
1944
1948
1923
1919
1909
1904
1874
1867
1857
1847
1833
1790
1785
1781
1780
1778
1769
1765
1764
1748
1755
1758
1754
1749
1751
1756
1758
1763
1775
1780
1785
1792
1800
1807
1826
1839
1861
1872
1876
1881
1890
1906
1923
1938
1954
2013
2029
2050
2064
2082
2100
2125
2145
2167
2234
2263
2284
2309
2334
2351
2370
2388
2433
2439
2443
2449
2451
2442
2439
2430
2425
2400
2381
2368
2346
2339
2325
2306
2291
2208
2186
2163
2135
2010
1980
1949
1916
1780
1748
1714
1685
1659
1584
1573
1556
1541
1526
1506
1496
1493
1455
1456
1461
1462
1493
1513
1527
1544
1559
1627
1655
1677
1710
1746
1786
1826
1870
2013
2044
2077
2113
2278
2321
2366
2403
2556
2584
2613
2648
2681
2752
2771
2786
2798
2810
2814
2820
2825
2805
2790
2779
2762
2674
2645
2609
2583
2549
2437
2395
2354
2319
2273
2236
2199
2163
1959
1917
1869
1822
1654
1615
1582
1549
1525
1440
1422
1410
1400
1395
1385
1380
1381
1387
1395
1402
1412
1423
1439
1459
1478
1492
1550
1576
1601
1619
1640
1670
1691
1714
1741
1824
1848
1877
1907
1936
1964
1985
2014
2085
2102
2118
2130
2180
2181
2189
2199
2203
2212
2208
2206
2212
2222
2230
2238
2246
2261
2268
2267
2270
2269
2270
2278
2273
2271
2275
2278
2273
2279
2274
2270
2272
2271
2273
2256
2246
2239
2232
2222
2211
2204
2194
2159
2149
2129
2108
2038
2019
2004
1993
1976
1927
1909
1895
1887
1876
1860
1844
1837
1788
1777
1773
1765
1737
1732
1734
1732
1748
1752
1758
1765
1771
1795
1808
1817
1833
1852
1862
1873
1882
1915
1925
1945
1957
2005
2017
2034
2049
2064
2113
2125
2140
2159
2182
2193
2207
2219
2274
2290
2300
2309
2341
2350
2357
2363
2364
2359
2360
2361
2357
2352
2346
2333
2324
2282
2267
2247
2230
2214
2197
2173
2156
2143
2069
2041
2015
1995
1970
1947
1920
1896
1872
1804
1777
1754
1729
1713
1708
1692
1680
1630
1620
1612
1607
1611
1615
1614
1620
1655
1674
1683
1702
1726
1793
1809
1835
1867
1893
1918
1946
1973
2047
2065
2087
2112
2187
2209
2227
2237
2248
2286
2297
2303
2312
2319
2322
2325
2325
2349
2349
2346
2342
2298
2169
1967
1777
1821
1960
2107
2240
2335
2507
2515
2514
2497
2458
2422
2357
2292
2251
2224
2241
2275
2141
2095
2065
2051
2048
1950
1941
1945
1942
1928
1914
1904
1888
1814
1813
1829
1855
1904
1891
1876
1857
1736
1719
1713
1711
1716
1730
1748
1768
1808
1847
1897
1947
1995
2016
2000
1970
1926
1825
1836
1867
1907
1960
2067
2089
2103
2112
2127
2131
2136
2137
2096
2073
2057
2057
2107
2105
2094
2098
2186
2195
2196
2179
2165
2125
2113
2108
2096
2085
2085
2095
2109
2066
2045
2033
2024
2036
2035
2024
2014
2003
1948
1925
1909
1902
1896
1886
1875
1859
1748
1732
1718
1714
1698
1692
1681
1668
1655
1592
1569
1545
1519
1478
1426
1369
1306
1038
940
855
792
747
723
714
718
720
740
756
776
797
830
863
907
955
1014
1238
1326
1424
1542
1671
1814
1966
2114
2739
2896
3028
3147
3642
3771
3903
4029
4088
4090
4089
4090
4089
4088
4089
4087
4088
4089
4090
4090
4091
4089
4089
4089
4089
4023
3897
3754
3619
3498
3108
2964
2811
2664
2522
2387
2264
2154
1721
1617
1530
1438
1087
998
911
830
761
621
586
552
522
494
465
426
395
322
330
345
359
476
515
554
600
749
780
816
855
898
1000
1028
1058
1091
1132
1200
1282
1372
1802
1908
2009
2100
2350
2396
2444
2489
2534
2663
2693
2726
2754
2785
2805
2828
2859
2884
2863
2839
2796
2523
2446
2370
2296
2046
1994
1948
1904
1867
1714
1661
1603
1545
1494
1445
1405
1366
1248
1227
1204
1186
1220
1256
1297
1335
1366
1427
1454
1478
1504
1525
1553
1585
1609
1652
1641
1630
1613
1571
1569
1572
1577
1588
1575
1562
1557
1555
1554
1549
1545
1545
1561
1562
1571
1581
1587
1610
1635
1674
1721
1878
1940
1995
2048
2102
2153
2204
2259
2322
2512
2575
2640
2709
2776
2848
2912
2978
3210
3267
3322
3373
3542
3571
3598
3611
3606
3594
3576
3554
3526
3440
3403
3355
3303
3250
3187
3125
3060
2780
2713
2647
2581
2308
2244
2174
2109
2046
1868
1810
1742
1674
1616
1563
1511
1467
1299
1262
1232
1206
1150
1148
1148
1153
1219
1248
1291
1334
1382
1539
1594
1649
1710
1774
1833
1892
1958
2213
2272
2324
2363
2504
2536
2567
2598
2619
2685
2708
2731
2745
2757
2763
2769
2778
2757
2747
2737
2716
2626
2595
2566
2534
2424
2385
2350
2312
2274
2154
2118
2076
2041
2005
1973
1949
1923
1800
1768
1728
1696
1563
1526
1488
1457
1433
1355
1321
1293
1269
1241
1208
1176
1159
1116
1112
1100
1080
1073
1077
1089
1116
1138
1201
1236
1280
1322
1372
1414
1454
1503
1637
1689
1752
1811
1867
1920
1970
2007
2042
2159
2186
2212
2233
2245
2257
2272
2290
2297
2300
2293
2282
2274
2266
2255
2241
2224
2153
2140
2130
2117
2063
2050
2053
2053
2057
2043
2038
2043
2047
2050
2054
2064
2077
2143
2160
2180
2196
2277
2298
2320
2335
2346
2374
2377
2386
2394
2402
2411
2415
2413
2377
2367
2348
2334
2319
2302
2279
2250
2221
2129
2093
2058
2024
1987
1946
1905
1873
1846
1760
1737
1718
1708
1699
1694
1693
1694
1688
1696
1699
1715
1766
1786
1805
1826
1926
1945
1968
1985
2005
2064
2083
2101
2115
2128
2143
2152
2162
2200
2210
2213
2206
2196
2193
2188
2189
2185
2182
2184
2191
2184
2180
2177
2167
2147
2149
2152
2157
2168
2186
2186
2179
2178
2168
2180
2183
2175
2174
2181
2179
2173
2170
2177
2189
2182
2168
2157
2143
2124
2121
2114
2051
2023
2002
1985
1917
1900
1875
1859
1849
1819
1808
1787
1771
1756
1748
1745
1740
1736
1743
1750
1768
1812
1822
1830
1843
1914
1932
1957
1976
1999
2048
2065
2077
2091
2102
2116
2129
2135
2179
2181
2192
2204
2224
2223
2222
2216
2219
2216
2218
2220
2216
2214
2212
2213
2212
2210
2208
2202
2195
2183
2170
2160
2150
2144
2114
2100
2086
2080
2069
2063
2047
2038
2022
1996
1993
1982
1974
1961
1953
1944
1935
1912
1910
1907
1896
1858
1858
1864
1869
1866
1866
1862
1862
1865
1869
1867
1870
1880
1872
1881
1892
1899
1900
1901
1899
1891
1873
1866
1861
1862
1867
1875
1871
1870
1873
1879
1879
1880
1883
1902
1908
1916
1928
1974
1994
2009
2036
2059
2127
2145
2162
2182
2205
2221
2240
2260
2317
2336
2354
2362
2376
2383
2391
2396
2401
2389
2380
2372
2362
2348
2335
2319
2299
2274
2214
2191
2170
2145
2116
2087
2060
2039
1948
1933
1911
1889
1809
1792
1779
1764
1753
1727
1718
1718
1721
1718
1714
1718
1718
1725
1734
1738
1742
1744
1753
1764
1775
1787
1812
1817
1825
1836
1846
1852
1864
1868
1874
1897
1909
1921
1934
1948
1961
1971
1984
2036
2053
2075
2097
2173
2188
2205
2228
2254
2329
2360
2385
2405
2420
2437
2457
2467
2505
2507
2507
2507
2495
2492
2486
2492
2436
2413
2399
2381
2358
2275
2248
2224
2195
2165
2133
2103
2071
1950
1930
1907
1882
1783
1763
1744
1721
1706
1665
1649
1642
1637
1629
1624
1627
1630
1645
1647
1659
1671
1709
1726
1743
1756
1803
1816
1835
1854
1869
1918
1927
1945
1955
1966
1979
1991
2008
2053
2059
2073
2081
2102
2104
2111
2122
2128
2150
2160
2168
2177
2188
2199
2210
2219
2244
2246
2248
2248
2250
2250
2251
2255
2259
2251
2255
2256
2250
2245
2240
2233
2220
2213
2173
2156
2143
2132
2110
2088
2077
2065
1995
1979
1962
1949
1881
1865
1846
1825
1818
1789
1784
1780
1769
1755
1746
1742
1736
1712
1716
1713
1718
1723
1737
1751
1760
1811
1826
1836
1854
1862
1909
1921
1935
1964
1985
2003
2022
2041
2099
2118
2131
2147
2212
2226
2242
2253
2259
2276
2277
2277
2278
2276
2278
2276
2275
2264
2264
2262
2258
2235
2225
2216
2207
2177
2171
2165
2154
2142
2107
2100
2092
2082
2076
2068
2062
2053
2024
2013
2003
1994
1967
1959
1957
1949
1949
1927
1925
1915
1915
1912
1909
1903
1902
1887
1887
1881
1877
1869
1867
1870
1868
1877
1895
1904
1908
1916
1919
1923
1933
1945
1975
1985
1982
1988
2000
2003
2009
2011
2016
2033
2035
2038
2046
2045
2045
2056
2060
2070
2081
2086
2092
2100
2109
2117
2119
2122
2129
2132
2135
2136
2142
2146
2146
2146
2136
2134
2134
2128
2119
2098
2098
2098
2096
2097
2093
2094
2087
2063
2058
2055
2053
2053
2050
2041
2042
2045
2031
2024
2021
2026
2025
2019
2011
2011
1981
1978
1974
1976
1950
1939
1930
1922
1911
1903
1896
1887
1886
1871
1867
1862
1867
1863
1859
1858
1859
1878
1887
1891
1900
1934
1941
1947
1954
1968
2002
2010
2025
2039
2053
2061
2072
2088
2123
2133
2136
2142
2154
2154
2160
2165
2154
2153
2152
2145
2148
2132
2127
2122
2116
2114
2112
2109
2103
2072
2069
2068
2069
2068
2063
2060
2047
2042
2026
2018
2010
2007
2004
2004
2006
2000
1968
1970
1976
1974
1962
1961
1957
1959
1954
1952
1959
1962
1970
1986
1989
1992
1995
1999
2006
2010
2012
2021
2027
2036
2042
2052
2052
2059
2058
2058
2070
2078
2083
2088
2088
2090
2089
2088
2080
2084
2082
2082
2065
2070
2071
2072
2069
2065
2059
2051
2044
2043
2043
2038
2029
2019
2015
2009
2008
2009
2006
2005
2002
2000
2006
2007
2003
1996
1994
1991
1988
1987
1989
1992
1995
1991
1985
1983
1974
1971
1968
1967
1981
2043
2131
1535
1479
1454
1464
1522
1724
1818
1906
1956
1976
1977
1978
2006
2093
2099
2099
2085
1933
1909
1901
1888
1838
1862
1857
1848
1869
1951
1953
1944
1907
1879
1894
1930
1937
1754
1701
1663
1639
1530
1506
1505
1513
1529
1596
1602
1616
1640
1700
1782
1862
1937
2228
2332
2438
2552
2920
3001
3095
3204
3624
3687
3730
3771
3829
4010
4055
4087
4086
4089
4082
4072
4049
3872
3800
3724
3652
3310
3192
3049
2887
2722
2269
2126
1976
1822
1664
1514
1369
1232
684
535
397
271
119
112
105
101
100
92
94
94
95
92
94
93
95
97
100
103
107
145
171
214
277
680
805
934
1062
1190
1591
1735
1885
2035
2180
2317
2454
2573
2961
3056
3145
3228
3448
3497
3540
3575
3606
3644
3654
3662
3667
3666
3664
3659
3646
3500
3453
3411
3361
3151
3092
3031
2965
2672
2598
2535
2490
2468
2175
1972
1793
1657
1557
1482
1442
1424
1415
1409
1387
1369
1349
1331
1331
1333
1324
1260
1225
1193
1176
1168
1170
1172
1175
1260
1288
1337
1398
1619
1645
1683
1743
1815
1883
1884
1869
1854
1847
1853
1871
1887
1937
1953
1975
2003
2032
2054
2063
2067
2080
2137
2155
2175
2198
2215
2240
2274
2318
2360
2473
2495
2507
2523
2546
2583
2628
2676
2745
2740
2747
2758
2770
2766
2759
2750
2745
2719
2691
2658
2624
2592
2559
2534
2503
2379
2309
2239
2167
2092
2018
1953
1887
1815
1573
1503
1432
1371
1309
1236
1165
1096
1021
846
795
747
697
644
602
568
539
485
510
539
566
649
673
709
756
807
991
1059
1135
1221
1315
1401
1490
1583
1931
2016
2097
2180
2540
2641
2740
2836
3125
3185
3241
3304
3361
3471
3494
3514
3536
3562
3579
3589
3592
3563
3552
3536
3529
3433
3390
3347
3306
3256
3070
3002
2930
2863
2798
2727
2645
2559
2221
2142
2065
1989
1688
1614
1542
1478
1292
1261
1239
1214
1192
1126
1096
1068
1048
1044
1047
1068
1093
1198
1213
1239
1264
1405
1446
1494
1541
1592
1759
1817
1870
1927
1983
2031
2084
2138
2297
2339
2375
2414
2554
2582
2605
2618
2637
2635
2633
2633
2627
2571
2550
2532
2522
2505
2487
2466
2446
2382
2358
2333
2314
2225
2210
2194
2181
2162
2053
2020
1980
1951
1923
1900
1880
1864
1800
1789
1773
1756
1679
1663
1652
1637
1576
1560
1540
1523
1507
1453
1436
1428
1422
1411
1399
1397
1397
1405
1403
1401
1403
1405
1408
1414
1420
1425
1444
1458
1477
1493
1508
1521
1537
1561
1654
1676
1699
1725
1818
1836
1853
1874
1896
1961
1986
2007
2031
2054
2075
2092
2116
2200
2230
2258
2281
2301
2327
2349
2366
2385
2433
2445
2461
2481
2493
2511
2524
2530
2534
2542
2542
2536
2536
2532
2528
2529
2532
2508
2496
2485
2477
2425
2409
2387
2359
2335
2271
2245
2221
2198
2174
2149
2125
2100
2022
1997
1976
1959
1909
1895
1886
1880
1849
1843
1843
1839
1838
1833
1841
1846
1858
1865
1872
1878
1884
1921
1930
1938
1956
2001
2012
2020
2037
2051
2093
2104
2117
2129
2137
2150
2164
2174
2208
2221
2226
2234
2239
2236
2229
2234
2232
2211
2210
2207
2199
2195
2182
2169
2157
2123
2111
2098
2090
2079
2059
2043
2030
2017
1977
1961
1949
1939
1933
1928
1933
1932
1931
1915
1911
1910
1903
1908
1916
1927
1937
1969
1975
1989
1993
2006
2012
2021
2034
2044
2058
2063
2067
2071
2076
2075
2074
2068
2056
2047
2046
2045
2018
2004
1994
1979
1928
1916
1914
1907
1892
1853
1842
1831
1821
1810
1809
1811
1802
1794
1793
1790
1787
1797
1810
1814
1819
1831
1859
1871
1889
1901
1915
1930
1948
1967
2023
2036
2050
2065
2102
2108
2118
2122
2148
2150
2155
2165
2175
2182
2191
2192
2200
2204
2209
2206
2208
2201
2209
2210
2207
2186
2179
2172
2162
2161
2130
2117
2100
2086
2076
2065
2056
2039
1971
1958
1944
1928
1874
1861
1852
1838
1797
1795
1797
1793
1797
1797
1785
1789
1798
1805
1817
1829
1836
1883
1896
1907
1918
1974
1985
2000
2010
2023
2064
2073
2085
2093
2107
2118
2133
2146
2189
2195
2203
2208
2205
2206
2211
2212
2210
2198
2198
2191
2190
2184
2173
2160
2146
2105
2092
2090
2086
2041
2035
2036
2032
2005
2003
2001
2008
2014
2013
2015
2019
2022
2024
2021
2026
2030
2035
2037
2033
2035
2043
2045
2045
2041
2038
2025
2022
2021
2014
2012
2010
2005
1998
1977
1973
1966
1966
1951
1949
1949
1947
1939
1940
1933
1935
1935
1941
1944
1949
1953
1961
1973
1978
1981
2013
2025
2044
2062
2105
2119
2132
2140
2156
2183
2191
2199
2207
2214
2219
2228
2232
2254
2252
2249
2246
2243
2234
2225
2215
2203
2175
2167
2163
2150
2134
2116
2104
2096
2041
2026
2014
1998
1941
1932
1916
1900
1855
1842
1831
1826
1819
1801
1804
1802
1795
1799
1797
1790
1782
1787
1785
1794
1803
1793
1789
1789
1797
1815
1855
1872
1884
1890
1890
1888
1893
1895
1934
1951
1965
1971
2009
2026
2039
2049
2066
2091
2099
2106
2112
2116
2123
2133
2137
2152
2162
2174
2180
2188
2198
2199
2209
2209
2196
2187
2182
2176
2172
2171
2167
2162
2162
2138
2130
2122
2107
2090
2077
2066
2060
2037
2027
2021
2015
1970
1958
1947
1939
1934
1923
1921
1922
1922
1921
1923
1934
1939
1935
1937
1943
1950
1972
1971
1975
1988
2024
2036
2041
2050
2055
2065
2068
2068
2070
2071
2072
2077
2085
2075
2080
2073
2067
2043
2042
2037
2040
2043
2043
2027
2012
2014
2016
2011
2004
2008
2001
2002
2000
1999
2014
2017
2028
2033
2035
2050
2053
2053
2063
2065
2062
2062
2071
2091
2094
2097
2101
2097
2094
2093
2098
2106
2114
2122
2128
2130
2149
2143
2143
2149
2143
2145
2145
2143
2135
2138
2137
2132
2093
2085
2071
2052
2040
1986
1978
1967
1952
1939
1934
1925
1914
1859
1854
1858
1858
1860
1857
1863
1877
1911
1924
1933
1945
1963
2012
2019
2028
2037
2042
2046
2062
2073
2091
2087
2083
2078
2080
2078
2073
2076
2079
2061
2058
2054
2051
2046
2037
2036
2031
2002
2003
1995
1987
1956
1954
1947
1946
1924
1921
1919
1920
1919
1916
1918
1922
1927
1927
1930
1934
1937
1949
1953
1956
1958
1965
1967
1964
1969
1980
1987
1995
1995
1999
2006
2012
2016
2025
2045
2054
2069
2079
2104
2113
2118
2124
2133
2139
2136
2142
2144
2144
2141
2141
2145
2152
2156
2194
2249
2245
2172
2097
2037
1979
1895
1917
1938
1961
2009
2057
2088
2123
2145
2102
2093
2085
2064
2027
2001
1967
1941
1972
1996
2030
2047
2065
2059
2052
2053
2062
2096
2115
2121
2121
2116
2108
2087
2054
1941
1904
1894
1914
1940
1962
1982
2003
2030
2058
2043
2014
1979
1944
1918
1904
1902
1913
1981
1990
1991
1997
1998
1987
1980
1972
2019
2043
2062
2069
1968
1922
1885
1863
1878
1903
1930
1965
1989
1996
1999
2005
2003
2000
2008
2017
2032
2080
2095
2103
2100
2064
2067
2081
2103
2133
2224
2235
2241
2237
2222
2202
2182
2166
2172
2180
2194
2199
2193
2184
2182
2181
2177
2167
2154
2140
2118
2048
2026
2009
1998
1981
1966
1963
1954
1902
1885
1871
1861
1786
1750
1710
1669
1624
1512
1486
1471
1470
1478
1484
1487
1489
1462
1451
1446
1437
1424
1444
1469
1490
1535
1539
1550
1561
1582
1721
1783
1858
1943
2038
2132
2226
2322
2696
2792
2898
3014
3476
3588
3696
3800
3915
4088
4090
4088
4090
4089
4090
4089
4090
4089
4088
4088
4089
3702
3553
3392
3220
3032
2377
2135
1901
1671
1449
1236
1032
838
283
146
112
104
100
94
90
88
87
81
81
80
80
80
82
82
80
83
85
90
94
99
102
106
116
129
369
512
673
841
1490
1652
1817
1982
2565
2690
2804
2905
2992
3205
3285
3355
3411
3451
3439
3382
3306
3058
3021
2991
2957
2896
2879
2842
2803
2774
2686
2655
2616
2573
2523
2477
2436
2405
2380
2385
2395
2408
2463
2499
2546
2595
2645
2721
2721
2712
2700
2663
2609
2547
2483
2288
2289
2291
2286
2195
2149
2099
2037
1827
1805
1793
1775
1757
1636
1585
1533
1506
1489
1488
1501
1529
1627
1628
1609
1575
1403
1371
1358
1366
1378
1438
1448
1445
1434
1427
1419
1419
1419
1422
1432
1448
1472
1491
1513
1531
1545
1547
1517
1515
1525
1552
1593
1640
1691
1741
1790
1897
1926
1952
1980
2010
2042
2086
2135
2269
2282
2292
2301
2345
2363
2380
2399
2411
2404
2395
2382
2356
2330
2303
2277
2254
2196
2172
2152
2126
2095
2053
2007
1962
1923
1805
1769
1733
1686
1634
1588
1542
1498
1453
1343
1318
1295
1279
1272
1270
1266
1270
1375
1420
1472
1530
1759
1811
1860
1903
1944
2061
2089
2121
2157
2194
2225
2265
2306
2397
2429
2460
2499
2532
2568
2606
2637
2669
2730
2735
2735
2740
2741
2748
2754
2763
2772
2809
2819
2814
2807
2792
2788
2785
2782
2796
2800
2800
2783
2609
2554
2495
2443
2395
2246
2206
2169
2130
2085
2040
1990
1936
1791
1743
1698
1673
1642
1619
1598
1584
1570
1511
1496
1490
1491
1489
1481
1485
1499
1517
1596
1622
1646
1685
1718
1758
1796
1829
2032
2088
2136
2176
2331
2366
2397
2417
2442
2515
2518
2513
2502
2489
2475
2468
2456
2382
2364
2357
2355
2343
2317
2293
2268
2234
2147
2118
2086
2063
2043
2035
2025
2008
1983
1893
1859
1826
1796
1774
1759
1745
1726
1677
1673
1671
1663
1662
1672
1685
1702
1731
1746
1755
1768
1781
1813
1829
1841
1861
1867
1871
1877
1885
1910
1914
1923
1936
1944
1943
1949
1949
1953
1927
1923
1922
1919
1919
1919
1920
1927
1911
1899
1891
1886
1861
1859
1851
1840
1827
1780
1770
1762
1754
1754
1748
1749
1758
1760
1763
1770
1773
1818
1829
1832
1827
1844
1843
1847
1865
1885
1928
1941
1952
1973
2000
2021
2037
2054
2146
2175
2197
2220
2288
2309
2324
2344
2353
2371
2381
2385
2390
2397
2406
2406
2409
2388
2380
2372
2364
2357
2345
2343
2333
2316
2299
2289
2282
2266
2228
2224
2219
2204
2196
2183
2169
2151
2133
2101
2102
2098
2087
2078
2072
2060
2041
1968
1960
1965
1972
1972
1969
1949
1932
1925
1917
1908
1906
1915
1953
1952
1946
1943
1926
1934
1949
1964
1970
1963
1956
1962
1967
1968
1979
1991
1995
1994
1986
1982
1975
1983
1983
1986
1986
1980
1973
1965
1964
1963
1945
1935
1929
1927
1921
1905
1897
1892
1897
1890
1886
1887
1901
1908
1926
1944
1990
2003
2017
2022
2037
2100
2117
2139
2161
2176
2191
2210
2227
2291
2305
2317
2319
2316
2308
2298
2296
2292
2280
2267
2251
2238
2227
2214
2197
2182
2107
2090
2070
2052
1978
1964
1938
1910
1854
1843
1836
1837
1843
1840
1839
1841
1843
1848
1851
1864
1868
1916
1932
1946
1953
1967
1972
1974
1977
1986
2009
2006
2000
2006
2009
2010
2007
2007
2035
2042
2048
2047
2039
2036
2039
2041
2064
2072
2086
2092
2101
2097
2098
2095
2094
2093
2093
2098
2098
2094
2092
2096
2091
2050
2038
2038
2041
2040
2017
2004
1992
1980
1970
1960
1950
1949
1922
1914
1908
1897
1885
1888
1887
1891
1871
1868
1867
1869
1867
1896
1906
1914
1916
1920
1924
1931
1937
1942
1946
1956
1965
2002
2012
2022
2032
2036
2052
2057
2060
2065
2068
2074
2078
2086
2109
2114
2117
2117
2105
2096
2098
2103
2091
2089
2081
2076
2071
2053
2048
2047
2040
2029
2018
2013
2016
2010
2013
2016
2019
2001
1995
2001
2009
2009
2021
2025
2020
2020
2022
2027
2039
2042
2056
2053
2057
2067
2070
2075
2076
2078
2085
2083
2084
2089
2084
2072
2074
2091
2090
2111
2110
2092
2088
2102
2115
2113
2108
2104
2094
2089
2100
2096
2072
2058
2074
2084
2058
2053
2048
2024
2015
2023
2027
2017
2008
1988
2000
2024
2018
2038
2025
2022
2036
2056
2061
2086
2079
2063
2066
2097
2114
2093
2127
2110
2095
2099
2102
2092
2071
2062
2075
2034
2044
2056
2029
1993
1990
1999
1982
1958
1936
1915
1903
1902
1909
1900
1883
1869
1855
1862
1877
1868
1868
1872
1874
1884
1908
1883
1913
1934
1915
1910
1943
1978
1979
2018
2003
1990
2004
2000
2041
2044
2007
2027
2018
2039
2063
2055
2073
2080
2056
2051
2071
2102
2085
2052
2062
2050
2067
2073
2071
2058
2041
2046
2072
2044
2069
2090
2073
2055
2059
2069
2064
2073
2080
2077
2070
2067
2087
2099
2075
2064
2073
2071
2088
2106
2101
2092
2088
2088
2086
2032
2045
2043
2023
2023
2036
2035
2016
2018
2000
2002
2014
1991
2006
1983
1963
1979
1971
1976
1999
2007
1997
1991
2006
2025
2041
2048
2025
2030
2036
2053
2065
2052
2080
2059
2059
2084
2088
2066
2079
2061
2047
2055
2063
2055
2033
2011
1999
2009
2010
1987
1985
1976
1971
1985
1967
1971
1975
1982
1981
1975
1981
1998
2010
2018
2017
2009
2017
2016
2033
2042
2035
2067
2052
2040
2060
2088
2080
2049
2045
2037
2017
2038
2055
2030
2001
2014
2033
2011
2017
2019
1978
1954
1971
1981
1956
1939
1953
1932
1932
1944
1951
1933
1931
1955
1958
1961
1957
1950
1962
1995
2007
2025
2028
2036
2063
2066
2060
2061
2067
2068
2070
2083
2088
2094
2104
2099
2106
2099
2094
2103
2089
2092
2091
2088
2091
2083
2072
2073
2073
2065
2052
2050
2048
2036
2042
2044
2038
2015
2007
2002
1997
1988
1994
1991
1984
1984
1994
2003
2002
2002
2005
2008
2012
2007
2027
2016
2009
2020
2006
2009
2011
2005
1999
2001
1996
2002
2017
2016
2013
2013
2025
2028
2033
2029
2023
2035
2042
2052
2060
2052
2058
2057
2040
2032
2038
2042
2037
2034
2041
2043
2050
2047
2043
2029
2018
2017
2018
2021
2027
2027
2026
2014
2007
2005
2005
1998
1984
1978
1985
1973
1982
1981
1982
1994
1994
1994
1991
1993
1999
1997
1994
2002
2011
2022
2021
2016
2011
2002
2000
2009
2008
2016
2022
2035
2052
2062
2064
2059
2057
2061
2057
2062
2075
2078
2077
2079
2082
2056
2057
2049
2036
2032
2041
2052
2049
2041
2008
1988
1966
1946
1925
1910
1907
1905
1884
1877
1874
1881
1883
1895
1897
1896
1908
1917
1937
1962
1988
2006
2032
2058
2077
2118
2124
2131
2146
2170
2183
2184
2192
2202
2207
2210
2203
2180
2158
2146
2146
2140
2126
2119
2124
2132
2144
2140
2119
2101
2085
2047
2047
2045
2039
2014
1995
1989
1999
2058
2068
2066
2052
2030
1917
1856
1799
1754
1714
1673
1644
1612
1494
1479
1453
1412
1235
1195
1165
1140
1123
1129
1143
1166
1184
1222
1276
1349
1435
1901
2045
2205
2368
2997
3153
3311
3463
4084
4089
4090
4090
4090
4088
4090
4090
4089
4088
4090
4091
4088
4090
4088
4034
3896
3017
2760
2499
2237
1980
1194
945
713
481
252
115
101
92
80
78
76
75
73
76
75
75
77
87
86
94
97
106
114
131
157
439
602
780
975
1177
1381
1587
1792
2000
2563
2731
2884
3007
3115
3216
3308
3381
3431
3534
3539
3529
3515
3503
3476
3444
3403
3184
3132
3082
3036
2820
2772
2719
2662
2614
2482
2464
2466
2484
2515
2559
2587
2578
2291
2220
2163
2119
1984
1932
1861
1779
1534
1500
1461
1426
1408
1353
1354
1340
1321
1315
1310
1296
1285
1442
1500
1552
1595
1689
1707
1730
1769
1825
1983
2046
2114
2194
2266
2327
2375
2419
2468
2445
2401
2345
2089
2019
1935
1869
1532
1448
1374
1317
1269
1194
1189
1195
1196
1197
1200
1207
1221
1317
1369
1432
1511
1916
2039
2153
2264
2372
2639
2714
2786
2860
2932
3004
3073
3133
3207
3198
3169
3141
2999
2982
2966
2944
2769
2708
2637
2558
2465
2199
2116
2034
1944
1848
1743
1635
1514
1031
935
858
795
649
632
621
609
608
636
671
717
788
877
964
1056
1153
1411
1475
1526
1581
1629
1671
1728
1799
1861
2009
2038
2050
2060
2062
2069
2081
2103
2139
2318
2372
2427
2486
2542
2596
2644
2695
2901
2958
3016
3068
3232
3258
3278
3291
3292
3301
3305
3316
3325
3298
3272
3231
3177
3116
3040
2963
2879
2515
2416
2320
2226
1832
1745
1666
1595
1529
1346
1280
1206
1136
1069
1007
949
903
789
792
811
835
975
1017
1065
1128
1434
1515
1599
1690
1785
2033
2113
2192
2267
2332
2390
2445
2489
2651
2678
2695
2707
2704
2688
2667
2637
2610
2509
2478
2454
2428
2400
2371
2341
2309
2277
2180
2153
2129
2107
2084
2067
2049
2030
1998
1985
1980
1979
1986
1988
1994
1996
2001
1994
1987
1982
1985
1980
1965
1952
1939
1858
1836
1814
1799
1722
1708
1703
1704
1676
1670
1659
1649
1652
1660
1656
1663
1669
1678
1705
1729
1756
1860
1897
1928
1961
2044
2066
2084
2097
2112
2120
2125
2120
2104
2085
2057
2031
1999
1885
1853
1819
1785
1671
1641
1614
1587
1572
1543
1540
1532
1532
1541
1556
1568
1579
1662
1692
1726
1763
1922
1962
2006
2051
2224
2276
2329
2375
2415
2513
2544
2573
2601
2621
2644
2660
2670
2670
2656
2629
2603
2501
2473
2445
2417
2385
2269
2220
2181
2146
2107
2067
2037
2014
1939
1931
1914
1903
1889
1885
1874
1864
1861
1871
1874
1886
1892
1894
1896
1902
1903
1905
1915
1907
1897
1900
1906
1912
1909
1907
1884
1881
1883
1889
1907
1904
1913
1925
1958
1959
1962
1978
1993
2042
2066
2080
2088
2098
2116
2132
2141
2224
2237
2259
2282
2355
2362
2360
2367
2378
2375
2367
2361
2348
2322
2294
2272
2243
2088
2046
2005
1968
1846
1842
1822
1798
1715
1701
1703
1709
1715
1725
1735
1741
1762
1786
1809
1835
1861
1944
1964
1995
2028
2159
2171
2177
2189
2204
2268
2278
2271
2264
2254
2254
2256
2257
2223
2212
2205
2200
2142
2117
2093
2075
2059
2003
1980
1958
1930
1906
1889
1870
1855
1826
1819
1811
1806
1800
1800
1803
1808
1812
1846
1857
1869
1882
1901
1919
1929
1944
1957
1994
2002
2000
2008
2006
2008
2010
2020
2000
2002
2001
2004
1999
1997
2001
2003
2016
2026
2036
2041
2043
2073
2086
2100
2123
2143
2150
2150
2152
2207
2211
2209
2207
2200
2202
2193
2178
2174
2133
2120
2108
2087
2067
2037
2005
1974
1894
1873
1856
1836
1752
1740
1734
1733
1732
1701
1704
1714
1724
1730
1738
1749
1765
1807
1824
1845
1868
1892
1918
1946
1971
2002
2073
2097
2122
2150
2178
2197
2213
2229
2252
2267
2272
2274
2274
2268
2270
2277
2271
2227
2209
2196
2182
2109
2093
2085
2076
2047
2038
2023
2014
2009
1971
1970
1958
1947
1947
1949
1948
1943
1956
1949
1957
1956
1969
1962
1961
1971
1972
1964
1970
1974
1971
1965
1959
1961
1961
1956
1957
1964
1963
1954
1944
1941
1943
1952
1980
1980
1980
1984
1996
1996
1995
2006
2013
2032
2046
2057
2074
2089
2107
2123
2135
2161
2163
2165
2171
2196
2189
2185
2183
2177
2147
2139
2124
2109
2094
2077
2066
2066
2036
2025
2017
2016
2003
1995
1988
1978
1967
1972
1983
1985
1994
2004
2016
2027
2046
2059
2064
2069
2076
2109
2127
2146
2158
2164
2169
2178
2184
2185
2154
2146
2137
2127
2123
2117
2095
2073
1996
1970
1949
1938
1932
1925
1905
1884
1856
1784
1779
1780
1777
1767
1764
1764
1756
1757
1807
1820
1830
1843
1856
1868
1883
1901
1989
2020
2033
2035
2092
2110
2118
2125
2128
2133
2143
2146
2150
2117
2106
2105
2110
2123
2118
2103
2096
2036
2041
2041
2033
1987
1975
1976
1995
2013
1991
2000
1998
1990
1986
1999
2010
2012
2026
2028
2042
2060
2055
2055
2044
2036
2027
2022
2020
2015
2003
1985
1964
1969
1974
1943
1935
1932
1931
1919
1910
1922
1930
1928
1923
1917
1919
1927
1945
1960
1963
1964
1974
1991
2004
2024
2036
2043
2054
2065
2073
2115
2131
2137
2139
2117
2117
2137
2147
2154
2143
2120
2103
2105
2122
2128
2118
2100
2057
2032
2023
2035
2038
2024
2015
2018
2007
1987
1993
1994
1981
1975
1979
1975
1964
1957
1988
1987
2000
2018
2018
2003
2010
2032
2079
2091
2095
2086
2125
2117
2125
2139
2123
2130
2120
2111
2113
2079
2075
2078
2072
2053
2034
2045
2045
2006
2000
1973
1961
1936
1936
1939
1936
1927
1945
1924
1931
1955
1973
1967
1960
1981
1978
1985
2010
2014
1998
1991
2017
2040
2019
2016
2015
1987
1982
2009
2017
1990
1973
1995
1964
1974
2001
1996
1956
1945
1972
1990
1987
1988
1967
1975
1977
2009
2039
2026
2069
2055
2053
2085
2107
2094
2117
2103
2079
2080
2114
2121
2088
2083
2057
2061
2085
2060
2060
2024
1995
2006
1959
1952
1977
1974
1941
1920
1935
1953
1939
1926
1893
1890
1900
1929
1960
1958
1997
1984
1993
2029
2048
2042
2072
2072
2059
2074
2113
2129
2113
2136
2121
2134
2166
2150
2152
2130
2124
2140
2111
2110
2122
2118
2091
2079
2089
2091
2060
2043
2019
2024
2004
2013
2021
2003
2028
2019
2026
2042
2035
2026
2038
2028
2018
2029
2036
2027
2012
1994
1986
1992
1994
1981
1982
1974
1975
1982
1958
1968
1976
1971
1965
1973
1988
1986
1990
1982
1989
2006
2028
2043
2044
2034
2056
2048
2057
2064
2067
2089
2093
2084
2085
2094
2103
2092
2088
2063
2056
2060
2055
2004
1988
1971
1964
1962
1931
1927
1920
1904
1891
1888
1890
1888
1907
1909
1906
1916
1940
1948
1954
1962
1986
1988
1996
2013
2032
2050
2056
2063
2079
2087
2094
2098
2096
2112
2115
2119
2127
2129
2136
2135
2123
2113
2092
2088
2079
2071
2062
2053
2054
2056
2026
2025
2019
2014
2014
2017
2013
2011
2016
2024
2029
2008
1949
2083
2139
2376
2495
2323
2063
1946
1932
1703
1603
1588
1643
1895
1963
2007
1950
1907
1913
1908
2020
2051
1996
1967
1998
2053
2324
2264
2228
2181
2042
2097
2147
2193
2235
2278
2276
2220
2169
2022
2036
2044
2041
2068
2097
2097
2099
2022
1963
1886
1846
1813
1875
1913
1897
1840
1741
1758
1761
1769
1776
1777
1788
1785
1689
1672
1627
1576
1531
1573
1631
1697
1861
1893
1925
1951
1994
2203
2278
2358
2449
2572
2729
2885
3021
3327
3366
3403
3443
3637
3675
3695
3679
3631
3367
3237
3099
2973
2856
2737
2615
2483
1812
1675
1525
1387
944
840
742
646
353
277
214
178
177
239
289
343
382
404
436
483
529
816
901
992
1102
1603
1733
1857
1969
2077
2376
2481
2594
2702
2781
2838
2875
2902
2981
2995
2992
2978
2875
2834
2786
2739
2579
2543
2499
2450
2433
2397
2409
2437
2445
2443
2451
2472
2452
2217
2120
2040
1984
1925
1956
1991
2031
2083
2163
2168
2185
2192
2207
2222
2245
2261
2349
2373
2360
2326
2052
1979
1926
1876
1757
1739
1733
1741
1748
1732
1726
1717
1712
1715
1736
1762
1792
1921
1939
1954
1960
1945
1937
1919
1907
1885
1755
1701
1665
1643
1629
1612
1604
1608
1610
1613
1622
1635
1711
1752
1801
1863
2116
2179
2234
2280
2320
2381
2403
2429
2455
2480
2508
2539
2573
2624
2620
2604
2582
2528
2535
2540
2544
2536
2470
2420
2369
2310
2245
2185
2134
2080
1827
1760
1700
1655
1466
1439
1413
1395
1373
1388
1406
1415
1415
1469
1489
1512
1534
1561
1586
1609
1628
1708
1722
1737
1751
1807
1821
1835
1855
1887
1980
2022
2058
2094
2135
2171
2202
2234
2297
2306
2324
2339
2346
2349
2357
2356
2355
2337
2329
2329
2327
2324
2315
2319
2328
2330
2373
2393
2413
2446
2471
2487
2490
2502
2528
2517
2509
2496
2378
2359
2327
2284
2247
2163
2121
2079
2041
1992
1942
1896
1865
1726
1703
1693
1680
1594
1573
1555
1541
1529
1499
1509
1512
1515
1526
1551
1586
1611
1693
1718
1736
1776
1809
1843
1876
1909
1945
2028
2060
2095
2125
2152
2177
2199
2214
2228
2249
2255
2250
2253
2261
2271
2277
2280
2292
2289
2291
2289
2289
2285
2278
2275
2275
2260
2260
2252
2245
2242
2227
2210
2203
2178
2180
2182
2188
2177
2181
2181
2179
2155
2148
2147
2147
2134
2124
2108
2091
2082
2070
2051
2029
2006
1879
1849
1822
1792
1684
1665
1649
1637
1619
1618
1622
1629
1646
1669
1694
1712
1734
1826
1843
1863
1877
1905
1905
1915
1928
1942
1956
1957
1959
1961
1964
1968
1973
1982
1991
1993
1990
1987
1971
1972
1971
1966
1965
1974
1981
1985
1984
2001
2005
2010
2016
2028
2043
2057
2074
2115
2120
2127
2139
2171
2174
2174
2168
2159
2126
2116
2108
2094
2084
2072
2060
2046
1995
1982
1970
1964
1966
1977
1987
1993
2005
2017
2023
2035
2051
2060
2064
2066
2075
2107
2114
2120
2130
2145
2144
2139
2133
2135
2140
2140
2140
2140
2100
2095
2094
2089
2086
2081
2074
2067
2018
2013
1999
1983
1957
1954
1949
1943
1941
1917
1919
1923
1928
1934
1940
1950
1961
1985
1991
2003
2016
2053
2059
2070
2076