2063
2036
2035
2037
2039
2041
2026
2020
2016
2018
2028
2030
2031
2025
2023
2023
2026
2017
1925
1904
1896
1889
1880
1859
1854
1848
1844
1855
1860
1865
1873
1906
1925
1948
1970
2076
2096
2132
2170
2206
2254
2254
2256
2266
2273
2278
2280
2287
2335
2332
2329
2328
2276
2263
2246
2226
2138
2121
2104
2089
2072
2000
1971
1941
1909
1891
1865
1847
1825
1733
1730
1736
1740
1753
1758
1763
1766
1768
1816
1828
1843
1869
1886
1909
1929
1942
1978
1982
1988
2000
2038
2047
2052
2047
2043
2042
2037
2029
2019
2010
2012
2011
2013
2018
2018
2020
2025
2007
2002
1997
2000
1990
1991
1998
1999
2003
2034
2046
2058
2071
2082
2089
2093
2094
2096
2096
2098
2105
2144
2155
2162
2170
2166
2137
2125
2115
2099
2092
2085
2075
2062
2019
2004
2005
2006
2003
1994
1988
1990
1994
2007
2010
2022
2021
2018
2025
2032
2031
2030
2033
2030
2027
2027
2029
2021
2026
2026
1975
1963
1951
1945
1915
1913
1914
1914
1916
1929
1935
1938
1944
1953
1961
1970
1976
2013
2029
2043
2059
2117
2133
2149
2160
2190
2194
2203
2208
2223
2223
2228
2230
2236
2234
2233
2227
2220
2190
2180
2163
2153
2109
2094
2078
2068
2062
2029
2016
1999
1992
1978
1962
1949
1941
1893
1886
1880
1880
1867
1865
1873
1885
1896
1903
1907
1903
1900
1911
1908
1912
1917
1916
1914
1918
1924
1947
1949
1958
1964
1953
1959
1957
1963
1965
1983
1988
1984
1984
1989
1995
1997
2002
2020
2023
2032
2047
2073
2077
2082
2087
2090
2093
2093
2093
2097
2102
2100
2096
2094
2068
2063
2063
2058
2043
2030
2028
2023
2004
2001
1994
1986
1979
1946
1933
1936
1944
1942
1937
1939
1945
1931
1927
1921
1917
1938
1950
1955
1966
1982
2020
2030
2039
2051
2063
2075
2080
2082
2100
2103
2111
2114
2117
2121
2123
2122
2129
2143
2141
2140
2131
2120
2101
2090
2081
2061
2061
2058
2053
2059
2058
2055
2064
2067
2071
2078
2082
2082
2081
2087
2092
2096
2098
2095
2092
2093
2085
2087
2084
2080
2073
2070
2067
2070
2069
2063
2061
2055
2054
2049
2047
2045
2038
2019
2011
2010
2012
1986
1992
1995
1999
2010
2001
2000
2005
2009
2005
2005
2004
1996
1992
1992
1992
1986
1981
1973
1971
1971
1965
1964
1968
1969
1969
1967
1963
1960
1960
1953
1944
1940
1942
1938
1937
1941
1944
1935
1935
1938
1938
1946
1950
1956
1962
1968
1975
1983
1994
2003
2020
2030
2031
2037
2041
2047
2060
2074
2076
2083
2082
2088
2092
2096
2093
2089
2086
2086
2085
2085
2086
2086
2078
2070
2073
2072
2060
2060
2051
2053
2052
2042
2041
2038
2041
2050
2055
2053
2048
2046
2039
2031
2017
2009
2006
2006
2005
2001
1999
1997
1994
1995
1996
1997
2002
2001
2002
2000
1998
2004
2008
2010
2010
2008
2013
2021
2015
2012
2012
2014
2017
2020
2027
2038
2042
2038
2038
2041
2042
2043
2043
2049
2053
2054
2054
2054
2052
2050
2043
2041
2034
2035
2027
2021
2024
2027
2021
2018
2023
2022
2016
2009
2004
2002
2001
2000
1999
2002
1997
1994
1994
1991
1996
2000
2005
2014
2020
2022
2026
2031
2039
2035
2031
2036
2031
2033
2040
2045
2043
2039
2038
2035
2034
2034
2027
2019
2020
2020
2020
2023
2023
2021
2023
2013
2022
2024
2020
2015
2011
2013
2008
2007
2011
2013
2018
2026
2022
2021
2023
2020
2009
2015
2017
2020
2032
2037
2040
2044
2040
2042
2043
2050
2047
2049
2049
2058
2064
2061
2067
2064
2059
2057
2057
2060
2060
2061
2054
2055
2054
2057
2059
2057
2056
2060
2045
2043
2042
2039
2049
2050
2054
2053
2058
2043
2040
2045
2049
2053
2051
2050
2055
2061
2059
2051
2048
2039
2026
2016
2016
2009
1995
1991
1986
1982
1977
1976
1969
1963
1960
1953
1949
1950
1955
1953
1957
1958
1961
1969
1973
1977
1977
1981
1984
1991
1994
2000
1996
2002
2009
2014
2015
2016
2014
2019
2020
2021
2014
2011
2032
2035
2035
2031
2036
2041
2045
2040
2037
2034
2036
2038
2042
2042
2042
2040
2039
2030
2034
2036
2039
2035
2037
2038
2037
2039
2016
2015
2015
2011
2010
2014
2019
2027
2007
2008
2014
2018
2012
2003
2005
2006
2001
1999
2003
2000
1998
2013
2008
2011
2016
2019
2025
2024
2025
2033
2030
2036
2037
2030
2036
2041
2044
2044
2049
2054
2052
2056
2064
2065
2073
2075
2076
2072
2074
2074
2086
2083
2080
2076
2084
2085
2081
2080
2071
2050
2050
2053
2050
2048
2043
2033
2032
2019
2012
2011
2012
2020
2018
2015
2018
2026
2018
2015
2017
2021
2018
2019
2016
2024
2003
2007
2009
2008
1998
1995
1990
1999
2000
1989
1991
1989
1989
1987
1987
1987
1984
1981
1982
1985
1980
1969
1974
1978
1982
1983
1980
1977
1981
1984
1983
1980
1982
1987
1995
1997
1998
1998
2003
2004
2010
2009
2008
2017
2020
2020
2049
2048
2051
2055
2059
2056
2061
2062
2062
2056
2061
2058
2064
2069
2071
2067
2062
2049
2040
2041
2042
2042
2034
2032
2027
2031
2031
2035
2041
2043
2037
2038
2037
2040
2045
2040
2037
2043
2041
2042
2045
2045
2043
2035
2030
2026
2029
2029
2032
2030
2028
2024
2023
2024
2026
2023
2024
2026
2021
2016
2009
2013
2014
2011
2011
2014
2018
2019
2014
2011
2010
2009
2022
2023
2026
2030
2037
2049
2049
2050
2057
2057
2056
2060
2057
2070
2070
2075
2073
2075
2075
2071
2069
2071
2062
2061
2062
2063
2063
2059
2056
2047
2041
2045
2043
2044
2043
2043
2038
2029
2018
2006
2001
2003
2002
1985
1975
1974
1973
1963
1958
1949
1942
1940
1930
1934
1942
1949
1948
1945
1946
1938
1956
1966
1970
1972
1975
1982
1992
2000
2011
2019
2019
2013
2018
2021
2024
2028
2033
2048
2052
2054
2056
2057
2057
2052
2052
2051
2045
2046
2050
2052
2053
2051
2049
2041
2040
2038
2036
2034
2034
2035
2037
2034
2031
2028
2027
2022
2028
2031
2035
2032
2032
2038
2052
2053
2049
2045
2041
2041
2046
2050
2037
2029
2032
2042
2037
2035
2037
2033
2033
2031
2033
2032
2036
2035
2034
2038
2037
2043
2044
2044
2048
2042
2038
2037
2038
2037
2034
2027
2028
2026
2027
2031
2037
2034
2032
2043
2045
2043
2047
2047
2049
2050
2055
2047
2047
2041
2039
2024
2022
2019
2016
2021
2020
2016
2013
2009
2008
2010
2010
2006
1999
2004
2006
2010
2013
2020
2026
2030
2033
2043
2049
2060
2067
2072
2071
2073
2078
2082
2087
2089
2094
2094
2090
2089
2087
2085
2069
2062
2058
2060
2041
2036
2038
2031
2024
2000
1992
1987
1988
1980
1969
1960
1963
1865
1858
1868
1902
2057
2015
1951
1893
1858
1879
1883
1894
1920
2023
2044
2038
2023
2019
2024
2023
1999
1909
1910
1958
2008
2038
2024
2009
2009
2023
2039
2061
2065
2043
2033
2054
2067
2055
2069
2062
2064
2076
2156
2158
2144
2118
2089
2094
2103
2105
2110
2079
2080
2069
2062
2055
2061
2081
2098
2095
2076
2058
2045
2019
2015
2009
1994
1978
1947
1956
1961
1964
1974
1985
1990
1986
1940
1925
1929
1945
1972
1970
1972
1988
2017
2004
1989
1981
1989
2038
2043
2053
2056
2060
2068
2079
2078
2071
2042
2021
2021
2062
2075
2093
2097
2100
2083
2079
2070
2068
2065
2058
2059
2060
2040
2041
2040
2040
2042
2046
2050
2053
2045
2005
1994
1988
1986
1992
2004
2013
2015
2036
2042
2052
2060
2053
2046
2045
2037
2030
2022
2018
2019
2020
2022
2021
2021
2025
2019
2021
2020
2023
2031
2035
2037
2031
2030
2006
1984
1971
1964
1996
2005
2012
2005
1980
1963
1955
1950
1955
1960
1963
1971
1979
1989
1991
1995
1998
1981
1976
1980
1983
2005
2012
2010
2006
1997
1973
1961
1954
1957
1964
1971
1970
1971
1966
1968
1972
1970
1969
1974
1986
2000
2018
2028
2037
2041
2045
2057
2073
2086
2093
2098
2102
2104
2113
2136
2144
2150
2154
2189
2196
2200
2205
2209
2187
2182
2174
2168
2164
2154
2143
2137
2101
2088
2072
2056
2014
2000
1987
1973
1960
1934
1922
1912
1907
1900
1905
1902
1893
1849
1847
1862
1897
1960
1949
1927
1918
1913
1921
1932
1955
1979
1997
2014
2036
2051
2090
2099
2093
2089
2084
2084
2084
2083
2079
2090
2094
2100
2101
2097
2093
2085
2074
2067
2074
2078
2078
2075
2060
2049
2038
2027
1978
1969
1968
1980
2031
2031
2022
2020
2014
2043
2052
2054
2054
2051
2048
2050
2045
2055
2065
2074
2086
2093
2093
2097
2100
2083
2076
2067
2067
2053
2007
2003
2007
2015
2017
2018
2009
1998
1973
1966
1964
1964
1960
1960
1960
1959
1961
1952
1955
1957
1971
1981
1991
1994
1992
2026
2043
2055
2054
2033
2034
2038
2043
2040
2033
2028
2027
2023
2023
2023
2022
2024
2027
2023
2015
2014
2008
1995
1983
1974
1960
1947
1953
1955
1956
1954
1946
1946
1944
1944
1934
1935
1942
1954
1958
1960
1970
1983
2034
2042
2048
2052
2066
2074
2078
2080
2087
2087
2090
2090
2088
2090
2089
2080
2084
2107
2119
2124
2124
2090
2081
2071
2065
2069
2058
2042
2034
2024
1988
1972
1963
1964
1963
1961
1960
1957
1934
1928
1929
1929
1935
1936
1945
1954
1968
1993
1996
1990
1991
1994
2001
2004
2011
2009
2010
2021
2031
2030
2029
2031
2032
2037
2059
2062
2064
2074
2079
2086
2090
2095
2086
2083
2076
2072
2071
2068
2060
2063
2063
2051
2049
2046
2047
2049
2048
2054
2056
2058
2064
2068
2069
2067
2075
2079
2079
2081
2085
2087
2093
2095
2088
2086
2092
2103
2100
2089
2085
2077
2077
2067
2066
2062
2063
2057
2059
2056
2057
2043
2045
2039
2037
2001
1998
1989
1978
1977
1968
1968
1971
1970
1972
1974
1982
1983
1994
1995
1999
2007
2018
2025
2037
2038
2051
2049
2049
2048
2050
2046
2041
2029
2024
2015
2009
2003
2004
1984
1989
1992
1991
1992
1989
1982
1975
1974
1972
1964
1957
1952
1954
1956
1955
1965
1975
1972
1972
1969
1979
1988
1993
1999
2003
2007
2004
2003
2005
2003
1998
1994
1992
1988
1986
1979
1976
1969
1959
1958
1959
1952
1963
1967
1970
1972
1983
1982
1979
1982
1981
1986
1988
1991
1998
1997
2001
2013
2015
2012
2014
2014
2027
2034
2043
2052
2061
2080
2082
2091
2098
2106
2109
2112
2118
2118
2117
2121
2120
2116
2117
2119
2119
2120
2109
2107
2100
2098
2094
2096
2098
2101
2088
2083
2085
2086
2072
2069
2069
2064
2052
2049
2045
2034
2030
2018
2011
2009
2016
2015
2009
2003
2007
2001
1996
1988
1984
1969
1962
1959
1956
1954
1950
1953
1951
1951
1954
1954
1961
1968
1992
1993
2000
2006
2016
2026
2035
2043
2059
2063
2058
2054
2062
2061
2058
2052
2054
2054
2055
2055
2054
2043
2041
2035
2036
2042
2046
2049
2048
2051
2047
2043
2041
2038
2038
2038
2038
2039
2030
2029
2032
2033
2024
2020
2015
2009
2020
2021
2017
2015
2012
2010
2007
2008
2009
2010
2011
2010
2008
1988
1988
1990
1990
1981
1977
1985
1990
1990
2005
2005
2010
2015
2025
2023
2026
2025
2023
2019
2016
2015
2024
2025
2017
2018
2022
2031
2038
2041
2039
2046
2048
2051
2049
2049
2046
2046
2049
2055
2059
2057
2047
2049
2049
2043
2037
2039
2028
2027
2026
2028
2029
2024
2020
2024
2020
2019
2016
2010
1995
1991
1996
1994
1991
1995
1995
1993
1992
1993
1998
2002
1999
1997
2002
2007
2012
2020
2030
2035
2042
2039
2047
2044
2043
2049
2059
2057
2047
2039
2048
2051
2056
2056
2042
2042
2042
2039
2032
2030
2026
2026
2019
2019
2020
2023
2020
2013
2017
2018
2019
2022
2022
2027
2024
2029
2033
2036
2030
2026
2032
2038
2037
2039
2046
2049
2040
2037
2039
2045
2044
2044
2037
2035
2028
2023
2003
2005
2000
2001
2002
2009
2011
2009
2009
2010
2005
1998
1996
1989
1993
1996
1995
1998
1998
1997
2001
2025
2029
2029
2027
2029
2031
2035
2038
2042
2043
2045
2050
2057
2057
2061
2061
2062
2065
2058
2059
2063
2059
2052
2050
2051
2044
2037
2037
2039
2041
2032
2036
2036
2038
2040
2033
2036
2036
2036
2033
2033
2032
2033
2022
2014
2013
2014
2015
2011
2003
2002
1979
1987
1990
1987
1967
1961
1958
1954
1957
1955
1954
1951
1952
1955
1956
1957
1958
1968
1973
1977
1985
1995
1999
2006
2009
2014
2024
2025
2033
2039
2041
2044
2059
2072
2081
2080
2080
2084
2098
2098
2100
2100
2103
2112
2115
2117
2110
2105
2109
2109
2115
2115
2110
2104
2104
2101
2098
2099
2095
2090
2065
2056
2052
2046
2022
2021
2022
2017
2014
1992
1982
1977
1973
1971
1965
1972
1972
1964
1956
1948
1948
1953
1956
1954
1955
1967
1971
1976
1981
1985
1973
1973
1977
1983
1987
1987
1994
1998
2017
2015
2016
2017
2039
2042
2050
2063
2075
2075
2074
2080
2089
2091
2093
2097
2099
2101
2104
2108
2108
2097
2097
2092
2094
2071
2066
2068
2065
2064
2051
2041
2040
2036
2031
2027
2021
2020
2001
2003
2004
1984
1932
1922
1906
1917
1946
2029
2026
1991
1966
1967
1960
1954
1961
1965
1965
1996
2006
2054
2061
2062
2054
2049
2016
2028
2030
2037
2037
2042
2048
2045
2036
2039
2051
2052
2047
2051
2059
2055
2048
2015
2002
2002
2004
1997
1983
1960
1952
1966
1998
2013
2005
1998
1987
1988
2002
2013
2023
2027
2029
2034
2058
2070
2074
2076
2082
2080
2083
2089
2100
2110
2112
2103
2099
2078
2072
2062
2045
2025
2031
2041
2041
1973
1961
1960
1965
1958
1958
1954
1954
1952
1946
1945
1947
1957
1968
1971
1982
1992
2025
2026
2036
2041
2048
2047
2048
2043
2041
2046
2050
2054
2050
2031
2035
2045
2050
2045
2042
2040
2037
1996
2000
2001
1999
2005
2010
2020
2017
2016
2009
2005
1998
1987
1988
1984
1983
1992
2028
2043
2060
2073
2080
2076
2078
2075
2075
2075
2072
2068
2063
2069
2079
2084
2083
2104
2107
2108
2108
2103
2090
2087
2080
2080
2074
2055
2044
2033
2072
2101
2107
2091
2035
2042
2030
2012
1981
1975
1982
1995
1990
1996
1980
1958
1941
1942
1949
1959
1966
1988
1980
1971
1961
1943
1951
1969
1979
1983
1983
1976
1977
1988
1999
2001
1992
1980
1966
1997
2005
1989
1957
1959
1977
1985
2010
2005
2004
2014
2020
2021
2023
2014
2007
2014
2035
2044
2062
2104
2100
2095
2096
2098
2082
2078
2092
2109
2159
2163
2162
2165
2160
2157
2151
2148
2131
2142
2141
2131
2099
2096
2097
2099
2090
2073
2066
2064
2069
2063
2060
2060
2054
2010
2002
1991
1977
1964
1955
1957
1951
1939
1893
1882
1876
1876
1885
1893
1902
1907
1909
1930
1939
1942
1940
1944
1942
1946
1955
1969
1974
1985
1990
1970
1970
1965
1958
1955
1966
1965
1967
1972
1975
1977
1980
1991
1985
1981
1972
1971
1971
1978
1976
1975
1971
1972
1973
1976
1978
1988
1993
1996
2001
2011
2036
2047
2061
2068
2076
2080
2091
2099
2137
2149
2156
2161
2175
2176
2180
2177
2172
2157
2146
2138
2139
2137
2133
2127
2120
2086
2078
2073
2073
2078
2083
2087
2083
2027
2014
1998
1979
1966
1931
1925
1917
1911
1908
1899
1898
1891
1881
1881
1888
1894
1890
1886
1884
1884
1879
1878
1883
1892
1900
1921
1929
1938
1946
1955
1961
1969
1974
2013
2027
2037
2045
2074
2081
2091
2100
2111
2142
2145
2149
2158
2158
2158
2162
2167
2176
2174
2178
2177
2165
2161
2158
2152
2154
2160
2158
2158
2159
2150
2150
2147
2145
2131
2119
2113
2111
2079
2078
2072
2072
2051
2044
2041
2037
2034
1996
1995
1994
1988
1980
1974
1973
1964
1937
1930
1927
1924
1917
1920
1913
1907
1907
1911
1912
1914
1914
1917
1918
1926
1935
1936
1944
1949
1959
1970
1973
1973
1967
1984
1989
1997
2007
2016
2028
2033
2028
2036
2045
2049
2051
2057
2066
2073
2079
2079
2070
2067
2068
2071
2062
2061
2061
2054
2057
2047
2053
2058
2055
2053
2044
2039
2035
2023
2026
2023
2025
2018
2020
2022
2019
2019
2017
2019
2023
2018
2017
2013
2009
2011
2011
2008
2004
2001
2002
2003
1998
2002
2003
1997
1988
1988
1980
1977
1971
1966
1957
1953
1948
1943
1943
1950
1953
1955
1957
1963
1957
1965
1972
1978
2011
2022
2036
2047
2086
2098
2105
2109
2115
2118
2121
2121
2121
2125
2127
2126
2126
2110
2110
2112
2112
2095
2096
2092
2091
2088
2063
2062
2062
2060
2056
2051
2052
2045
2037
2036
2034
2035
2027
2030
2023
2019
2002
1996
1995
1992
1987
1972
1968
1963
1958
1955
1953
1950
1944
1942
1939
1940
1944
1948
1950
1953
1953
1957
1975
1980
1980
1987
1992
2003
2004
2007
2025
2029
2029
2032
2056
2059
2060
2061
2066
2057
2061
2068
2069
2074
2073
2078
2083
2082
2081
2076
2080
2083
2083
2090
2096
2096
2102
2103
2099
2096
2091
2086
2083
2080
2082
2067
2068
2065
2062
2053
2044
2037
2036
2041
2035
2031
2035
2045
2047
2049
2053
2039
2035
2032
2026
2024
2014
2006
1999
1997
1991
1985
1981
1980
1960
1958
1954
1955
1954
1955
1964
1957
1960
1970
1965
1963
1963
1967
1969
1973
1975
1984
1987
1993
1995
2012
2008
2007
2005
2018
2020
2023
2026
2031
2043
2042
2045
2052
2056
2063
2061
2062
2059
2061
2066
2068
2059
2059
2058
2061
2065
2071
2068
2071
2073
2076
2073
2071
2068
2056
2054
2047
2040
2023
2029
2028
2027
2008
2000
1993
1990
1990
1982
1972
1969
1969
1967
1969
1965
1967
1956
1960
1963
1962
1961
1963
1967
1965
1967
1974
1974
1969
1967
1968
1972
1973
1979
1990
1990
1990
1993
1999
2002
2005
2007
2032
2036
2041
2045
2046
2062
2055
2054
2055
2059
2059
2060
2063
2075
2076
2074
2072
2077
2081
2085
2092
2101
2110
2112
2110
2104
2106
2107
2110
2115
2119
2115
2112
2108
2091
2085
2082
2077
2060
2061
2057
2053
2047
2027
2024
2025
2020
2011
2005
2002
2000
1997
1997
1998
1999
2000
1999
2005
1999
2000
1989
1989
1986
1984
1984
1984
1983
1988
1986
1990
1992
1994
1993
1993
1994
1993
1991
1990
1988
1989
1992
2005
2002
2006
2007
2007
2013
2019
2027
2041
2037
2034
2035
2046
2045
2047
2049
2055
2061
2063
2063
2060
2059
2055
2051
2051
2050
2048
2047
2049
2046
2050
2050
2045
2017
2016
2014
2015
2009
1991
1984
1976
1967
1963
1968
1968
1967
1955
1956
1958
1957
1953
1956
1961
1961
1963
1968
1971
1971
1974
1982
1984
1983
1991
2019
2022
2031
2036
2046
2055
2056
2058
2063
2076
2082
2087
2089
2083
2089
2089
2088
2086
2082
2078
2078
2085
2084
2087
2085
2078
2073
2083
2082
2086
2085
2082
2086
2086
2086
2082
2079
2081
2079
2076
2073
2075
2074
2057
2058
2057
2053
2033
2029
2018
2013
1989
1980
1976
1979
1975
1961
1963
1962
1961
1959
1959
1962
1970
1971
1971
1977
1978
1977
1981
1990
1995
1995
2004
2004
2003
2011
2021
2024
2030
2034
2035
2037
2036
2036
2039
2041
2041
2037
2031
2023
2028
2031
2026
2026
2025
2026
2035
2034
2034
2031
2033
2037
2037
2033
2035
2022
2028
2031
2036
2036
2045
2049
2044
2045
2040
2034
2029
2029
2030
2034
2034
2031
2038
2036
2033
2030
2020
2022
2018
2020
2018
2021
2019
2019
2014
2014
2009
1997
1995
1994
1997
1992
1993
1992
1994
1990
1990
1991
1979
1979
1979
1976
1982
1979
1981
1985
1998
2001
2009
2018
2041
2057
2064
2072
2075
2079
2083
2087
2097
2098
2091
2093
2094
2098
2094
2086
2082
2082
2077
2073
2067
2067
2061
2055
2051
2046
2033
2030
2020
2015
2012
2010
2014
2020
2002
2005
2007
2007
1997
1995
1990
1991
1988
1991
1997
1997
1994
1984
1982
1981
1978
1970
1964
1969
1966
1970
1972
1973
1975
1976
1980
1983
1982
1978
1989
1992
1998
2001
2001
2011
2026
2033
2047
2046
2051
2059
2074
2070
2066
2066
2079
2084
2090
2089
2086
2085
2087
2092
2087
2077
2081
2081
2084
2065
2069
2060
2054
2029
2026
2024
2024
2018
2010
2007
2010
2003
1989
1981
1970
1970
1954
1960
1957
1952
1966
1972
1975
1982
1954
1953
1954
1959
1965
1969
1978
1981
1985
1986
1993
1992
1996
2024
2027
2025
2023
2040
2044
2051
2056
2061
2079
2084
2095
2104
2101
2098
2100
2106
2095
2100
2105
2106
2108
2106
2111
2111
2112
2109
2108
2106
2116
2099
2098
2095
2088
2076
2076
2081
2078
2060
2054
2058
2060
2014
2011
2008
1997
1988
1986
1984
1986
1987
1981
1977
1975
1985
1976
1996
2000
2004
2004
2003
2003
1994
1988
1982
1985
1990
1984
1982
1975
1975
1975
1975
1983
1983
1985
1986
1983
1985
1990
1991
1992
1984
1985
1983
1980
1980
1974
1963
1966
1967
1975
1977
1986
1994
1999
1994
1991
1992
1994
1998
2003
2006
2010
2007
2012
2017
2023
2023
2024
2032
2035
2031
2038
2046
2051
2053
2059
2057
2055
2059
2059
2052
2052
2066
2068
2067
2067
2074
2073
2075
2072
2067
2065
2060
2062
2070
2063
2055
2045
2047
2043
2036
2035
2030
2017
2018
2019
2010
2005
2002
1995
1991
1988
1987
1986
1981
1980
1977
1968
1962
1954
1952
1960
1959
1953
1957
1964
1971
1979
1979
1987
1988
1991
1999
2020
2020
2019
2028
2042
2054
2056
2062
2074
2078
2074
2077
2081
2084
2084
2087
2098
2105
2103
2101
2090
2080
2048
2048
2068
2096
2117
2126
2137
2133
2112
2114
2117
2112
2119
2115
2115
2110
2091
2077
2062
2040
2021
1996
1999
1993
1983
1970
1961
1953
1947
1938
1941
1948
1944
1933
1939
1940
1941
1937
1887
1869
1865
1875
1878
1889
1904
1913
1920
1930
1946
1958
1996
1994
1995
1994
1997
2009
2019
2023
2026
2034
2039
2044
2045
2042
2041
2043
2049
2083
2086
2082
2085
2131
2134
2134
2140
2146
2140
2145
2148
2145
2141
2133
2126
2125
2116
2129
2129
2131
2123
2115
2118
2118
2125
2121
2116
2112
2113
2073
2061
2053
2047
2034
2028
2022
2023
2020
2019
2018
2009
1997
1994
1986
1982
1983
1959
1947
1938
1928
1913
1904
1897
1886
1860
1858
1856
1854
1875
1879
1893
1899
1914
1910
1904
1904
1905
1907
1907
1910
1917
1924
1931
1939
1943
1952
1953
1955
1963
1984
1991
2004
2010
2018
2034
2035
2048
2062
2075
2091
2109
2126
2150
2151
2158
2161
2147
2143
2144
2143
2146
2141
2155
2160
2163
2184
2187
2190
2193
2188
2183
2169
2163
2095
2072
2053
2041
1996
1981
1975
1973
1971
1972
1964
1959
1963
1961
1956
1953
1952
1928
1915
1902
1897
1888
1881
1881
1875
1873
1878
1881
1887
1890
1900
1907
1919
1929
1947
1958
1971
1979
2037
2052
2062
2079
2094
2096
2103
2109
2113
2112
2120
2125
2127
2132
2133
2138
2145
2158
2166
2168
2170
2184
2178
2177
2176
2149
2150
2147
2141
2143
2142
2134
2127
2124
2120
2120
2123
2125
2117
2113
2115
2108
2077
2065
2061
2054
2045
2021
2008
1999
1984
1975
1962
1956
1949
1904
1892
1887
1890
1883
1883
1881
1883
1881
1884
1885
1890
1896
1910
1912
1915
1917
1911
1915
1918
1917
1935
1943
1944
1942
1953
1964
1967
1970
1971
1987
1993
1988
1988
1990
1993
1998
2009
2029
2039
2043
2051
2067
2072
2077
2081
2093
2094
2100
2104
2103
2098
2095
2094
2092
2084
2083
2078
2076
2054
2052
2049
2052
2034
2035
2034
2033
2029
2030
2037
2040
2038
2036
2039
2039
2043
2039
2040
2040
2038
2016
2011
2005
1992
1978
1975
1967
1960
1961
1967
1965
1960
1957
1961
1968
1973
1980
2005
2008
2012
2019
2037
2041
2045
2053
2056
2061
2073
2080
2085
2086
2089
2086
2085
2094
2096
2105
2108
2105
2099
2099
2104
2103
2099
2094
2092
2090
2070
2062
2057
2053
2051
2051
2050
2052
2041
2034
2033
2028
2012
2006
2006
2003
2002
1984
1975
1970
1969
1970
1967
1964
1957
1951
1952
1957
1956
1946
1945
1952
1957
1969
1974
1970
1969
1970
1970
1973
1972
1976
1972
1970
1968
1970
1968
1968
1964
1964
1982
1991
1999
2001
2010
2015
2024
2027
2030
2035
2041
2050
2056
2068
2072
2076
2083
2091
2092
2101
2106
2105
2105
2105
2108
2102
2098
2103
2104
2107
2107
2110
2116
2119
2108
2107
2111
2104
2073
2062
2060
2057
2052
2040
2031
2025
2028
2024
2021
2021
2020
2010
2011
2010
2014
2014
2016
2015
2020
2023
2022
2018
2019
2015
2009
2007
2013
2016
1997
1991
1993
1993
1980
1977
1984
1986
1988
1982
1986
1987
1975
1976
1970
1966
1965
1962
1959
1960
1963
1972
1967
1968
1976
2003
2007
2016
2023
2025
2044
2050
2049
2056
2057
2053
2058
2060
2053
2055
2051
2052
2055
2053
2049
2047
2042
2041
2043
2044
2044
2024
2023
2026
2024
2027
2021
2016
2011
1997
1995
1997
1999
1989
1983
1987
1988
1994
1983
1982
1983
1986
1990
1990
1991
1989
1995
1994
2002
2005
1981
1984
1983
1987
1991
1987
1985
1986
1987
1989
1993
1997
1992
1992
2004
2004
2012
2016
2014
2020
2022
2027
2041
2046
2049
2053
2057
2060
2066
2069
2075
2089
2091
2098
2106
2107
2104
2107
2119
2132
2135
2132
2133
2126
2121
2120
2123
2121
2113
2103
2096
2090
2084
2079
2077
2079
2055
2049
2047
2049
2044
2041
2036
2037
2028
2027
2025
2019
2008
1981
1976
1975
1971
1967
1964
1960
1962
1961
1953
1950
1949
1956
1962
1967
1971
1971
1969
1971
1972
1972
1976
1978
1981
1983
1992
1991
1993
1994
1994
1998
2006
2010
2014
2029
2028
2027
2031
2036
2039
2039
2042
2039
2039
2041
2049
2053
2053
2057
2066
2065
2058
2054
2056
2060
2054
2045
2043
2040
2034
2035
2040
2038
2025
2026
2023
2020
2012
2010
2007
2010
2011
2003
1999
1999
1998
1995
1998
2000
2001
2017
2015
2015
2016
2023
2031
2028
2027
2026
2021
2020
2017
2013
2019
2020
2019
2022
2017
2016
2014
2016
2028
2032
2033
2032
2044
2044
2045
2047
2051
2044
2037
2038
2043
2047
2048
2048
2047
2040
2044
2050
2052
2050
2052
2054
2059
2064
2064
2056
2054
2055
2049
2045
2042
2041
2040
2037
2035
2032
2019
2010
2001
1996
1993
1978
1975
1977
1973
1971
1972
1974
1968
1963
1967
1967
1970
1970
1976
1980
1977
1977
1975
1975
1978
1980
1982
1984
1988
1984
1988
2004
2006
2012
2015
2014
2018
2018
2030
2041
2048
2054
2059
2070
2070
2075
2072
2079
2070
2065
2069
2070
2072
2072
2072
2073
2060
2060
2060
2065
2067
2069
2068
2069
2055
2050
2047
2042
2037
2016
2010
2011
2007
2002
1997
1989
1989
1994
1987
1980
1980
1987
1977
1973
1977
1983
1986
1988
1987
1989
1988
1980
1984
1982
1992
2000
2003
2005
2004
2007
2008
2019
2023
2025
2032
2033
2045
2052
2060
2065
2069
2079
2082
2090
2098
2101
2089
2086
2083
2091
2093
2094
2092
2092
2090
2085
2089
2091
2090
2083
2074
2076
2075
2078
2080
2079
2073
2054
2055
2049
2041
2020
2013
2015
2014
2007
2005
2004
1989
1978
1966
1952
1941
1940
1981
1984
1989
1987
1973
1970
1965
1975
1977
1985
1984
1985
2001
1991
1993
1991
1991
1982
1981
1991
2002
2020
2019
2018
2026
2035
2037
2033
2029
2027
2035
2040
2039
2038
2041
2044
2045
2040
2031
2031
2041
2037
2043
2048
2049
2047
2048
2050
2050
2045
2056
2060
2063
2076
2081
2079
2074
2072
2074
2055
2047
2043
2043
2056
2050
2037
2029
2027
2031
2026
2024
2021
2018
2014
2011
2006
1980
1973
1965
1962
1958
1956
1955
1954
1950
1936
1935
1932
1932
1942
1944
1952
1959
1983
1989
1994
1996
2021
2023
2024
2033
2073
2076
2078
2087
2089
2098
2092
2092
2096
2094
2097
2098
2097
2096
2092
2089
2088
2061
2057
2055
2047
2044
2032
2029
2020
2011
2005
2010
2006
1997
1991
1989
1988
1985
1990
1993
1992
2001
2010
2024
2031
2036
2042
2047
2047
2051
2054
2042
2040
2043
2043
2041
2038
2036
2030
2006
1998
1990
1990
1994
1982
1974
1967
1971
1978
1976
1981
1974
1973
1982
1988
1988
1989
1998
2007
2010
2007
2007
2010
2008
2016
2019
2026
2027
2034
2053
2061
2063
2068
2066
2065
2065
2071
2080
2074
2069
2067
2067
2051
2046
2050
2051
2047
2046
2044
2043
2028
2021
2022
2017
2015
2026
2035
2034
2033
2046
2040
2025
2017
2005
2001
2001
2010
2079
2078
2074
2064
2044
2042
2043
2057
2074
2062
2060
2057
2059
2067
2071
2065
2050
2004
2004
1998
1997
2002
1995
1993
1998
1992
1988
1981
1980
1983
1992
1997
2000
1996
1992
1986
1986
1984
2016
2014
2020
2021
2016
2025
2029
2035
2033
2030
2018
2014
2019
2022
2027
2031
2041
2037
2039
2037
2038
2033
2042
2048
2050
2054
2035
2036
2041
2046
2048
2046
2051
2052
2034
2025
2023
2027
2024
2022
2024
2023
2022
2023
2023
2021
2027
2021
2018
2027
2032
2036
2033
2037
2043
2031
2022
2016
2012
2000
1999
2005
2005
2003
2006
2005
2007
2008
2007
2009
2014
2018
2000
1998
2003
2007
2008
2005
1993
1989
1969
1965
1970
1972
1972
1981
1979
1980
1985
1986
1990
1994
1994
2007
2006
2009
2017
2031
2035
2034
2037
2043
2057
2055
2055
2061
2066
2068
2066
2070
2062
2062
2064
2070
2069
2060
2058
2064
2071
2068
2065
2069
2066
2063
2054
2049
2048
2053
2057
2062
2068
2074
2071
2072
2073
2074
2073
2073
2070
2068
2059
2052
2045
2038
2031
2027
2022
2017
2010
2012
2006
2000
1989
1991
1987
1983
1978
1982
1977
1975
1975
1976
1977
1981
1986
1975
1973
1972
1973
1987
1987
1987
1990
2006
2010
2014
2020
2027
2032
2026
2032
2038
2038
2039
2042
2043
2048
2045
2039
2038
2037
2040
2039
2037
2033
2029
2027
2021
2021
2025
2020
2016
2013
2010
2007
2010
2010
2017
2018
2023
2025
2033
2038
2038
2036
2040
2026
2022
2017
2017
2016
2019
2021
2022
2024
2023
2018
2018
2017
2013
2016
2015
2017
2011
2012
2009
2013
2022
2028
2028
2030
2023
2026
2032
2036
2064
2067
2066
2066
2057
2057
2065
2067
2062
2055
2055
2047
2049
2052
2047
2042
2045
2014
2015
2010
2010
2005
2002
1999
1998
1998
1992
1994
1999
2002
2000
2005
2010
2010
2018
2017
2020
2025
2051
2058
2058
2057
2054
2062
2071
2077
2082
2088
2085
2085
2079
2067
2060
2053
2054
2049
2047
2044
2047
2039
2028
2023
2024
2030
2032
2029
2026
2023
2022
2005
2008
2011
2020
2020
2016
2010
2001
2005
1998
2001
1999
1986
1981
1982
1983
1987
1983
1984
1984
1976
1974
1974
1972
1973
1978
1980
1979
1979
1985
1992
1996
1998
1994
2003
2010
2015
2017
2021
2025
2029
2033
2040
2044
2055
2063
2074
2074
2082
2089
2091
2089
2084
2084
2082
2073
2071
2065
2070
2067
2057
2047
2035
2026
2026
2022
2019
1995
2000
2004
2007
1991
1981
1974
1973
1978
1978
1970
1967
1972
1981
1977
1975
1979
1973
1976
1982
1986
1994
2007
2010
2012
2009
2004
2006
2007
2013
2020
2022
2024
2027
2062
2062
2056
2058
2057
2066
2065
2061
2058
2063
2068
2069
2072
2073
2080
2079
2078
2071
2064
2062
2061
2062
2067
2068
2060
2055
2038
2036
2034
2035
2031
2033
2035
2040
2042
2043
2036
2032
2035
2042
2047
2044
2046
2034
2037
2038
2040
2016
2019
2026
2033
2035
2028
2031
2032
2026
2024
2025
2019
2016
2010
2010
2009
2007
2025
2028
2025
2019
2013
2022
2020
2014
2004
2007
2015
2024
2031
2021
2013
2008
2016
2021
2026
2029
2028
2019
2024
2021
2021
2017
2010
2004
2006
1998
2000
1993
1985
1985
1993
1996
1990
1985
1989
1986
1985
1987
1985
2001
2005
2013
2016
2024
2045
2050
2047
2046
2044
2044
2049
2052
2046
2052
2059
2063
2058
2058
2056
2060
2064
2066
2068
2065
2069
2063
2061
2058
2065
2069
2066
2052
2040
2024
2021
2019
2016
1989
1979
1964
1960
1962
1972
1977
1979
1984
1985
1979
1979
1980
1976
1982
1987
1992
1999
2005
2006
2006
2008
1989
1981
1976
1975
1974
1977
1978
1983
2005
2010
2014
2026
2035
2044
2057
2068
2074
2061
2069
2074
2078
2076
2073
2075
2076
2081
2100
2105
2104
2103
2106
2104
2105
2117
2130
2135
2132
2126
2093
2085
2082
2087
2086
2047
2045
2039
2033
2026
2007
1990
1977
1937
1941
1931
1917
1915
1925
1932
1930
1933
1935
1940
1934
1940
1981
1989
1991
1992
1994
2003
2019
2037
2068
2065
2069
2078
2086
2078
2081
2087
2092
2084
2084
2065
2058
2053
2060
2062
2056
2034
2039
2036
2031
2032
2028
2041
2050
2046
2006
2017
2033
2039
2032
2029
2036
2042
2019
2021
2008
1988
2012
2003
1996
2006
2007
2009
2025
2025
2007
2001
2008
1993
1978
1981
2000
2018
2011
2002
1986
1966
1967
1975
1973
1987
2008
2014
2000
2016
2029
2024
2018
2022
2037
2043
2055
2065
2052
2032
2050
2035
2030
2029
2018
2019
2034
2047
2043
2058
2076
2073
2068
2066
2070
2077
2070
2051
2043
2025
2009
2006
2001
1999
2000
2005
1997
1990
1992
2002
2000
1990
1998
2016
2020
2028
2046
2054
2040
2048
2053
2048
2045
2054
2048
2036
2044
2049
2048
2036
2005
2024
2016
2010
2014
2020
2030
2036
2032
2032
2055
2046
2031
2037
2052
2062
2055
2050
2058
2050
2048
2045
2038
2031
2027
2020
2020
2007
2003
2006
2004
2010
2013
2018
2019
2016
2013
2015
2013
2009
2004
1999
1998
1996
2000
2004
2001
2001
2010
2021
2028
2023
2025
2027
2034
2035
2046
2051
2066
2075
2074
2076
2085
2088
2084
2080
2083
2087
2082
2084
2048
2035
2025
2019
2002
1993
1996
1996
1998
1988
1982
1980
1977
1980
1976
1982
1991
2002
2006
2007
2006
1988
1989
1997
2004
2026
2026
2021
2020
2016
2001
2002
2003
2007
2012
2008
2014
2012
2014
2015
2015
2016
2008
2020
2024
2025
2023
2037
2032
2024
2020
2017
2015
2008
2002
2025
2019
2018
2026
2023
2028
2034
2033
2018
2023
2022
2025
2029
2040
2040
2049
2057
2055
2054
2055
2052
2046
2044
2050
2052
2051
2054
2044
2034
2023
2014
2013
2008
2006
2011
2010
2001
1996
2006
2002
2003
2007
2019
2028
2041
2048
2052
2072
2071
2069
2069
2065
2063
2061
2064
2059
2060
2061
2060
2058
2055
2056
2059
2064
2062
2055
2050
2047
2043
2041
2042
2045
2048
2047
2045
2047
2045
2040
2033
2030
2028
2026
2026
2021
2019
2019
2022
2025
2033
2038
2034
2032
2033
2039
2036
2030
2026
2024
2028
2029
2022
2013
2002
1995
2002
2000
2008
2009
2013
2018
2018
2012
2007
2000
1997
1997
1997
2006
2006
1998
2001
1999
1996
1991
1986
1986
1984
1982
1979
1979
1982
1987
1993
1994
1998
2011
2017
2022
2026
2033
2034
2031
2031
2033
2029
2032
2034
2040
2041
2030
2027
2032
2036
2034
2022
2026
2031
2025
2021
2020
2017
2008
2024
2033
2031
2022
2020
2009
2011
2023
2029
2020
2022
2024
2025
2022
2020
2020
2032
2020
2011
2025
2042
2032
2022
2031
2049
2046
2027
2027
2022
2016
2015
2015
2012
2017
2027
2004
2013
2027
2027
2012
2016
2025
2027
2017
2020
2017
2017
2033
2044
2047
2042
2048
2054
2046
2051
2057
2054
2051
2051
2049
2044
2039
2038
2036
2028
2034
2039
2037
2049
2043
2046
2051
2041