2388
2337
2317
2322
2312
2302
2287
2270
2252
2231
2206
2117
2100
2073
2039
1816
1747
1681
1629
1443
1434
1430
1410
1380
1276
1242
1223
1209
1204
1195
1187
1186
1186
1207
1233
1245
1325
1339
1358
1383
1466
1469
1462
1450
1440
1466
1498
1542
1599
1650
1701
1757
1814
1910
1908
1896
1893
1931
1959
1986
2006
2031
2058
2052
2056
2064
2082
2113
2153
2193
2280
2278
2276
2270
2277
2305
2356
2414
2616
2638
2646
2641
2637
2631
2637
2642
2641
2640
2636
2618
2591
2479
2469
2479
2483
2468
2445
2410
2382
2347
2241
2215
2197
2170
2146
2114
2088
2043
1902
1851
1807
1764
1725
1690
1665
1650
1635
1628
1631
1641
1644
1652
1663
1673
1687
1702
1710
1714
1713
1721
1736
1756
1775
1797
1834
1826
1823
1831
1882
1896
1909
1931
1941
1958
1966
1977
1997
2021
2041
2067
2098
2204
2217
2232
2248
2312
2334
2362
2384
2440
2443
2440
2444
2449
2449
2439
2423
2407
2389
2375
2347
2312
2199
2170
2152
2141
2056
2039
2015
1989
1959
1862
1839
1816
1802
1789
1771
1758
1742
1668
1648
1631
1627
1620
1626
1633
1647
1699
1720
1741
1761
1782
1863
1885
1897
1915
1928
1944
1957
1976
2042
2066
2084
2106
2184
2199
2214
2229
2243
2293
2307
2312
2320
2318
2314
2312
2314
2282
2276
2271
2261
2251
2218
2209
2199
2181
2167
2147
2131
2114
2054
2034
2011
1996
1980
1970
1957
1942
1927
1885
1877
1865
1859
1857
1852
1855
1857
1836
1828
1818
1807
1802
1780
1775
1776
1769
1760
1755
1750
1735
1710
1711
1718
1728
1751
1756
1767
1775
1820
1835
1856
1880
1894
1938
1954
1977
1997
2013
2027
2046
2059
2115
2133
2149
2162
2203
2214
2220
2227
2239
2272
2282
2283
2281
2281
2281
2277
2271
2275
2281
2289
2293
2295
2293
2297
2295
2278
2274
2270
2259
2261
2245
2235
2230
2222
2212
2203
2200
2186
2133
2120
2106
2090
2038
2029
2014
1995
1977
1957
1954
1937
1919
1903
1894
1888
1877
1846
1839
1832
1827
1815
1803
1797
1786
1774
1752
1751
1746
1746
1753
1756
1760
1765
1768
1770
1768
1777
1784
1792
1802
1820
1829
1863
1878
1892
1902
1954
1970
1980
2000
2049
2062
2069
2071
2077
2092
2104
2115
2122
2126
2128
2141
2152
2182
2191
2200
2212
2235
2236
2231
2232
2235
2212
2206
2202
2196
2188
2185
2174
2160
2116
2111
2106
2102
2065
2061
2055
2051
2050
2039
2034
2027
2018
2019
2016
2008
2004
1996
1995
1991
1989
1986
1985
1982
1984
1990
2000
2003
2006
2011
2017
2023
2031
2039
2048
2042
2049
2055
2061
2062
2062
2070
2075
2079
2078
2076
2076
2056
2054
2049
2041
2004
1993
1983
1975
1968
1965
1959
1954
1951
1947
1952
1951
1953
1940
1944
1947
1947
1949
1950
1948
1948
1946
1939
1941
1947
1948
1948
1953
1957
1965
1960
1959
1960
1962
1961
1959
1961
1962
1974
1979
1985
1983
1983
2000
2003
2005
2021
2034
2044
2049
2056
2089
2099
2106
2111
2119
2120
2117
2120
2120
2105
2100
2090
2085
2078
2071
2066
2068
2043
2039
2042
2041
2046
2042
2039
2037
2021
2022
2022
2018
2018
2010
2002
2002
2005
2003
2000
1994
1990
1966
1968
1968
1973
1969
1967
1966
1966
1964
1968
1971
1974
1976
1978
1977
1976
1976
1992
1994
2000
2010
2014
2019
2025
2031
2035
2036
2036
2038
2047
2057
2065
2071
2073
2078
2091
2094
2094
2097
2100
2099
2093
2093
2089
2085
2085
2086
2062
2060
2053
2053
2051
2039
2028
2022
2022
2024
2027
2025
2029
2039
2048
2047
2054
2053
2059
2066
2066
2067
2078
2082
2084
2089
2089
2091
2099
2100
2102
2098
2097
2091
2090
2090
2093
2094
2093
2074
2072
2071
2070
2052
2046
2046
2043
2026
2021
2014
2010
2007
2008
2008
2005
2002
2000
1999
2000
2004
2000
1992
1979
1984
2012
2006
2006
2005
1999
1984
1983
1980
1977
1974
1973
1971
1971
1963
1963
1963
1964
1966
1973
1974
1976
1972
1973
1969
1969
1971
1971
1968
1966
1964
1946
1939
1938
1947
1949
1941
1942
1947
1947
1943
1933
1924
1927
1931
1929
1930
1929
1933
1941
1945
1941
1952
1954
1957
1966
1969
2017
2024
2026
2027
2044
2049
2053
2054
2054
2056
2060
2065
2072
2075
2082
2088
2093
2095
2094
2097
2107
2106
2111
2107
2109
2109
2116
2123
2125
2125
2129
2132
2134
2137
2143
2149
2154
2158
2160
2157
2159
2160
2166
2144
2143
2141
2137
2115
2105
2103
2100
2098
2062
2053
2049
2046
2038
2023
2012
2012
1984
1976
1965
1963
1962
1962
1958
1952
1952
1948
1941
1936
1931
1926
1928
1924
1924
1919
1905
1903
1905
1912
1915
1914
1917
1919
1917
1925
1941
1949
1967
1980
1989
1991
1994
2013
2016
2020
2026
2029
2030
2028
2030
2038
2046
2044
2044
2042
2050
2058
2065
2068
2067
2065
2069
2065
2063
2063
2062
2061
2055
2044
2037
2039
2037
2043
2047
2048
2048
2036
2033
2027
2030
2017
2021
2024
2022
2022
2028
2032
2031
2036
2035
2040
2043
2048
2051
2050
2047
2047
2051
2050
2051
2048
2052
2048
2040
2031
2018
2010
2007
2005
2006
2003
1980
1982
1974
1966
1967
1963
1957
1959
1960
1962
1967
1972
1989
1992
2001
2006
2014
2039
2051
2062
2069
2070
2075
2091
2096
2113
2114
2115
2112
2112
2113
2115
2114
2113
2114
2115
2118
2119
2110
2111
2111
2111
2100
2084
2080
2077
2072
2068
2062
2055
2053
2027
2033
2030
2023
1998
1993
1995
1992
1989
1990
1987
1987
1987
1986
1983
1978
1976
1979
1979
1984
1979
1987
1991
1998
1995
1978
1977
1981
1983
1983
1975
1981
1985
1979
1981
1990
1994
1994
1986
1984
1989
1989
1995
1999
2000
1997
2003
1998
1996
1999
2005
2013
2016
2022
2028
2026
2030
2034
2033
2034
2044
2052
2058
2046
2044
2050
2051
2050
2042
2033
2047
2071
2055
2022
2012
2028
2016
2033
2024
2011
1998
2012
2030
2029
2014
2018
2013
2009
2007
2007
1997
2000
2004
2009
2012
2015
2033
2041
2044
2045
2057
2070
2054
2056
2064
2064
2063
2068
2062
2047
2043
2061
2065
2059
2060
2060
2054
2058
2062
2067
2068
2060
2048
2040
2043
2042
2034
2029
2025
2025
2032
2039
2043
2008
2007
2003
2002
2004
1982
1976
1970
1972
1987
1995
1998
1999
1983
1979
1975
1975
1984
1995
2001
2008
2010
2017
2022
2028
2031
2033
2038
2043
2040
2038
2055
2056
2066
2069
2065
2059
2063
2071
2053
2051
2047
2045
2036
2036
2040
2046
2050
2064
2065
2066
2066
2064
2067
2067
2067
2057
2062
2055
2068
2132
2131
2130
2070
1971
1965
1996
2057
2102
2155
2160
2148
2134
2137
2135
2127
2118
2031
2022
2021
2025
2041
2058
2080
2092
2092
2082
2061
2038
2022
2006
2002
2005
2010
1988
1994
1982
1981
1959
1955
1957
1944
1960
1946
1925
1930
1938
1929
1927
1908
1885
1876
1874
1859
1845
1889
1898
1912
1923
1917
1905
1891
1875
1867
1863
1878
1892
1900
1911
1929
1935
1925
1909
1916
1927
1936
1948
1961
1975
1982
2024
2021
2036
2063
2075
2104
2121
2130
2134
2145
2159
2169
2170
2139
2128
2125
2123
2119
2114
2116
2117
2119
2124
2109
2105
2096
2086
2073
2070
2065
2043
2043
2037
2029
2025
2026
2029
2025
2023
2037
2036
2037
2046
2053
2055
2049
2048
2047
2036
2036
2036
2036
2042
2043
2051
2050
2073
2076
2087
2098
2114
2115
2117
2105
2101
2091
2098
2113
2115
2115
2112
2112
2106
2079
2073
2072
2070
2066
2067
2073
2075
2060
2042
2021
1999
1986
1975
1970
1973
1977
1981
1986
1990
1988
1971
1970
1965
1960
1962
1955
1954
1955
1960
1946
1943
1940
1941
1947
1950
1959
1963
1967
1969
1976
1984
1991
1995
2000
2008
2017
2028
2032
2033
2028
2032
2060
2104
2109
2073
1990
1939
1907
1921
1955
1969
1999
2046
2175
2199
2206
2206
2226
2214
2201
2176
2138
2059
2045
2023
1998
1996
2016
2052
2086
2129
2120
2098
2069
2034
2010
1992
1969
1952
1926
1913
1908
1899
1884
1864
1854
1843
1829
1829
1839
1855
1875
1894
1903
1900
1895
1873
1858
1843
1825
1828
1832
1846
1857
1876
1924
1950
1971
1995
2021
2047
2070
2082
2053
2039
2035
2036
2038
2047
2072
2102
2128
2188
2193
2196
2193
2192
2192
2199
2192
2184
2163
2159
2157
2158
2157
2152
2148
2139
2132
2131
2135
2144
2164
2161
2153
2137
2102
2129
2143
2136
2113
2046
2006
1979
1973
1961
1944
1942
1946
1996
2020
2032
2046
2076
2065
2058
2048
2038
2040
2035
2024
2021
2022
2034
2050
2064
2150
2160
2164
2168
2121
2105
2085
2063
2053
2042
2041
2049
2055
2044
2030
2024
2017
1994
1978
1973
1980
1990
1995
1996
1992
1985
1951
1943
1941
1935
1927
1922
1931
1934
1941
1957
1971
1976
1977
1979
1978
1975
1971
1954
1949
1951
1946
1959
1965
1962
1957
1951
1943
1937
1935
1937
1935
1928
1913
1895
1873
1865
1864
1869
1875
1888
1900
1901
1910
1915
1919
1923
1941
1957
1967
1975
1988
2006
2003
2010
2007
1995
1988
1988
1984
1976
1999
2009
2016
2016
1994
1983
1971
1969
1970
1965
1965
1960
1962
1966
1969
1968
1974
1988
1991
1992
1995
2016
2018
2018
2026
2058
2067
2078
2086
2094
2117
2116
2116
2127
2136
2147
2163
2170
2159
2166
2166
2168
2168
2174
2182
2188
2195
2185
2184
2180
2168
2157
2148
2134
2134
2103
2098
2096
2099
2074
2064
2056
2047
2016
2012
2008
2004
2002
1974
1971
1970
1966
1962
1955
1954
1956
1974
1979
1988
1989
2011
2014
2011
2009
2006
2004
2005
2008
2016
2026
2032
2041
2048
2069
2079
2090
2090
2110
2110
2111
2118
2130
2132
2137
2144
2152
2144
2140
2138
2138
2137
2139
2142
2139
2106
2100
2091
2084
2060
2056
2054
2047
2048
2016
2009
2007
2004
1993
1986
1982
1969
1941
1941
1940
1943
1945
1940
1934
1934
1934
1929
1924
1922
1928
1926
1927
1935
1944
1949
1953
1953
1954
1948
1948
1949
1952
1950
1975
1977
1986
1994
2014
2014
2013
2011
2015
2013
2014
2016
2009
2005
2006
2010
2015
2014
2018
2018
2017
2004
2006
2010
2013
2018
2020
2020
2021
2027
2022
2020
2010
2009
2005
2000
1987
1989
1976
1972
1970
1967
1950
1946
1944
1945
1949
1960
1958
1959
1965
1974
1979
1982
1987
2013
2021
2027
2031
2057
2062
2059
2060
2071
2085
2090
2093
2087
2084
2084
2087
2083
2084
2084
2084
2081
2081
2078
2069
2067
2066
2053
2044
2041
2035
2030
2022
2017
2014
2008
1997
1996
1989
1991
1993
1992
1994
1997
1996
2000
2008
2011
2012
2016
2023
2023
2021
2020
2011
2016
2015
2012
2004
2005
2002
2001
2001
2006
2012
2000
1997
2001
2006
2012
2015
2019
2021
2025
2024
2024
2029
2032
2037
2038
2043
2045
2037
2034
2040
2044
2059
2063
2068
2071
2068
2069
2070
2072
2071
2060
2058
2059
2066
2060
2060
2060
2057
2048
2042
2047
2053
2045
2039
2038
2035
2035
2028
2035
2038
2039
2042
2035
2031
2033
2034
2031
2030
2032
2039
2040
2042
2055
2063
2063
2067
2072
2068
2064
2063
2068
2077
2077
2079
2080
2087
2088
2087
2087
2089
2080
2077
2068
2063
2057
2053
2051
2058
2056
2049
2036
2033
2028
2024
2022
2013
2009
2011
2018
2018
2017
2015
2007
2006
2010
2010
2007
2006
2007
1998
2000
2010
2011
2014
2013
2015
2018
2018
2020
2016
2012
2011
2011
2008
2007
2012
2015
2013
1997
1988
1988
1986
1989
1989
1990
1991
1974
1971
1966
1968
1969
1968
1964
1967
1967
1974
1971
1972
1970
1969
1965
1968
1971
1965
1963
1965
1965
1966
1962
1962
1959
1956
1960
1961
1953
1954
1975
1978
1981
1986
2002
2008
2011
2017
2022
2040
2044
2043
2047
2046
2053
2061
2069
2061
2061
2069
2073
2063
2060
2064
2057
2053
2045
2046
2047
2040
2038
2033
2032
2033
2020
2019
2017
2016
2013
2019
2023
2026
2037
2041
2046
2051
2054
2055
2050
2048
2049
2049
2047
2040
2036
2031
2035
2036
2033
2024
2030
2034
2037
2044
2037
2036
2032
2037
2044
2050
2050
2051
2049
2049
2051
2055
2056
2055
2062
2067
2072
2087
2090
2092
2096
2099
2103
2102
2098
2098
2101
2094
2092
2081
2077
2071
2060
2060
2059
2053
2048
2049
2044
2035
2033
2030
2035
2015
2007
2005
2008
2007
2005
2005
2003
1993
1992
1990
1995
1991
1992
1991
1995
1991
1989
1989
1991
1989
1992
1989
1989
1989
1994
1998
1997
1998
2001
2000
1997
2002
2003
1997
1999
2001
2000
1995
1999
1996
1997
1995
1995
1999
2000
2000
2003
2003
2004
2002
2002
2010
2011
2013
2019
2018
2019
2021
2026
2031
2046
2051
2046
2040
2048
2052
2058
2054
2058
2053
2056
2056
2059
2059
2051
2051
2053
2035
2028
2023
2024
2007
2004
2001
2003
2000
2001
1999
1999
2000
2004
1996
1991
1993
2004
1990
1995
2004
2001
1992
2000
2016
2011
2018
2017
2014
2014
2026
2032
2030
2028
2028
2031
2033
2038
2044
2042
2039
2038
2034
2047
2054
2058
2058
2063
2063
2069
2073
2059
2051
2052
2052
2056
2063
2066
2065
2069
2076
2070
2070
2071
2076
2075
2077
2079
2050
2041
2038
2039
2036
2032
2035
2031
2037
2034
2020
2015
2019
2018
2023
2020
2010
1997
1993
1992
1991
1991
1992
1997
1996
2003
2000
1992
1995
2000
2005
2013
2022
2020
2022
2026
2032
2039
2032
2037
2035
2040
2045
2050
2053
2057
2055
2058
2061
2056
2047
2046
2048
2040
2033
2027
1995
1985
1983
1971
1934
1920
1914
1905
1904
1887
1883
1875
1872
1861
1851
1846
1846
1833
1829
1824
1830
1837
1841
1842
1846
1848
1865
1869
1878
1886
1896
1901
1913
1913
1888
2016
2003
2036
2111
2129
2069
2052
2105
2220
2244
2229
2237
2296
2326
2336
2320
2300
2249
2234
2240
2242
2227
2223
2221
2194
2210
2174
2180
2206
2214
2193
2175
2202
2191
2206
2201
2188
2195
2206
2192
2181
2153
2117
2106
2100
2101
2073
2064
2046
2038
1945
1919
1895
1864
1832
1830
1842
1839
1842
1844
1838
1826
1810
1788
1786
1777
1775
1816
1823
1841
1850
1888
1889
1890
1901
1915
1943
1960
1972
1991
1995
2002
2011
2020
1996
1980
1959
1948
1946
1961
1972
1981
1986
1969
1973
1980
1992
2013
2023
2029
2030
2076
2085
2099
2113
2130
2135
2130
2127
2128
2116
2118
2123
2131
2132
2135
2139
2142
2137
2131
2117
2104
2091
2070
2050
2038
2038
2026
2015
2001
1993
1987
1980
1975
1976
1981
1996
1997
1992
1996
2000
2007
2007
2010
2000
2007
2012
2017
2026
2024
2026
2014
2009
2012
2003
1993
1982
1975
1967
1960
1952
1908
1895
1884
1872
1843
1849
1861
1876
1946
1966
1977
1983
1997
2019
2028
2042
2066
2080
2097
2115
2131
2167
2180
2192
2205
2228
2232
2234
2244
2253
2259
2257
2255
2260
2261
2262
2265
2261
2218
2204
2188
2172
2113
2096
2081
2062
2001
1991
1977
1964
1959
1945
1942
1938
1938
1937
1930
1921
1922
1920
1919
1923
1925
1933
1938
1946
1958
1963
1963
1959
1950
1946
1947
1950
1947
1946
1919
1924
1930
1939
1954
1964
1971
1982
2019
2025
2029
2024
2026
2053
2062
2072
2083
2087
2088
2092
2090
2095
2099
2105
2108
2092
2084
2073
2075
2078
2059
2054
2047
2044
2040
2037
2031
2028
1997
1992
1989
1980
1966
1963
1964
1964
1971
1965
1959
1957
1959
1955
1961
1960
1950
1951
1951
1945
1944
1954
1965
1974
1984
2010
2086
2184
2148
1976
1496
1432
1498
1639
1767
1914
2079
2184
2201
2187
2151
2125
2193
2216
2218
2199
2039
2003
1982
1987
2032
2235
2290
2331
2345
2329
2297
2260
2204
2061
2059
2051
2054
2038
2012
1983
1942
1905
1824
1848
1907
1965
2005
2020
2009
1995
1913
1860
1805
1762
1807
1861
1890
1907
1844
1827
1821
1830
1862
2060
2124
2167
2196
2218
2223
2223
2226
2280
2320
2374
2424
2538
2511
2472
2442
2419
2383
2382
2386
2386
2380
2359
2339
2317
2124
2063
2018
1995
2036
2038
2026
1999
1803
1772
1757
1753
1754
1803
1825
1845
1850
1834
1826
1818
1814
1855
1869
1893
1918
1889
1872
1863
1852
1861
1918
1932
1936
1930
1911
1887
1852
1816
1726
1724
1721
1718
1700
1704
1714
1732
1765
1787
1813
1837
1862
1959
1986
2017
2040
2055
2065
2078
2090
2148
2172
2201
2224
2291
2295
2297
2312
2334
2361
2365
2359
2349
2340
2332
2322
2305
2243
2235
2228
2227
2229
2229
2227
2219
2207
2139
2120
2101
2092
2094
2100
2105
2115
2121
2100
2082
2068
2059
2051
2054
2065
2079
2140
2137
2119
2097
1944
1916
1890
1876
1858
1842
1842
1844
1844
1846
1849
1860
1864
1900
1912
1919
1914
1912
1903
1887
1861
1834
1790
1777
1779
1779
1780
1785
1798
1813
1824
1847
1851
1868
1882
1893
1905
1922
1936
1973
1988
2000
2005
2017
2021
2028
2035
2042
2077
2084
2085
2091
2091
2092
2100
2106
2139
2153
2169
2187
2200
2203
2203
2217
2222
2245
2254
2259
2265
2272
2275
2280
2282
2283
2255
2239
2229
2217
2206
2198
2194
2189
2149
2123
2095
2065
1964
1948
1935
1928
1920
1875
1854
1825
1805
1779
1749
1725
1714
1713
1729
1741
1758
1794
1810
1821
1837
1896
1910
1926
1944
1956
1987
1997
2006
2015
2031
2053
2075
2094
2153
2149
2150
2157
2198
2210
2214
2225
2237
2232
2228
2223
2213
2196
2190
2183
2178
2167
2158
2151
2147
2127
2127
2129
2130
2138
2143
2146
2148
2149
2135
2130
2131
2129
2122
2109
2104
2091
2034
2011
1994
1980
1944
1939
1938
1932
1933
1891
1884
1871
1858
1855
1857
1852
1847
1835
1833
1832
1827
1823
1822
1831
1843
1881
1890
1894
1905
1914
1945
1960
1977
1994
2008
2018
2034
2045
2082
2083
2088
2090
2082
2084
2087
2083
2082
2066
2060
2054
2043
2037
2039
2042
2042
2044
2044
2043
2049
2064
2065
2071
2075
2106
2111
2115
2120
2128
2123
2121
2124
2126
2122
2117
2119
2120
2096
2084
2082
2081
2075
2069
2059
2057
2050
2024
2020
2010
2000
1992
1984
1977
1973
1945
1937
1934
1931
1930
1930
1938
1944
1944
1964
1970
1976
1983
1989
1990
1987
1989
1994
1990
1988
1988
1990
1991
1996
2001
2002
2008
2012
2016
2020
2036
2037
2038
2045
2065
2066
2073
2074
2073
2086
2088
2093
2097
2093
2094
2086
2090
2088
2091
2095
2091
2090
2090
2090
2098
2103
2114
2104
2102
2101
2088
2081
2079
2070
2031
2024
2011
2007
1976
1972
1963
1958
1934
1931
1929
1924
1922
1915
1914
1914
1915
1913
1909
1909
1910
1907
1917
1922
1929
1937
1931
1934
1935
1935
1959
1965
1967
1977
1981
1984
1984
1991
1999
2004
2019
2029
2057
2060
2065
2074
2083
2079
2083
2083
2087
2094
2087
2091
2092
2092
2097
2095
2093
2077
2067
2067
2065
2036
2031
2032
2027
2021
2021
2024
2027
2030
2035
2039
2037
2040
2036
2035
2039
2039
2038
2033
2034
2036
2036
2037
2034
2029
2024
2030
2030
2033
2030
2024
2018
2023
2030
2031
2032
2033
2037
2042
2051
2053
2061
2064
2076
2081
2081
2076
2069
2070
2074
2069
2066
2060
2054
2052
2046
2027
2025
2019
2020
2021
2023
2021
2020
2022
2019
2019
2021
2017
2013
2009
2004
1997
1997
2003
2007
2011
2013
2014
2013
2016
2017
2017
2012
2014
2015
2025
2013
2009
2011
2017
2021
2025
2023
2021
2018
2016
2011
2010
2014
2016
2014
2008
1992
1994
2004
2008
2006
2004
2011
2013
2011
2014
2010
2011
2012
2012
2008
2010
2010
2012
2011
2012
2012
2005
2012
2025
2033
2038
2048
2051
2051
2044
2040
2040
2038
2038
2036
2042
2050
2052
2064
2069
2071
2069
2063
2068
2066
2071
2072
2057
2057
2050
2048
2048
2044
2038
2037
2019
2009
2006
2012
2043
2049
2042
2036
2011
2008
2011
2022
2027
2024
2019
2016
2015
2019
2011
2010
2003
1982
1974
1972
1975
1972
1980
1981
1981
1976
1991
1991
1989
1991
1993
1998
1998
2003
2008
2013
2020
2024
2021
2019
2026
2036
2043
2059
2066
2076
2080
2086
2090
2091
2098
2112
2137
2137
2140
2137
2137
2137
2133
2127
2128
2126
2135
2139
2108
2102
2091
2079
2072
2043
2036
2029
2028
2022
2012
2003
1990
1948
1931
1913
1906
1860
1841
1806
1769
1755
1711
1711
1716
1719
1714
1698
1683
1670
1666
1676
1687
1702
1765
1784
1809
1840
1904
1917
1931
1940
1942
1982
2008
2032
2055
2072
2093
2116
2137
2244
2268
2298
2329
2391
2420
2442
2449
2456
2468
2472
2471
2468
2453
2440
2441
2436
2359
2341
2331
2325
2285
2269
2248
2229
2192
2189
2193
2194
2201
2193
2183
2178
2171
2156
2139
2121
2106
2047
2031
2020
2014
1971
1963
1959
1953
1950
1944
1946
1944
1935
1926
1920
1908
1884
1788
1765
1752
1747
1694
1682
1680
1671
1661
1658
1658
1664
1674
1712
1735
1754
1766
1777
1794
1809
1821
1889
1906
1917
1918
1928
1927
1925
1917
1916
1926
1930
1940
1949
1955
1962
1965
1968
2006
2018
2032
2042
2069
2078
2090
2096
2130
2139
2148
2159
2167
2195
2201
2210
2219
2227
2229
2239
2255
2317
2333
2355
2373
2403
2407
2406
2403
2394
2334
2311
2283
2252
2219
2179
2146
2118
1995
1978
1960
1944
1865
1852
1834
1827
1762
1750
1734
1723
1708
1662
1654
1653
1649
1642
1641
1645
1650
1692
1700
1708
1723
1805
1829
1864
1891
1914
1992
2015
2034
2057
2076
2097
2111
2130
2186
2203
2213
2226
2266
2271
2277
2285
2332
2342
2348
2348
2346
2335
2330
2318
2309
2303
2292
2284
2271
2207
2190
2172
2158
2145
2088
2070
2057
2039
2019
2005
1997
1992
1976
1974
1975
1984
1980
1982
1994
2009
2021
2034
2033
2038
2036
2037
2037
2036
2036
2040
2023
2015
2006
2004
2000
1996
1989
1980
1969
1969
1969
1963
1951
1947
1944
1939
1937
1941
1940
1934
1935
1922
1921
1919
1913
1915
1920
1928
1935
1961
1961
1970
1981
1977
1981
1982
1976
1976
1947
1936
1920
1908
1901
1896
1891
1900
1894
1893
1902
1907
1939
1951
1964
1982
2015
2021
2026
2027
2036
2049
2061
2067
2074
2080
2088
2102
2113
2147
2154
2157
2168
2205
2215
2224
2228
2233
2224
2219
2211
2206
2195
2183
2173
2163
2082
2058
2041
2030
1946
1922
1902
1886
1872
1837
1820
1808
1808
1803
1801
1801
1805
1830
1838
1844
1852
1884
1894
1906
1921
1963
1979
1999
2011
2026
2070
2090
2097
2115
2132
2143
2154
2167
2198
2203
2205
2210
2205
2203
2195
2189
2183
2164
2151
2147
2146
2146
2145
2138
2134
2109
2103
2097
2098
2064
2056
2049
2040
1990
1983
1972
1964
1955
1930
1922
1916
1916
1907
1905
1908
1909
1916
1914
1916
1919
1942
1937
1937
1939
1943
1939
1943
1947
1954
1956
1956
1958
1960
1973
1983
1991
2000
2022
2034
2047
2055
2066
2094
2099
2101
2106
2108
2105
2103
2100
2097
2092
2092
2094
2089
2084
2081
2080
2075
2068
2068
2069
2068
2073
2080
2083
2085
2087
2092
2089
2090
2088
2091
2097
2095
2092
2075
2074
2068
2063
2053
2053
2046
2040
2047
2052
2058
2059
2058
2056
2057
2058
2056
2063
2060
2065
2070
2052
2042
2041
2039
2017
2007
1998
1988
1984
1974
1965
1958
1954
1946
1946
1949
1948
1925
1919
1919
1919
1910
1908
1898
1904
1905
1902
1900
1906
1905
1905
1907
1910
1910
2076
2045
1926
1851
1520
1557
1621
1674
1968
2043
2098
2106
2141
2407
2430
2421
2395
2371
2364
2364
2340
2308
2290
2249
2226
2140
2141
2129
2098
2089
2083
2063
2050
2027
2008
1996
1985
1960
1917
1947
1946
1942
1960
1946
1933
1935
1926
1894
1877
1869
1870
1796
1781
1793
1823
1858
1895
1939
2003
2024
1955
1877
1810
1761
1815
1867
1917
1953
1961
1953
1944
1941
1943
1946
1957
1968
1875
1866
1864
1876
2031
2066
2098
2131
2267
2310
2365
2419
2466
2583
2614
2631
2625
2613
2599
2561
2511
2366
2362
2364
2376
2381
2349
2309
2259
2213
2099
2086
2079
2080
2072
2063
2064
2064
2048
2035
2008
1975
1825
1816
1815
1825
1894
1903
1910
1919
1933
1953
1968
1987
2002
2022
2034
2043
2051
1968
1951
1928
1912
1782
1747
1725
1710
1706
1733
1740
1757
1770
1779
1790
1795
1808
1893
1916
1947
1983
2287
2302
2272
2231
1746
1636
1567
1524
1510
1604
1659
1717
1773
1838
1942
2061
2169
2195
2182
2155
2112
2154
2167
2178
2170
2153
2146
2169
2181
2208
2252
2316
2375
2421
2446
2430
2396
2351
2247
2272
2293
2303
2286
2272
2267
2278
2309
2318
2287
2267
2246
2219
2166
2098
2029
1964
2007
2085
2185
2360
2290
2176
2051
1930
1796
1825
1869
1918
1965
2002
2011
2007
1916
1890
1866
1835
1563
1481
1400
1328
1266
1151
1138
1131
1138
1150
1167
1192
1232
1421
1483
1544
1606
1659
1693
1719
1731
1729
1645
1601
1567
1534
1523
1521
1544
1595
1656
1856
1901
1948
1981
2000
2009
2023
2040
2097
2110
2133
2149
2225
2236
2232
2222
2188
2079
2054
2049
2062
2084
2119
2158
2188
2226
2239
2255
2263
2365
2398
2419
2432
2402
2383
2369
2355
2341
2277
2254
2240
2233
2223
2222
2223
2220
2202
2189
2182
2166
2123
2103
2076
2051
2025
2001
2008
2020
2046
2070
2092
2119
2139
2179
2180
2173
2165
2130
2128
2125
2131
2088
2067
2051
2042
2036
2076
2101
2124
2136
2147
2157
2163
2158
2158
2164
2176
2183
2226
2226
2230
2228
2222
2220
2223
2227
2228
2228
2234
2239
2240
2246
2254
2259
2264
2270
2261
2243
2221
2207
2160
2142
2131
2123
2117
2116
2118
2121
2102
2097
2097
2093
2073
2070
2053
2038
1951
1935
1917
1898
1893
1869
1869
1867
1869
1863
1852
1843
1834
1809
1808
1806
1802
1751
1738
1725
1714
1702
1689
1689
1692
1700
1715
1730
1742
1757
1802
1812
1825
1836
1893
1909
1913
1918
1911
1906
1903
1903
1908
1910
1918
1927
1939
1951
1970
1990
2016
2110
2128
2137
2152
2166
2159
2153
2144
2131
2087
2071
2057
2042
2023
2006
1994
1971
1917
1911
1909
1912
1893
1886
1868
1849
1793
1780
1769
1762
1752
1738
1740
1747
1757
1767
1771
1778
1777
1818
1836
1855
1874
1952
1966
1978
1991
1998
2009
2016
2027
2033
2040
2045
2043
2047
2070
2074
2081
2088
2091
2086
2089
2097
2111
2168
2185
2196
2205
2207
2214
2218
2225
2237
2256
2268
2278
2289
2300
2311
2321
2322
2308
2293
2276
2251
2236
2214
2197
2182
2172
2160
2158
2159
2166
2171
2179
2188
2193
2198
2192
2180
2175
2133
2118
2108
2094
2079
2032
2021
2008
1999
1995
1998
2005
2008
2019
2022
2032
2038
2039
2045
2050
2047
2042
2033
2035
2030
2026
2019
2018
2009
1998
1990
1998
2000
2001
2007
2014
2011
2009
2008
2026
2037
2051
2056
2036
2027
2009
1992
1982
1935
1921
1911
1903
1891
1876
1870
1861
1845
1838
1834
1835
1838
1840
1845
1846
1845
1849
1852
1859
1860
1859
1860
1857
1854
1859
1870
1880
1883
1874
1851
1858
1882
1894
2010
2023
2041
2067
2063
2076
2092
2111
2151
2191
2191
2209
2215
2205
2204
2209
2209
2189
2192
2183
2170
2160
2156
2166
2177
2194
2256
2283
2299
2310
2313
2310
2313
2311
2312
2273
2268
2263
2263
2261
2257
2260
2254
2215
2202
2202
2209
2161
2143
2121
2107
2102
2089
2078
2062
2034
2003
1977
1963
1947
1900
1888
1876
1862
1848
1838
1835
1824
1809
1767
1750
1723
1707
1700
1692
1697
1705
1725
1749
1753
1760
1768
1769
1773
1780
1786
1781
1784
1780
1775
1745
1741
1735
1735
1742
1743
1755
1766
1774
1790
1810
1841
1867
1964
1995
2024
2058
2080
2093
2108
2114
2110
2109
2109
2114
2120
2128
2131
2131
2130
2132
2141
2144
2154
2162
2176
2203
2228
2256
2328
2339
2336
2334
2261
2232
2203
2177
2145
2067
2049
2040
2025
2023
2019
2021
2027
2051
2060
2062
2062
2034
2023
2009
1995
1951
1934
1919
1905
1889
1838
1819
1800
1794
1784
1773
1771
1777
1797
1809
1817
1821
1845
1852
1865
1873
1887
1938
1955
1969
1994
2018
2037
2057
2077
2152
2167
2190
2209
2243
2256
2273
2286
2343
2363
2382
2396
2407
2441
2457
2468
2480
2482
2479
2477
2462
2380
2358
2336
2310
2193
2166
2148
2128
2115
2062
2046
2032
2025
2013
2007
2003
1989
1925
1904
1885
1861
1791
1773
1749
1733
1693
1697
1700
1708
1709
1744
1756
1769
1786
1799
1802
1811
1824
1848
1854
1860
1863
1886
1897
1907
1917
1933
1983
2010
2035
2056
2085
2106
2128
2156
2245
2254
2267
2277
2261
2255
2245
2235
2196
2187
2178
2176
2168
2138
2132
2125
2117
2107
2093
2083
2071
1996
1979
1966
1950
1884
1869
1856
1837
1831
1802
1791
1777
1772
1767
1765
1770
1775
1787
1796
1804
1799
1814
1821
1831
1843
1884
1894
1899
1906
1914
1945
1962
1975
1983
1986
1996
2004
2011
2046
2055
2063
2081
2122
2130
2141
2157
2172
2196
2205
2218
2229
2236
2246
2256
2263
2278
2283
2287
2282
2273
2271
2268
2265
2263
2247
2239
2228
2230
2223
2211
2200
2189
2144
2120
2102
2085
2063
2044
2026
2008
1993
1952
1945
1937
1940
1945
1943
1943
1943
1939
1935
1933
1930
1932
1924
1915
1907
1903
1875
1871
1869
1865
1837
1828
1826
1830
1851
1862
1874
1878
1888
1907
1915
1924
1933
1937
1938
1948
1957
1969
1967
1973
1980
1993
2001
2003
2009
2020
2042
2057
2070
2082
2096
2108
2118
2135
2161
2163
2168
2172
2164
2158
2156
2147
2125
2125
2121
2119
2121
2105
2100
2098
2093
2092
2090
2085
2085
2081
2081
2076
2071
2045
2039
2031
2022
2014
1986
1977
1970
1959
1957
1954
1948
1944
1933
1935
1940
1940
1937
1949
1961
1971
1988
1989
1990
1989
1989
1983
1994
1995
1999
2005
2009
2019
2029
2051
2058
2066
2077
2100
2109
2112
2117
2128
2130
2134
2134
2132
2130
2134
2132
2134
2128
2119
2114
2115
2096
2089
2088
2084
2092
2090
2095
2092
2091
2088
2087
2082
2079
2056
2041
2026
2022
2013
2007
1996
1986
1971
1941
1928
1921
1912
1910
1906
1901
1896
1895
1882
1877
1877
1873
1877
1892
1895
1873
1668
1640
1640
1645
1778
1836
1866
1890
1923
1966
1985
2031
2082
2110
2126
2156
2189
2179
2171
2163
2159
2119
2115
2124
2125
2094
2073
2060
2064
2066
2084
2088
2088
2092
2079
2062
2051
2036
2023
2038
2063
2087
2109
2107
2098
2091
2090
2069
2066
2077
2092
2098
2100
2107
2102
2038
2030
2021
2011
1985
1976
1976
1982
1983
2010
2005
1997
1993
1981
1974
1974
1977
1956
1948
1936
1927
1915
1910
1904
1903
1903
1935
1956
1983
2004
2026
2030
2038
2039
2046
2098
2125
2144
2168
2186
2198
2204
2205
2135
2117
2097
2091
2103
2102
2099
2092
2042
2041
2042
2045
2053
2041
2027
2020
2018
2016
2010
2009
2002
1976
1973
1971
1963
1915
1906
1902
1905
1909
1922
1933
1944
1941
1947
1955
1965
1973
1935
1914
1891
1857
1641
1582
1529
1474
1289
1256
1231
1209
1189
1209
1236
1277
1325
1385
1447
1510
1579
1856
1941
2038
2136
2525
2610
2683
2754
2824
3039
3110
3181
3254
3318
3377
3430
3486
3647
3672
3700
3719
3730
3708
3688
3663
3482
3422
3354
3278
3193
2873
2750
2627
2494
2360
2225
2088
1954
1439
1326
1216
1116
766
701
638
591
562
483
469
453
449
458
468
470
478
529
553
545
497
101
98
98
101
108
147
182
228
300
393
480
567
665
1034
1221
1428
1646
1878
2106
2316
2482
2602
2890
2985
3073
3164
3260
3345
3432
3529
3617
3801
3843
3872
3888
3897
3920
3960
4006
4090
4082
4037
3964
3540
3462
3402
3356
3315
3164
3091
3014
2925
2828
2735
2650
2582
2535
2560
2596
2633
2646
2639
2605
2560
2495
2346
2307
2275
2261
2268
2272
2271
2268
2264
2186
2134
2065
1993
1918
1844
1774
1698
1334
1219
1089
951
417
316
241
195
171
166
156
147
139
133
129
131
135
181
216
263
308
343
359
361
356
344
380
431
499
589
688
784
874
944
1002
1136
1189
1264
1356
1465
1579
1698
1812
2128
2190
2253
2307
2537
2599
2653
2705
2756
2863
2884
2898
2924
2945
2965
2997
3045
3239
3317
3404
3490
3580
3662
3731
3785
3819
3829
3806
3774
3736
3687
3630
3561
3495
3430
3168
3069
2970
2871
2773
2669
2575
2483
2099
2003
1890
1779
1330
1227
1140
1067
1018
918
898
884
862
847
836
828
832
914
951
998
1043
1241
1294
1359
1434
1787
1880
1967
2040
2107
2288
2355
2426
2498
2575
2647
2721
2783
2905
2908
2908
2902
2907
2921
2935
2947
2951
2972
2974
2971
2971
2970
2960
2960
2956
2916
2897
2869
2832
2618
2560
2499
2439
2242
2187
2128
2068
2008
1852
1812
1771
1739
1713
1690
1666
1648
1580
1557
1531
1503
1451
1438
1433
1435
1433
1413
1410
1416
1424
1438
1455
1477
1504
1629
1656
1683
1712
1792
1813
1838
1869
1902
1958
1961
1965
1962
1965
1966
1965
1957
1934
1932
1929
1928
1927
1926
1922
1916
1915
1913
1915
1911
1911
1906
1902
1900
1900
1902
1893
1904
1927
1961
1993
2023
2058
2085
2188
2209
2235
2260
2320
2327
2326
2323
2318
2293
2277
2270
2265
2260
2259
2261
2258
2244
2232
2211
2189
2164
2137
2108
2071
2035
1919
1878
1838
1796
1752
1707
1661
1618
1581
1501
1477
1464
1455
1451
1448
1449
1456
1514
1528
1542
1556
1584
1589
1600
1609
1618
1631
1639
1649
1658
1673
1681
1690
1705
1759
1770
1781
1799
1863
1883
1899
1927
2045
2082
2126
2165
2203
2324
2368
2416
2463
2513
2552
2595
2631
2735
2760
2781
2796
2827
2827
2833
2830
2830
2803
2797
2782
2759
2744
2725
2702
2675
2511
2463
2416
2369
2149
2094
2046
2004
1819
1768
1735
1706
1685
1628
1617
1605
1598
1591
1577
1569
1569
1570
1568
1565
1563
1565
1579
1599
1616
1634
1661
1658
1658
1659
1670
1685
1705
1724
1793
1804
1817
1834
1867
1874
1877
1885
1930
1946
1950
1957
1971
2036
2064
2096
2128
2159
2186
2216
2251
2353
2372
2392
2417
2492
2512
2524
2524
2530
2539
2539
2537
2541
2530
2518
2516
2511
2485
2467
2456
2446
2387
2366
2352
2334
2313
2258
2245
2235
2216
2203
2188
2168
2147
2106
2082
2066
2055
2038
2014
1995
1980
1961
1904
1884
1858
1833
1814
1792
1765
1751
1736
1673
1659
1641
1623
1606
1591
1579
1563
1510
1500
1488
1480
1442
1434
1434
1444
1445
1476
1486
1494
1510
1533
1552
1576
1594
1705
1731
1760
1791
1935
1969
2007
2041
2180
2213
2241
2271
2298
2383
2398
2422
2439
2456
2466
2471
2477
2496
2502
2504
2508
2518
2520
2514
2507
2497
2442
2422
2405
2385
2364
2345
2327
2308
2204
2176
2150
2124
2008
1981
1951
1931
1789
1757
1723
1696
1666
1565
1540
1519
1497
1470
1445
1424
1402
1339
1329
1326
1326
1335
1343
1358
1376
1396
1491
1529
1580
1627
1670
1714
1758
1812
2020
2081
2138
2198
2407
2450
2499
2542
2682
2710
2731
2753
2770
2809
2818
2823
2826
2826
2832
2829
2822
2764
2744
2722
2704
2564