1996
1998
2013
2011
2014
2013
2016
2028
2031
2034
2038
2036
2035
2031
2028
2033
2032
2033
2035
2029
2028
2033
2037
2037
2039
2044
2049
2048
2031
2031
2032
2028
2023
2019
2022
2026
2029
2031
2036
2037
2031
2037
2040
2038
2037
2043
2043
2048
2051
2047
2043
2048
2051
2058
2059
2060
2060
2052
2046
2042
2041
2031
2028
2020
2021
2016
2008
2003
1999
1996
1993
1991
1989
1993
2003
2005
2005
2001
2003
1999
2001
2002
2002
2007
2003
2010
2013
2015
2019
2022
2022
2027
2020
2012
2019
2015
2016
2019
2013
2024
2018
2022
2020
2016
2025
2027
2026
2024
2024
2025
2030
2035
2028
2024
2025
2027
2030
2039
2040
2038
2036
2033
2034
2036
2034
2034
2033
2038
2037
2034
2035
2035
2032
2023
2028
2031
2036
2032
2028
2019
2015
2026
2030
2032
2035
2028
2025
2022
2019
2019
2015
2015
2019
2022
2023
2021
2015
2011
2012
2013
2014
2015
2015
2020
2009
2014
2014
2015
2021
2019
2017
2022
2030
2029
2024
2029
2041
2046
2043
2040
2035
2037
2032
2029
2027
2029
2029
2027
2023
2019
2017
2012
2018
2025
2029
2032
2036
2028
2025
2028
2029
2030
2030
2033
2037
2042
2051
2055
2056
2057
2053
2056
2054
2055
2039
2037
2030
2023
2026
2013
2012
2013
2006
2003
1997
1990
1987
1982
1983
1986
1982
1990
1997
2004
2007
2007
2003
2007
2008
2015
2010
2012
2016
2022
2033
2037
2041
2038
2044
2044
2041
2045
2032
2031
2031
2035
2030
2033
2038
2037
2040
2045
2040
2037
2032
2035
2037
2041
2038
2034
2028
2025
2027
2031
2026
2032
2033
2034
2026
2026
2032
2031
2032
2030
2026
2016
2002
2004
2002
2004
2001
2000
1996
1993
1992
1987
1991
1993
2002
2003
2006
2009
2012
2017
2010
2012
2015
2022
2022
2023
2027
2030
2037
2032
2023
2029
2037
2037
2034
2041
2042
2039
2035
2040
2047
2050
2053
2063
2064
2066
2062
2057
2055
2060
2054
2054
2052
2061
2063
2060
2055
2054
2053
2052
2048
2051
2057
2053
2051
2052
2054
2052
2046
2043
2039
2021
2013
2010
2012
2013
2013
2014
2012
2004
1985
1977
1968
1975
1985
1992
1992
1987
1998
1997
2003
2004
2003
2003
2009
2016
2020
2012
2013
2022
2028
2032
2036
2041
2040
2036
2035
2033
2025
2026
2021
2022
2024
2021
2027
2024
2025
2019
2024
2030
2031
2034
2040
2045
2049
2049
2052
2054
2052
2051
2051
2051
2048
2051
2049
2033
2036
2038
2037
2033
2027
2029
2036
2038
2030
2022
2016
2013
2009
2012
2014
2016
1992
1990
1985
1989
1979
1976
1977
1980
1985
1995
2000
1998
1998
1998
1997
2001
2004
2010
2014
2024
2028
2024
2020
2017
2020
2023
2019
2018
2015
2013
2008
2010
2013
2014
2028
2027
2028
2029
2020
2019
2021
2025
2030
2033
2039
2042
2039
2033
2031
2032
2032
2032
2034
2035
2038
2040
2037
2037
2034
2044
2047
2050
2055
2056
2055
2054
2050
2053
2058
2057
2056
2055
2039
2037
2041
2042
2022
2018
2017
2017
2016
2010
2009
2005
2013
2011
2011
2007
2006
2006
2005
1996
1993
1992
1999
1998
1993
1991
2001
2007
2016
2020
2033
2039
2043
2043
2046
2045
2044
2040
2037
2043
2052
2055
2055
2050
2047
2050
2055
2056
2053
2055
2055
2056
2052
2050
2050
2056
2053
2048
2042
2042
2050
2057
2055
2053
2044
2043
2042
2033
2032
2032
2034
2030
2029
2021
2020
2015
2012
2012
2009
2009
2010
2018
2021
2022
2016
1997
2000
2004
2003
1992
1988
1988
1990
1985
1960
1961
1964
1963
1957
1956
1962
1968
1981
1988
2000
2007
2026
2032
2040
2041
2049
2060
2061
2051
2054
2053
2059
2055
2052
2060
2060
2065
2067
2056
2051
2052
2054
2060
2049
2050
2055
2059
2060
2054
2062
2063
2051
2046
2037
2034
2032
2040
2042
2037
2027
2009
2000
1995
1989
1984
1980
1975
1974
1975
1971
1969
1970
1965
1970
1971
1978
1984
1980
1980
1984
1985
1983
1985
1994
1997
2011
2006
2007
2011
2013
2031
2030
2036
2047
2051
2048
2045
2047
2047
2046
2042
2042
2052
2057
2058
2052
2050
2036
2036
2041
2045
2046
2040
2040
2044
2047
2044
2047
2060
2064
2066
2065
2063
2066
2056
2057
2052
2055
2053
2047
2044
2051
2034
2029
2025
2022
2002
2002
2011
2014
2006
2006
2007
2007
2005
2001
2008
2005
2001
2006
2018
2026
2023
2025
2026
2023
2024
2024
2028
2035
2033
2025
2024
2019
2017
2020
2023
2017
2020
2021
2013
2011
2016
2017
2033
2023
2014
2006
2009
2022
2018
2009
2006
2024
2028
2032
2033
2026
2024
2024
2026
2027
2035
2035
2033
2041
2034
2032
2030
2036
2029
2031
2033
2032
2034
2033
2037
2037
2023
2022
2032
2046
2051
2050
2048
2040
2034
2034
2044
2049
2055
2051
2046
2043
2035
2028
2025
2025
2026
2023
2012
2013
2011
1995
1994
1993
1990
1993
1984
1982
1987
1986
1987
1985
1992
1995
1999
1995
1997
2008
2010
2021
2026
2029
2046
2055
2060
2063
2063
2065
2059
2064
2076
2079
2075
2073
2075
2075
2071
2065
2071
2054
2056
2055
2049
2048
2047
2038
2030
2034
2039
2031
2025
2031
2028
2028
2027
2024
2017
2019
2020
2021
2020
2018
2010
2007
2011
2014
2011
2011
2013
2011
2013
2010
2004
1993
1993
1997
1994
1992
1992
1997
1998
2000
1996
1996
1994
1999
2004
2005
2005
2011
1998
1998
2000
2003
2004
2007
2005
2011
2011
2015
2019
2019
2012
2009
2012
2021
2023
2031
2030
2033
2034
2037
2040
2038
2040
2051
2056
2056
2053
2050
2048
2052
2051
2050
2053
2053
2054
2056
2036
2033
2037
2032
2019
2021
2021
2024
2029
2015
2015
2016
2013
2009
2008
2007
2013
2002
2001
1995
2000
1998
1996
2001
2005
2007
2005
2007
1999
2000
2002
2004
2008
2009
2014
2013
2018
2023
2022
2029
2033
2042
2040
2044
2046
2052
2059
2065
2067
2074
2075
2069
2057
2052
2052
2034
2031
2037
2039
2026
2025
2024
2024
2027
2030
2028
2030
2029
2029
2033
2036
2039
2044
2043
2045
2042
2050
2047
2047
2048
2053
2064
2060
2056
2058
2058
2056
2059
2065
2049
2046
2046
2038
2032
2029
2034
2034
2019
2011
2012
2011
2013
1997
1984
1974
1981
1984
1987
1995
1997
2004
2004
2005
2003
2015
2018
2021
2024
2029
2037
2034
2030
2028
2019
2017
2014
2011
2004
2001
1996
1993
1990
1992
1988
1994
2000
2014
2013
2007
2001
2004
2004
2006
2009
2017
2017
2018
2017
2016
2015
2013
2019
2022
2015
2020
2025
2035
2047
2049
2047
2051
2046
2045
2040
2037
2041
2040
2028
2024
2031
2032
2021
2009
2000
1980
1988
2006
2018
2027
2021
2020
2027
2021
2016
2021
2029
2032
2037
2040
2036
2024
2014
2010
2006
1999
1987
1990
1991
1993
1993
1995
2000
2014
2018
2030
2033
2033
2029
2034
2034
2040
2043
2029
2036
2042
2047
2065
2068
2071
2071
2079
2097
2092
2090
2087
2082
2080
2082
2077
2057
2051
2051
2053
2028
2018
2014
2010
2004
1995
1990
1985
1980
1977
1974
1970
1960
1969
1969
1975
1978
1961
1964
1972
1986
1997
2008
2010
2016
2028
2041
2054
2068
2082
2100
2107
2119
2128
2138
2140
2137
2133
2120
2111
2105
2096
2092
2076
2068
2060
2052
2045
2041
2041
2034
2032
2025
2020
2019
2013
2015
2015
2014
2009
1997
1997
1995
1994
1991
1984
1978
1983
1982
1986
1987
1990
1990
1989
1987
1987
1969
1960
1954
1952
1955
1956
1949
1952
1948
1952
1953
1957
1963
1971
1977
1976
1981
1990
1993
1999
2009
2020
2031
2034
2034
2038
2045
2043
2041
2034
2025
2029
2031
2030
2027
2021
2022
2030
2035
2053
2060
2062
2069
2073
2072
2071
2075
2065
2057
2049
2051
2037
2036
2035
2031
2018
2016
2021
2029
2029
2026
2025
2017
2019
2015
2020
2022
2024
2026
2023
2024
2027
2018
2014
2016
2016
2015
2016
2018
2016
2020
2027
2032
2034
2031
2031
2038
2047
2044
2040
2036
2035
2033
2024
2012
2010
2006
2005
1988
1983
1976
1971
1963
1963
1963
1967
1969
1977
1980
1985
1996
2000
2007
2020
2035
2055
2060
2064
2069
2079
2091
2096
2100
2114
2119
2119
2124
2136
2136
2135
2140
2124
2117
2113
2112
2111
2086
2085
2076
2068
2058
2048
2042
2030
1995
1986
1988
1995
1976
1976
1970
1968
1971
1971
1968
1967
1961
1966
1969
1973
1978
1951
1942
1945
1947
1946
1953
1959
1963
1970
1972
1980
1976
1978
1985
1991
2003
2014
2025
2031
2038
2048
2061
2062
2067
2075
2081
2078
2076
2078
2072
2070
2068
2068
2067
2059
2042
2040
2043
2041
2035
2030
2025
2018
2010
2010
2008
2013
2008
2010
2012
2015
2019
2026
2027
2029
2033
2033
2036
2037
2034
2030
2035
2040
2043
2036
2034
2036
2034
2029
2029
2028
2028
2029
2020
2014
2014
2016
2012
2012
2014
2016
2031
2031
2036
2043
2031
2034
2044
2044
2049
2049
2043
2043
2040
2035
2036
2037
2040
2029
2021
2013
2009
1991
1987
1991
1992
1996
2001
2006
2006
2002
2007
2006
2008
2013
2015
2013
2019
2014
2013
2012
2014
2014
2014
2013
2015
2017
2016
2001
2006
2018
2018
2020
2023
2027
2025
2016
2020
2022
2023
2023
2025
2032
2026
2032
2027
2026
2025
2029
2031
2034
2039
2042
2041
2030
2031
2031
2018
2016
2016
2015
2011
2013
2012
2007
2005
2009
2003
2003
2008
2010
2005
2004
2004
2012
2017
2017
2017
2025
2023
2020
2021
2030
2026
2023
2026
2032
2033
2032
2035
2040
2057
2061
2066
2069
2074
2074
2083
2088
2089
2088
2082
2076
2081
2085
2078
2075
2067
2049
2042
2042
2037
2044
2037
2036
2037
2023
2025
2021
2024
2022
2031
2027
2029
2033
2032
2030
2027
2025
2022
2023
2021
2014
2023
2022
2019
2017
2019
2024
2024
2026
2032
2037
2035
2031
2026
2014
2020
2012
2001
1985
1983
1986
1986
1981
1975
1981
1982
1986
1990
1994
1992
1997
2001
2003
2005
2015
2013
2014
2017
2020
2004
2010
2012
2015
2013
2028
2029
2032
2036
2035
2036
2034
2042
2040
2041
2047
2041
2036
2035
2035
2036
2025
2024
2021
2019
2021
2026
2025
2019
2019
2014
2013
2018
2021
2017
2014
2009
2006
2017
2015
2014
2018
2024
2020
2018
2017
2014
2016
2012
2010
2015
2003
2008
2005
2013
2012
2016
2025
2031
2032
2024
2019
2021
2022
2024
2027
2028
2026
2028
2027
2029
2026
2027
2029
2032
2035
2045
2049
2048
2050
2055
2057
2060
2063
2065
2066
2067
2073
2084
2071
2065
2066
2073
2054
2051
2051
2054
2055
2038
2033
2034
2037
2044
2046
2050
2052
2027
2022
2026
2027
2018
2011
2005
2000
2005
2002
1994
1987
1995
1993
1996
1996
1996
1999
1999
1996
1993
2000
1998
1997
1994
1996
2008
2008
2009
2006
2007
2008
2008
2007
2011
2007
2001
2003
2003
2009
2009
2006
2005
2004
2000
2004
2005
2010
2004
2004
2004
2008
2005
2009
2014
2011
2010
2016
2021
2027
2031
2028
2027
2025
2021
2029
2035
2032
2034
2037
2034
2029
2032
2038
2037
2048
2052
2052
2051
2055
2057
2048
2044
2042
2043
2051
2058
2066
2063
2064
2068
2066
2060
2058
2055
2054
2056
2052
2041
2041
2050
2050
2043
2040
2038
2040
2039
2044
2044
2035
2032
2036
2037
2036
2036
2035
2031
2030
2028
2019
2014
2013
2008
1999
1990
1993
1987
1984
1981
1980
1981
1982
1975
1973
1973
1971
1971
1975
1981
1990
2007
2011
2013
2017
2019
2032
2033
2026
2027
2029
2035
2031
2041
2047
2043
2043
2043
2034
2035
2033
2034
2036
2046
2045
2037
2034
2033
2027
2026
2028
2022
2019
2022
2019
2005
2004
2003
2005
2009
2002
2001
1996
1993
1993
1991
1990
1995
2011
2011
2007
2010
2017
2025
2026
2028
2027
2027
2022
2016
2020
2028
2035
2038
2038
2041
2042
2042
2046
2051
2056
2058
2060
2069
2065
2066
2069
2072
2078
2079
2073
2068
2065
2056
2053
2053
2039
2040
2038
2032
2031
2028
2029
2025
2016
2017
2014
2013
2008
2001
1994
1995
2001
2002
2008
2011
2007
2029
2031
2032
2034
2029
2029
2025
2022
2023
2016
2016
2012
2016
2018
2022
2021
2020
2015
2010
2014
2013
2007
2010
2014
2022
2028
2037
2037
2044
2041
2040
2043
2042
2046
2050
2050
2055
2060
2057
2052
2052
2050
2047
2035
2036
2031
2032
2032
2031
2024
2022
2025
2016
2016
2016
2016
2021
2027
2030
2027
2001
1997
2003
2000
2000
1994
1995
1998
1994
1991
1987
1989
1994
1992
1996
2009
2015
2024
2023
2028
2036
2044
2043
2053
2057
2060
2060
2061
2062
2063
2050
2052
2048
2049
2047
2038
2032
2023
2005
2001
2003
1999
1976
1972
1973
1975
1976
1968
1964
1962
1965
1970
1968
1965
1969
1990
1995
2002
2011
2014
2013
2017
2027
2034
2041
2037
2043
2053
2064
2068
2075
2079
2087
2088
2089
2082
2077
2078
2075
2066
2067
2060
2060
2055
2050
2031
2028
2031
2032
2021
2020
2021
2026
2028
2024
2020
2015
2012
2006
2011
2013
2011
1988
1993
1993
1993
2007
2014
2018
2017
2013
2017
2014
2012
2009
2010
2010
2016
2014
2016
2020
2019
2027
2041
2039
2039
2043
2045
2043
2047
2057
2062
2062
2069
2068
2069
2069
2065
2063
2065
2053
2052
2053
2049
2020
2010
1997
1996
1999
1999
1996
1994
1990
1989
1986
1984
1980
1975
1977
1980
1978
1985
1987
1986
1992
1991
1990
1997
2000
2004
2008
2010
2016
2017
2023
2024
2022
2025
2027
2031
2033
2036
2043
2050
2057
2062
2067
2076
2073
2070
2070
2075
2075
2067
2067
2072
2069
2070
2073
2069
2069
2074
2083
2074
2070
2072
2067
2058
2041
2039
2037
2030
2026
2020
2016
2014
2015
2013
2011
2007
1989
1987
1986
1984
1989
1983
1983
1984
1984
1985
1980
1986
1987
1973
1978
1984
1994
2019
2018
2022
2022
2031
2041
2044
2047
2055
2063
2061
2062
2061
2054
2058
2059
2059
2051
2051
2047
2046
2048
2047
2045
2040
2034
2028
2019
2021
2019
2019
2012
2008
2011
2017
2020
2012
2003
2002
1989
1989
1992
1990
1983
1983
1988
1997
2000
2007
2011
2018
2018
2017
2013
2016
2017
2017
2021
2025
2031
2039
2037
2043
2050
2056
2056
2060
2058
2048
2033
2024
2024
2022
2016
2010
2006
2009
2007
2005
2000
1997
1975
1982
1981
1976
1981
1990
1985
1984
1989
1997
1998
2004
2001
2005
2006
2006
2002
1998
2003
2013
2018
2026
2030
2032
2037
2044
2057
2056
2059
2064
2064
2064
2056
2059
2062
2066
2060
2060
2079
2076
2076
2075
2076
2084
2086
2086
2088
2087
2085
2086
2090
2075
2069
2066
2062
2042
2039
2040
2035
2014
2012
2008
2006
2009
2003
1990
1986
1982
1979
1979
1983
1985
1990
1989
1989
1989
1991
1988
1991
1997
2003
2004
2003
2012
2009
2006
2007
2016
2019
2020
2025
2029
2035
2042
2044
2052
2057
2063
2055
2053
2051
2053
2051
2050
2056
2050
2059
2058
2059
2056
2060
2064
2064
2062
2058
2044
2040
2036
2037
2040
2029
2029
2029
2017
2018
2024
2025
2020
2011
2011
2010
2008
1999
1997
1994
1983
1975
1978
1982
1985
1986
1977
1977
1979
1984
1982
1984
1980
1988
1979
1976
1979
1977
1980
1982
1990
1999
2013
2017
2012
2011
2018
2031
2021
2015
2015
2027
2025
2017
2011
2016
2015
2022
2023
2019
2020
2027
2033
2043
2035
2040
2047
2050
2045
2046
2057
2061
2078
2083
2089
2084
2065
2066
2064
2057
2054
2052
2045
2040
2035
2034
2029
2028
2023
2036
2033
2038
2041
2029
2022
2023
2027
1998
2006
2015
2018
2020
2025
2021
2017
2018
2019
2025
2026
2023
2025
2029
2029
2022
2028
2026
2024
2027
2029
2018
2012
2014
2012
2014
2017
2011
2013
1995
1997
2003
2004
1993
1991
1991
1999
2019
2023
2023
2013
2006
2020
2020
2027
2029
2033
2043
2049
2055
2051
2054
2057
2057
2065
2068
2066
2068
2071
2060
2064
2067
2071
2074
2073
2065
2059
2041
2039
2033
2028
2017
2012
2002
2000
1992
1998
1998
2007
2010
2017
2016
2018
2028
2028
2020
2023
2022
1998
2002
2002
2000
1993
1990
1992
1990
1989
1992
1994
1995
1994
1991
1987
1987
1988
2009
2008
2013
2023
2021
2024
2031
2038
2056
2059
2059
2054
2055
2053
2058
2061
2059
2060
2063
2064
2074
2042
2022
2020
2024
2116
2130
2130
2109
2069
1996
2006
2019
2030
2039
2053
2062
2063
2053
2048
2037
2026
2000
1996
1999
2003
2007
2024
2015
1996
1975
1961
1954
1957
1971
2004
1997
1992
1989
1985
1987
1987
1989
1992
2002
2009
2007
2001
2001
2008
2007
2004
1994
1989
2001
2017
2033
2038
2032
2019
2015
2005
2005
2013
2015
2019
2019
2017
2016
2015
1976
1974
1981
1981
1981
1975
1970
1964
2034
2046
2046
2038
2022
2026
2029
2027
2051
2058
2062
2075
2088
2079
2072
2076
2072
2066
2061
2066
2060
2042
2048
2052
2048
1974
1957
1954
1950
1959
1972
1968
1960
1955
1948
1943
1942
1942
1942
1942
1944
1953
1983
1992
1996
2002
2086
2101
2112
2125
2145
2171
2177
2179
2183
2190
2199
2207
2223
2256
2255
2247
2241
2200
2190
2183
2174
2170
2131
2107
2096
2086
2064
2032
1988
1938
1890
1920
1952
1981
1949
1899
1851
1815
1799
1809
1834
1864
1906
1943
1965
1984
2001
1966
1946
1941
1940
1982
2005
2022
2037
2031
2031
2026
2029
2032
2007
1985
1970
1949
1930
1916
1913
1908
1908
1912
1914
1919
1894
1888
1892
1902
1921
1981
1996
2004
2006
2014
2018
2021
2025
2105
2137
2161
2189
2215
2199
2184
2175
2174
2175
2177
2172
2175
2193
2202
2215
2220
2216
2211
2205
2192
2104
2086
2068
2053
2043
2048
2054
2053
2047
2001
1979
1964
1957
1955
1959
1971
1996
2027
2021
1996
1957
1902
1909
1929
1940
1942
1930
1918
1910
1908
1900
1898
1898
1905
1912
1913
1911
1906
1856
1861
1873
1885
1918
1921
1920
1914
1899
1878
1883
1892
1905
1930
1961
1991
2016
2049
2051
2054
2057
2136
2151
2166
2175
2211
2216
2224
2233
2245
2302
2321
2333
2346
2352
2351
2339
2325
2280
2276
2282
2271
2205
2179
2146
2112
2085
2016
1994
1980
1963
1947
1925
1908
1885
1758
1734
1722
1716
1738
1745
1751
1751
1733
1733
1746
1759
1770
1832
1852
1869
1886
1897
1909
1923
1940
2006
2022
2038
2050
2069
2074
2081
2087
2095
2106
2109
2111
2119
2114
2101
2096
2087
2064
2069
2071
2067
2100
2103
2096
2088
2087
2100
2111
2124
2130
2142
2155
2172
2180
2156
2163
2166
2169
2165
2165
2163
2153
2106
2101
2094
2085
2065
2041
2040
2028
2021
2018
2015
2006
2000
1986
1982
1972
1960
1931
1925
1921
1920
1915
1907
1909
1912
1916
1918
1920
1927
1932
1922
1924
1931
1941
1986
1996
2014
2023
2062
2073
2082
2096
2105
2121
2122
2117
2109
2106
2101
2103
2091
2075
2077
2075
2070
2052
2044
2033
2027
2018
1995
1992
1986
1984
1989
1997
1993
1982
1970
1969
1975
1988
2027
2028
2029
2037
2042
2053
2057
2054
2061
2068
2075
2069
2064
2049
2043
2047
2041
2025
2011
2007
2001
1999
1985
1966
1953
1943
1927
1918
1911
1910
1901
1896
1897
1896
1895
1896
1889
1895
1907
1926
1939
1945
1951
1983
1986
1994
1994
2002
2022
2029
2038
2050
2058
2068
2082
2096
2133
2141
2147
2146
2138
2141
2138
2138
2126
2122
2111
2099
2105
2095
2090
2086
2087
2090
2088
2093
2103
2114
2110
2111
2122
2110
2100
2087
2089
2094
2072
2067
2059
2050
2045
2041
2038
2034
2006
1994
1990
1989
1966
1960
1957
1953
1949
1952
1960
1970
1958
1929
1925
1923
1914
1913
1913
1914
1913
1933
1928
1923
1924
1943
1947
1958
1963
1972
1984
1989
1992
1994
2000
2007
2013
2015
2011
2012
2015
2019
2039
2049
2061
2064
2091
2098
2101
2108
2117
2117
2118
2121
2128
2134
2131
2132
2130
2115
2110
2105
2102
2099
2101
2101
2102
2097
2095
2088
2077
2073
2072
2068
2060
2058
2019
2015
2012
1997
1962
1959
1960
1955
1936
1936
1928
1936
1934
1935
1938
1937
1943
1945
1950
1959
1961
1966
1970
1972
1977
1987
1983
1984
1984
1984
1977
1979
1979
1980
1988
1997
2004
2008
2032
2041
2049
2053
2085
2089
2095
2099
2094
2087
2086
2088
2093
2100
2094
2090
2087
2083
2090
2092
2091
2084
2082
2081
2078
2058
2047
2046
2040
2034
2018
2015
2011
2012
2011
2007
2003
2000
1980
1978
1975
1976
1965
1973
1976
1975
1992
1989
1990
1991
1988
1983
1983
1984
1995
1996
2000
2007
2007
2012
2013
2018
2019
2019
2018
2024
2020
2021
2030
2027
2023
2023
2025
2025
2026
2026
2022
2019
2021
2027
2019
2016
2012
2009
2012
2011
2010
2020
2022
2021
2021
2023
2021
2045
2046
2048
2048
2034
2036
2043
2047
2055
2064
2062
2062
2069
2064
2068
2069
2073
2075
2078
2082
2084
2074
2078
2081
2078
2077
2073
2075
2073
2070
2060
2058
2052
2057
2056
2048
2041
2038
2038
2037
2029
2024
2000
2002
2005
2003
2008
2005
2000
1990
1983
1983
1977
1980
1976
1965
1963
1964
1965
1979
1986
1992
1993
1995
2008
2011
2014
2016
2016
2018
2027
2035
2032
2038
2043
2044
2052
2051
2051
2051
2054
2057
2062
2070
2077
2068
2064
2061
2053
2048
2048
2042
2037
2023
2017
2015
2010
2014
2011
2005
2004
2006
1998
1993
1992
1996
1993
1996
1990
1988
1988
1979
1978
1977
1979
1978
1981
1985
1976
1977
1979
1970
1972
1976
1978
1978
1982
1987
1989
1989
2000
2011
2023
2023
2020
2016
2018
2027
2026
2027
2021
2022
2024
2028
2035
2041
2044
2050
2071
2076
2081
2083
2087
2087
2082
2081
2080
2062
2061
2064
2070
2067
2065
2062
2063
2048
2048
2046
2043
2033
2026
2016
2010
2009
2005
2006
2006
2011
2002
2002
2005
2012
2016
2022
2027
2032
2026
2017
2013
2006
1987
1993
2005
2006
2010
2028
2033
2033
2029
2033
2033
2032
2030
2036
2031
2029
2027
2021
2015
2017
2024
2028
2029
2030
2038
2046
2050
2054
2049
2054
2040
2035
2031
2033
2019
2025
2032
2033
2041
2045
2045
2043
2033
2001
1994
1993
1994
1999
1997
1993
1996
2022
2023
2019
2020
2011
2011
2013
2020
2026
2033
2040
2043
2048
2045
2041
2041
2037
2020
2021
2015
2021
2018
2020
2026
2027
2023
2025
2022
2010
2006
2010
2009
2009
2016
2024
2027
2029
2035
2036
2041
2044
2052
2057
2057
2053
2047
2042
2045
2045
2042
2039
2032
2028
2021
2029
2023
2010
2007
2012
2014
2017
2013
2010
1999
1998
2001
2003
2004
2014
2015
2024
2032
2022
2012
2008
2016
2040
2036
2030
2039
2037
2040
2046
2045
2051
2045
2049
2048
2050
2050
2054
2048
2045
2052
2046
2037
2040
2050
2046
2046
2043
2038
2033
2033
2031
2025
2019
2011
2013
2007
1998
1992
1989
1983
1984
1986
1993
1992
1993
1999
1995
1994
2002
2002
2005
2011
2012
2014
2018
2021
2018
2018
2025
2033
2039
2039
2043
2042
2048
2054
2047
2043
2042
2042
2041
2036
2038
2038
2033
2027
2027
2019
2022
2026
2023
2018
2021
2019
2024
2034
2037
2021
2028
2034
2032
2038
2039
2036
2034
2015
2013
2009
2005
2014
2013
2012
2008
2012
2001
2000
2005
2009
2012
2007
2001
2004
2006
2009
2015
2021
2017
2017
2021
2023
2026
2027
2030
2031
2040
2042
2043
2046
2050
2066
2064
2066
2072
2082
2070
2066
2070
2065
2066
2064
2065
2061
2054
2051
2050
2048
2041
2035
2031
2031
2028
2027
2025
2022
2021
2010
2010
2005
2006
2005
2007
2008
2003
1998
1982
1979
1976
1971
1971
1968
1968
1971
1981
1987
1990
1996
2001
1997
1999
2008
2013
2025
2026
2024
2026
2025
2025
2029
2031
2040
2047
2054
2052
2045
2047
2049
2050
2048
2032
2036
2040
2044
2054
2052
2057
2056
2062
2066
2069
2069
2064
2068
2069
2069
2067
2058
2048
2052
2055
2053
2045
2039
2036
2038
2042
2039
2040
2043
2044
2041
2043
2035
2020
2015
2015
2012
1989
1990
1989
1988
1988
1984
1981
1987
1988
1989
1993
1990
1991
1979
1982
1985
1984
1979
1982
1987
1986
1987
1985
1986
1983
1989
2004
2005
2000
2000
1999
1996
2001
2010
2016
2016
2017
2019
2009
2012
2022
2026
2027
2037
2038
2040
2045
2047
2050
2057
2064
2074
2073
2074
2081
2087
2087
2083
2080
2086
2092
2093
2091
2089
2089
2088
2086
2091
2079
2081
2073
2072
2069
2066
2060
2059
2048
2035
2027
2025
2019
2014
2008
2007
2007
2000
1979
1977
1978
1978
1973
1967
1964
1964
1949
1945
1941
1935
1937
1938
1940
1940
1947
1953
1957
1960
1964
1975
1983
1985
1988
2010
2016
2023
2025
2040
2049
2057
2062
2067
2065
2065
2069
2074
2069
2052
2034
2034
2086
2100
2111
2114
2090
2080
2085
2086
2057
2061
2080
2097
2102
2100
2075
2048
2032
2035
2042
2047
2063
2042
2040
2042
2040
2038
2029
2023
2012
2008
2030
2032
2032
2028
2015
2004
1998
2000
1995
1998
1994
1991
1989
1996
1997
1993
1984
2007
2001
1998
1996
1997
1998
1999
1995
1981
1987
1975
1974
1994
1961
1985
2033
2151
2136
2096
2036
1982
1856
1887
1943
1977
1981
2031
2117
2139
2035
2009
2004
1997
1871
1890
1935
1955
1959
2008
2002
1986
1966
1940
1925
1921
1935
2009
2028
2065
2066
2047
2017
1969
1940
1952
2048
2085
2115
2119
2102
2091
2081
2054
2114
2134
2133
2128
2123
2094
2108
2124
2148
2177
2187
2190
2186
2156
2141
2127
2106
2095
2107
2123
2115
2090
2019
2021
2036
2048
2050
2044
2047
2051
2023
2006
2006
2027
2034
2055
2038
2022
2024
2034
2042
2042
2029
1992
2002
2042
2072
2082
2087
2113
2134
2132
2080
2044
2011
2002
2015
2033
2047
2057
2043
2038
2026
2001
1922
1905
1906
1910
1864
1845
1826
1802
1769
1758
1775
1794
1803
1800
1792
1789
1788
1789
1794
1799
1808
1877
1906
1939
1956
1961
1989
1995
2003
2023
2044
2054
2074
2102
2151
2162
2179
2192
2286
2299
2304
2308
2281
2272
2262
2247
2252
2238
2234
2231
2222
2204
2187
2182
2182
2117
2093
2067
2048
1989
1977
1967
1957
1951
1927
1916
1915
1922
1924
1913
1908
1902
1844
1831
1819
1808
1786
1794
1794
1799
1839
1840
1844
1844
1845
1874
1888
1895
1907
1920
1923
1930
1940
2029
2047
2063
2072
2066
2072
2083
2094
2106
2136
2154
2168
2182
2197
2213
2232
2250
2267
2268
2273
2286
2286
2284
2277
2270
2252
2244
2237
2225
2215
2185
2172
2163
2145
2132
2120
2108
2093
2030
2009
1989
1972
1913
1902
1897
1891
1883
1857
1853
1849
1856
1859
1860
1863
1868
1865
1863
1864
1867
1893
1902
1915
1927
1935
1955
1961
1965
1975
1986
1995
2005
2013
2038
2036
2039
2037
2044
2043
2051
2057
2058
2041
2035
2033
2036
2036
2039
2039
2041
2042
2032
2029
2031
2036
2042
2038
2040
2046
2043
2047
2047
2050
2061
2057
2054
2056
2052
2047
2045
2051
2061
2070
2071
2067
2067
2071
2071
2072
2071
2075
2072
2064
2057
2029
2017
2010
1992
1977
1969
1966
1958
1952
1947
1942
1937
1925
1915
1922
1921
1920
1916
1916
1918
1916
1917
1942
1947
1955
1968
1974
1975
1983
1990
1988
1980
1985
1988
2016
2028
2040
2050
2069
2079
2086
2098
2107
2108
2112
2119
2126
2130
2130
2139
2147
2149
2146
2151
2159
2159
2160
2163
2164
2166
2159
2154
2146
2143
2136
2132
2121
2112
2094
2088
2085
2078
2041
2025
2020
2010
1982
1974
1963
1952
1946
1936
1929
1925
1925
1932
1929
1929
1926
1902
1904
1906
1900
1897
1899
1900
1903
1913
1942
1949
1951
1959
1968
1972
1983
1996
2012
2014
2018
2026
2042
2049
2055
2059
2078
2077
2080
2084
2080
2063
2061
2063
2070
2075
2077
2073
2076
2086
2081
2085
2082
2071
2075
2079
2082
2082
2061
2055
2050
2048
2041
2040
2038
2041
2044
2046
2042
2035
2017
2018
2021
2024
2010
2010
2010
2010
2011
2002
2006
2008
2007
2001
2002
2003
2006
2008
2012
2010
2010
2013
2012
2014
2013
2010
2006
2008
2011
2010
2005
2005
2002
2003
2012
2011
2017
2019
2009
2008
2008
2011
2035
2037
2040
2046
2046
2032
2032
2033
2037
2043
2046
2049
2056
2047
2043
2045
2049
2058
2061
2056
2051
2052
2042
2044
2044
2036
2031
2027
2029
2023
2009
1999
1994
1994
1963
1964
1963
1953
1943
1942
1945
1950
1941
1926
1922
1928
1937
1946
1960
1968
1976
1979
1976
1969
1960
1983
1995
2001
2012
2021
2043
2037
2035
2038
2038
2041
2041
2044
2067
2077
2081
2090
2095
2091
2082
2083
2099
2096
2093
2088
2093
2090
2085
2078
2076
2078
2081
2086
2087
2072
2066
2065
2060
2044
2041
2044
2047
2046
2017
2005
1996
1989
1989
1993
1998
2002
2008
2005
2002
2003
1999
1997
1988
1989
1995
2005
2004
2010
2017
2015
2020
2025
2028
2030
2042
2045
2052
2059
2055
2050
2049
2053
2085
2079
2080
2084
2092
2094
2095
2100
2096
2096
2094
2097
2095
2100
2093
2089
2090
2086
2079
2072
2068
2041
2042
2045
2038
2013
2007
1996
1981
1967
1953
1951
1947
1950
1954
1950
1937
1932
1943
1940
1939
1939
1938
1937
1934
1931
1930
1915
1908
1914
1916
1925
1932
1938
1945
1947
1955
1957
1958
1958
1963
1970
1981
1990
2010
2009
2012
2012
1998
2007
2021
2028
2034
2041
2037
2029
2014
2005
1996
1991
1990
2013
2018
2024
2026
2024
2018
2017
2014
2008
2003
2005
2008
2012
2015
2019
2023
2030
2037
2038
2048
2049
2053
2055
2058
2059
2063
2066
2066
2065
2067
2080
2086
2087
2089
2096
2093
2094
2099
2103
2097
2098
2096
2087
2079
2074
2072
2065
2032
2025
2030
2029
2018
2012
2009
2006
2005
2009
2010
2013
2009
2007
2003
2003
2011
2020
2022
2028
2041
2046
2048
2052
2059
2085
2084
2082
2081
2080
2070
2072
2078
2080
2076
2074
2070
2066
2061
2057
2053
2052
2035
2035
2033
2025
2028
2014
2015
2018
2017
2013
2012
2010
2006
1998
1999
1996
1997
1992
1991
1993
2000
1997
1994
1998
2001
2004
2009
2007
2013
2010
2005
1992
1993
1991
1989
1986
1982
1978
1981
1967
1962
1966
1967
1956
1960
1963
1970
1969
1968
1964
1960
1961
1970
1973
1980
1985
1992
1994
1996
2002
2017
2024
2026
2029
2054
2054
2053
2051
2053
2060
2063
2064
2072
2076
2076
2081
2086
2082
2078
2080
2083
2068
2072
2070
2072
2071
2069
2070
2067
2072
2073
2072
2066
2063
2063
2056
2048
2043
2033
2038
2040
2041
2025
2025
2017
2017
2010
2006
2001
2002
2004
2005
2002
1992
1987
1978
1974
1974
1976
1979
1978
1974
1981
1983
1977
1978
1975
1987
1980
1978
1982
1985
1993
1997
1995
1998
2009
2008
2011
2017
2034
2038
2047
2050
2051
2053
2051
2055
2056
2059
2063
2067
2065
2059
2063
2066
2068
2071
2066
2053
2054
2052
2053
2057
2059
2054
2053
2050
2047
2052
2046
2045
2043
2043
2041
2035
2040
2039
2040
2037
2029
2026
2028
2032
2043
2048
2045
2042
2030
2033
2029
2021
2018
2018
2009
2010
2012
2006
2007
2010
2008
2015
2021
2028
2027
2014
2014
2016
2014
2020
2018
2014
2018
2029
2035
2036
2038
2024
2022
2025
2023
2031
2035
2033
2026
2029
2020
2023
2025
2027
2031
2029
2031
2027
2028
2029
2034
2032
2033
2032
2040
2045
2049
2053
2046
2043
2041
2042
2042
2041
2039
2025
2023
2026
2022
2024
2023
2024
2020
2010
2007
2009
2013
2011
1999
1999
1997
1997
1995
1995
1987
1979
1983
1986
1987
1988
1980
1987
1992
2001
2005
2002
2003
1999
1999
1998
1999
2000
2004
1995
1993
1991
1995
2013
2021
2026
2028
2004
1975
1959
1970
2013
2079
2060
2041
2037
2028
2015
2000
1973
1941
1961
1990
2017
2074
2098
2115
2112
2110
2076
2075
2071
2069
2072
2081
2083
2085
2087
2081
2077
2077
2070
2068
2062
2061
2064
2055
2051
2038
2026
2018
2014
2007
2009
1978
1981
1990
1998
1992
1970
1957
1952
1953
1946
1958
1971
1971
1971
1970
1969
1974
1976
1993
1996
2003
2023
2036
2040
2040
2036
2056
2057
2057
2050
2057
2066
2079
2081
2078
2035
2028
2024
2025
2031
2027
2031
2041
1986
1959
1972
2016
2078
2151
2183
2175
2156
2063
2023
1998
1965
1939
1934
1953
1987
2022
2038
2029
2038
2061
2094
2112
2103
2087
1989
1987
1998
2015
2040
2038
2038
2030
2018
2017
2022
2021
2009
1999
1999
2000
1998
2007
2004
2001
2001
2070
2082
2093
2112
2105
2096
2096
2103
2106
2113
2119
2113
2103
2090
2086
2087
2087
2059
2049
2046
2041
2008
2013
2016
2021
2021
1986
1993
1999
2003
2008
2014
2014
2005
1958
1951
1950
1957
1996
2005
2007
2011
2001
1978
1978
1976
1981
1998
2004
2012
2014
2025
2028
2030
2035
2036
2033
2026
2021
2020
2001
1990
1989
1987
1976
1962
1955
1954
1953
1968
1976
1982
1987
1991
1998
2000
2001
1990
1984
1990
1999
2010
2007
2006
2000
1993
1998
1995
1987
1981
1974
1969
1961
1958
1947
1951
1964
1981
2017
2016
2019
2014
1996
1993
1992
1994
1992
1984
1983
1985
1981
1978
1968
1958
1958
1941
1944
1947
1949
1980
1994
2000
2013
2023
2021
2022
2028
2033
2033
2034
2037
2041
2048
2049
2051
2059
2063
2058
2059
2066
2077
2113
2122
2132
2142
2146
2148
2154
2160
2206
2208
2211
2210
2227
2227
2230
2222
2237
2230
2232
2228
2226
2217
2211
2205
2205
2205
2210
2208
2200
2149
2130
2113
2095
2035
2027
2020
2009
2003
1965
1946
1932
1921
1910
1902
1890
1879
1849
1847
1840
1840
1836
1836
1833
1831
1834
1841
1844
1846
1849
1842
1833
1828
1828
1833
1842
1842
1855
1906
1919
1924
1931
1953
1962
1977
1983
1994
2022
2026
2027
2035
2042
2044
2059
2073
2114
2128
2138
2148
2168
2181
2192
2202
2208
2226
2234
2240
2242
2248
2251
2253
2249
2225
2218
2213
2201
2152
2135
2120
2108
2067
2046
2033
2018
2003
1967
1948
1931
1921
1913
1906
1899
1897
1865
1858
1854
1852
1821
1807
1797
1787
1774
1771
1770
1774
1779
1790
1783
1783
1789
1792
1791
1789
1790
1841
1858
1872
1882
1936
1952
1971
1987
2002
2056
2078
2100
2119
2137
2156
2174
2184
2236
2247
2260
2277
2314
2326
2331
2332
2343
2347
2346
2343
2343
2317
2310
2300
2294
2282
2277
2266
2253
2208
2194
2180
2162
2094
2080
2070
2056
2040
1986
1979
1968
1958
1946
1932
1916
1902
1863
1857
1853
1848
1841
1815
1811
1804
1800
1799
1790
1780
1774
1761
1763
1763
1763
1765
1776
1784
1793
1804
1820
1829
1842
1858
1873
1891
1906
1925
1970
1986
1999
2012
2030
2065
2071
2077
2091
2101
2109
2119
2129
2162
2174
2180
2182
2184
2186
2186
2189
2172
2175
2174
2166
2157
2144
2136
2129
2124
2118
2111
2108
2102
2077
2077
2063
2051
2034
2032
2029
2021
2016
2002
2002
1997
1990
1980
1973
1973
1970
1961
1955
1957
1958
1956
1955
1954
1955
1953
1940
1939
1937
1932
1936
1945
1953
1957
1962
1966
1959
1958
1956
1954
1951
1959
1963
1987
1994
1993
1998
2012
2018
2028
2035
2063
2066
2066
2072
2074
2080
2086
2091
2104
2118
2124
2133
2136
2135
2134
2138
2143
2148
2135
2132
2131
2135
2135
2134
2130
2127
2135
2125
2113
2107