2035
2040
2038
2032
2009
2008
2007
2004
1999
2000
2001
2000
2025
1960
1905
1902
1896
1870
1854
1860
1880
1953
1970
1961
1960
1969
1970
1982
1993
2117
2139
2143
2139
2143
2126
2129
2134
2130
2123
2134
2149
2158
2165
2162
2170
2173
2153
2156
2153
2150
2143
2116
2098
2085
2078
2067
2049
2047
2046
2005
1988
1973
1960
1956
1951
1957
1960
1962
1963
1965
1952
1934
1913
1904
1904
1905
1935
1935
1944
1954
1977
1974
1971
1966
1959
1967
1981
1996
2006
2016
2016
2012
2017
2018
2018
2014
2023
2047
2064
2077
2087
2107
2109
2107
2106
2109
2103
2101
2095
2089
2086
2079
2077
2073
2054
2042
2031
2023
1978
1966
1958
1959
1941
1938
1926
1914
1903
1857
1844
1830
1812
1801
1782
1764
1751
1712
1700
1690
1680
1624
1609
1593
1577
1564
1551
1549
1548
1553
1553
1550
1555
1552
1585
1613
1645
1672
1775
1805
1841
1882
1835
1859
1879
1888
1899
1993
2018
2068
2125
2175
2224
2280
2338
2648
2742
2830
2925
3276
3348
3421
3486
3556
3757
3819
3875
3933
3984
4029
4069
4091
4089
4091
4089
4088
4085
4061
4020
3967
3907
3665
3568
3460
3350
3243
3123
2998
2867
2455
2319
2172
2023
1871
1728
1578
1430
1283
885
756
626
502
375
250
148
125
117
104
100
96
92
91
91
91
89
88
84
85
87
88
89
91
93
97
106
110
112
121
135
151
177
222
632
760
896
1040
1598
1735
1865
1989
2465
2566
2653
2725
2801
2992
3045
3091
3138
3179
3215
3250
3274
3293
3292
3297
3298
3273
3259
3235
3213
3196
3095
3063
3023
2983
2941
2899
2853
2808
2607
2556
2511
2463
2287
2240
2183
2133
2084
1946
1904
1866
1820
1771
1732
1699
1655
1530
1497
1461
1427
1395
1367
1343
1327
1308
1245
1231
1223
1210
1202
1198
1199
1195
1191
1187
1193
1203
1215
1232
1247
1267
1288
1391
1413
1444
1482
1644
1699
1751
1804
2008
2066
2122
2173
2230
2394
2443
2497
2551
2607
2673
2723
2780
2962
3002
3045
3082
3190
3216
3238
3253
3274
3290
3292
3286
3283
3274
3254
3242
3221
3098
3059
3015
2968
2753
2693
2638
2576
2295
2217
2143
2072
2012
1812
1753
1687
1626
1571
1517
1457
1409
1221
1182
1142
1113
1014
999
986
969
963
976
980
995
1013
1028
1049
1081
1117
1262
1303
1354
1402
1626
1682
1735
1799
2032
2096
2152
2202
2258
2417
2460
2509
2555
2598
2632
2667
2691
2770
2781
2787
2792
2785
2771
2752
2728
2707
2610
2580
2536
2502
2472
2439
2391
2346
2182
2136
2092
2050
1876
1830
1802
1771
1636
1613
1587
1556
1530
1461
1440
1419
1405
1393
1374
1361
1357
1338
1339
1339
1345
1374
1384
1401
1422
1437
1494
1520
1545
1566
1589
1611
1631
1658
1777
1804
1835
1871
1997
2019
2045
2078
2180
2206
2227
2258
2290
2342
2360
2383
2398
2400
2408
2418
2433
2457
2466
2468
2472
2478
2491
2495
2484
2479
2456
2447
2444
2436
2425
2417
2409
2398
2365
2358
2358
2344
2287
2269
2259
2243
2182
2165
2140
2120
2109
2046
2031
2014
1996
1974
1952
1935
1921
1827
1809
1787
1777
1723
1707
1692
1680
1673
1639
1632
1622
1621
1615
1602
1589
1577
1570
1569
1571
1571
1581
1583
1591
1601
1633
1646
1657
1681
1704
1760
1776
1796
1820
1847
1874
1905
1932
2029
2055
2078
2105
2198
2215
2243
2270
2304
2364
2380
2392
2410
2427
2437
2450
2465
2503
2502
2508
2515
2518
2510
2500
2483
2465
2452
2440
2425
2415
2352
2337
2324
2311
2298
2277
2254
2231
2147
2130
2111
2095
2022
2002
1987
1970
1960
1929
1913
1896
1878
1868
1854
1839
1836
1807
1792
1789
1786
1805
1809
1811
1809
1808
1811
1815
1822
1831
1841
1848
1856
1865
1886
1891
1896
1906
1917
1929
1936
1946
1944
1971
1974
1973
1975
1981
1994
1999
2002
2012
2028
2025
2033
2044
2045
2050
2064
2067
2081
2090
2098
2104
2127
2134
2138
2142
2148
2151
2147
2151
2149
2154
2155
2154
2156
2147
2139
2136
2140
2127
2117
2106
2104
2080
2071
2059
2051
2042
2021
2017
2011
2004
2002
1995
1984
1976
1939
1928
1916
1909
1878
1875
1871
1867
1862
1841
1838
1834
1833
1829
1826
1814
1809
1798
1796
1795
1797
1818
1820
1822
1831
1858
1866
1873
1873
1886
1911
1924
1937
1950
1955
1967
1986
1994
2038
2054
2065
2083
2137
2152
2166
2180
2188
2216
2229
2237
2244
2254
2262
2264
2271
2283
2275
2275
2271
2257
2248
2236
2233
2204
2197
2187
2173
2164
2118
2108
2096
2087
2076
2068
2060
2046
1994
1975
1964
1958
1922
1919
1917
1914
1907
1884
1880
1873
1870
1871
1866
1866
1863
1875
1881
1884
1887
1915
1921
1926
1930
1973
1993
2002
2004
2009
2039
2044
2051
2060
2073
2079
2087
2095
2115
2122
2127
2132
2144
2143
2138
2137
2137
2113
2116
2120
2122
2121
2118
2115
2108
2081
2084
2074
2062
2043
2037
2032
2028
2003
1993
1982
1976
1970
1956
1954
1951
1948
1940
1939
1942
1943
1930
1927
1930
1929
1920
1921
1925
1923
1922
1930
1931
1934
1939
1942
1947
1952
1952
1951
1966
1972
1976
2000
2001
2003
2009
2018
2037
2049
2054
2062
2065
2066
2078
2090
2104
2109
2113
2114
2128
2134
2136
2143
2163
2164
2161
2168
2179
2171
2171
2172
2172
2179
2180
2180
2184
2163
2160
2149
2136
2118
2114
2108
2102
2096
2068
2063
2058
2058
2059
2047
2039
2036
2002
1995
1985
1980
1960
1957
1949
1948
1921
1913
1916
1911
1908
1902
1895
1893
1889
1888
1887
1890
1891
1886
1889
1886
1887
1879
1882
1885
1892
1895
1898
1901
1897
1909
1923
1926
1943
1959
1963
1970
1971
1975
1990
1998
2010
2016
2052
2057
2068
2068
2078
2089
2086
2085
2091
2095
2098
2106
2105
2115
2118
2117
2120
2113
2107
2108
2114
2099
2096
2091
2082
2078
2064
2059
2046
2043
2045
2044
2044
2045
2039
2034
2030
2026
2027
2026
2025
2029
2010
2011
2018
2019
2012
1997
1993
1987
1979
1977
1973
1966
1965
1952
1951
1958
1958
1966
1969
1974
1978
1982
1988
1992
1996
2005
2009
2018
2024
2026
2056
2062
2067
2069
2084
2092
2098
2101
2097
2101
2103
2108
2112
2106
2107
2108
2117
2121
2116
2115
2116
2110
2112
2106
2103
2093
2086
2087
2089
2085
2084
2076
2074
2075
2074
2076
2068
2069
2054
2050
2042
2035
2023
2021
2016
2008
1992
1982
1973
1963
1964
1963
1962
1957
1955
1954
1953
1942
1935
1941
1945
1944
1946
1935
1935
1933
1941
1935
1808
1804
1828
1856
1893
1930
1963
1982
1999
1981
1977
1986
2066
2067
2053
2044
2065
2079
2086
2093
2105
2120
2125
2131
2130
2124
2122
2116
2117
2094
2095
2107
2116
2106
2095
2091
2092
2087
2078
2070
2068
2072
2034
2017
2009
1999
1988
1983
1987
1993
1954
1940
1937
1925
1903
1906
1910
1920
1937
1941
1932
1927
1922
1911
1904
1902
1902
1950
1955
1955
1950
1961
1973
1973
1973
2009
2022
2034
2041
2038
2021
2017
2021
2037
2054
2067
2074
2077
2069
2062
2058
2056
2060
2060
2068
2076
2080
2069
2060
2057
2056
2052
2054
2061
2060
2043
2029
2023
2015
1976
1985
1989
1990
1903
1865
1838
1805
1779
1709
1693
1682
1673
1663
1656
1653
1644
1638
1633
1623
1613
1566
1560
1551
1546
1547
1555
1558
1560
1575
1601
1623
1651
1680
1776
1804
1840
1877
2020
2068
2116
2161
2371
2419
2471
2530
2589
2761
2817
2869
2918
2963
3008
3045
3087
3253
3296
3336
3369
3504
3530
3548
3563
3582
3619
3617
3613
3597
3579
3557
3546
3530
3411
3361
3311
3260
3038
2990
2946
2836
2233
2071
1946
1861
1787
1619
1588
1511
1420
1357
1310
1236
1165
1000
957
930
889
684
645
618
605
550
533
510
495
499
506
522
530
537
568
599
613
628
702
735
785
828
952
1001
1048
1095
1145
1248
1296
1340
1385
1443
1507
1563
1622
1792
1817
1852
1894
1999
2029
2066
2109
2235
2243
2248
2260
2257
2289
2305
2314
2315
2325
2327
2338
2343
2376
2375
2377
2377
2413
2414
2409
2400
2385
2318
2313
2304
2285
2264
2249
2235
2208
2137
2107
2082
2057
1992
1986
1977
1975
1981
1978
1971
1972
1977
1981
1989
1997
2000
2045
2051
2049
2043
2085
2106
2132
2157
2243
2260
2268
2269
2278
2296
2309
2329
2360
2389
2413
2438
2462
2521
2532
2553
2572
2591
2629
2651
2668
2683
2697
2708
2720
2730
2763
2779
2792
2803
2811
2808
2799
2797
2786
2745
2727
2709
2691
2677
2666
2658
2643
2549
2510
2472
2437
2412
2328
2291
2255
2217
2181
2146
2108
2078
1957
1937
1914
1896
1794
1774
1759
1744
1694
1679
1662
1645
1631
1600
1585
1575
1571
1564
1560
1549
1547
1556
1567
1570
1575
1601
1614
1638
1662
1684
1756
1774
1795
1821
1843
1864
1880
1902
1980
1992
2011
2031
2064
2072
2082
2090
2109
2106
2103
2099
2102
2092
2080
2078
2075
2071
2066
2057
2054
2023
2017
2012
2006
1980
1968
1958
1954
1891
1876
1862
1845
1827
1767
1747
1726
1710
1692
1671
1653
1637
1542
1520
1501
1487
1475
1478
1474
1472
1479
1493
1511
1525
1539
1552
1565
1583
1600
1706
1732
1763
1792
1897
1925
1951
1975
2003
2080
2101
2116
2141
2159
2173
2184
2199
2218
2224
2228
2230
2245
2256
2270
2279
2313
2320
2327
2341
2354
2362
2362
2367
2372
2375
2377
2380
2382
2358
2352
2351
2343
2313
2308
2309
2304
2301
2260
2242
2221
2211
2200
2187
2178
2170
2118
2103
2096
2097
2052
2050
2049
2047
1998
1989
1984
1982
1986
1987
1982
1974
1969
1965
1958
1962
1960
1937
1933
1927
1921
1882
1869
1865
1867
1873
1855
1856
1852
1849
1855
1859
1865
1872
1897
1906
1918
1931
1968
1975
1991
2007
2057
2066
2080
2089
2095
2109
2112
2117
2120
2126
2132
2144
2147
2169
2170
2173
2179
2208
2211
2214
2221
2229
2237
2235
2234
2225
2224
2221
2224
2227
2209
2200
2192
2186
2178
2164
2155
2149
2145
2121
2119
2111
2099
2096
2083
2079
2076
2067
2031
2022
2014
2001
1984
1970
1965
1963
1927
1912
1907
1904
1896
1892
1890
1883
1880
1880
1883
1877
1878
1883
1887
1881
1884
1890
1889
1900
1905
1921
1918
1918
1913
1911
1926
1925
1928
1927
1923
1922
1931
1940
1967
1971
1988
2001
2031
2034
2046
2051
2064
2067
2063
2061
2056
2059
2058
2057
2058
2062
2054
2056
2056
2030
2029
2029
2036
2035
2038
2038
2041
2040
2021
2024
2029
2036
2036
2036
2042
2040
2042
2039
2043
2041
2041
2040
2035
2035
2033
2017
2015
2010
2004
1994
1983
1983
1982
1973
1961
1964
1962
1955
1953
1953
1950
1952
1942
1938
1937
1935
1934
1942
1943
1947
1950
1948
1951
1959
1967
1974
1986
1992
1994
1995
2010
2016
2021
2026
2028
2032
2036
2039
2046
2045
2038
2035
2042
2052
2061
2066
2071
2086
2087
2091
2094
2095
2091
2091
2095
2105
2100
2104
2102
2088
2088
2083
2090
2079
2076
2083
2090
2091
2077
2077
2067
2057
2057
2056
2049
2043
2053
2055
2050
2053
2061
2059
2055
2054
2053
2042
2043
2044
2044
2039
2037
2037
2035
2020
2015
2015
2019
2007
2000
2002
2000
2000
2003
2001
1998
1998
2005
2008
2015
2018
2033
2033
2034
2039
2048
2052
2059
2065
2087
2085
2086
2089
2089
2107
2104
2106
2108
2105
2105
2102
2099
2084
2081
2073
2066
2034
2028
2028
2023
2011
2011
2010
2010
2006
1993
1987
1983
1980
1977
1978
1974
1974
1971
1973
1973
1972
1966
1963
1957
1955
1958
1953
1951
1951
1949
1944
1945
1945
1940
1936
1931
1933
1938
1942
1945
1945
1947
1970
1974
1973
1979
1986
1998
2000
1999
2002
2007
2011
2017
2023
2030
2033
2043
2049
2056
2066
2072
2081
2084
2079
2077
2073
2074
2071
2070
2073
2078
2089
2087
2086
2086
2090
2074
2061
2059
2059
2059
2063
2067
2066
2064
2067
2051
2048
2046
2040
2040
2037
2035
2037
2042
2043
2035
2033
2035
2036
2032
2028
2030
2036
2037
2035
2031
2021
2022
2020
2012
2019
2018
2019
2014
2008
2006
2003
2009
2012
2013
2010
2005
2000
1995
1994
1992
1995
1986
1987
1991
1996
2003
1994
1990
1989
1983
1986
1984
1991
1994
2013
2012
2011
2015
2030
2027
2027
2031
2040
2038
2038
2036
2034
2034
2041
2045
2046
2052
2057
2056
2059
2072
2073
2073
2074
2072
2073
2073
2070
2066
2067
2062
2056
2052
2048
2044
2041
2039
2026
2021
2010
2008
1979
1979
1973
1970
1969
1961
1955
1949
1946
1948
1946
1947
1949
1956
1964
1974
1985
1995
2005
2018
2032
2038
2058
2055
2055
2050
2057
2065
2060
2057
2058
2043
2041
2040
2039
2038
2043
2038
2037
2019
2019
2021
2020
2003
2004
2005
2009
2007
2005
2011
2019
2029
2035
2041
2048
2055
2065
2072
2076
2079
2094
2094
2094
2093
2100
2095
2094
2093
2087
2079
2072
2066
2057
2022
2007
1993
1984
1928
1921
1917
1908
1885
1888
1887
1893
1905
1920
1925
1935
1949
1964
1976
1990
2007
2047
2058
2064
2078
2111
2113
2117
2113
2115
2111
2116
2113
2107
2087
2087
2088
2086
2082
2081
2074
2073
2062
2057
2057
2058
2043
2041
2037
2033
2038
2040
2037
2034
2029
2027
2025
2020
2019
2021
2019
2019
2020
2029
2027
2026
2027
2028
2028
2028
2022
2024
2017
2003
1989
1975
1964
1963
1980
1995
2021
2028
2035
2039
2046
2045
2056
2070
2083
2079
2077
2076
2084
2086
2092
2097
2092
2085
2103
2108
2117
2106
2107
2116
2118
2119
2119
2117
2119
2119
2124
2124
2124
2121
2118
2111
2102
2095
2059
2049
2035
2027
1976
1957
1935
1926
1911
1872
1860
1850
1846
1845
1843
1836
1826
1803
1799
1801
1810
1825
1823
1820
1826
1831
1846
1856
1869
1881
1892
1898
1899
1901
1906
1903
1906
1909
1929
1935
1939
1944
1945
1949
1952
1953
1958
1987
1997
2009
2013
2020
2029
2040
2049
2089
2102
2115
2127
2154
2163
2174
2190
2202
2202
2195
2193
2193
2189
2182
2185
2186
2145
2133
2122
2111
2049
2044
2034
2018
1961
1943
1925
1916
1901
1863
1846
1832
1819
1807
1802
1806
1812
1777
1775
1770
1759
1724
1700
1684
1673
1637
1636
1633
1636
1640
1654
1659
1675
1679
1690
1700
1708
1711
1726
1735
1747
1764
1737
1719
1715
1704
1701
1769
1803
1842
1881
1919
1954
1991
2020
2167
2214
2255
2311
2562
2627
2688
2744
2809
2999
3065
3136
3212
3286
3359
3445
3528
3758
3793
3822
3846
3918
3933
3940
3948
3943
3931
3907
3873
3836
3702
3655
3610
3560
3506
3438
3362
3281
2935
2842
2742
2637
2227
2123
2018
1904
1779
1380
1244
1109
983
867
767
679
603
339
289
243
206
153
153
149
146
141
128
126
123
119
119
119
117
118
124
127
130
137
166
180
201
231
443
510
573
639
716
955
1037
1118
1208
1300
1396
1484
1572
1924
2009
2090
2164
2441
2503
2565
2627
2845
2896
2945
2989
3026
3122
3140
3153
3159
3156
3143
3133
3117
3029
2998
2970
2938
2820
2785
2751
2728
2706
2597
2555
2502
2453
2397
2337
2281
2238
2073
2041
2009
1976
1874
1854
1831
1822
1810
1809
1807
1804
1811
1823
1828
1839
1848
1859
1868
1886
1898
1913
1921
1930
1934
1966
1977
1985
1996
2005
2034
2043
2053
2071
2093
2114
2135
2150
2239
2272
2311
2346
2439
2466
2492
2522
2650
2686
2721
2758
2789
2873
2903
2928
2949
2966
2983
3003
3006
3009
3006
2995
2986
2907
2876
2842
2804
2763
2630
2580
2528
2479
2424
2371
2313
2253
2034
1978
1919
1865
1667
1624
1584
1546
1512
1406
1377
1351
1329
1308
1285
1264
1250
1240
1247
1254
1254
1276
1295
1316
1334
1399
1411
1428
1440
1453
1513
1531
1557
1577
1601
1621
1644
1666
1738
1763
1793
1807
1885
1911
1936
1961
1986
2051
2075
2100
2122
2134
2149
2165
2180
2192
2200
2209
2211
2224
2231
2226
2228
2208
2206
2201
2191
2184
2148
2134
2122
2113
2102
2089
2074
2061
1982
1969
1950
1930
1868
1845
1819
1800
1790
1741
1727
1715
1705
1698
1696
1691
1684
1671
1673
1681
1686
1733
1753
1767
1786
1852
1868
1884
1903
1920
1978
1994
2011
2034
2058
2071
2087
2110
2177
2194
2205
2227
2266
2268
2271
2279
2284
2289
2296
2297
2304
2305
2305
2313
2318
2346
2358
2368
2374
2364
2361
2356
2355
2340
2336
2331
2325
2319
2298
2290
2277
2265
2257
2245
2237
2228
2206
2200
2189
2175
2109
2094
2080
2062
2038
1973
1952
1934
1914
1892
1869
1845
1822
1731
1710
1699
1682
1618
1604
1594
1586
1546
1542
1535
1532
1528
1530
1535
1543
1543
1546
1559
1570
1585
1646
1672
1698
1727
1842
1871
1908
1945
1980
2070
2099
2132
2157
2184
2204
2227
2254
2337
2350
2366
2381
2443
2453
2467
2472
2493
2500
2509
2514
2515
2508
2499
2501
2496
2487
2483
2481
2469
2439
2432
2422
2409
2354
2335
2327
2319
2313
2268
2251
2240
2230
2217
2195
2175
2154
2074
2051
2030
2012
1935
1914
1891
1875
1795
1776
1765
1750
1742
1721
1712
1703
1699
1694
1683
1677
1681
1686
1686
1687
1695
1738
1741
1751
1763
1769
1807
1818
1832
1847
1858
1865
1878
1887
1935
1946
1964
1974
2012
2013
2025
2034
2049
2041
2037
2033
2030
2020
2011
2006
2008
2011
2012
2011
2012
2002
2003
2000
1999
1988
1994
1999
2005
2005
2009
2007
2005
2007
2012
2013
2012
2020
2022
2024
2025
2027
2029
2031
2026
2027
2026
2020
2021
2024
2020
2019
2017
2013
2013
1979
1968
1963
1956
1926
1922
1916
1916
1924
1926
1935
1946
1950
1968
1970
1976
1986
1996
2007
2018
2027
2064
2076
2095
2106
2131
2145
2157
2167
2171
2192
2206
2211
2210
2215
2219
2218
2215
2227
2227
2228
2227
2216
2212
2206
2206
2179
2173
2166
2153
2144
2122
2114
2106
2096
2082
2069
2059
2049
2035
2033
2023
2017
1981
1974
1971
1969
1970
1970
1968
1964
1967
1968
1966
1960
1954
1960
1953
1958
1967
1976
1979
1983
1985
1991
1982
1975
1968
1967
1965
1966
1961
1956
1949
1947
1944
1943
1958
1964
1969
1973
1975
1983
1986
1998
2009
2027
2031
2038
2044
2049
2053
2062
2068
2084
2086
2083
2085
2082
2075
2070
2067
2063
2039
2034
2028
2027
2021
2018
2015
2015
1983
1980
1972
1961
1942
1942
1938
1933
1926
1924
1927
1927
1936
1938
1943
1956
1962
1966
1966
1967
1973
1997
2002
2007
2015
2036
2040
2052
2053
2054
2062
2062
2065
2066
2065
2065
2063
2058
2042
2044
2052
2049
2033
2035
2034
2031
2015
2024
2023
2024
2029
2028
2031
2028
2030
2030
2036
2045
2052
2074
2081
2087
2085
2108
2114
2124
2138
2146
2160
2160
2163
2162
2159
2160
2166
2167
2154
2151
2149
2150
2129
2116
2108
2093
2084
2056
2040
2029
2020
2013
2001
1988
1979
1942
1934
1924
1916
1907
1903
1898
1894
1891
1897
1893
1891
1891
1893
1901
1906
1914
1919
1937
1938
1953
1959
1955
1954
1959
1965
1984
1990
1996
1998
1987
1991
1997
2004
2008
1994
1992
1988
1985
1982
1979
1988
1993
2001
2004
2008
2007
2028
2034
2041
2043
2058
2068
2080
2089
2089
2099
2101
2106
2114
2113
2114
2109
2109
2088
2092
2096
2098
2077
2067
2064
2063
2059
2036
2034
2034
2033
2035
2034
2033
2034
2024
2021
2022
2018
1989
1987
1988
1986
1967
1964
1966
1972
1979
1989
1988
1989
1989
1980
1978
1978
1980
2024
2074
2101
2052
1607
1610
1667
1770
1882
2124
2165
2181
2203
2229
2246
2254
2237
2153
2186
2239
2288
2149
2073
2027
2013
2125
2128
2127
2117
2107
2057
2030
2013
1999
1988
1985
1998
2028
2077
2055
2046
2039
2033
2066
2115
2174
2227
2186
2107
2039
1987
1953
1941
1953
1979
2092
2107
2115
2105
1992
1983
1982
1978
1978
1974
1969
1966
1967
1956
1937
1910
1883
1866
1889
1926
1963
2027
2005
1967
1924
1794
1796
1814
1835
1855
1889
1905
1916
1939
1961
1991
2033
2069
2102
2101
2099
2108
2147
2158
2162
2161
2161
2072
2044
2032
2028
2027
2036
2044
2059
2101
2095
2085
2069
1939
1920
1903
1898
1953
1964
1968
1966
1960
1893
1879
1863
1858
1850
1852
1862
1875
1928
1930
1935
1936
1931
1939
1940
1931
1926
1896
1888
1884
1886
1890
1883
1871
1866
1774
1739
1712
1684
1578
1555
1534
1519
1523
1523
1524
1531
1534
1583
1607
1637
1668
1697
1710
1714
1724
1742
1744
1756
1784
1976
2040
2099
2156
2203
2330
2380
2435
2496
2569
2652
2740
2823
3088
3132
3172
3209
3378
3430
3477
3525
3675
3700
3728
3758
3791
3788
3749
3719
3688
3652
3623
3592
3566
3482
3464
3441
3412
3141
3052
2962
2863
2759
2455
2360
2260
2159
2061
1972
1889
1812
1452
1359
1261
1162
763
665
572
472
148
129
122
118
117
110
108
106
109
111
111
110
110
116
119
124
126
215
262
328
405
495
763
863
972
1076
1195
1318
1438
1551
1947
2038
2127
2211
2527
2593
2656
2727
2965
3016
3062
3105
3142
3168
3167
3158
3138
3111
3082
3046
3015
2852
2804
2753
2713
2516
2448
2382
2315
2252
2091
2041
1989
1943
1894
1845
1792
1732
1470
1412
1353
1305
1153
1124
1103
1080
1006
997
987
984
999
1056
1082
1114
1161
1207
1257
1311
1367
1579
1640
1699
1757
2009
2083
2157
2228
2308
2530
2606
2685
2762
2836
2905
2969
3030
3242
3293
3342
3386
3524
3552
3577
3592
3603
3601
3590
3582
3582
3552
3541
3523
3500
3465
3429
3395
3355
3173
3131
3081
3027
2758
2687
2618
2548
2474
2264
2202
2137
2076
2017
1956
1897
1839
1603
1562
1514
1478
1348
1317
1291
1265
1187
1169
1154
1143
1133
1107
1101
1098
1089
1078
1071
1063
1058
1056
1061
1068
1074
1138
1165
1191
1227
1266
1384
1427
1470
1513
1557
1599
1635
1680
1826
1859
1895
1930
2059
2088
2113
2137
2218
2235
2257
2275
2291
2327
2332
2340
2349
2355
2359
2368
2366
2352
2351
2339
2323
2249
2229
2211
2193
2179
2135
2122
2105
2084
2064
2045
2025
2008
1917
1902
1884
1866
1800
1778
1766
1750
1718
1712
1704
1700
1694
1689
1691
1688
1688
1686
1687
1700
1708
1763
1778
1792
1808
1874
1895
1915
1938
1960
2036
2059
2085
2105
2125
2142
2167
2188
2289
2318
2341
2366
2434
2445
2457
2474
2530
2544
2548
2549
2555
2547
2543
2540
2540
2528
2516
2502
2481
2409
2382
2362
2341
2246
2220
2201
2182
2161
2080
2050
2024
2001
1980
1960
1937
1910
1808
1785
1761
1742
1670
1657
1645
1635
1594
1584
1580
1566
1560
1540
1538
1538
1532
1535
1537
1541
1547
1570
1575
1580
1585
1621
1640
1653
1666
1675
1721
1736
1749
1762
1779
1800
1818
1831
1912
1933
1961
1986
2080
2102
2126
2144
2209
2226
2236
2253
2263
2281
2293
2311
2328
2339
2355
2364
2370
2393
2402
2412
2418
2446
2447
2454
2461
2468
2471
2464
2458
2456
2456
2457
2453
2448
2434
2425
2411
2398
2382
2376
2373
2358
2352
2298
2281
2275
2261
2248
2233
2220
2202
2193
2154
2138
2119
2107
2095
2071
2051
2030
1954
1942
1933
1920
1876
1864
1850
1835
1836
1805
1797
1789
1782
1781
1785
1784
1787
1785
1788
1791
1793
1821
1827
1830
1840
1871
1877
1891
1898
1907
1930
1939
1941
1942
1948
1958
1969
1974
2008
2014
2019
2020
2034
2033
2038
2041
2058
2051
2047
2045
2041
2023
2015
2002
1989
1988
1985
1981
1975
1948
1948
1945
1937
1910
1909
1910
1910
1906
1889
1877
1875
1869
1862
1855
1847
1841
1819
1813
1815
1820
1838
1849
1853
1860
1895
1900
1911
1924
1934
1966
1976
1987
2003
2018
2033
2041
2056
2098
2102
2111
2128
2178
2186
2192
2197
2202
2206
2213
2217
2220
2225
2232
2238
2242
2231
2230
2223
2221
2204
2204
2199
2203
2178
2174
2174
2170
2159
2151
2148
2140
2140
2135
2136
2136
2137
2107
2103
2098
2100
2076
2064
2058
2056
2057
2040
2038
2041
2046
2046
2046
2044
2036
2010
2013
2014
2011
2000
1993
1988
1989
1966
1963
1962
1957
1954
1951
1949
1939
1931
1920
1918
1913
1911
1927
1929
1936
1937
1931
1934
1934
1928
1929
1930
1930
1923
1917
1912
1913
1914
1916
1933
1934
1937
1946
1962
1968
1981
1996
2016
2023
2031
2038
2049
2059
2065
2067
2066
2065
2061
2057
2057
2081
2079
2075
2072
2062
2060
2058
2053
2054
2041
2035
2031
2026
2017
2018
2019
2019
2024
2018
2021
2026
2031
2034
2036
2035
2027
2025
2029
2032
2030
2023
2019
2019
2017
2011
2010
2023
2033
2035
2040
2050
2057
2050
2048
2046
2037
2036
2044
2045
2050
2052
2054
2058
2064
2067
2087
2089
2089
2087
2082
2074
2067
2074
2073
2075
2071
2067
2066
2053
2053
2058
2062
2068
2069
2068
2063
2061
2058
2055
2048
2021
2016
2018
2021
2020
1999
1992
1990
1985
1978
1978
1977
1972
1960
1959
1963
1970
1965
1968
1973
1982
1986
1973
1978
1986
1993
1997
2002
2003
2006
2004
2010
2010
2015
2020
2022
2017
2014
2015
2016
2022
2026
2017
2013
2010
2008
2004
1985
1983
1983
1983
1976
1961
1955
1961
1962
1963
1967
1974
1978
1978
1988
1992
1994
2010
2015
2020
2016
2009
2030
2039
2039
2041
2047
2059
2073
2078
2099
2094
2095
2098
2109
2115
2118
2117
2109
2111
2115
2114
2107
2108
2115
2116
2109
2107
2107
2111
2100
2061
2054
2058
2061
2047
2044
2042
2038
2036
1992
1982
1983
1983
1986
1973
1963
1957
1941
1937
1934
1928
1902
1901
1902
1901
1901
1900
1894
1895
1903
1901
1907
1908
1910
1918
1914
1916
1925
1940
1951
1960
1971
1984
1991
1999
2007
2012
2043
2046
2055
2067
2075
2077
2083
2085
2082
2091
2097
2104
2115
2119
2111
2118
2128
2134
2137
2138
2140
2138
2134
2132
2137
2131
2126
2121
2121
2098
2098
2099
2091
2115
2140
2154
2141
1912
1859
1832
1823
1827
1944
1983
2013
2043
2062
2061
2059
2062
2046
2055
2046
2024
2011
2024
2046
2073
2094
2085
2073
2067
2073
2086
2100
2111
2115
2050
2021
2004
1984
1952
1975
2014
2068
2118
2150
2116
2066
2014
1978
1956
1969
2003
2097
2090
2075
2048
1991
1971
1953
1947
2061
2085
2090
2083
2070
2000
1997
2006
2021
2033
2042
2048
2051
1985
1957
1925
1885
1860
1890
1914
1926
1930
1887
1866
1845
1840
1859
1879
1909
1947
2071
2080
2082
2079
2060
2063
2070
2070
2030
2005
1973
1938
1908
1863
1865
1866
1882
1903
1920
1932
1940
1973
1979
1980
1992
2062
2083
2094
2097
2033
2013
2004
2000
1996
1995
1985
1973
1954
1937
1924
1920
1922
1966
1983
1992
2004
2049
2046
2042
2038
2043
2005
1990
1970
1952
1933
1918
1894
1872
1798
1781
1768
1761
1732
1733
1738
1738
1751
1751
1748
1747
1750
1746
1741
1733
1729
1721
1715
1713
1715
1727
1744
1857
1896
1932
1968
2170
2231
2298
2373
2666
2733
2798
2864
3077
3123
3170
3222
3262
3357
3389
3414
3436
3457
3476
3494
3506
3531
3542
3550
3554
3545
3445
3392
3332
3275
3221
3162
3105
3044
2834
2761
2680
2595
2511
2427
2339
2245
2139
1813
1699
1586
1473
1368
1266
1171
1083
741
667
601
531
460
275
235
193
168
161
154
153
149
155
166
171
180
217
239
266
303
348
546
626
708
793
895
996
1092
1198
1645
1762
1874
1977
2382
2470
2561
2646
2737
2970
3045
3112
3173
3232
3281
3318
3352
3370
3351
3328
3293
3163
3118
3075
3020
2694
2594
2496
2406
2321
2051
1962
1877
1794
1707
1622
1541
1458
1179
1109
1058
1006
795
748
704
668
633
559
548
541
540
549
558
577
594
723
779
850
932
1313
1426
1547
1664
2124
2246
2370
2482
2595
2921
3019
3113
3202
3295
3383
3469
3555
3807
3860
3903
3939
4032
4039
4040
4041
4040
4015
3988
3956
3924
3883
3843
3803
3758
3558
3504
3452
3404
3171
3106
3040
2971
2679
2606
2526
2451
2372
2128
2053
1970
1893
1823
1755
1679
1605
1384
1336
1290
1242
1090
1059
1034
1013
963
952
953
955
954
977
988
1003
1021
1041
1069
1102
1128
1242
1275
1306
1328
1421
1433
1455
1471
1499
1540
1550
1560
1564
1576
1586
1595
1595
1613
1621
1629
1636
1678
1689
1704
1718
1765
1775
1782
1790
1804
1845
1867
1883
1894
1909
1925
1946
1963
2038
2055
2068
2091
2173
2190
2203
2223
2235
2248
2248
2245
2248
2256
2269
2274
2280
2307
2309
2314
2322
2322
2315
2307
2298
2254
2238
2217
2191
2174
2090
2071
2047
2023
1999
1977
1959
1941
1882
1868
1858
1853
1813
1818
1823
1831
1838
1868
1881
1900
1922
1942
1967
1992
2024
2134
2164
2196
2220
2312
2325
2341
2358
2403
2401
2408
2411
2420
2437
2442
2447
2445
2443
2445
2456
2461
2467
2471
2464
2454
2413
2400
2382
2372
2357
2294
2276
2257
2233
2208
2177
2150
2131
2026
1993
1965
1937
1818
1795
1768
1744
1631
1606
1580
1550
1527
1475
1459
1443
1435
1426
1419
1408
1402
1396
1392
1394
1401
1433
1448
1468
1486
1509
1570
1590
1608
1637
1670
1698
1728
1753
1862
1881
1906
1932
2019
2036
2051
2071
2140
2156
2167
2181
2193
2228
2244
2263
2279
2288
2308
2328
2345
2377
2388
2396
2407
2424
2419
2414
2415
2415
2407
2397
2392
2385
2379
2381
2380
2372
2381
2383
2375
2368
2349
2341
2337
2327
2278
2265
2255
2245
2232
2190
2181
2169
2160
2149
2142
2124
2106
2057
2049
2031
2013
1958
1943
1934
1923
1911
1890
1882
1875
1865
1861
1852
1844
1837
1831
1836
1837
1838
1830
1826
1824
1823
1852
1861
1879
1892
1897
1917
1927
1934
1944
1956
1966
1984
1997
2042
2048
2060
2075
2102
2102
2108
2114
2114
2118
2112
2109
2109
2109
2108
2110
2117
2083
2072
2060
2051
1984
1966
1949
1929
1865
1850
1837
1820
1800
1769
1760
1753
1746
1742
1736
1734
1727
1722
1718
1721
1726
1742
1749
1769
1784
1798
1815
1832
1839
1846
1857
1877
1897
1911
1984
2001
2021
2034
2082
2095
2111
2121
2195
2204
2210
2216
2226
2238
2247
2259
2265
2265
2264
2276
2286
2297
2294
2294
2294
2299
2299
2298
2296
2293
2268
2255
2246
2238
2229
2224
2220
2214
2163
2150
2140
2123
2057
2045
2041
2036
2026
2007
2003
1993
1989
1990
1982
1979
1983
1986
1987
1990
1997
1998
2003
2001
2009
2015
2007
2020
2026
2036
2038
2041
2037
2034
2029
2020
2016
2016
2024
2026
2029
2027
2027
2011
2006
2003
2000
1971
1967
1961
1958
1929
1918
1916
1915
1906
1887
1891
1892
1889
1892
1894
1894
1889
1875
1881
1882
1882
1874
1874
1877
1881
1880
1893
1897
1902
1907
1910
1918
1930
1936
1968
1980
2001
2015
2035
2040
2051
2063
2093
2096
2096
2105
2110
2115
2119
2112
2116
2113
2115
2119
2115
2103
2097
2102
2102
2099
2096
2090
2084
2084
2077
2067
2058
2052
2049
2036
2032
2032
2004
2002
2001
1995
1974
1974
1966
1959
1949
1955
1961
1961
1962
1955
1960
1969
1975
1980
1979
1987
1989
2022
2032
2043
2051
2089
2091
2095
2097
2104
2113
2114
2119
2128
2134
2137
2139
2140
2132
2138
2142
2139
2115
2118
2114
2106
2088
2076
2068
2061
2057
2063
2056
2054
2050
2047
2036
2037
2030
2006
2000
1996
1992
1967
1967
1966
1964
1963
1955
1953
1954
1955
1957
1957
1955
1961
1968
1974
1977
1984
1994
1993
2000
2005
2027
2022
2029
2036
2046
2048
2051
2046
2045
2037
2035
2037
2037
2009
2013
2011
2012
2007
2006
2008
2006
2009
1996
1994
1988
1984
1986
1982
1992
1995
1998
1999
2002
2005
2006
2010
2024
2030
2056
2059
2065
2074
2074
2074
2069
2069
2072
2078
2083
2085
2087
2083
2078
2074
2072
2070
2069
2068
2066
2065
2051
2040
2031
2025
2017
2011
2007
2005
1992
1988
1983
1975
1952
1952
1948
1936
1916
1908
1902
1902
1904
1900
1895
1896
1903
1902
1910
1915
1920
1922
1925
1927
1935
1962
1973
1984
1990
1997
2010
2021
2032
2047
2061
2073
2087
2094
2132
2131
2129
2132
2158
2162
2167
2174
2176
2190
2191
2186
2189
2186
2183
2186
2187
2179
2175
2170
2171
2162
2157
2150
2147
2138
2117
2112
2100
2088
2079
2072
2063
2051
2058
2124
2119
2099
2065
2024
1973
1915
1851
1770
1788
1806
1814
1890
1944
1993
2020
1917
1885
1852
1833
1824
1880
1927
1976
2025
2081
2121
2142
2145
2078
2052
2034
2028
2088
2115
2134
2141
2149
2105
2071
2031
2004
1998
2019
2060
2108
2142
2132
2116
2100
2030
2033
2037
2057
2056
2038
2033
2038
2045
2100
2102
2092
2072
2044
2001
1971
1954
1969
1968
1952
1922
1783
1774
1774
1780
1802
1886
1923
1961
1993
2014
2020
2017
2010
1978
1980
1994
2015
2115
2119
2118
2106
1977
1945
1916
1900
1900
1928
1946
1965
1979
1986
1983
1975
1974
1980
2006
2035
2068
2174
2208
2233
2256
2253
2228
2197
2172
2145
2066
2049
2037
2027
2019
2020
2020
2021
1957
1924
1896
1876
1907
1934
1960
1992
2024
2066
2067
2058
2046
2039
2032
2024
2011
1998
1992
1989
1985
1902
1884
1870
1857
1832
1828
1816
1802
1800
1792
1802
1811
1825
1834
1835
1830
1820
1795
1806
1814
1823
1882
1900
1913
1930
1945
1989
2007
2021
2039
2054
2062
2074
2082
2114
2126
2145
2165
2199
2236
2279
2330
2371
2469
2485
2499
2501
2502
2500
2494
2491
2488
2515
2532
2551
2578
2601
2629
2654
2672
2641
2623
2606
2597
2603
2608
2610
2607
2565
2555
2549
2542
2539
2517
2514
2510
2500
2473
2433
2382
2330
2141
2106
2083
2057
1900
1852
1806
1762
1717
1580
1541
1506
1473
1452
1432
1412
1389
1280
1270
1267
1269
1276
1278
1281
1284
1285
1296
1304
1317
1329
1341
1352
1360
1371
1393
1410
1424
1449
1488
1529
1569
1613
1653
1782
1810
1832
1851
1865
1882
1902
1911
1972
1984
1985
1987
1991
1951
1931
1902
1872
1848
1821
1805
1790
1721
1706
1687
1654
1511
1488
1474
1466
1461
1485
1503
1515
1538
1564
1589
1613
1643
1732
1744
1767
1786
1876
1898
1928
1960
2069
2092
2113
2134
2143
2167
2181
2199
2225
2247
2268
2308
2346
2450
2474
2499
2539
2690
2736
2783
2832
2879
3006
3043
3075
3113
3153
3183
3224
3252
3298
3301
3302
3295
3233
3217
3190
3170
3058
3027
2995
2962
2927
2819
2784
2743
2695
2647
2599
2550
2499
2290
2241
2192
2138
1927
1875
1825
1778
1731
1631
1605
1578
1554
1536
1522
1512
1506
1506
1510
1511
1517
1527
1526
1526
1523
1521
1519
1521
1518
1515
1504
1500
1495
1489
1486
1484
1479
1470
1479
1482
1489
1496
1497
1497
1490
1488
1489
1502
1506
1512
1518
1522
1522
1529
1530
1519
1519
1527
1543
1627
1654
1678
1697
1798
1827
1854
1886
1916
1999
2023
2048
2066
2089
2104
2119
2132
2149
2153
2165
2167
2171
2178
2184
2188
2192
2214
2220
2237
2252
2263
2278
2292
2307
2348
2364
2376
2389
2423
2434
2443
2448
2441