2066
2068
2042
2040
2037
2036
2028
2027
2018
2013
2004
2006
2012
2018
2018
2029
2029
2032
2040
2046
2045
2045
2039
2041
2046
2047
2050
2059
2056
2054
2054
2058
2060
2057
2056
2059
2062
2061
2059
2061
2048
2046
2045
2046
2036
2034
2035
2031
2020
2018
2012
2003
1999
1988
1981
1967
1962
1965
1963
1955
1953
1953
1958
1965
1966
1971
1974
1975
1990
2004
2004
2002
1998
1998
2004
2014
2017
2019
1975
2010
2099
2185
2099
2053
1998
1959
1947
1981
2012
2033
2048
2107
2087
2111
2158
2160
2142
2147
2148
2094
2091
2073
2056
2073
2095
2110
2104
2095
2066
2041
2031
2020
2014
2002
2001
1996
1934
1932
1923
1906
1889
1889
1909
1931
1946
1941
1929
1917
1917
1943
1940
1945
1957
1967
1973
1990
2018
2018
2013
2017
2020
2072
2076
2067
2058
2054
2066
2075
2093
2113
2125
2115
2098
2099
2065
2061
2066
2071
2128
2131
2118
2111
2054
2049
2043
2042
2048
2059
2068
2075
2078
2076
2070
2059
2047
1977
1968
1967
1970
1992
1996
1990
1981
1979
1976
1978
1988
2014
2037
2059
2071
2083
2036
2020
2016
2009
1948
1934
1911
1893
1864
1879
1896
1907
1911
1881
1864
1835
1806
1789
1781
1779
1775
1831
1849
1860
1863
1883
1903
1940
1969
2007
2123
2154
2183
2211
2252
2297
2349
2398
2552
2587
2615
2642
2676
2672
2667
2657
2551
2513
2471
2431
2393
2251
2192
2137
2085
2030
1974
1923
1874
1636
1592
1566
1532
1158
1373
1665
1992
2237
1723
1494
1254
992
821
772
784
854
1409
1519
1632
1687
1925
1978
2054
2173
2159
2179
2149
2094
2111
2366
2497
2636
2727
2752
2769
2795
2806
2736
2744
2765
2763
2586
2537
2498
2441
2369
2195
2166
2221
2322
2383
2363
2304
2205
1605
1557
1549
1580
1660
1691
1738
1786
1784
1727
1686
1692
1769
2045
2076
2065
2044
2017
2004
2002
2030
2265
2265
2234
2180
1860
1789
1730
1700
1712
1936
2021
2076
2089
2050
1948
1827
1743
1584
1646
1706
1754
1862
1794
1727
1649
1304
1279
1282
1316
1377
1599
1629
1649
1679
1706
1728
1757
1807
2170
2288
2380
2426
2430
2451
2502
2564
2645
2761
2756
2705
2630
2556
2499
2475
2488
2731
2758
2751
2708
2447
2414
2411
2431
2497
2481
2440
2379
2302
2009
1934
1878
1841
1830
1831
1848
1861
1782
1748
1699
1648
1589
1611
1649
1682
1708
1653
1616
1584
1561
1543
1536
1543
1564
1603
1589
1580
1558
1559
1589
1621
1649
1709
1701
1690
1701
1735
1915
1994
2072
2122
2142
2142
2149
2150
2154
2178
2219
2264
2446
2484
2510
2509
2498
2499
2497
2504
2521
2544
2555
2569
2591
2631
2624
2601
2560
2377
2329
2292
2252
2132
2121
2117
2112
2107
2082
2053
2026
1996
1966
1935
1908
1897
1869
1862
1829
1790
1636
1599
1582
1572
1563
1575
1599
1617
1627
1643
1660
1673
1680
1712
1732
1756
1788
1919
1948
1971
1984
1988
2009
2002
1987
1977
1965
1959
1955
1951
2001
2003
2015
2038
2052
2053
2072
2099
2111
2133
2137
2134
2139
2146
2150
2161
2171
2196
2251
2258
2261
2258
2248
2235
2239
2258
2307
2321
2329
2322
2303
2311
2313
2313
2298
2288
2276
2269
2258
2244
2238
2224
2215
2213
2196
2157
2109
1987
1960
1949
1936
1859
1848
1827
1799
1776
1721
1712
1706
1700
1690
1678
1670
1665
1626
1619
1616
1605
1589
1602
1626
1653
1732
1760
1782
1801
1828
1903
1930
1963
1992
2015
2041
2068
2091
2121
2118
2120
2134
2174
2179
2179
2179
2186
2198
2207
2229
2238
2250
2263
2270
2277
2269
2268
2259
2250
2238
2233
2226
2218
2198
2188
2186
2180
2178
2159
2157
2148
2147
2139
2127
2118
2110
2039
2030
2022
2013
1966
1944
1922
1902
1879
1816
1799
1790
1779
1770
1749
1740
1735
1737
1738
1752
1763
1808
1823
1834
1852
1906
1912
1924
1939
1949
1969
1978
1985
2000
2017
2029
2045
2052
2084
2092
2111
2120
2119
2121
2119
2113
2117
2129
2130
2131
2126
2115
2112
2117
2121
2113
2113
2104
2099
2094
2095
2097
2103
2107
2107
2109
2112
2108
2117
2122
2120
2121
2125
2123
2124
2119
2109
2106
2107
2103
2093
2093
2088
2082
2080
2050
2046
2039
2037
2030
2020
2017
2017
1974
1964
1951
1945
1927
1929
1927
1921
1913
1917
1924
1922
1927
1943
1950
1952
1963
1969
1976
1981
1986
1969
1969
1972
1977
1979
1983
1990
2001
2008
2033
2047
2058
2071
2080
2088
2104
2119
2133
2130
2125
2125
2127
2134
2132
2132
2102
2094
2091
2089
2096
2090
2094
2093
2086
2076
2070
2067
2065
2044
2041
2033
2025
2011
2012
2007
2002
1952
1944
1934
1929
1929
1906
1898
1893
1891
1893
1896
1902
1899
1897
1900
1900
1899
1913
1920
1927
1934
1940
1957
1964
1967
1972
1974
1976
1983
1990
2027
2031
2035
2037
2060
2063
2062
2068
2073
2075
2072
2069
2065
2066
2069
2069
2064
2053
2047
2041
2033
2042
2046
2045
2050
2059
2057
2061
2062
2063
2060
2057
2043
2040
2039
2027
2023
2023
2025
2028
2024
2022
2020
2020
2025
2022
2020
2036
2029
2025
2025
2030
2028
2033
2041
2048
2048
2054
2052
2026
2026
2021
2020
2017
2030
2033
2037
2043
2052
2055
2058
2056
2073
2071
2072
2075
2070
2072
2065
2067
2068
2066
2066
2065
2060
2058
2055
2051
2049
2049
2030
2028
2021
2015
2010
2009
2013
2017
2011
2012
2015
2015
2000
1998
2002
2011
2007
2006
2004
2007
2018
2016
2015
2014
2019
2028
2021
2023
2032
2038
2034
2037
2048
2059
2060
2060
2064
2068
2076
2072
2070
2067
2061
2062
2060
2052
2021
2020
2019
2018
1994
1991
1985
1988
1986
1984
1984
1984
1984
1992
1995
1998
1999
2003
2001
2005
2006
1994
1993
1986
1987
2003
2007
1998
1997
1996
1984
1975
1969
1978
1982
1990
1997
2005
2000
1997
1996
1999
2009
2011
2025
2030
2045
2046
2048
2056
2066
2070
2071
2068
2068
2072
2074
2069
2070
2060
2061
2065
2060
2055
2046
2044
2045
2045
2038
2041
2043
2045
2046
2047
2048
2053
2041
2039
2041
2043
2039
2037
2038
2034
2029
2034
2036
2038
2036
2036
2043
2042
2036
2032
2023
2019
2020
2015
2012
2005
2006
1999
1988
1983
1987
1989
1978
1983
1987
1984
1983
1981
1976
1971
1976
1974
1976
1977
1971
1976
1978
1981
1980
1980
1984
1988
1991
1993
1998
2002
2001
2011
2021
2030
2036
2054
2059
2060
2061
2065
2070
2076
2079
2079
2074
2074
2066
2068
2077
2076
2074
2076
2079
2080
2077
2071
2054
2053
2056
2052
2051
2043
2043
2040
2041
2039
2042
2040
2036
1997
1991
1993
1991
1966
1954
1941
1944
1945
1934
1929
1928
1926
1931
1933
1932
1938
1948
1946
1947
1953
1957
1964
1966
1970
1974
1984
1986
1997
2006
2014
2023
2012
1988
2000
2120
2153
2171
2157
2132
2103
2068
2021
1987
2009
2035
2057
2134
2142
2138
2142
2131
2147
2161
2169
2175
2145
2136
2129
2136
2145
2159
2173
2180
2195
2169
2140
2116
2068
2064
2061
2055
2049
1998
1985
1968
1950
1931
1920
1925
1943
1990
1987
1980
1965
1887
1888
1902
1920
1935
1949
1954
1952
1945
1941
1939
1930
1928
1973
1991
2017
2035
2048
2054
2062
2067
2061
2073
2072
2078
2086
2090
2090
2086
2075
2058
2020
2012
2004
1997
1997
1997
2008
2024
2030
2011
1990
1966
1932
1944
1959
1975
1965
1945
1914
1883
1856
1830
1841
1855
1877
1904
1934
1961
1977
2004
2014
2025
2045
2126
2139
2151
2155
2148
2117
2117
2118
2127
2135
2138
2133
2113
1965
1935
1925
1910
1909
1917
1922
1925
1928
1928
1932
1944
1950
1945
1939
1935
1920
1830
1812
1799
1787
1767
1775
1785
1794
1805
1827
1837
1851
1874
1904
1949
2002
2064
2222
2276
2324
2368
2423
2478
2539
2605
2672
2871
2924
2964
2998
3023
3042
3045
3052
3057
3045
3031
3014
2989
2956
2920
2878
2821
2596
2509
2420
2333
2238
2140
2042
1939
1838
1492
1379
1276
1178
1098
1018
940
871
814
682
663
651
643
646
668
694
720
938
1000
1065
1127
1189
1392
1444
1497
1568
1652
1726
1796
1867
2032
2069
2124
2220
2355
2505
2645
2748
2817
2729
2648
2519
2370
2245
2138
2052
1996
2021
2059
2094
2134
2162
2183
2195
2215
2242
2278
2313
2326
2342
2252
2250
2267
2316
2692
2780
2855
2904
2930
2928
2931
2932
2936
2953
2971
2985
2992
2874
2795
2726
2675
2640
2637
2610
2556
2011
1834
1674
1554
1467
1362
1367
1378
1380
1365
1340
1301
1261
1144
1154
1173
1219
1489
1547
1602
1654
1698
1826
1878
1917
1945
1957
1945
1916
1877
1597
1527
1452
1404
1481
1525
1564
1567
1469
1446
1458
1505
1562
1703
1718
1715
1694
1649
1583
1503
1426
1345
1402
1484
1565
1975
2058
2139
2225
2312
2677
2811
2940
3054
3149
3218
3270
3300
3285
3264
3234
3214
2981
2904
2817
2735
2673
2517
2482
2458
2434
2412
2386
2357
2320
2217
2177
2137
2110
2073
2018
1960
1907
1851
1602
1522
1437
1361
1301
1257
1219
1190
1185
1144
1132
1116
1100
1090
1095
1114
1154
1455
1529
1597
1660
1811
1845
1865
1880
1896
1934
1932
1923
1911
1906
1902
1907
1927
2051
2093
2140
2173
2310
2342
2393
2449
2664
2694
2710
2714
2690
2556
2509
2468
2439
2416
2395
2372
2350
2205
2163
2128
2102
2089
2109
2134
2164
2192
2216
2240
2264
2283
2291
2277
2257
2239
2222
2200
2178
2156
2140
2125
2136
2157
2176
2194
2216
2231
2251
2271
2265
2255
2244
2223
2208
2194
2170
2150
2053
2016
1975
1925
1874
1820
1755
1684
1620
1473
1441
1417
1387
1362
1343
1328
1319
1312
1301
1313
1332
1363
1395
1431
1465
1493
1656
1692
1731
1766
1878
1901
1920
1941
2061
2097
2146
2191
2234
2376
2422
2467
2503
2536
2571
2597
2623
2689
2702
2704
2700
2576
2524
2472
2421
2378
2266
2235
2202
2175
2155
2141
2127
2119
2131
2152
2168
2189
2229
2225
2224
2212
2194
2128
2099
2068
2038
1997
1955
1906
1851
1651
1613
1586
1561
1449
1427
1404
1385
1288
1274
1259
1252
1249
1251
1252
1249
1240
1241
1247
1258
1275
1436
1488
1548
1605
1869
1937
2007
2078
2151
2369
2437
2496
2544
2582
2619
2650
2670
2741
2752
2760
2757
2737
2718
2696
2669
2563
2540
2521
2504
2485
2408
2379
2351
2325
2300
2269
2238
2216
2135
2116
2100
2079
2055
1980
1964
1952
1950
1950
1949
1955
1960
1981
1992
2005
2014
2024
2041
2051
2059
2060
2049
2037
2024
2004
1972
1939
1904
1870
1836
1801
1652
1620
1595
1582
1524
1517
1518
1524
1535
1590
1610
1640
1668
1686
1705
1725
1744
1797
1807
1825
1848
1928
1950
1972
1993
2083
2099
2119
2136
2155
2184
2191
2201
2211
2219
2232
2235
2240
2253
2257
2261
2265
2278
2276
2269
2272
2270
2279
2277
2277
2279
2277
2279
2280
2284
2284
2286
2288
2288
2278
2275
2266
2254
2240
2184
2164
2137
2105
2068
2040
2012
1984
1894
1878
1862
1850
1786
1777
1773
1763
1701
1684
1669
1660
1661
1657
1654
1654
1662
1677
1686
1698
1705
1800
1831
1864
1893
1974
1992
2014
2032
2085
2094
2099
2097
2107
2129
2137
2148
2161
2168
2179
2183
2191
2218
2233
2246
2257
2296
2307
2304
2303
2302
2301
2302
2299
2294
2286
2282
2274
2260
2212
2208
2200
2189
2146
2127
2107
2098
2086
2027
2009
1994
1972
1954
1935
1916
1895
1815
1795
1779
1767
1712
1706
1706
1714
1719
1718
1725
1741
1761
1771
1787
1805
1825
1908
1928
1949
1967
2019
2037
2047
2053
2060
2058
2059
2061
2062
2049
2040
2032
2032
2030
2023
2026
2030
2026
2014
2006
2010
2011
2015
2010
2009
2006
1988
1989
1991
1990
1986
1989
1985
1990
2000
2030
2034
2043
2055
2073
2081
2087
2098
2125
2135
2137
2142
2145
2142
2128
2123
2078
2070
2062
2052
2039
2002
2001
1996
1986
1973
1970
1970
1967
1970
1969
1974
1975
1980
1978
1979
1982
1987
2014
2023
2034
2041
2045
2048
2051
2051
2077
2086
2095
2105
2137
2139
2146
2150
2128
2127
2122
2113
2106
2087
2076
2063
2053
2043
2038
2031
2026
2004
2001
1995
1995
2007
2010
2014
2017
2024
2048
2062
2070
2071
2078
2080
2092
2103
2122
2124
2129
2134
2127
2127
2124
2129
2129
2112
2108
2102
2091
2078
2068
2065
2057
2025
2019
2011
1999
1984
1969
1955
1942
1930
1909
1905
1905
1901
1898
1899
1900
1904
1906
1921
1926
1934
1940
1945
1949
1954
1958
1977
1983
1983
1985
1982
1981
1975
1970
1957
1953
1955
1953
1951
1921
1913
1909
1910
1914
1916
1918
1916
1911
1918
1910
1913
1930
1939
1944
1947
1955
1984
1988
1997
2009
2021
2032
2040
2048
2091
2105
2116
2126
2127
2130
2133
2131
2137
2122
2111
2107
2106
2096
2095
2094
2091
2088
2084
2079
2074
2076
2075
2081
2085
2093
2092
2089
2087
2088
2085
2082
2078
2080
2085
2082
2082
2076
2066
2064
2062
2063
2046
2049
2044
2040
2032
2028
2020
2017
2014
1985
1976
1969
1963
1956
1949
1953
1948
1913
1908
1909
1910
1935
1945
1956
1963
1990
1997
2006
2014
2025
2051
2062
2068
2080
2085
2091
2091
2094
2101
2102
2105
2105
2096
2095
2088
2084
2091
2089
2086
2083
2082
2075
2069
2059
2056
2042
2037
2044
2045
2039
2035
2028
2024
2021
2020
2024
2013
2003
1997
1997
1998
1995
1993
1993
1982
1979
1954
1942
1938
1932
1916
1908
1905
1898
1897
1876
1869
1875
1879
1876
1875
1875
1877
1882
1886
1892
1895
1935
1945
1952
1966
2002
2012
2025
2040
2057
2079
2084
2087
2091
2097
2106
2113
2124
2152
2159
2160
2159
2164
2155
2153
2151
2144
2119
2116
2115
2122
2126
2127
2120
2114
2105
2106
2110
2115
2111
2107
2106
2112
2109
2102
2103
2102
2103
2093
2087
2087
2084
2085
2077
2074
2070
2056
2052
2041
2035
2009
2008
2004
2001
1977
1971
1963
1955
1944
1923
1917
1916
1919
1921
1920
1918
1921
1929
1931
1936
1941
1956
1958
1959
1959
1962
1975
1977
1983
1987
1988
1991
1991
1994
1997
1999
1999
1999
1985
1976
1960
1936
2282
2180
2065
1994
1910
1781
1775
1779
1835
1898
1913
1892
1864
1852
1871
1925
1942
1984
2019
2048
2076
2104
2180
2189
2219
2287
2368
2420
2444
2466
2444
2408
2355
2301
2105
2046
2012
1988
1971
1966
1951
1943
1925
1890
1840
1786
1728
1599
1569
1557
1560
1552
1523
1486
1433
1367
1234
1216
1196
1183
1176
1182
1200
1223
1237
1210
1226
1250
1281
1329
1398
1496
1625
2363
2577
2785
2976
3682
3837
3985
4088
4090
4088
4090
4090
4089
4090
4091
4087
4089
4090
4089
4088
4089
3736
3513
3269
3009
1801
1537
1294
1058
823
146
102
92
87
84
82
80
77
75
74
75
76
77
79
84
87
94
127
158
213
311
439
585
741
893
1418
1607
1804
2007
2194
2351
2472
2576
2672
2914
3008
3105
3200
3299
3384
3434
3511
3716
4035
3821
3585
3366
3169
2977
2839
2830
2876
2912
2753
2497
1949
1879
1926
1896
1738
1850
1801
1727
1765
1843
1841
1825
1885
2367
2611
2775
2854
3006
2936
2906
2911
2880
2813
2708
2634
2617
2433
2349
2251
2168
2092
2005
1895
1764
1397
1337
1328
1339
1207
1148
1136
1175
1229
1356
1439
1522
1604
1665
1690
1671
1633
1494
1473
1492
1528
1733
1803
1857
1881
1838
1794
1754
1746
1782
2007
2052
2070
2061
2010
1931
1849
1780
1670
1721
1803
1906
2172
2159
2134
2082
2013
1863
1872
1903
1935
1959
1977
1976
1934
1815
1808
1856
1921
2226
2326
2417
2471
2407
2367
2359
2395
2442
2502
2503
2489
2464
2395
2275
2140
2009
1704
1698
1686
1659
1395
1322
1284
1279
1288
1528
1605
1672
1721
1751
1749
1729
1711
1630
1621
1638
1655
1695
1664
1622
1591
1556
1609
1672
1761
1854
2142
2214
2263
2291
2318
2357
2403
2464
2803
2880
2945
2990
3019
3014
3017
3041
3072
3132
3134
3126
3124
3105
3058
2994
2926
2653
2617
2585
2535
2239
2139
2047
1946
1601
1527
1460
1394
1323
1158
1130
1108
1087
1073
1065
1062
1072
1198
1246
1300
1360
1616
1677
1730
1786
1841
2007
2089
2168
2252
2337
2414
2479
2535
2678
2696
2709
2723
2749
2740
2725
2697
2665
2532
2485
2437
2399
2364
2331
2309
2279
2091
2038
1987
1936
1792
1771
1757
1761
1793
1811
1826
1834
1849
1929
1948
1971
1992
2008
2012
2019
2024
1993
1982
1974
1974
1910
1890
1871
1858
1853
1848
1853
1852
1850
1846
1852
1861
1861
1837
1818
1808
1797
1800
1809
1825
1840
1860
1866
1875
1890
1906
1997
2029
2055
2080
2103
2115
2115
2113
2070
2061
2058
2050
1981
1958
1924
1891
1855
1763
1741
1726
1705
1690
1670
1659
1658
1646
1641
1640
1638
1653
1666
1679
1691
1713
1791
1818
1848
1884
1916
1947
1973
1999
2089
2118
2141
2171
2203
2232
2254
2282
2313
2389
2415
2439
2465
2482
2499
2507
2514
2525
2546
2547
2544
2544
2539
2534
2516
2503
2430
2415
2398
2380
2275
2248
2221
2194
2166
2084
2057
2029
1996
1971
1946
1931
1917
1885
1882
1871
1861
1858
1846
1836
1832
1830
1832
1845
1854
1868
1878
1890
1902
1921
1940
1977
1978
1985
1995
1996
1985
1984
1984
1961
1956
1950
1949
1927
1925
1934
1945
1996
2004
2008
2012
2014
2040
2047
2052
2055
2060
2055
2043
2021
1961
1951
1940
1921
1883
1877
1875
1871
1870
1866
1866
1876
1889
1906
1918
1937
1963
2029
2051
2062
2073
2121
2143
2167
2183
2200
2237
2248
2257
2260
2266
2275
2277
2272
2246
2237
2232
2226
2197
2187
2175
2165
2146
2138
2124
2117
2107
2056
2042
2035
2021
2000
1978
1961
1936
1859
1842
1831
1826
1812
1812
1812
1813
1818
1831
1830
1830
1839
1845
1844
1846
1859
1892
1899
1906
1909
1934
1935
1946
1951
1967
1977
1988
1999
2009
2044
2048
2059
2077
2082
2083
2086
2097
2177
2202
2225
2236
2279
2291
2300
2310
2319
2324
2324
2321
2322
2320
2311
2293
2270
2199
2177
2159
2141
2048
2026
2003
1982
1903
1891
1877
1861
1857
1820
1803
1790
1784
1776
1767
1763
1762
1771
1773
1776
1780
1807
1817
1830
1849
1865
1915
1929
1944
1958
1979
1999
2013
2022
2092
2102
2109
2126
2171
2178
2183
2183
2181
2182
2182
2175
2166
2143
2135
2123
2113
2100
2089
2080
2070
2032
2022
2013
2005
1980
1973
1969
1969
1964
1943
1939
1937
1934
1931
1927
1929
1926
1906
1901
1906
1907
1899
1903
1908
1906
1893
1902
1904
1897
1894
1909
1915
1918
1926
1943
1959
1972
1983
2021
2035
2053
2062
2094
2106
2119
2130
2147
2169
2166
2160
2160
2155
2151
2149
2153
2150
2145
2140
2137
2112
2112
2110
2114
2107
2108
2115
2111
2110
2108
2101
2101
2104
2103
2103
2098
2094
2089
2093
2104
2113
2125
2125
2127
2128
2138
2152
2152
2153
2151
2151
2151
2154
2153
2131
2121
2116
2105
2040
2020
2004
1991
1906
1891
1877
1862
1848
1825
1808
1793
1793
1796
1796
1796
1800
1822
1833
1845
1854
1904
1919
1932
1944
1966
1995
2003
2015
2024
2039
2055
2060
2071
2100
2100
2106
2111
2076
2059
2053
2049
2024
2016
2014
2010
2007
1974
1972
1966
1961
1960
1957
1957
1955
1960
1962
1966
1966
1988
1995
2004
2011
2022
2045
2048
2052
2051
2051
2046
2048
2052
2063
2060
2058
2060
2055
2051
2056
2055
2018
2013
2009
2002
2007
2007
2002
2005
2007
2009
2011
2009
2012
2007
2009
2012
2015
2043
2051
2058
2068
2075
2090
2096
2098
2107
2115
2119
2120
2126
2135
2140
2144
2148
2138
2131
2120
2112
2104
2075
2064
2052
2043
2042
2038
2026
2017
1982
1970
1967
1957
1946
1938
1937
1943
1943
1950
1952
1952
1960
1973
1977
1981
1984
1999
2017
2024
2029
2031
2036
2041
2041
2045
2071
2082
2091
2092
2101
2101
2099
2098
2096
2098
2096
2092
2093
2081
2073
2063
2056
2050
2045
2042
2039
2007
2008
2000
1991
1950
1937
1930
1928
1925
1896
1893
1891
1885
1882
1884
1888
1889
1916
1925
1938
1949
1959
1958
1961
1969
1988
1996
2002
2016
2016
2023
2020
2019
2017
2022
2021
2024
2030
2038
2033
2034
2037
2030
2032
2035
2034
2030
2037
2033
2035
2035
2033
2030
2029
2026
2022
2028
2026
2030
2018
2016
2012
2016
2022
2024
2018
2014
2016
2020
2019
2013
2014
2037
2040
2045
2053
2059
2068
2076
2074
2082
2094
2097
2094
2096
2102
2104
2113
2118
2120
2126
2127
2125
2126
2124
2113
2109
2101
2088
2088
2090
2093
2080
2076
2070
2071
2060
2057
2057
2060
2060
2053
2049
2048
2042
2035
2027
2024
2018
1999
1996
1997
1998
1980
1974
1975
1974
1974
1972
1965
1962
1960
1962
1964
1965
1969
1953
1956
1962
1966
1974
1971
1969
1976
1988
1987
1987
1988
1993
2005
2010
2012
2014
2023
2029
2036
2039
2056
2066
2075
2075
2078
2078
2080
2082
2083
2080
2072
2066
2060
2054
2045
2037
2032
2003
1995
1987
1980
2095
2197
2122
1930
1756
1600
1624
1672
1687
1700
1733
1799
1883
1929
1944
1881
1846
1820
1868
1949
1986
2128
2115
2089
2120
2187
2217
2239
2259
2299
2383
2481
2523
2503
2366
2299
2229
2175
2090
2087
2065
2054
2062
2038
2020
1998
1964
1913
1859
1811
1774
1746
1749
1739
1716
1655
1654
1670
1692
1717
1735
1750
1761
1759
1762
1772
1771
1750
1752
1789
1831
1868
1899
1932
1962
1990
2013
2092
2152
2210
2262
2320
2375
2435
2504
2592
2821
2875
2919
2954
2989
3023
3066
3130
3444
3496
3539
3574
3560
3508
3466
3423
3377
3203
3125
3036
2941
2826
2699
2565
2430
1854
1718
1588
1466
932
791
660
546
189
153
139
134
129
119
118
118
120
120
126
128
134
211
257
325
397
744
881
1025
1171
1310
1704
1834
1959
2078
2190
2304
2416
2517
2842
2918
2983
3034
3087
3086
3082
3090
3289
3270
3156
2983
2769
2171
2066
1992
1963
1987
2044
2110
2195
2434
2455
2446
2424
2165
2134
2121
2129
2169
2331
2367
2407
2444
2488
2524
2575
2642
2937
3034
3103
3141
3013
2927
2837
2753
2686
2563
2546
2540
2550
2559
2566
2570
2564
2405
2340
2276
2216
2089
2072
2056
2031
1964
1960
1966
1982
2001
2024
2017
1997
1967
1937
1896
1850
1805
1763
1790
1835
1882
1970
1955
1927
1897
1876
1796
1774
1767
1756
1745
1715
1680
1626
1240
1131
1048
991
1007
1040
1070
1087
1101
1045
997
959
927
904
901
908
923
1000
1026
1055
1091
1128
1163
1192
1230
1283
1492
1568
1638
1693
1745
1787
1825
1861
1897
2023
2070
2117
2163
2201
2219
2220
2221
2163
2159
2152
2150
2134
2118
2096
2066
1974
1980
2002
2033
2075
2195
2229
2260
2284
2307
2328
2337
2347
2395
2407
2411
2411
2369
2359
2354
2355
2358
2429
2473
2513
2549
2579
2596
2607
2604
2540
2530
2521
2510
2498
2497
2489
2475
2455
2317
2264
2219
2178
2149
2135
2129
2123
2031
1992
1960
1926
1828
1822
1818
1822
1820
1828
1836
1841
1846
1846
1841
1832
1826
1823
1830
1835
1855
1982
2025
2068
2100
2197
2225
2247
2261
2276
2327
2354
2384
2434
2486
2539
2595
2644
2781
2805
2825
2833
2889
2897
2893
2880
2758
2709
2656
2605
2553
2426
2394
2363
2328
2287
2241
2202
2146
1931
1887
1839
1800
1687
1664
1639
1611
1587
1487
1462
1434
1413
1404
1396
1385
1372
1336
1336
1330
1328
1369
1383
1397
1414
1477
1494
1509
1531
1561
1658
1697
1736
1781
1820
1855
1888
1913
1984
1998
2015
2032
2079
2079
2080
2082
2089
2097
2107
2115
2123
2130
2139
2147
2149
2128
2112
2101
2098
2034
2014
1997
1976
1883
1855
1832
1819
1798
1766
1761
1758
1755
1747
1734
1725
1719
1694
1689
1695
1693
1700
1707
1710
1715
1729
1762
1780
1796
1821
1849
1880
1907
1934
2043
2072
2095
2121
2217
2238
2259
2275
2288
2310
2322
2332
2338
2341
2343
2346
2336
2306
2295
2289
2291
2283
2287
2294
2295
2275
2269
2266
2262
2255
2244
2240
2241
2240
2243
2246
2246
2244
2223
2219
2204
2198
2178
2178
2185
2188
2189
2185
2169
2169
2166
2162
2119
2106
2087
2070
2054
1998
1986
1971
1961
1944
1932
1912
1902
1837
1821
1814
1804
1781
1780
1785
1781
1784
1768
1767
1763
1758
1763
1767
1771
1770
1767
1763
1766
1767
1773
1775
1774
1784
1857
1880
1901
1930
1957
2006
2021
2036
2054
2070
2090
2119
2142
2159
2198
2208
2226
2246
2264
2280
2299
2309
2330
2334
2336
2341
2348
2353
2361
2367
2371
2373
2375
2379
2378
2372
2363
2354
2349
2307
2296
2287
2274
2262
2195
2163
2144
2118
2098
2082
2066
2045
1981
1968
1956
1941
1929
1914
1910
1906
1903
1889
1889
1888
1881
1879
1871
1873
1874
1872
1874
1878
1887
1887
1893
1901
1907
1907
1923
1930
1936
1944
1965
1973
1977
1984
1985
1995
2001
1999
2007
2009
2015
2023
2026
2016
2021
2019
2015
2000
1995
1992
1992
1972
1975
1973
1972
1969
1961
1959
1961
1956
1946
1934
1932
1931
1933
1927
1926
1928
1933
1943
1951
1952
1949
1947
1950
1949
1949
1955
1961
1962
1967
1961
1959
1956
1952
1964
1974
1974
1979
1995
2002
2008
2009
2017
2029
2031
2034
2031
2031
2034
2041
2041
2023
2017
2011
2010
2006
2003
1997
1996
1991
1978
1978
1974
1972
1976
1969
1970
1968
1954
1947
1941
1944
1964
1969
1976
1984
2017
2019
2027
2036
2050
2071
2071
2074
2079
2084
2094
2098
2099
2116
2117
2126
2135
2139
2147
2153
2160
2172
2188
2184
2177
2181
2183
2188
2186
2192
2191
2188
2189
2195
2199
2195
2193
2194
2176
2173
2174
2175
2165
2150
2141
2135
2130
2125
2113
2107
2098
2072
2067
2059
2054
2041
2036
2037
2033
2029
2017
2022
2025
2022
2016
2016
2011
2012
2028
2024
2019
2017
2015
2015
2022
2025
2039
2039
2030
2025
2020
2000
1994
1985
1984
1983
1976
1971
1968
1927
1915
1902
1897
1863
1855
1856
1850
1849
1839
1841
1838
1841
1844
1839
1849
1857
1864
1869
1871
1873
1889
1894
1900
1907
1924
1929
1937
1945
1950
1958
1964
1963
1971
1977
1985
1988
1996
2011
2012
2014
2019
2033
2033
2033
2030
2032
2020
2020
2014
2007
2006
2005
2008
2005
2002
2003
2011
2017
2036
2039
2040
2041
2066
2069
2070
2080
2092
2097
2103
2113
2119
2123
2130
2139
2149
2126
2123
2123
2125
2116
2113
2105
2100
2104
2098
2102
2103
2106
2108
2105
2108
2112
2118
2123
2129
2137
2159
2154
2156
2163
2167
2170
2173
2171
2169
2154
2150
2146
2143
2130
2119
2113
2099
2055
2040
2028
2021
1986
1978
1967
1959
1955
1939
1936
1938
1935
1935
1942
1942
1942
1960
1960
1965
1975
1986
1988
2000
2003
2008
2010
2012
2016
2013
1995
1994
1989
1988
1988
1982
1982
1979
1980
1977
1976
1977
1953
1951
1943
1939
1937
1928
1923
1915
1911
1907
1903
1896
1900
1895
1894
1892
1894
1893
1899
1909
1914
1933
1938
1944
1956
1970
1988
1991
1990
1999
2009
2018
2024
2040
2057
2063
2067
2067
2085
2090
2091
2093
2092
2102
2105
2101
2097
2090
2084
2081
2084
2086
2091
2086
2075
2057
2056
2058
2069
2071
2068
2068
2066
2063
2048
2037
2030
2029
2031
2033
2035
2036
2036
2030
2039
2040
2025
2022
2023
2037
2042
2045
2040
2034
2038
2040
2038
2039
2032
2027
2035
2045
2051
2059
2058
2063
2068
2083
2089
2095
2100
2100
2108
2111
2117
2127
2127
2127
2122
2118
2106
2105
2104
2098
2086
2082
2073
2068
2066
2046
2034
2028
2026
2012
2004
1999
1997
2007
2002
2002
2002
1986
1983
1986
1984
1972
1968
1965
1964
1957
1953
1946
1951
1953
1953
1952
1955
1953
1935
1940
1950
1949
1954
1958
1961
1963
1966
1965
1967
1969
1974
1983
1989
1990
1991
2023
2030
2033
2033
2006
2010
2014
2022
2027
2020
2017
2013
2010
2008
2007
2006
2009
2003
1996
1992
1995
1996
2004
2012
2016
2022
2025
2029
2035
2042
2050
2051
2049
2050
2049
2054
2064
2072
2083
2082
2080
2094
1784
1594
1641
1592
1761
1771
1862
2043
2104
2101
2314
2371
2190
2108
2231
2217
2047
1956
1902
1952
2044
2140
2170
2126
2093
2138
2100
2176
2202
2137
2104
2140
2187
2212
2095
1985
1876
1814
1787
1801
1820
1873
1850
1776
1705
1659
1634
1615
1604
1629
1675
1690
1669
1639
1627
1649
1682
1741
1838
2254
2320
2362
2379
2382
2593
2709
2834
2981
3112
3211
3312
3420
3650
3662
3675
3695
3782
3782
3771
3746
3363
3225
3092
2984
2894
2612
2496
2378
2254
2103
1949
1774
1586
891
769
672
580
226
146
128
124
118
111
107
104
109
111
106
106
107
111
119
131
145
334
409
493
584
1049
1210
1384
1569
1754
2266
2412
2526
2623
2716
2814
2908
3000
3354
3424
3490
3546
3673
3704
3734
3772
3812
3859
3866
3848
3810
3791
3813
3809
3608
2364
2130
2038
2024
2325
2416
2406
2354
2347
2346
2313
2342
2311
2208
2112
2033
1926
1649
1651
1678
1698
1742
1825
1905
1923
1913
1951
1954
1992
2053
2065
2050
2059
2098
2127
2125
2101
2043
1967
1906
1861
1823
1807
2033
2131
2217
2272
2079
2027
1993
1981
2095
2157
2202
2204
2174
2032
1981
1945
1944
1968
2024
2098
2165
2173
2081
1972
1869
1681
1692
1711
1739
1791
1835
1831
1812
1777
1734
1702
1669
1656
1741
1735
1700
1640
1274
1226
1217
1236
1351
1351
1329
1280
1205
943
872
833
835
873
919
979
1045
1123
1130
1142
1167
1419
1516
1602
1668
1704
1603
1548
1515
1507
1515
1557
1626
1701
1846
1827
1797
1762
1729
1771
1830
1893
2065
2069
2060
2055
2061
2161
2218
2278
2338
2381
2409
2435
2462
2673
2763
2862
2967
3269
3301
3315
3313
3307
3260
3257
3270
3302
3344
3386
3421
3436
3319
3257
3207
3159
3023
2987
2947
2892
2814
2570
2506
2452
2418
2395
2374
2352
2320
2106
2054
2017
1985
1899
1873
1845
1801
1547
1497
1461
1440
1430
1467
1485
1505
1517
1519
1518
1517
1515
1558
1598
1634
1689
1917
1971
2023
2067
2106
2176
2193
2206
2227
2250
2271
2296
2318
2396
2425
2446
2457
2454
2452
2453
2452
2511
2525
2536
2541
2522
2428
2381
2338
2292
2249
2211
2181
2153
2074
2043
2007
1974
1794
1754
1719
1692
1673
1588
1557
1521
1480
1433
1379
1318
1260
1061
1035
1015
998
1041
1071
1101
1132
1229
1258
1289
1326
1374
1510
1559
1618
1681
1737
1784
1832
1873
1987
2010
2031
2046
2133
2161
2182
2189
2191
2133
2101
2067
2042
2025
2013
2005
1992
1982
1989
1995
2004
1993
1989
1991
1990
2010
2022
2031
2041
2052
2085
2094
2109
2121
2132
2144
2156
2172
2239
2261
2276
2290
2289
2272
2253
2237
2213
2159
2148
2138
2137
2142
2146
2155
2155
2134
2132
2134
2138
2135
2142
2152
2162
2177
2182
2186
2185
2175
2164
2163
2161
2156
2149
2144
2141
2140
2128
2126
2130
2132
2121
2119
2119
2119
2119
2104
2100
2097
2097
2096
2087
2086
2076
2046
2044
2049
2051
2051
2050
2048
2043
2029
2029
2035
2043
2047
2070
2070
2071
2075
2073
2071
2073
2072
2067
2070
2078
2086
2117
2122
2126
2125
2127
2119
2116
2112
2106
2104
2098
2091
2086
2036
2026
2014
2005
1944
1924
1911
1889
1841
1837
1833
1827
1816
1798
1791
1786
1790
1796
1801
1803
1807
1851
1861
1870
1876
1931
1939
1952
1965
1978
2016
2035
2051
2067
2081
2098
2115
2128
2152
2159
2162
2163
2160
2153
2156
2151
2132
2118
2102
2102
2097
2074
2072
2071
2069
2067
2067
2063
2058
2035
2035
2027
2017
1983
1971
1959
1955
1949
1941
1941
1944
1939
1935
1941
1946
1955
1963
1967
1969
1976
2005
2016
2028
2031
2052
2054
2052
2056
2055
2040
2035
2034
2032
2029
2033
2035
2039
2023
2020
2010
1995
1952
1942
1932
1920
1908
1874
1862
1853
1848
1846
1835
1824
1825
1818
1824
1834
1848
1881
1889
1899
1914
1921
1961
1972
1986
2009
2021
2026
2032
2042
2056
2057
2057
2066
2073
2076
2078
2077
2072
2074
2077
2074
2073
2074
2079
2083
2090
2097
2104
2112
2123
2146
2144
2145
2153
2171
2169
2168
2169
2177
2173
2176
2177
2178
2176
2172
2169
2169
2156
2154
2147
2141
2089
2078
2065
2053
2047
2018
2001
1989
1983
1975
1965
1950
1942
1922
1922
1929
1927
1925
1925
1921
1921
1919
1914
1920
1927
1930
1936
1939
1936
1947
1959
1973
1983
1987
1996
2012
2023
2033
2044
2116
2124
2132
2141
2173
2182
2187
2192
2193
2195
2196
2186
2180
2151
2141
2132
2125
2114
2102
2090
2085
2064
2060
2053
2056
2039
2040
2044
2049
2055
2051
2046
2044
2045
2043
2045
2044
2051
2039
2043
2040
2029
2004
2000
2004
2005
1997
1983
1975
1969
1961
1953
1947
1945
1938
1906
1897
1890
1890
1851
1845
1839
1836
1846
1846
1848
1847
1842
1840
1839
1845
1855
1865
1871
1879
1885
1908
1919
1923
1929
1961
1975
1989
1999
2012
2026
2034
2044
2054
2065
2069
2077
2091
2101
2111
2120
2127
2131
2130
2129
2134
2110
2101
2095
2096
2098
2095
2092
2082
2079
2079
2078
2075
2069
2060
2056
2057
2057
2048
2052
2049
2037
2030
2014
2011
2010
2014
2015
2015
2009
2010
2010
2003
1995
2003
2007
2004
2009
2012
2012
2014
2015
2021
2024
2023
2021
2029
2035
2039
2038
2039
2039
2038
2040
2042
2044
2046
2051
2050
2056
2057
2050
2054
2056
2053
2054
2047
2045
2045
2039
2039
2038
2039
2041
2044
2051
2057
2053
2054
2054
2052
2052
2044
2048
2050
2051
2054
2057
2065
2068
2067
2067
2068
2068
2075
2078
2080
2080
2081
2075
2064
2059
2056
2050
2020
2019
2020
2020
1995
1997
1995
1993
1992
1986
1984
1985
1988
1991
1990
1995
1996
1987
1991
1991
1992
1987
1984
1981
1986
1984
1976
1976
1971
1976
1979
1974
1974
1974
1963
1959
1951
1948
1933
1930
1925
1926
1930
1925
1930
1932
1936
1939
1940
1939
1943
1958
1970
1983
1988
2011
2020
2034
2041
2073
2085
2097
2103
2102
2119
2125
2134
2141
2145
2143
2143
2143
2142
2134
2131
2130
2113
2106
2093
2085
2081
2067
2055
2045
2033
2019
2008
1993
1982
1965
1969
1962
1956
1943
1936
1934
1931
1957
1964
1970
1965
1972
2007
2016
2022
2033
2035
2040
2035
2040
2056
2063
2073
2083
2122
2135
2144
2151
2156
2167
2164
2156
2159
2162
2157
2165
2170
2163
2160
2157
2155
2128
2122
2112
2100
2093
2071
2063
2057
2045
2036
2035
2033
2031
2023
2012
2005
2001
1996
1993
1993
1994
1991
1977
1968
1960
1954
1951
1947
1941
1933
1929
1922
1921
1920
1917
1914
1917
1918
1913
1902
1900
1906
1908
1919
1924
1932
1940
1942
1950
1955
1961
1970
1985
1988
1991
1992
1976
1950
1937
1932
1988
2011
2036
2056
2096
2102
2109
2116
2115
2115
2107
2096
2084
2076
2067
2046
2032
1970
1964
1964
1953
1943
1937
1934
1935
1927
1925
1925
1932
1929
1921
1919
1921
1926
1930