1751
1744
1718
1687
1654
1620
1581
1537
1300
1235
1181
1148
1219
1271
1322
1371
1470
1486
1510
1531
1564
1683
1737
1791
1842
1882
1905
1916
1909
1813
1805
1812
1837
2096
2169
2239
2301
2359
2488
2526
2564
2593
2617
2644
2675
2706
2738
2717
2696
2664
2495
2452
2412
2378
2306
2299
2293
2279
2266
2204
2184
2162
2145
2131
2114
2085
2048
1864
1829
1801
1782
1800
1813
1830
1846
1852
1848
1843
1845
1851
1865
1879
1897
1912
1889
1870
1849
1827
1835
1862
1889
1914
1942
1937
1933
1923
1927
1985
2011
2036
2061
2077
2088
2092
2097
2135
2145
2169
2195
2317
2348
2370
2396
2422
2478
2485
2492
2490
2481
2464
2444
2410
2245
2210
2185
2170
2125
2122
2119
2116
2112
2102
2102
2108
2117
2125
2133
2136
2136
2088
2075
2056
2044
2023
2027
2027
2028
2010
2000
2000
2003
2011
2039
2040
2042
2042
2025
2001
1970
1948
1848
1831
1812
1795
1771
1770
1764
1762
1754
1743
1744
1745
1750
1750
1744
1743
1745
1729
1723
1717
1714
1725
1737
1754
1778
1802
1871
1898
1923
1951
1974
1999
2025
2058
2138
2139
2147
2155
2171
2178
2185
2178
2161
2159
2164
2170
2182
2204
2210
2213
2216
2210
2198
2181
2161
2087
2067
2047
2037
2013
2009
2005
2001
1998
1975
1971
1961
1949
1940
1942
1944
1942
1936
1935
1928
1923
1895
1891
1888
1886
1873
1843
1840
1845
1851
1857
1862
1867
1874
1900
1913
1930
1942
1942
1945
1947
1944
1943
1969
1980
1993
2005
2011
2021
2030
2047
2066
2109
2124
2136
2156
2176
2197
2215
2225
2213
2202
2195
2184
2155
2151
2142
2137
2139
2151
2156
2149
2141
2134
2129
2127
2123
2091
2079
2073
2064
2025
2008
1996
1989
1965
1963
1968
1974
1982
2004
2015
2024
2035
2039
2050
2056
2055
2046
2044
2032
2030
1994
1992
1990
1990
1993
2002
2009
2019
2023
2032
2046
2060
2068
2078
2083
2088
2090
2057
2052
2045
2039
2035
2033
2037
2040
2047
2046
2043
2038
2034
2032
2030
2031
2037
2023
2018
2011
2008
1979
1977
1976
1973
1974
1979
1979
1978
1983
1987
1989
1989
1993
2005
2007
2005
2015
2044
2056
2065
2081
2111
2119
2128
2133
2137
2148
2153
2157
2167
2169
2162
2164
2158
2140
2132
2123
2109
2063
2053
2047
2039
2037
2026
2024
2018
2010
2006
1999
1986
1969
1926
1918
1902
1891
1864
1861
1860
1859
1865
1870
1880
1889
1903
1919
1926
1936
1940
1950
1961
1968
1975
1972
1978
1985
1989
1988
1997
2001
2007
2015
2026
2025
2022
2026
2026
2028
2028
2031
2040
2033
2035
2035
2016
2021
2025
2024
2042
2047
2054
2072
2099
2113
2110
2088
2070
2060
2070
2079
2077
2092
2078
2066
2058
2042
2036
2023
2028
2019
1980
1982
1962
1947
1943
1941
1938
1946
1989
1993
1994
1988
1951
1953
1971
1988
2020
2026
2030
2046
2066
2094
2098
2090
2078
2073
2062
2050
2048
2044
2041
2035
2025
2014
2011
2012
2015
2022
2027
2021
2015
2015
2016
2018
2017
2018
1994
1987
1990
1991
2041
2052
2063
2073
2105
2110
2108
2109
2108
2112
2116
2116
2124
2129
2131
2133
2135
2130
2123
2120
2114
2105
2097
2089
2089
2089
2076
2074
2072
2070
2075
2075
2072
2075
2078
2081
2083
2081
2044
2038
2033
2033
2030
2025
2021
2021
2017
2013
2009
2003
1997
1997
1986
1978
1963
1904
1901
1900
1904
1908
1907
1902
1898
1893
1863
1854
1854
1854
1863
1871
1884
1897
1930
1939
1951
1968
2017
2026
2039
2050
2064
2088
2093
2099
2101
2101
2099
2096
2094
2107
2103
2103
2101
2077
2067
2058
2061
2055
2053
2056
2053
2053
2047
2047
2043
2052
2054
2056
2059
2055
2047
2043
2045
2053
2070
2081
2085
2084
2081
2067
2069
2061
2049
2037
2024
2015
2005
1958
1948
1939
1927
1913
1912
1909
1913
1919
1922
1929
1930
1933
1953
1963
1969
1972
1981
1989
1998
2012
2031
2037
2042
2049
2053
2056
2058
2060
2067
2065
2063
2062
2063
2062
2068
2075
2077
2070
2065
2065
2053
2047
2045
2044
2046
2047
2047
2053
2054
2058
2051
2048
2051
2052
2051
2050
2053
2052
2062
2067
2073
2076
2083
2075
2068
2066
2067
2040
2037
2033
2032
2032
2033
2033
2030
2004
2004
2003
2000
2014
2018
2018
2014
1999
1994
1991
1986
1979
1965
1964
1966
1967
1969
1969
1971
1967
1969
1971
1973
1975
2000
2005
2010
2009
2011
2021
2023
2020
2022
2032
2033
2039
2045
2031
2033
2031
2029
2031
2033
2043
2048
2050
2052
2055
2063
2071
2078
2080
2083
2076
2062
2058
2058
2054
2047
2057
2069
2074
2067
2066
2066
2064
2062
2045
2045
2042
2045
2041
2029
2028
2023
2004
1996
1989
1988
1980
1980
1979
1972
1965
1963
1960
1959
1964
1973
1981
1984
1995
1998
1997
1996
2000
2002
2006
2014
2017
2021
2017
2013
2017
2018
2023
2017
2019
2021
2021
2017
2013
2008
2014
2015
2012
2020
2006
2011
2014
2024
2025
2021
2027
2029
2035
2033
2033
2035
2040
2060
2071
2076
2081
2269
2182
2026
1945
1658
1605
1482
1462
1564
1777
1899
2053
2204
2248
2284
2466
2685
2795
2793
2748
2689
2522
2479
2386
2280
2153
1932
1883
1804
1775
1793
1783
1762
1754
1663
1635
1619
1588
1437
1488
1556
1651
2068
2146
2183
2171
2143
2110
2095
2097
2119
2140
2138
2126
2116
2087
2062
2058
2089
2215
2196
2137
2043
1932
1694
1687
1718
1774
1840
1895
1943
1988
2134
2150
2139
2116
1885
1844
1822
1809
1879
1931
2003
2072
2117
2186
2208
2251
2326
2415
2499
2560
2594
2384
2260
2139
2034
1819
1824
1856
1902
1938
1918
1883
1846
1794
1756
1746
1759
1785
1872
1881
1900
1927
2045
2067
2085
2096
2100
2053
2030
2015
2002
1999
2011
2036
2052
2064
2071
2075
2087
2108
2139
2168
2204
2238
2250
2227
2200
2158
2113
2059
2009
1958
1923
1869
1850
1833
1825
1820
1826
1841
1858
1885
1884
1879
1875
1902
1907
1917
1907
1960
2000
2041
2078
2117
2208
2223
2230
2236
2234
2214
2190
2161
2029
2013
1990
1969
1879
1850
1816
1771
1720
1572
1544
1527
1529
1536
1558
1587
1614
1775
1833
1893
1960
2275
2360
2430
2487
2627
2649
2671
2693
2714
2779
2804
2832
2861
2891
2923
2956
2980
2961
2932
2898
2860
2719
2683
2649
2613
2575
2461
2414
2364
2313
2257
2199
2151
2105
1872
1813
1748
1689
1472
1423
1386
1355
1322
1252
1229
1200
1171
1149
1130
1101
1081
1072
1084
1096
1106
1081
1067
1044
1016
948
946
950
958
969
1040
1073
1115
1163
1213
1264
1331
1404
1720
1802
1883
1957
2169
2220
2279
2343
2363
2160
2099
2057
2046
2029
2014
2010
2022
2342
2418
2504
2616
3042
3156
3268
3364
3516
3517
3524
3491
3426
3204
3097
3001
2920
2835
2752
2690
2654
2481
2503
2525
2529
2430
2401
2355
2279
2224
2169
2177
2203
2229
2266
2291
2292
2263
2082
2034
1998
1970
1937
1956
1966
1963
1967
1962
1978
2016
2044
2053
2067
2088
2089
2014
2006
2008
2032
2177
2222
2265
2290
2249
2195
2140
2073
2001
1773
1695
1626
1579
1536
1506
1491
1487
1439
1450
1458
1472
1590
1608
1612
1592
1551
1334
1262
1201
1160
1144
1154
1188
1233
1371
1391
1404
1407
1561
1616
1660
1692
1718
1775
1777
1778
1781
1774
1774
1776
1773
1703
1678
1640
1603
1557
1572
1585
1595
1697
1737
1781
1835
1891
2065
2107
2128
2142
2149
2147
2131
2117
2056
2060
2071
2088
2187
2220
2258
2295
2331
2435
2464
2488
2503
2507
2499
2480
2463
2413
2416
2429
2455
2526
2537
2546
2548
2550
2535
2521
2505
2485
2463
2441
2416
2390
2310
2300
2296
2291
2272
2270
2267
2273
2277
2288
2291
2284
2278
2223
2200
2172
2145
2123
2101
2081
2054
1926
1898
1871
1844
1771
1762
1756
1752
1753
1773
1782
1796
1811
1817
1825
1828
1829
1794
1779
1777
1779
1846
1869
1890
1917
2075
2112
2162
2208
2255
2360
2389
2415
2439
2455
2470
2475
2479
2504
2505
2501
2505
2509
2502
2495
2497
2495
2448
2432
2403
2378
2353
2323
2281
2239
2089
2052
2028
2010
1912
1893
1870
1852
1828
1794
1775
1754
1741
1726
1712
1701
1692
1656
1645
1629
1612
1594
1594
1600
1615
1705
1734
1764
1797
1828
1899
1921
1943
1965
1984
1994
1998
1992
1949
1930
1921
1908
1911
1922
1939
1962
1991
2066
2080
2088
2089
2093
2091
2084
2079
2034
2010
1986
1956
1892
1887
1882
1879
1849
1847
1844
1848
1858
1888
1891
1890
1890
1888
1883
1885
1882
1883
1883
1889
1898
1915
1919
1917
1920
1923
1954
1973
1983
1991
1995
2004
2009
2022
2059
2060
2062
2073
2096
2101
2110
2114
2119
2147
2154
2162
2172
2176
2181
2178
2184
2151
2139
2121
2105
2062
2056
2055
2053
2084
2091
2101
2107
2115
2122
2127
2131
2127
2128
2121
2113
2102
2046
2033
2027
2017
2005
2011
2021
2031
2042
2052
2056
2055
2057
2064
2065
2068
2070
2077
2072
2059
2061
2051
2056
2059
2054
2063
2066
2070
2081
2089
2099
2104
2110
2115
2113
2104
2098
2093
2031
2018
1999
1990
1932
1930
1923
1920
1916
1914
1913
1921
1923
1927
1931
1942
1945
1950
1947
1944
1941
1955
1960
1963
1972
2026
2042
2053
2066
2082
2110
2117
2133
2143
2154
2167
2177
2182
2199
2203
2217
2218
2229
2229
2228
2227
2225
2201
2199
2194
2188
2172
2157
2142
2126
2040
2024
2005
1992
1918
1903
1899
1891
1885
1871
1867
1860
1857
1855
1852
1851
1847
1837
1833
1836
1839
1848
1851
1859
1862
1900
1909
1919
1921
1940
1993
2015
2041
2057
2065
2075
2086
2089
2074
2068
2070
2076
2085
2081
2074
2069
2071
2078
2083
2084
2081
2074
2068
2067
2065
2060
2058
2056
2058
2041
2043
2043
2038
2032
2035
2037
2038
2041
2043
2041
2043
2051
2074
2076
2076
2072
2056
2045
2036
2035
2006
2002
1995
1988
1988
1987
1983
1978
1974
1973
1972
1973
1975
1968
1971
1972
1975
1986
1989
1995
2008
2025
2048
2060
2068
2075
2088
2097
2103
2103
2097
2088
2083
2082
2057
2051
2039
2029
1995
1980
1970
1956
1944
1917
1905
1898
1898
1888
1883
1879
1877
1866
1864
1863
1867
1892
1906
1926
1938
1955
1988
2002
2016
2037
2052
2059
2070
2083
2117
2132
2145
2150
2175
2182
2185
2191
2195
2203
2207
2208
2213
2211
2210
2212
2211
2181
2172
2165
2162
2149
2136
2129
2123
2085
2080
2081
2073
2071
2059
2056
2050
2041
2039
2034
2026
2016
1981
1972
1965
1962
1920
1915
1912
1904
1897
1887
1884
1883
1879
1882
1888
1896
1901
1923
1932
1943
1952
1980
1990
1996
2006
2006
2013
2017
2023
2032
2042
2051
2057
2062
2056
2055
2053
2053
2036
2032
2039
2043
2039
2036
2034
2035
2039
2048
2050
2046
2043
2045
2043
2045
2044
2042
2047
2052
2053
2054
2056
2058
2058
2060
2060
2054
2051
2049
2046
2033
2027
2024
1976
1965
1959
1960
1952
1949
1944
1941
1930
1929
1926
1922
1924
1939
1944
1952
1965
1977
1979
1987
1988
1996
2001
2008
2023
2029
2032
2030
2040
2046
2060
2061
2063
2065
2064
2070
2065
2066
2070
2067
2063
2058
2027
2027
2021
2019
2018
2003
2000
1998
2002
2006
2011
2016
2017
2039
2045
2056
2064
2089
2100
2113
2123
2149
2148
2148
2145
2149
2145
2146
2144
2147
2145
2146
2139
2128
2092
2086
2082
2072
2041
2026
2012
2001
1988
1951
1942
1928
1927
1929
1922
1913
1911
1910
1919
1922
1924
1942
1943
1946
1950
1973
1981
1984
1987
1991
2013
2020
2024
2028
2029
2024
2018
2022
2022
2018
2019
2023
2026
2025
2025
2019
2016
2017
2020
2022
2025
2031
2031
2034
2027
2028
2026
2027
2029
2021
2024
2025
2026
2026
2024
2026
2033
2038
2055
2062
2066
2069
2065
2061
2067
2071
2074
2071
2068
2064
2044
2041
2038
2036
2032
2016
2012
2010
2010
2012
2011
2010
2001
1980
1982
1980
1976
1985
1978
1979
1986
1989
1998
2007
2009
2019
2025
2033
2042
2044
2043
2048
2061
2066
2082
2084
2080
2079
2088
2092
2096
2092
2089
2076
2079
2080
2082
2085
2084
2079
2075
2052
2051
2054
2055
2030
2026
2019
2013
2007
1995
1994
1998
2001
1995
1993
1997
2000
1998
2006
2011
2006
2003
2002
2003
1998
1981
1978
1978
1977
1967
1954
1957
1957
1959
1966
1989
2022
2025
1806
1722
1647
1572
1503
1519
1557
1633
1718
1857
1969
2094
2200
2285
2392
2535
2671
2960
2969
2942
2885
2471
2345
2235
2124
2026
1873
1832
1798
1786
1792
1817
1856
1870
1849
1851
1849
1847
1914
1944
1984
2005
1934
1879
1823
1785
1771
1821
1850
1906
1961
1996
2025
2061
2089
2064
2037
2005
1974
1978
1956
1938
1921
1897
1847
1867
1886
1913
1945
1975
2003
2023
2062
2054
2042
2016
1881
1867
1863
1881
2028
2086
2148
2213
2277
2442
2494
2549
2597
2620
2620
2585
2512
2117
2043
2000
1981
1946
1920
1883
1835
1789
1742
1768
1820
1883
1934
1967
1997
2028
2082
2067
2043
2020
1930
1928
1933
1935
1913
1899
1900
1910
1928
2024
2054
2079
2105
2126
2165
2205
2244
2286
2261
2214
2160
1880
1828
1782
1753
1739
1730
1731
1726
1723
1730
1744
1759
1785
1914
1929
1942
1942
1901
1890
1877
1866
1894
1912
1936
1946
1960
1956
1939
1914
1880
1841
1791
1740
1689
1499
1472
1458
1455
1553
1598
1655
1720
1797
2088
2191
2295
2396
2493
2581
2651
2712
2888
2919
2948
2968
3038
3050
3068
3089
3178
3196
3211
3223
3232
3253
3260
3271
3291
3302
3307
3297
3280
3038
2953
2862
2764
2368
2272
2190
2109
2034
1814
1740
1672
1598
1516
1441
1373
1302
1018
939
865
793
598
562
526
504
453
461
478
502
531
613
628
646
663
678
703
730
761
922
985
1050
1125
1487
1581
1672
1759
1854
2081
2144
2198
2256
2319
2381
2445
2497
2680
2712
2746
2773
2721
2679
2637
2584
2539
2491
2504
2516
2530
2542
2532
2509
2474
2371
2380
2407
2439
2554
2539
2513
2472
2286
2269
2256
2257
2273
2364
2411
2449
2474
2500
2526
2550
2569
2522
2485
2448
2411
2276
2250
2223
2197
2164
2060
2012
1951
1898
1848
1794
1753
1717
1670
1676
1679
1681
1670
1660
1643
1621
1642
1662
1679
1689
1690
1664
1666
1679
1698
1718
1756
1801
1820
1906
1917
1927
1930
1898
1890
1885
1885
1896
1944
1973
2008
2045
2081
2123
2163
2200
2342
2372
2389
2400
2304
2273
2262
2269
2283
2349
2367
2375
2369
2355
2339
2325
2302
2266
2265
2256
2238
2093
2039
1983
1927
1733
1690
1653
1624
1596
1515
1491
1471
1456
1434
1423
1422
1426
1443
1460
1480
1503
1611
1637
1663
1685
1697
1719
1725
1735
1756
1791
1831
1877
1923
2042
2065
2098
2141
2322
2358
2388
2403
2414
2401
2396
2392
2396
2400
2410
2424
2441
2505
2521
2534
2539
2568
2570
2566
2562
2488
2473
2463
2459
2455
2438
2428
2423
2403
2382
2356
2328
2294
2158
2124
2077
2038
1865
1825
1789
1764
1742
1695
1690
1687
1684
1681
1684
1691
1692
1717
1735
1746
1754
1820
1840
1857
1882
1925
1931
1935
1938
1944
1969
1979
1994
2010
2030
2048
2071
2094
2162
2169
2177
2183
2209
2210
2216
2219
2220
2222
2220
2217
2216
2215
2212
2213
2217
2221
2223
2229
2236
2220
2207
2199
2192
2146
2141
2133
2133
2126
2105
2098
2092
2081
2070
2061
2046
2035
2008
1998
1993
1989
1968
1964
1956
1944
1932
1894
1883
1877
1876
1873
1860
1849
1842
1821
1818
1811
1804
1787
1792
1791
1794
1799
1782
1775
1770
1770
1766
1756
1745
1732
1704
1707
1712
1720
1750
1754
1755
1749
1730
1730
1736
1746
1757
1801
1814
1821
1826
1834
1843
1855
1867
1915
1928
1954
1975
2031
2044
2061
2084
2108
2149
2160
2172
2178
2191
2208
2217
2226
2220
2214
2208
2199
2165
2154
2140
2131
2090
2085
2084
2078
2073
2051
2043
2047
2050
2049
2050
2053
2052
2064
2068
2069
2060
2047
2045
2046
2046
2054
2061
2065
2072
2072
2069
2063
2064
2066
2080
2087
2094
2102
2114
2112
2118
2126
2120
2118
2115
2119
2119
2122
2126
2133
2138
2141
2149
2158
2156
2151
2154
2158
2156
2151
2148
2144
2139
2129
2102
2088
2076
2069
2059
2056
2047
2036
2008
2012
2006
1994
1982
1980
1983
1986
1984
1992
1998
2000
2015
2032
2037
2037
2041
2042
2046
2046
2048
2083
2085
2089
2095
2118
2126
2130
2133
2134
2115
2116
2115
2118
2118
2117
2110
2100
2060
2056
2050
2029
1993
1986
1977
1964
1950
1911
1897
1883
1872
1863
1857
1849
1836
1820
1813
1810
1812
1819
1829
1831
1841
1862
1860
1859
1860
1861
1880
1886
1888
1892
1904
1909
1924
1937
1960
1970
1982
1991
2020
2031
2039
2054
2065
2098
2110
2128
2141
2152
2163
2180
2195
2242
2247
2257
2270
2291
2290
2295
2300
2291
2280
2275
2268
2254
2215
2199
2187
2173
2156
2141
2126
2105
2037
2019
2004
1989
1926
1912
1905
1903
1900
1873
1869
1864
1860
1855
1854
1851
1846
1838
1844
1851
1852
1841
1844
1845
1846
1844
1859
1862
1861
1865
1863
1862
1865
1868
1878
1886
1894
1899
1927
1938
1952
1969
1999
2010
2014
2016
2025
2032
2041
2047
2062
2070
2079
2085
2088
2089
2091
2095
2101
2128
2131
2139
2143
2149
2165
2173
2176
2176
2176
2182
2187
2189
2186
2179
2173
2173
2147
2139
2134
2133
2122
2107
2095
2094
2093
2089
2088
2084
2080
2045
2037
2026
2022
2002
1993
1983
1974
1942
1932
1932
1927
1920
1884
1873
1870
1863
1854
1853
1851
1841
1832
1838
1841
1844
1856
1857
1864
1872
1874
1896
1908
1921
1924
1929
1935
1947
1962
1989
2005
2028
2049
2106
2124
2141
2154
2199
2216
2238
2248
2257
2290
2303
2312
2321
2329
2331
2334
2334
2348
2345
2344
2338
2317
2317
2313
2307
2294
2251
2242
2222
2203
2187
2178
2164
2147
2067
2045
2029
2017
1962
1951
1945
1943
1900
1891
1882
1868
1856
1820
1810
1805
1799
1796
1793
1788
1789
1764
1762
1764
1767
1770
1770
1777
1791
1798
1818
1827
1833
1848
1858
1869
1879
1885
1932
1948
1959
1973
2005
2017
2026
2035
2068
2075
2086
2089
2094
2112
2115
2118
2126
2136
2144
2148
2151
2147
2143
2141
2143
2136
2137
2129
2122
2115
2078
2062
2054
2046
2037
2025
2014
2011
1994
1995
1995
1993
1998
1991
1989
1987
1989
1971
1969
1963
1952
1943
1944
1945
1936
1922
1923
1925
1925
1924
1926
1935
1945
1946
1949
1954
1962
1960
1962
1964
1967
1973
1978
1985
2001
2006
2020
2032
2042
2048
2072
2084
2093
2110
2114
2137
2144
2149
2156
2161
2165
2166
2174
2191
2199
2203
2204
2201
2202
2201
2198
2197
2194
2180
2174
2169
2135
2125
2118
2106
2098
2097
2093
2085
2051
2040
2032
2030
2004
1990
1984
1975
1959
1927
1918
1907
1901
1894
1884
1882
1878
1874
1867
1866
1865
1854
1857
1866
1866
1876
1874
1878
1882
1888
1883
1882
1889
1897
1908
1927
1939
1948
1972
1981
1992
2003
2033
2043
2054
2065
2076
2095
2106
2109
2114
2122
2125
2133
2140
2151
2153
2152
2151
2163
2164
2163
2168
2154
2145
2139
2129
2124
2101
2095
2092
2090
2083
2077
2066
2055
2023
2020
2020
2017
2006
2002
2002
1993
1994
1977
1981
1982
1983
1976
1973
1975
1983
1983
1981
1981
1985
1991
1989
1989
2013
1653
1560
1612
1663
1656
1848
1890
1965
2075
2135
2156
2190
2205
2127
2170
2223
2239
2460
2463
2404
2343
2303
2184
2182
2170
2128
2088
2095
2127
2134
2034
2022
2033
2036
2091
2110
2091
2061
2037
1933
1893
1871
1864
1863
1870
1891
1904
1888
1880
1881
1878
2037
2054
2057
2073
2062
2048
2006
1927
1882
1894
1905
1948
1985
1988
1976
1977
1980
1987
1995
1989
1977
1930
1951
1970
1984
1993
1950
1940
1944
1951
1955
1966
1976
1988
2042
2053
2059
2071
2110
2129
2129
2109
2040
2020
1999
1990
1997
2023
2027
2037
2030
2011
1988
1979
1973
1959
1954
1952
1959
2038
2056
2057
2053
2050
2028
2016
2004
2005
2015
2026
2037
2036
1997
1997
2000
2003
2039
2058
2082
2096
2102
2104
2099
2092
2089
2031
2009
1993
1987
1986
1986
1985
1996
2012
2009
2002
2001
2038
2046
2055
2055
2036
1966
1946
1937
1942
1957
1973
1988
2009
2072
2081
2089
2104
2139
2149
2157
2159
2132
2133
2129
2118
2114
2113
2107
2100
2094
2085
2077
2071
2065
2057
2059
2062
2059
2029
2024
2023
2018
2013
1991
1994
1993
1991
1982
1969
1947
1921
1815
1794
1772
1757
1724
1716
1712
1702
1659
1653
1649
1653
1663
1717
1737
1759
1778
1793
1804
1814
1824
1891
1910
1927
1944
2006
2025
2046
2071
2098
2194
2241
2288
2336
2376
2415
2450
2483
2672
2716
2765
2819
2960
2974
2989
2996
3006
3006
3012
3018
3018
3021
3007
2990
2966
2810
2764
2720
2670
2441
2373
2306
2231
1955
1891
1828
1765
1699
1511
1452
1401
1353
1308
1276
1244
1215
1119
1106
1092
1076
1036
1034
1038
1044
1051
1066
1074
1088
1101
1110
1127
1147
1162
1269
1301
1335
1366
1532
1567
1602
1644
1840
1886
1935
1984
2026
2149
2192
2226
2273
2317
2365
2409
2447
2573
2598
2625
2655
2601
2514
2403
2296
2224
2166
2161
2168
2177
2174
2178
2198
2214
2164
2154
2143
2154
2271
2294
2316
2327
2311
2204
2181
2165
2160
2159
2152
2147
2151
2151
2141
2122
2109
2111
2132
2168
2200
2259
2265
2266
2262
2250
2189
2165
2142
2115
2085
2058
2038
2024
1977
1974
1976
1987
2041
2048
2054
2054
2046
2048
2076
2106
2134
2162
2195
2222
2244
2344
2365
2383
2393
2397
2395
2393
2389
2345
2325
2309
2295
2280
2199
2166
2134
2108
2086
2071
2052
2032
1912
1883
1852
1814
1651
1616
1587
1560
1531
1447
1423
1398
1373
1355
1338
1318
1300
1247
1246
1249
1247
1302
1325
1353
1370
1453
1476
1501
1523
1543
1588
1601
1620
1636
1654
1674
1698
1709
1787
1807
1840
1871
2027
2060
2097
2128
2159
2240
2269
2298
2332
2364
2398
2429
2461
2575
2598
2612
2626
2707
2737
2754
2756
2705
2688
2672
2651
2624
2558
2539
2513
2490
2481
2467
2449
2425
2292
2254
2220
2188
2066
2035
2009
1981
1956
1876
1871
1859
1846
1835
1823
1816
1812
1778
1771
1772
1777
1754
1755
1749
1742
1737
1738
1744
1751
1752
1754
1760
1766
1766
1771
1779
1789
1800
1822
1839
1852
1863
1877
1927
1947
1972
2002
2032
2066
2093
2120
2150
2231
2253
2279
2305
2327
2353
2385
2413
2520
2539
2560
2573
2595
2596
2589
2581
2573
2516
2500
2479
2470
2455
2433
2409
2384
2249
2225
2206
2185
2134
2113
2100
2085
2006
1989
1976
1954
1937
1884
1872
1858
1849
1838
1825
1814
1800
1748
1739
1733
1726
1709
1709
1716
1723
1721
1718
1715
1707
1704
1694
1697
1701
1710
1726
1733
1747
1761
1807
1815
1817
1818
1868
1885
1907
1919
1930
1914
1923
1941
1959
1983
2016
2050
2072
2070
2083
2091
2088
2088
2080
2075
2076
2085
2083
2097
2096
2079
2057
2032
2014
2010
1974
1960
1949
1938
1919
1924
1927
1921
1895
1891
1889
1891
1880
1872
1866
1865
1871
1874
1873
1873
1878
1897
1904
1904
1900
1891
1894
1906
1913
1914
1936
1930
1925
1930
1936
1942
1950
1954
2016
2030
2043
2056
2077
2090
2092
2102
2118
2170
2192
2210
2226
2233
2241
2247
2261
2294
2306
2320
2329
2344
2348
2350
2355
2344
2338
2325
2308
2301
2283
2274
2263
2256
2245
2237
2219
2201
2151
2142
2130
2124
2065
2060
2058
2053
2046
2022
2016
2016
2014
2003
1993
1992
1989
1982
1977
1980
1981
1987
1997
2004
2005
2006
1982
1970
1958
1950
1934
1922
1907
1901
1897
1871
1869
1860
1851
1847
1840
1832
1826
1831
1845
1852
1858
1859
1862
1867
1869
1869
1870
1871
1877
1880
1890
1902
1914
1926
1969
1980
1991
2000
2055
2069
2089
2100
2126
2134
2142
2144
2148
2146
2151
2144
2140
2137
2131
2129
2130
2143
2142
2138
2138
2105
2097
2100
2096
2094
2093
2085
2078
2086
2087
2076
2070
2068
2062
2062
2057
2052
2047
2042
2041
2028
2020
1999
1996
1989
1984
1978
1973
1964
1963
1964
1970
1971
1973
1973
1971
1966
1968
1976
1977
1971
1970
1964
1961
1961
1957
1960
1962
1961
1956
1951
1957
1958
1958
1960
1941
1938
1941
1937
1932
1935
1930
1932
1933
1934
1935
1938
1938
1973
1986
1994
2001
2031
2042
2062
2074
2084
2092
2097
2103
2118
2136
2140
2148
2154
2159
2157
2151
2154
2168
2178
2187
2190
2186
2183
2178
2177
2171
2168
2161
2161
2155
2148
2145
2142
2140
2117
2100
2090
2082
2042
2028
2023
2016
2014
1980
1973
1961
1956
1949
1939
1929
1921
1881
1876
1865
1852
1821
1815
1807
1807
1799
1793
1787
1785
1791
1798
1808
1816
1820
1826
1835
1846
1859
1898
1901
1919
1930
2006
2015
2037
2050
2071
2104
2111
2121
2130
2138
2152
2158
2164
2192
2195
2202
2206
2221
2217
2219
2224
2219
2210
2201
2204
2206
2191
2183
2178
2180
2170
2159
2154
2152
2140
2129
2119
2115
2083
2075
2074
2065
2067
2037
2023
2023
2022
2025
2027
2025
2023
2001
1997
1993
1993
1981
1971
1962
1962
1959
1960
1959
1949
1946
1930
1932
1932
1926
1925
1919
1923
1932
1922
1921
1921
1920
1926
1933
1939
1947
1957
1975
1979
1979
1991
2004
2016
2036
2045
2081
2083
2083
2077
2106
2108
2111
2111
2110
2112
2113
2106
2106
2102
2093
2085
2079
2074
2063
2058
2058
2027
2013
2000
1988
1957
1953
1955
1952
1945
1940
1937
1936
1932
1933
1933
1937
1936
1930
1924
1920
1925
1920
1927
1932
1932
1933
1936
1937
1940
1945
1947
1946
1950
1958
1961
1964
1969
1977
1977
1980
1979
1982
2004
2007
2005
2003
2006
2017
2027
2031
2034
2042
2054
2068
2079
2107
2113
2121
2127
2155
2158
2165
2172
2180
2180
2181
2182
2187
2172
2169
2161
2152
2148
2141
2141
2141
2122
2116
2113
2109
2101
2086
2082
2081
2087
2085
2080
2074
2067
2043
2039
2037
2030
2022
2024
2026
2023
2015
2015
2010
2008
2005
1997
1990
1987
1984
1978
1951
1950
1953
1954
1950
1943
1941
1939
1937
1935
1935
1935
1940
1949
1954
1957
1957
1957
1958
1960
1963
1966
1971
1977
1983
2003
2010
2013
2019
2025
2021
2027
2036
2031
2033
2027
2025
2020
2028
2033
2034
2039
2038
2038
2041
2042
2058
2060
2065
2067
2067
2064
2067
2069
2056
2061
2056
2049
2052
2044
2042
2047
2042
2034
2029
2032
2032
2030
2028
2021
2026
2009
2011
2005
2004
2009
2011
2008
2004
2008
2006
2006
2007
2011
2015
2022
2025
2026
2031
2034
2041
2044
2047
2051
2051
2052
2050
2047
2044
2045
2048
2049
2047
2050
2051
2037
2037
2038
2037
2033
2034
2034
2033
2030
2042
2043
2043
2044
2044
2044
2040
2032
2029
2030
2027
2028
2013
2014
2018
2030
2025
2025
2039
2063
2069
1924
1893
1858
1830
1819
1827
1850
1880
2034
2028
2038
2051
2056
2069
2102
2124
2121
2129
2121
2105
2080
2060
2050
2043
2043
2061
2077
2095
2100
2064
2062
2065
2064
2024
2015
2014
2005
1989
1940
1917
1899
1885
1884
1885
1897
1903
1906
1914
1921
1924
1923
1934
1956
1979
1999
2002
1992
1978
1963
1955
1954
1959
1970
2036
2051
2070
2085
2075
2066
2058
2066
2074
2093
2103
2109
2117
2128
2133
2133
2123
2081
2073
2081
2088
2085
2091
2090
2085
2088
2084
2075
2069
2064
2064
2059
2057
2061
2069
2050
2032
2010
1980
1955
1941
1935
1935
1957
1971
1983
1984
1995
2005
2007
2024
2083
2092
2098
2103
2106
2108
2105
2107
2115
2115
2111
2112
2123
2139
2133
2132
2130
2131
2112
2103
2099
2099
2096
2095
2097
2094
2066
2057
2049
2039
2025
2022
2019
2014
2013
2018
2014
2010
2003
2000
1996
1992
1991
1994
1984
1975
1961
1941
1925
1908
1895
1885
1840
1830
1825
1815
1798
1802
1808
1810
1818
1817
1814
1814
1819
1820
1817
1814
1810
1814
1823
1827
1823
1865
1879
1897
1924
1999
2017
2035
2060
2092
2182
2213
2249
2284
2321
2350
2387
2422
2446
2515
2540
2568
2591
2616
2644
2672
2703
2766
2775
2790
2795
2792
2793
2789
2780
2772
2735
2711
2689
2666
2632
2595
2560
2522
2326
2276
2218
2163
1937
1877
1816
1768
1537
1482
1428
1379
1334
1188
1149
1109
1071
1042
1010
984
963
929
928
927
931
979
1000
1022
1047
1078
1181
1215
1252
1291
1334
1372
1420
1466
1636
1691
1742
1792
1972
2022
2070
2121
2279
2314
2354
2385
2423
2515
2548
2574
2601
2623
2644
2658
2673
2737
2752
2780
2811
2683
2643
2596
2538
2479
2302
2272
2269
2287
2297
2305
2331
2359
2428
2463
2480
2481
2468
2451
2441
2429
2321
2307
2285
2277
2282
2313
2329
2343
2346
2341
2359
2373
2381
2344
2323
2298
2286
2135
2081
2017
1962
1913
1793
1757
1729
1707
1685
1658
1634
1602
1476
1460
1454
1458
1490
1504
1521
1529
1579
1593
1621
1665
1717
1883
1943
1998
2049
2102
2150
2196
2241
2375
2415
2460
2512
2555
2641
2661
2671
2681
2692
2703
2710
2708
2658
2635
2607
2574
2380
2331
2285
2242
2068
2000
1919
1832
1745
1481
1401
1323
1260
1204
1146
1090
1037
879
856
838
827
845
870
900
931
1061
1094
1127
1160
1200
1329
1371
1417
1470
1525
1573
1633
1690
1914
1961
2018
2062
2104
2208
2235
2265
2292
2320
2345
2367
2383
2438
2456
2477
2488
2497
2505
2509
2515
2522
2536
2536
2536
2541
2539
2531
2522
2513
2448
2420
2400
2376
2352
2274
2250
2234
2219
2212
2205
2200
2199
2204
2204
2200
2194
2172
2160
2151
2131
2115
2070
2056
2049
2048
2046
2046
2048
2053
2080
2086
2092
2085
2070
2073
2071
2075
2080
2099
2095
2099
2096
2092
2084
2079
2079
2083
2086
2097
2111
2158
2166
2170
2175
2185
2190
2194
2202
2211
2249
2261
2270
2281
2294
2308
2315
2321
2341
2354
2365
2373
2395
2396
2393
2387
2378
2351
2349
2334
2306
2289
2294
2314
2331
2374
2332
2283
2235
2164
2147
2136
2132
2079
2074
2076
2081
2072
2013
2021
1999
1968
1963
1966
1942
1883
1736
1728
1738
1745
1722
1701
1686
1676
1666
1600
1578
1561
1547
1524
1524
1537
1542
1487
1482
1475
1477
1554
1557
1564
1580
1586
1594
1610
1615
1625
1645
1665
1674
1685
1753
1776
1801
1826
1924
1944
1974
2002
2025
2022
2019
2042
2070
2097
2104
2105
2105
2106
2101
2094
2092
2037
2018
1991
1963
1868
1847
1842
1838
1839
1871
1872
1867
1861
1861
1864
1868
1875
1842
1823
1809
1817
1850
1845
1844
1842
1895
1919
1950
1983
2000
2019
2038
2068
2086
2094
2104
2118
2127
2198
2218
2225
2239
2271
2276
2288
2301
2302
2271
2270
2271
2287
2307
2315
2338
2361
2395
2411
2423
2438
2422
2413
2399
2389
2387
2381
2373
2369
2368
2361
2352
2335
2317
2256
2242
2223
2207
2088
2065
2033
2013
1949
1940
1928
1926
1925
1913
1917
1923
1927
1927
1919
1918
1917
1867
1860
1854
1847
1846
1855
1861
1869
1885
1913
1924
1933
1941
1949
1957
1963
1966
1975
1986
2005
2021
2068
2079
2088
2097
2108
2103
2100
2099
2102
2103
2102
2104
2102
2080
2073
2068
2064
2072
2069
2075
2078
2097
2107
2107
2109
2109
2104
2104
2100
2101
2099
2100
2102
2098
2069
2066
2072
2075
2052
2051
2044
2044
2045
2032
2031
2024
2020
2013
2009
2007
1999
1943
1926
1912
1897
1863
1853
1845
1829
1819
1797
1788
1782
1782
1779
1774
1776
1772
1757
1759
1761
1763
1788
1795
1808
1820
1855
1872
1886
1897
1909
1963
1977
1998
2016
2030
2038
2053
2074
2124
2133
2147
2158
2194
2199
2198
2204
2214
2231
2235
2246
2256
2265
2269
2268
2270
2265
2261
2255
2252
2217
2201
2189
2178
2148
2137
2132
2123
2116
2085
2072
2052
2039
2031
2016
2002
1987
1956
1947
1931
1928
1893
1892
1896
1894
1893
1902
1900
1894
1891
1884
1869
1864
1862
1835
1831
1825
1823
1843
1840
1841
1853
1889
1904
1912
1923
1931
1971
1981
1997
2009
2018
2031
2042
2054
2094
2105
2114
2115
2123
2129
2132
2140
2144
2152
2153
2153
2152
2146
2148
2151
2150
2132
2129
2123
2116
2097
2084
2083
2072
2071
2062
2062
2058
2058
2061
2062
2056
2057
2063
2063
2057
2050
2057
2056
2052
2051
2071
2078
2080
2086
2098
2093
2089
2085
2080
2083
2080
2071
2065
2051
2047
2051
2047
2037
2035
2031
2029
2029
2015
2018
2013
2011
2012
2012
2007
2005
1994
1997
1998
1999
1994
1996
2000
2002
2009
2016
2024
2022
2022
2033
2035
2037
2044
2049
2054
2059
2059
2050
2053
2055
2054
2048
2044
2048
2047
2047
2041
2038
2029
2028
2026
2021
2021
2013
2010
2006
2004
2000
1983
1973
1966
1960
1938
1930
1922
1918
1916
1906
1900
1899
1898
1898
1898
1900
1899
1897
1897
1893
1892
1899
1900
1899
1897
1904
1927
1928
1928
1934
1939
1947
1952
1952
1964
1968
1973
1970
1985
1988
1997
2010
2051
2064
2078
2087
2094
2115
2115
2118
2123
2137
2140
2147
2146
2147
2147
2144
2143
2143
2141
2142
2140
2133
2117
2113
2110
2105
2096
2082
2076
2071
2064
2066
2066
2065
2052
2051
2051
2049
2042
2038
2034
2028
2020
2023
2029
2034
2038
2040
2041
2040
2044
2042
2043
2049
2047
2048
2048
2052
2052
2058
2054
2050
2049
2053
2051
2056
2053
2057
2067
2064
2070
2068
2058
2059
2055
2052
2027
2027
2027
2031
2027
2016
2016
2011
2010
2002
1995
1992
1981
1976
1977
1977
1972
1975
1969
1965
1972
1978
1970
1964
1966
1969
1971
1973
1970
1970
1961
1962
1960
1962
1964
1967
1970
1971
1977
1976
1978
1988
1995
2012
2013
2014
2022
2027
2027
2025
2023
2009
2000
2003
2008
1986
1978
1977
1974
1972
1970
1967
1964
1966
1969
1977
1983
1992
2003
2011
2019
2024
2038
2043
2048
2054
2072
2075
2080
2085
2088
2092
2099
2099
2099
2100
2102
2098
2094
2096
2099
2095
2091
2108
2110
2107
2101
2095
2095
2092
2090
2090
2090
2090
2087
2085
2073
2072
2067
2066
2069
2075
2075
2069
2065
2061
2059
2053
2055
2053
2053
2053
2047
2033
2029
2021
2011
2003
2003
2002
1995
1990
1994
1996
1995
1996
1987
1983
1979
1982
1981
1981
1979
1982
1960
1966
1965
1966
1972
1971
1977
1979
1989
1982
1981
1986
1988
1997
1998
2000
2005
2006
2006
2010
2020
2025
2030
2031
2030
2030
2026
2026
2031
2034
2028
2026
2033
2037
2040
2044
2046
2053
2057
2056
2059
2061
2063
2065
2067
2066
2069
2066
2062
2058
2055
2049
2048
2045
2040
2044
2040
2033
2028
2024
2014
2016
2017
2015
2003
2002
1996
1993
1996
1998
1996
1991
1986
1967
1965
1960
1958
1963
1961
1958
1953
1938
1941
1938
1943
1961
1961
1964
1971
1974
1984
1986
1986
1992
1993
1996
1999
2003
2021
2030
2041
2042
2054
2059
2066
2070
2086
2091
2096
2103
2105
2115
2114
2112
2108
2112
2119
2120
2118
2113